0.101800	-7524.521971	-7520.364516	15044.886487	4.157454	22569.408457	-1.422254	-1.422255	-1.422280	-0.813012	-0.542406	-0.151342	0.121663	0.081168	0.022644
0.103600	-7383.220317	-7379.062894	14762.283211	4.157423	22145.503528	1.097570	1.097567	1.097478	0.731730	0.488172	0.136157	0.374669	0.249961	0.069732
0.101800	-7524.521971	-7520.364516	15044.886487	4.157454	22569.408457	-1.422254	-1.422255	-1.422280	-0.813012	-0.542406	-0.151342	0.121663	0.081168	0.022644	-0.000553	-2.999447
0.103600	-7383.220317	-7379.062894	14762.283211	4.157423	22145.503528	1.097570	1.097567	1.097478	0.731730	0.488172	0.136157	0.374669	0.249961	0.069732	-0.000563	-2.999437
0.105400	-7244.574167	-7240.416777	14484.990944	4.157390	21729.565110	2.861546	2.861552	2.861729	0.227221	0.151588	0.042260	-0.790045	-0.527081	-0.147039	-0.000574	-2.999426
0.107200	-7108.533616	-7104.376258	14212.909874	4.157357	21321.443490	-2.399284	-2.399280	-2.399135	-0.555709	-0.370746	-0.103456	-0.605789	-0.404153	-0.112745	-0.000585	-2.999415
0.109000	-6975.049696	-6970.892372	13945.942068	4.157324	20920.991763	-2.104623	-2.104620	-2.104514	-0.707688	-0.472139	-0.131742	-0.418293	-0.279065	-0.077849	-0.000596	-2.999404
0.110800	-6844.074360	-6839.917070	13683.991430	4.157290	20528.065790	-2.523984	-2.523979	-2.523820	-0.476048	-0.317600	-0.088630	-0.670203	-0.447127	-0.124734	-0.000607	-2.999393
0.112600	-6715.560463	-6711.403209	13426.963672	4.157255	20142.524136	2.639243	2.639248	2.639405	0.395817	0.264067	0.073640	-0.720508	-0.480689	-0.134099	-0.000619	-2.999381
0.114400	-6589.461749	-6585.304529	13174.766278	4.157219	19764.228027	0.831861	0.831857	0.831723	0.607664	0.405402	0.113070	0.553667	0.369381	0.103051	-0.000631	-2.999369
0.116200	-6465.732826	-6461.575643	12927.308469	4.157183	19393.041296	-1.650051	-1.650050	-1.650021	-0.819484	-0.546724	-0.152551	-0.065084	-0.043421	-0.012111	-0.000643	-2.999357
0.118000	-6344.329161	-6340.172014	12684.501175	4.157146	19028.830336	1.489392	1.489392	1.489368	0.819352	0.546630	0.152470	0.066846	0.044597	0.012443	-0.000655	-2.999345
0.119800	-6225.207053	-6221.049944	12446.256996	4.157109	18671.464049	-2.303757	-2.303753	-2.303617	-0.610956	-0.407604	-0.113742	-0.550021	-0.366948	-0.102369	-0.000668	-2.999332
0.121600	-6108.323624	-6104.166554	12212.490178	4.157070	18320.813803	-0.450901	-0.450906	-0.451068	-0.358237	-0.239002	-0.066706	0.739905	0.493630	0.137716	-0.000681	-2.999319
0.123400	-5993.636804	-5989.479773	11983.116577	4.157031	17976.753381	0.776723	0.776719	0.776574	0.576228	0.384429	0.107219	0.586313	0.391161	0.109128	-0.000694	-2.999306
0.125200	-5881.105311	-5876.948319	11758.053630	4.156992	17639.158941	1.390874	1.390873	1.390825	0.808803	0.539592	0.150508	0.147112	0.098146	0.027383	-0.000707	-2.999293
0.127000	-5770.688639	-5766.531688	11537.220327	4.156951	17307.908966	1.403087	1.403086	1.403041	0.810539	0.540751	0.150832	0.137224	0.091549	0.025543	-0.000720	-2.999280
0.128800	-5662.347044	-5658.190134	11320.537178	4.156910	16982.884223	0.824673	0.824669	0.824530	0.603669	0.402736	0.112329	0.558020	0.372285	0.103865	-0.000734	-2.999266
0.130600	-5556.041529	-5551.884661	11107.926190	4.156868	16663.967720	-0.333272	-0.333278	-0.333448	-0.268928	-0.179420	-0.050084	0.776833	0.518267	0.144593	-0.000748	-2.999252
0.132400	-5451.733829	-5447.577005	10899.310834	4.156825	16351.044664	-2.059866	-2.059863	-2.059757	-0.725693	-0.484152	-0.135102	-0.386209	-0.257661	-0.071881	-0.000762	-2.999238
0.134200	-5349.386400	-5345.229619	10694.616019	4.156781	16044.002419	1.938784	1.938786	1.938838	0.767038	0.511729	0.142738	-0.295731	-0.197298	-0.055041	-0.000777	-2.999223
0.136000	-5248.962401	-5244.805664	10493.768065	4.156736	15742.730466	-0.893213	-0.893217	-0.893315	-0.640461	-0.427290	-0.119239	0.515361	0.343825	0.095928	-0.000792	-2.999208
0.137800	-5150.425685	-5146.268994	10296.694679	4.156691	15447.120363	2.020785	2.020788	2.020854	0.740237	0.493848	0.137751	-0.357565	-0.238551	-0.066551	-0.000807	-2.999193
0.139600	-5053.740784	-5049.584139	10103.324923	4.156645	15157.065706	-1.875478	-1.875476	-1.875392	-0.784200	-0.523186	-0.145994	-0.246610	-0.164527	-0.045898	-0.000822	-2.999178
0.141400	-4958.872896	-4954.716299	9913.589195	4.156597	14872.462091	-0.005723	-0.005729	-0.005919	-0.004705	-0.003142	-0.000906	0.822053	0.548436	0.153016	-0.000838	-2.999162
0.143200	-4865.787874	-4861.631325	9727.419199	4.156549	14593.207074	1.356561	1.356560	1.356494	0.803279	0.535908	0.149487	0.174773	0.116600	0.032535	-0.000854	-2.999146
0.145000	-4774.452213	-4770.295713	9544.747926	4.156500	14319.200139	2.220923	2.220927	2.221023	0.654374	0.436565	0.121772	-0.497589	-0.331969	-0.092615	-0.000871	-2.999129
0.146800	-4684.833036	-4680.676586	9365.509622	4.156450	14050.342658	2.596726	2.596732	2.596883	0.426082	0.284259	0.079278	-0.703031	-0.469031	-0.130855	-0.000887	-2.999113
0.148600	-4596.898085	-4592.741685	9189.639770	4.156400	13786.537855	2.493150	2.493155	2.493282	0.496486	0.331230	0.092385	-0.655211	-0.437127	-0.121954	-0.000904	-2.999096
0.150400	-4510.615708	-4506.459360	9017.075068	4.156348	13527.690776	1.919203	1.919206	1.919244	0.772679	0.515493	0.143795	-0.280656	-0.187241	-0.052237	-0.000921	-2.999079
0.152200	-4425.954848	-4421.798553	8847.753401	4.156295	13273.708249	0.883728	0.883724	0.883574	0.635549	0.424007	0.118271	0.521417	0.347866	0.097062	-0.000939	-2.999061
0.154000	-4342.885031	-4338.728790	8681.613822	4.156241	13024.498853	-0.604613	-0.604618	-0.604742	-0.467296	-0.311762	-0.087011	0.676329	0.451216	0.125899	-0.000957	-2.999043
0.155800	-4261.376357	-4257.220171	8518.596529	4.156186	12779.972886	-2.537312	-2.537308	-2.537136	-0.467072	-0.311613	-0.086970	-0.676485	-0.451321	-0.125916	-0.000975	-2.999025
0.157600	-4181.399487	-4177.243357	8358.642844	4.156130	12540.042332	1.377194	1.377193	1.377126	0.806712	0.538199	0.150136	0.158163	0.105519	0.029446	-0.000994	-2.999006
0.159400	-4102.925634	-4098.769560	8201.695194	4.156073	12304.620828	-1.419299	-1.419300	-1.419295	-0.812645	-0.542163	-0.151298	0.124064	0.082770	0.023099	-0.001013	-2.998987
0.161200	-4025.926550	-4021.770535	8047.697084	4.156015	12073.623634	1.647632	1.647633	1.647626	0.819645	0.546827	0.152545	-0.063102	-0.042099	-0.011743	-0.001032	-2.998968
0.163000	-3950.374520	-3946.218564	7896.593084	4.155956	11846.967604	-1.980501	-1.980499	-1.980408	-0.754026	-0.503056	-0.140387	-0.327458	-0.218466	-0.060952	-0.001052	-2.998948
0.164800	-3876.242350	-3872.086454	7748.328804	4.155896	11624.571154	0.270428	0.270423	0.270253	0.219610	0.146511	0.040853	0.792189	0.528513	0.147468	-0.001072	-2.998928
0.166600	-3803.503355	-3799.347521	7602.850877	4.155834	11406.354232	2.124800	2.124804	2.124871	0.699108	0.466411	0.130112	-0.432487	-0.288537	-0.080503	-0.001093	-2.998907
0.168400	-3732.131355	-3727.975583	7460.106938	4.155771	11192.238292	-2.693095	-2.693090	-2.692917	-0.356456	-0.237815	-0.066383	-0.740760	-0.494203	-0.137889	-0.001114	-2.998886
0.170200	-3662.100657	-3657.944949	7320.045607	4.155708	10982.146264	-1.609573	-1.609573	-1.609533	-0.821442	-0.548033	-0.152940	-0.031869	-0.021262	-0.005927	-0.001135	-2.998865
0.172000	-3593.386055	-3589.230413	7182.616469	4.155642	10776.002524	-0.900652	-0.900656	-0.900735	-0.644275	-0.429835	-0.119961	0.510581	0.340637	0.095052	-0.001156	-2.998844
0.173800	-3525.962816	-3521.807240	7047.770057	4.155576	10573.732873	-0.559295	-0.559300	-0.559425	-0.436176	-0.291001	-0.081223	0.696803	0.464876	0.129719	-0.001179	-2.998821
0.175600	-3459.806671	-3455.651162	6915.457833	4.155509	10375.264503	-0.578593	-0.578598	-0.578717	-0.449541	-0.299917	-0.083712	0.688256	0.459175	0.128129	-0.001201	-2.998799
0.177400	-3394.893806	-3390.738366	6785.632172	4.155440	10180.525977	-0.951767	-0.951771	-0.951835	-0.669520	-0.446678	-0.124663	0.476996	0.318231	0.088803	-0.001224	-2.998776
0.179200	-3331.200856	-3327.045487	6658.246343	4.155369	9989.447199	-1.672168	-1.672169	-1.672113	-0.817838	-0.545630	-0.152275	-0.083191	-0.055502	-0.015481	-0.001247	-2.998753
0.181000	-3268.704896	-3264.549598	6533.254495	4.155298	9801.959391	-2.733270	-2.733265	-2.733090	-0.326416	-0.217774	-0.060793	-0.754478	-0.503356	-0.140449	-0.001271	-2.998729
0.182800	-3207.383430	-3203.228205	6410.611636	4.155225	9617.995066	2.154525	2.154529	2.154592	0.685944	0.457629	0.127670	-0.453073	-0.302272	-0.084340	-0.001296	-2.998704
0.184600	-3147.214386	-3143.059236	6290.273622	4.155151	9437.488008	0.431125	0.431120	0.430955	0.343535	0.229189	0.063928	0.746842	0.498261	0.139041	-0.001320	-2.998680
0.186400	-3088.176106	-3084.021031	6172.197137	4.155075	9260.373243	-1.614139	-1.614139	-1.614084	-0.821286	-0.547930	-0.152922	-0.035619	-0.023764	-0.006624	-0.001345	-2.998655
0.188200	-3030.247339	-3026.092341	6056.339680	4.154998	9086.587019	2.307986	2.307990	2.308068	0.608626	0.406046	0.113279	-0.552601	-0.368672	-0.102869	-0.001371	-2.998629
0.190000	-2973.407234	-2969.252315	5942.659548	4.154919	8916.066782	-0.362931	-0.362936	-0.363073	-0.291844	-0.194709	-0.054359	0.768511	0.512718	0.143080	-0.001397	-2.998603
0.191800	-2917.635331	-2913.480492	5831.115823	4.154839	8748.751154	2.945276	2.945282	2.945443	0.160350	0.106976	0.029825	-0.806273	-0.537912	-0.150098	-0.001424	-2.998576
0.193600	-2862.911556	-2858.756798	5721.668354	4.154757	8584.579910	-0.328010	-0.328016	-0.328151	-0.264835	-0.176690	-0.049330	0.778231	0.519203	0.144893	-0.001451	-2.998549
0.195400	-2809.216210	-2805.061536	5614.277747	4.154674	8423.493957	2.389148	2.389152	2.389242	0.561820	0.374820	0.104569	-0.600124	-0.400378	-0.111720	-0.001479	-2.998521
0.197200	-2756.529967	-2752.375378	5508.905345	4.154589	8265.435312	-1.464089	-1.464091	-1.464064	-0.817380	-0.545326	-0.152203	0.087553	0.058411	0.016307	-0.001507	-2.998493
0.199000	-2704.833862	-2700.679359	5405.513221	4.154503	8110.347084	0.684037	0.684034	0.683877	0.519484	0.346575	0.096691	0.637122	0.425061	0.118626	-0.001536	-2.998464
0.200800	-2654.109287	-2649.954872	5304.064160	4.154415	7958.173447	2.555622	2.555628	2.555745	0.454608	0.303293	0.084612	-0.684924	-0.456954	-0.127512	-0.001565	-2.998435
0.202600	-2604.337984	-2600.183659	5204.521643	4.154325	7808.859627	-2.127298	-2.127296	-2.127156	-0.698015	-0.465690	-0.129984	-0.434226	-0.289698	-0.080835	-0.001595	-2.998405
0.204400	-2555.502038	-2551.347805	5106.849842	4.154233	7662.351880	-0.793258	-0.793262	-0.793343	-0.585832	-0.390846	-0.109099	0.576695	0.384747	0.107379	-0.001626	-2.998374
0.206200	-2507.583870	-2503.429730	5011.013600	4.154140	7518.597471	0.279550	0.279545	0.279364	0.226826	0.151326	0.042205	0.790147	0.527154	0.147124	-0.001657	-2.998343
0.208000	-2460.566233	-2456.412188	4916.978421	4.154045	7377.544654	1.096035	1.096033	1.095915	0.731144	0.487787	0.136105	0.375787	0.250709	0.069975	-0.001688	-2.998312
0.209800	-2414.432202	-2410.278254	4824.710457	4.153948	7239.142659	1.661017	1.661019	1.660985	0.818720	0.546215	0.152411	-0.074067	-0.049415	-0.013783	-0.001720	-2.998280
0.211600	-2369.165173	-2365.011323	4734.176496	4.153850	7103.341668	1.979226	1.979229	1.979238	0.754445	0.503333	0.140444	-0.326498	-0.217827	-0.060781	-0.001753	-2.998247
0.213400	-2324.748850	-2320.595101	4645.343950	4.153749	6970.092800	2.055300	2.055303	2.055311	0.727449	0.485322	0.135422	-0.382891	-0.255450	-0.071281	-0.001787	-2.998213
0.215200	-2281.167246	-2277.013600	4558.180846	4.153647	6839.348092	1.893787	1.893789	1.893778	0.779554	0.520085	0.145127	-0.260926	-0.174080	-0.048574	-0.001821	-2.998179
0.217000	-2238.404675	-2234.251133	4472.655808	4.153542	6711.060484	1.499153	1.499154	1.499095	0.819953	0.547038	0.152649	0.058845	0.039258	0.010964	-0.001856	-2.998144
0.218800	-2196.445744	-2192.292309	4388.738053	4.153436	6585.183797	0.875781	0.875778	0.875632	0.631379	0.421228	0.117536	0.526446	0.351223	0.098032	-0.001891	-2.998109
0.220600	-2155.275350	-2151.122023	4306.397373	4.153327	6461.672724	0.027965	0.027959	0.027775	0.022986	0.015332	0.004251	0.821735	0.548230	0.153019	-0.001927	-2.998073
0.222400	-2114.878674	-2110.725457	4225.604132	4.153217	6340.482806	-1.040081	-1.040085	-1.040122	-0.708974	-0.473004	-0.132046	0.416082	0.277594	0.077487	-0.001964	-2.998036
0.224200	-2075.241175	-2071.088071	4146.329247	4.153104	6221.570422	-2.324215	-2.324211	-2.324018	-0.599568	-0.400013	-0.111676	-0.562397	-0.375210	-0.104711	-0.002001	-2.997999
0.226000	-2036.348586	-2032.195597	4068.544183	4.152989	6104.892770	2.462821	2.462826	2.462920	0.516121	0.344333	0.096076	-0.639847	-0.426882	-0.119131	-0.002039	-2.997961
0.227800	-1998.186908	-1994.034035	3992.220943	4.152872	5990.407851	0.758641	0.758636	0.758413	0.565523	0.377292	0.105275	0.596626	0.398047	0.111116	-0.002078	-2.997922
0.229600	-1960.742403	-1956.589650	3917.332053	4.152753	5878.074457	-1.149686	-1.149688	-1.149673	-0.750231	-0.500530	-0.139739	0.336032	0.224189	0.062592	-0.002118	-2.997882
0.231400	-1924.001595	-1919.848963	3843.850559	4.152632	5767.852154	3.024877	3.024885	3.025093	0.095729	0.063863	0.017791	-0.816465	-0.544715	-0.152024	-0.002158	-2.997842
0.233200	-1887.951258	-1883.798750	3771.750009	4.152508	5659.701267	0.719749	0.719743	0.719500	0.541896	0.361529	0.100877	0.618163	0.412416	0.115132	-0.002199	-2.997801
0.235000	-1852.578417	-1848.426035	3701.004452	4.152382	5553.582869	-1.778243	-1.778241	-1.778098	-0.804423	-0.536687	-0.149838	-0.169310	-0.112958	-0.031514	-0.002241	-2.997759
0.236800	-1817.870338	-1813.718085	3631.588423	4.152253	5449.458762	1.817755	1.817757	1.817708	0.797119	0.531805	0.148411	-0.200958	-0.134072	-0.037408	-0.002284	-2.997716
0.238600	-1783.814529	-1779.662407	3563.476937	4.152122	5347.291466	-1.055092	-1.055096	-1.055104	-0.715136	-0.477118	-0.133214	0.405390	0.270462	0.075513	-0.002328	-2.997672
0.240400	-1750.398732	-1746.246743	3496.645475	4.151989	5247.044207	2.173074	2.173078	2.173107	0.677416	0.451944	0.126123	-0.465714	-0.310708	-0.086714	-0.002372	-2.997628
0.242200	-1717.610918	-1713.459065	3431.069983	4.151853	5148.680901	-1.060681	-1.060685	-1.060695	-0.717390	-0.478622	-0.133639	0.401386	0.267791	0.074770	-0.002417	-2.997583
0.244000	-1685.439286	-1681.287572	3366.726857	4.151714	5052.166143	1.813360	1.813362	1.813299	0.797993	0.532389	0.148584	-0.197452	-0.131733	-0.036755	-0.002463	-2.997537
0.245800	-1653.872255	-1649.720682	3303.592937	4.151573	4957.465192	-1.767877	-1.767876	-1.767718	-0.806133	-0.537829	-0.150170	-0.160963	-0.107389	-0.029960	-0.002510	-2.997490
0.247600	-1622.898463	-1618.747034	3241.645498	4.151429	4864.543961	0.765233	0.765228	0.764993	0.569441	0.379908	0.106022	0.592882	0.395551	0.110440	-0.002558	-2.997442
0.249400	-1592.506762	-1588.355480	3180.862241	4.151282	4773.369003	3.132636	3.132644	3.132854	0.007363	0.004908	0.001338	-0.822020	-0.548424	-0.153082	-0.002607	-2.997393
0.251200	-1562.686211	-1558.535078	3121.221289	4.151133	4683.907500	-0.945689	-0.945694	-0.945719	-0.666595	-0.444735	-0.124189	0.481047	0.320939	0.089615	-0.002656	-2.997344
0.253000	-1533.426077	-1529.275096	3062.701173	4.150980	4596.127250	1.099653	1.099649	1.099443	0.732491	0.488690	0.136397	0.373135	0.248943	0.069517	-0.002707	-2.997293
0.254800	-1504.715827	-1500.565002	3005.280830	4.150825	4509.996657	2.988464	2.988471	2.988660	0.125389	0.083651	0.023321	-0.812433	-0.542029	-0.151304	-0.002759	-2.997241
0.256600	-1476.545129	-1472.394462	2948.939591	4.150667	4425.484719	-1.559467	-1.559467	-1.559342	-0.821990	-0.548410	-0.153139	0.009313	0.006213	0.001754	-0.002811	-2.997189
0.258400	-1448.903841	-1444.753335	2893.657175	4.150506	4342.561016	0.025107	0.025099	0.024889	0.020637	0.013764	0.003811	0.821787	0.548270	0.153091	-0.002865	-2.997135
0.260200	-1421.782014	-1417.631672	2839.413686	4.150341	4261.195699	1.461812	1.461811	1.461661	0.817176	0.545190	0.152182	0.089414	0.059654	0.016675	-0.002919	-2.997081
0.262000	-1395.169885	-1391.019711	2786.189597	4.150174	4181.359482	2.753434	2.753442	2.753582	0.311134	0.207575	0.057923	-0.760897	-0.507647	-0.141715	-0.002975	-2.997025
0.263800	-1369.057877	-1364.907873	2733.965750	4.150003	4103.023627	-2.380471	-2.380465	-2.380224	-0.566992	-0.378284	-0.105650	-0.595211	-0.397107	-0.110853	-0.003031	-2.996969
0.265600	-1343.436589	-1339.286760	2682.723349	4.149829	4026.159938	-1.370858	-1.370859	-1.370766	-0.805663	-0.537519	-0.150112	0.163265	0.108925	0.030434	-0.003089	-2.996911
0.267400	-1318.296800	-1314.147148	2632.443948	4.149652	3950.740747	-0.498294	-0.498300	-0.498411	-0.392875	-0.262119	-0.073219	0.722080	0.481750	0.134533	-0.003148	-2.996852
0.269200	-1293.629460	-1289.479988	2583.109449	4.149472	3876.738909	0.239793	0.239785	0.239560	0.195236	0.130252	0.036339	0.798523	0.532751	0.148777	-0.003208	-2.996792
0.271000	-1269.425691	-1265.276403	2534.702094	4.149288	3804.127785	0.845928	0.845923	0.845688	0.615373	0.410555	0.114608	0.545047	0.363640	0.101559	-0.003269	-2.996731
0.272800	-1245.676780	-1241.527680	2487.204460	4.149100	3732.881241	1.322595	1.322593	1.322409	0.796858	0.531637	0.148420	0.201945	0.134732	0.037643	-0.003331	-2.996669
0.274600	-1222.374180	-1218.225270	2440.599450	4.148909	3662.973630	1.672227	1.672228	1.672108	0.817824	0.545625	0.152330	-0.083238	-0.055534	-0.015486	-0.003394	-2.996606
0.276400	-1199.509502	-1195.360787	2394.870288	4.148715	3594.379790	1.897213	1.897216	1.897145	0.778642	0.519485	0.145034	-0.263591	-0.175861	-0.049087	-0.003459	-2.996541
0.278200	-1177.074516	-1172.925999	2350.000515	4.148516	3527.075031	1.999896	1.999899	1.999852	0.747522	0.498723	0.139239	-0.342015	-0.228183	-0.063699	-0.003524	-2.996476
0.280000	-1155.061147	-1150.912832	2305.973979	4.148314	3461.035126	1.982573	1.982576	1.982522	0.753333	0.502600	0.140325	-0.329015	-0.219510	-0.061278	-0.003591	-2.996409
0.281800	-1133.461471	-1129.313363	2262.774833	4.148108	3396.236304	1.847501	1.847503	1.847416	0.790777	0.527582	0.147305	-0.224573	-0.149829	-0.041820	-0.003660	-2.996340
0.283600	-1112.267713	-1108.119815	2220.387529	4.147898	3332.655242	1.596892	1.596893	1.596751	0.821766	0.548257	0.153083	-0.021450	-0.014311	-0.003974	-0.003729	-2.996271
0.285400	-1091.472246	-1087.324561	2178.796807	4.147684	3270.269053	1.232918	1.232915	1.232713	0.775565	0.517434	0.144479	0.272496	0.181803	0.050796	-0.003800	-2.996200
0.287200	-1071.067583	-1066.920116	2137.987699	4.147466	3209.055282	0.757706	0.757701	0.757463	0.564953	0.376919	0.105239	0.597142	0.398398	0.111290	-0.003872	-2.996128
0.289000	-1051.046380	-1046.899135	2097.945515	4.147244	3148.991895	0.173348	0.173341	0.173133	0.141786	0.094592	0.026391	0.809716	0.540223	0.150904	-0.003946	-2.996054
0.290800	-1031.401430	-1027.254412	2058.655842	4.147018	3090.057273	-0.518108	-0.518114	-0.518196	-0.407101	-0.271612	-0.075889	0.714146	0.476462	0.133100	-0.004021	-2.995979
0.292600	-1012.125663	-1007.978875	2020.104538	4.146787	3032.230201	-1.314648	-1.314650	-1.314540	-0.795210	-0.530550	-0.148215	0.208267	0.138951	0.038835	-0.004097	-2.995903
0.294400	-993.212139	-989.065587	1982.277726	4.146553	2975.489865	-2.214294	-2.214289	-2.214045	-0.657628	-0.438759	-0.122581	-0.493217	-0.329064	-0.091887	-0.004175	-2.995825
0.296200	-974.654052	-970.507739	1945.161791	4.146313	2919.815843	3.068082	3.068090	3.068267	0.060374	0.040276	0.011221	-0.819818	-0.546965	-0.152755	-0.004254	-2.995746
0.298000	-956.444721	-952.298652	1908.743372	4.146069	2865.188093	1.968012	1.968015	1.967942	0.758038	0.505743	0.141241	-0.318008	-0.212169	-0.059241	-0.004335	-2.995665
0.299800	-938.577591	-934.431771	1873.009362	4.145820	2811.586953	0.770539	0.770533	0.770295	0.572565	0.382000	0.106680	0.589839	0.393529	0.109952	-0.004417	-2.995583
0.301600	-921.046232	-916.900665	1837.946897	4.145567	2758.993129	-0.522516	-0.522523	-0.522591	-0.410243	-0.273710	-0.076487	0.712341	0.475260	0.132788	-0.004501	-2.995499
0.303400	-903.844333	-899.699024	1803.543357	4.145309	2707.387691	-1.909353	-1.909350	-1.909128	-0.775365	-0.517313	-0.144541	-0.273017	-0.182152	-0.050858	-0.004586	-2.995414
0.305200	-886.965703	-882.820657	1769.786359	4.145046	2656.752062	2.894992	2.895000	2.895138	0.200666	0.133876	0.037372	-0.797167	-0.531855	-0.148555	-0.004673	-2.995327
0.307000	-870.404265	-866.259487	1736.663752	4.144778	2607.068017	1.325879	1.325877	1.325677	0.797503	0.532076	0.148620	0.199324	0.132985	0.037177	-0.004762	-2.995238
0.308800	-854.154059	-850.009554	1704.163614	4.144505	2558.317673	-0.331833	-0.331840	-0.331944	-0.267796	-0.178673	-0.049944	0.777180	0.518521	0.144891	-0.004852	-2.995148
0.310600	-838.209236	-834.065009	1672.274245	4.144227	2510.483481	-2.076479	-2.076475	-2.076234	-0.719144	-0.479805	-0.134079	-0.398193	-0.265668	-0.074197	-0.004944	-2.995056
0.312400	-822.564056	-818.420113	1640.984168	4.143943	2463.548224	2.376788	2.376794	2.376806	0.569173	0.379739	0.106071	-0.593112	-0.395715	-0.110536	-0.005038	-2.994962
0.314200	-807.212887	-803.069233	1610.282120	4.143654	2417.495007	0.463188	0.463182	0.462959	0.367283	0.245042	0.068441	0.735411	0.490655	0.137119	-0.005133	-2.994867
0.316000	-792.150205	-788.006845	1580.157050	4.143360	2372.307255	-1.532546	-1.532546	-1.532368	-0.821419	-0.548043	-0.153158	0.031435	0.020973	0.005888	-0.005231	-2.994769
0.317800	-777.370587	-773.227527	1550.598114	4.143060	2327.968701	2.674347	2.674354	2.674433	0.370266	0.247032	0.069000	-0.733918	-0.489660	-0.136797	-0.005330	-2.994670
0.319600	-762.868713	-758.725959	1521.594673	4.142754	2284.463386	0.519010	0.519003	0.518778	0.407740	0.272035	0.075992	0.713772	0.476219	0.133099	-0.005430	-2.994570
0.321400	-748.639364	-744.496922	1493.136286	4.142443	2241.775651	-1.713922	-1.713921	-1.713710	-0.813613	-0.542837	-0.151719	-0.117251	-0.078228	-0.021832	-0.005533	-2.994467
0.323200	-734.677418	-730.535293	1465.212711	4.142125	2199.890129	2.260236	2.260241	2.260215	0.634279	0.423179	0.118234	-0.522896	-0.348870	-0.097467	-0.005638	-2.994362
0.325000	-720.977849	-716.836047	1437.813896	4.141802	2158.791746	-0.123471	-0.123478	-0.123608	-0.101238	-0.067549	-0.018901	0.815758	0.544266	0.152132	-0.005745	-2.994255
0.326800	-707.535726	-703.394254	1410.929980	4.141473	2118.465706	-2.580477	-2.580470	-2.580225	-0.437422	-0.291848	-0.081591	-0.695973	-0.464346	-0.129745	-0.005853	-2.994147
0.328600	-694.346211	-690.205074	1384.551285	4.141137	2078.897496	1.173829	1.173826	1.173604	0.758099	0.505793	0.141339	0.317813	0.212042	0.059290	-0.005964	-2.994036
0.330400	-681.404556	-677.263761	1358.668316	4.140795	2040.072872	-1.425625	-1.425626	-1.425453	-0.813365	-0.542675	-0.151701	0.118914	0.079339	0.022205	-0.006077	-2.993923
0.332200	-668.706102	-664.565656	1333.271758	4.140446	2001.977860	2.188896	2.188901	2.188850	0.669933	0.446970	0.124907	-0.476352	-0.317818	-0.088806	-0.006192	-2.993808
0.334000	-656.246279	-652.106188	1308.352468	4.140091	1964.598747	-0.547693	-0.547699	-0.547722	-0.428036	-0.285587	-0.079850	0.701772	0.468218	0.130907	-0.006309	-2.993691
0.335800	-644.020603	-639.880874	1283.901477	4.139729	1927.922080	2.932246	2.932254	2.932377	0.170833	0.113974	0.031834	-0.804071	-0.536472	-0.149933	-0.006428	-2.993572
0.337600	-632.024672	-627.885311	1259.909983	4.139361	1891.934656	0.063624	0.063617	0.063465	0.052264	0.034867	0.009725	0.820346	0.547331	0.153032	-0.006549	-2.993451
0.339400	-620.254169	-616.115184	1236.369352	4.138985	1856.623521	-2.869188	-2.869180	-2.868969	-0.221162	-0.147563	-0.041277	-0.791703	-0.528221	-0.147638	-0.006673	-2.993327
0.341200	-608.704856	-604.566254	1213.271110	4.138602	1821.975966	0.418254	0.418248	0.418046	0.333872	0.222754	0.062254	0.751151	0.501166	0.140139	-0.006799	-2.993201
0.343000	-597.372578	-593.234365	1190.606943	4.138213	1787.979520	-2.639295	-2.639288	-2.639050	-0.395749	-0.264047	-0.073847	-0.720474	-0.480699	-0.134363	-0.006927	-2.993073
0.344800	-586.253253	-582.115438	1168.368692	4.137815	1754.621945	0.525756	0.525749	0.525539	0.412538	0.275241	0.076935	0.710991	0.474372	0.132660	-0.007058	-2.992942
0.346600	-575.342882	-571.205471	1146.548353	4.137411	1721.891235	-2.651885	-2.651878	-2.651642	-0.386646	-0.257975	-0.072156	-0.725397	-0.483985	-0.135294	-0.007191	-2.992809
0.348400	-564.637535	-560.500537	1125.138072	4.136998	1689.775607	0.395330	0.395324	0.395131	0.316564	0.211208	0.059038	0.758602	0.506140	0.141556	-0.007327	-2.992673
0.350200	-554.133360	-549.996782	1104.130143	4.136578	1658.263503	-2.897930	-2.897922	-2.897719	-0.198316	-0.132322	-0.037026	-0.797725	-0.532244	-0.148802	-0.007465	-2.992535
0.352000	-543.826576	-539.690427	1083.517003	4.136150	1627.343580	0.035837	0.035829	0.035699	0.029451	0.019646	0.005475	0.821471	0.548088	0.153302	-0.007606	-2.992394
0.353800	-533.713474	-529.577760	1063.291233	4.135714	1597.004707	2.914450	2.914458	2.914566	0.185111	0.123502	0.034515	-0.800892	-0.534358	-0.149409	-0.007749	-2.992251
0.355600	-523.790411	-519.655142	1043.445554	4.135269	1567.235965	-0.544198	-0.544204	-0.544198	-0.425573	-0.283948	-0.079432	0.703251	0.469213	0.131260	-0.007895	-2.992105
0.357400	-514.053818	-509.919002	1023.972820	4.134817	1538.026638	2.227253	2.227258	2.227199	0.651159	0.434453	0.121490	-0.501681	-0.334725	-0.093590	-0.008044	-2.991956
0.359200	-504.500190	-500.365834	1004.866024	4.134355	1509.366213	-1.336562	-1.336563	-1.336376	-0.799545	-0.533466	-0.149233	0.190783	0.127292	0.035639	-0.008195	-2.991805
0.361000	-495.126086	-490.992201	986.118287	4.133885	1481.244374	1.331720	1.331719	1.331508	0.798619	0.532841	0.149027	0.194654	0.129874	0.036357	-0.008349	-2.991651
0.362800	-485.928134	-481.794728	967.722862	4.133407	1453.650997	-2.333346	-2.333340	-2.333079	-0.594364	-0.396570	-0.110957	-0.567806	-0.378846	-0.105943	-0.008506	-2.991494
0.364600	-476.903023	-472.770105	949.673128	4.132919	1426.576151	0.235602	0.235595	0.235443	0.191875	0.128018	0.035797	0.799281	0.533289	0.149219	-0.008666	-2.991334
0.366400	-468.047504	-463.915082	931.962587	4.132422	1400.010091	2.756252	2.756260	2.756324	0.308967	0.206142	0.057649	-0.761720	-0.508229	-0.142155	-0.008829	-2.991171
0.368200	-459.358390	-455.226474	914.584864	4.131915	1373.943253	-1.053637	-1.053640	-1.053496	-0.714490	-0.476721	-0.133396	0.406399	0.271155	0.075900	-0.008995	-2.991005
0.370000	-450.832552	-446.701152	897.533704	4.131400	1348.366256	1.373189	1.373188	1.372982	0.805994	0.537767	0.150449	0.161377	0.107672	0.030155	-0.009164	-2.990836
0.371800	-442.466922	-438.336048	880.802970	4.130874	1323.269893	-2.528795	-2.528788	-2.528539	-0.472773	-0.315446	-0.088289	-0.672419	-0.448649	-0.125505	-0.009336	-2.990664
0.373600	-434.258490	-430.128151	864.386641	4.130339	1298.645130	-0.192314	-0.192320	-0.192372	-0.157105	-0.104827	-0.029349	0.806826	0.538328	0.150676	-0.009511	-2.990489
0.375400	-426.204299	-422.074506	848.278805	4.129793	1274.483104	2.100248	2.100253	2.100157	0.709445	0.473350	0.132448	-0.415154	-0.276999	-0.077490	-0.009690	-2.990310
0.377200	-418.301452	-414.172214	832.473667	4.129238	1250.775119	-1.933460	-1.933457	-1.933185	-0.768512	-0.512771	-0.143529	-0.291610	-0.194567	-0.054416	-0.009871	-2.990129
0.379000	-410.547104	-406.418432	816.965536	4.128672	1227.512639	0.273768	0.273761	0.273621	0.222230	0.148273	0.041486	0.791365	0.528015	0.147817	-0.010057	-2.989943
0.380800	-402.938463	-398.810368	801.748830	4.128095	1204.687293	2.439500	2.439507	2.439486	0.530850	0.354191	0.099119	-0.627577	-0.418734	-0.117177	-0.010245	-2.989755
0.382600	-395.472790	-391.345283	786.818074	4.127507	1182.290864	-1.718648	-1.718646	-1.718381	-0.813003	-0.542460	-0.151867	-0.121088	-0.080792	-0.022577	-0.010437	-2.989563
0.384400	-388.147400	-384.020491	772.167891	4.126909	1160.315291	0.366476	0.366470	0.366321	0.294535	0.196517	0.055002	0.767388	0.512021	0.143370	-0.010632	-2.989368
0.386200	-380.959654	-376.833355	757.793009	4.126299	1138.752663	2.412399	2.412406	2.412377	0.547657	0.365407	0.102280	-0.612958	-0.408983	-0.114471	-0.010831	-2.989169
0.388000	-373.906966	-369.781288	743.688254	4.125678	1117.595219	-1.863307	-1.863303	-1.863025	-0.787052	-0.525148	-0.147052	-0.237020	-0.158146	-0.044239	-0.011034	-2.988966
0.389800	-366.986797	-362.861751	729.848548	4.125045	1096.835345	0.106469	0.106462	0.106371	0.087348	0.058278	0.016308	0.817309	0.545333	0.152730	-0.011240	-2.988760
0.391600	-360.196656	-356.072255	716.268911	4.124401	1076.465566	2.039216	2.039221	2.039110	0.733430	0.489363	0.137016	-0.371101	-0.247611	-0.069309	-0.011450	-2.988550
0.393400	-353.534099	-349.410354	702.944453	4.123744	1056.478552	-2.347546	-2.347540	-2.347268	-0.586220	-0.391150	-0.109561	-0.576167	-0.384438	-0.107622	-0.011664	-2.988336
0.395200	-346.996728	-342.873652	689.870380	4.123075	1036.867108	-0.486740	-0.486745	-0.486688	-0.384467	-0.256533	-0.071857	0.726495	0.484743	0.135800	-0.011882	-2.988118
0.397000	-340.582190	-336.459796	677.041985	4.122394	1017.624175	1.339096	1.339096	1.338899	0.799996	0.533783	0.149495	0.188749	0.125939	0.035302	-0.012104	-2.987896
0.398800	-334.288175	-330.166475	664.454651	4.121700	998.742826	3.130609	3.130618	3.130760	0.009028	0.006019	0.001664	-0.821911	-0.548410	-0.153584	-0.012330	-2.987670
0.400600	-328.112420	-323.991427	652.103846	4.120993	980.216266	-1.394716	-1.394716	-1.394463	-0.809240	-0.539961	-0.151277	0.143982	0.096072	0.026955	-0.012560	-2.987440
0.402400	-322.052699	-317.932427	639.985126	4.120273	962.037825	0.330124	0.330118	0.330005	0.266443	0.177778	0.049799	0.777565	0.518824	0.145387	-0.012794	-2.987206
0.404200	-316.106833	-311.987294	628.094128	4.119539	944.200961	2.022539	2.022544	2.022432	0.739502	0.493423	0.138232	-0.358811	-0.239415	-0.067053	-0.013032	-2.986968
0.406000	-310.272682	-306.153890	616.426571	4.118792	926.699253	-2.600038	-2.600030	-2.599780	-0.423689	-0.282709	-0.079239	-0.704335	-0.469963	-0.131649	-0.013275	-2.986725
0.407800	-304.548144	-300.430113	604.978258	4.118031	909.526402	-0.970619	-0.970621	-0.970427	-0.678293	-0.452593	-0.126841	0.464222	0.309752	0.086845	-0.013522	-2.986478
0.409600	-298.931160	-294.813905	593.745065	4.117255	892.676226	0.628188	0.628183	0.628036	0.483037	0.322303	0.090322	0.665027	0.443738	0.124392	-0.013773	-2.986227
0.411400	-293.419709	-289.303243	582.722951	4.116466	876.142660	2.196938	2.196945	2.196869	0.666017	0.444396	0.124539	-0.481679	-0.321401	-0.090056	-0.014029	-2.985971
0.413200	-288.011805	-283.896144	571.907948	4.115661	859.919753	-2.546977	-2.546969	-2.546707	-0.460442	-0.307236	-0.086143	-0.680864	-0.454308	-0.127307	-0.014290	-2.985710
0.415000	-282.705503	-278.590661	561.296163	4.114842	844.001666	-1.036617	-1.036619	-1.036397	-0.707423	-0.472035	-0.132338	0.418472	0.279229	0.078323	-0.014555	-2.985445
0.416800	-277.498892	-273.384885	550.883777	4.114007	828.382669	0.445368	0.445363	0.445258	0.354079	0.236258	0.066236	0.741751	0.494938	0.138795	-0.014825	-2.985175
0.418600	-272.390099	-268.276942	540.667041	4.113157	813.057139	1.899495	1.899500	1.899375	0.777930	0.519076	0.145530	-0.265330	-0.177045	-0.049617	-0.015100	-2.984900
0.420400	-267.377284	-263.264993	530.642277	4.112291	798.019562	-2.956892	-2.956882	-2.956691	-0.150949	-0.100728	-0.028269	-0.807949	-0.539113	-0.151142	-0.015380	-2.984620
0.422200	-262.458644	-258.347235	520.805879	4.111410	783.264523	-1.556895	-1.556892	-1.556584	-0.821840	-0.548388	-0.153808	0.011426	0.007625	0.002186	-0.015665	-2.984335
0.424000	-257.632408	-253.521897	511.154305	4.110511	768.786713	-0.183194	-0.183199	-0.183150	-0.149729	-0.099912	-0.028023	0.808161	0.539259	0.151290	-0.015955	-2.984045
0.425800	-252.896839	-248.787242	501.684081	4.109597	754.580920	1.164690	1.164690	1.164527	0.755068	0.503829	0.141324	0.324686	0.216652	0.060798	-0.016250	-2.983750
0.427600	-248.250231	-244.141567	492.391798	4.108665	740.642030	2.487238	2.487247	2.487244	0.500259	0.333802	0.093625	-0.652145	-0.435158	-0.122052	-0.016550	-2.983450
0.429400	-243.690914	-239.583198	483.274112	4.107716	726.965026	-2.498249	-2.498240	-2.497956	-0.493044	-0.329000	-0.092330	-0.657608	-0.438802	-0.123072	-0.016856	-2.983144
0.431200	-239.217245	-235.110496	474.327741	4.106750	713.544986	-1.224925	-1.224925	-1.224633	-0.773230	-0.515961	-0.144787	0.278639	0.185930	0.052223	-0.017167	-2.982833
0.433000	-234.827615	-230.721849	465.549464	4.105765	700.377079	0.024480	0.024475	0.024500	0.020118	0.013422	0.003771	0.821654	0.548271	0.153902	-0.017484	-2.982516
0.434800	-230.520443	-226.415680	456.936122	4.104763	687.456565	1.250404	1.250404	1.250258	0.780078	0.520526	0.146092	0.258850	0.172723	0.048501	-0.017807	-2.982193
0.436600	-226.294179	-222.190437	448.484615	4.103742	674.778794	2.453285	2.453294	2.453292	0.522099	0.348382	0.097771	-0.634774	-0.423574	-0.118873	-0.018135	-2.981865
0.438400	-222.147302	-218.044599	440.191901	4.102702	662.339202	-2.649621	-2.649611	-2.649340	-0.388235	-0.259069	-0.072754	-0.724423	-0.483395	-0.135664	-0.018468	-2.981532
0.440200	-218.078319	-213.976675	432.054994	4.101643	650.133313	-1.491511	-1.491508	-1.491164	-0.819305	-0.546716	-0.153511	0.065095	0.043439	0.012250	-0.018808	-2.981192
0.442000	-214.085766	-209.985200	424.070966	4.100565	638.156732	-0.355154	-0.355158	-0.355011	-0.285797	-0.190712	-0.053546	0.770590	0.514208	0.144438	-0.019154	-2.980846
0.443800	-210.168205	-206.068738	416.236943	4.099467	626.405148	0.759850	0.759848	0.759764	0.566123	0.377767	0.106100	0.595815	0.397582	0.111684	-0.019506	-2.980494
0.445600	-206.324227	-202.225878	408.550106	4.098349	614.874333	1.853897	1.853903	1.853811	0.789168	0.526604	0.147901	-0.229580	-0.153200	-0.043013	-0.019864	-2.980136
0.447400	-202.552448	-198.455238	401.007686	4.097210	603.560134	2.927384	2.927395	2.927522	0.174711	0.116578	0.032722	-0.803097	-0.535906	-0.150515	-0.020228	-2.979772
0.449200	-198.851511	-194.755460	393.606971	4.096050	592.458481	-2.302482	-2.302472	-2.302127	-0.611514	-0.408070	-0.114673	-0.549114	-0.366423	-0.102898	-0.020599	-2.979401
0.451000	-195.220082	-191.125213	386.345295	4.094869	581.565377	-1.268946	-1.268944	-1.268588	-0.784706	-0.523641	-0.147144	0.244330	0.163045	0.045873	-0.020976	-2.979024
0.452800	-191.656856	-187.563189	379.220046	4.093667	570.876902	-0.254824	-0.254827	-0.254664	-0.207170	-0.138248	-0.038838	0.795319	0.530723	0.149197	-0.021359	-2.978641
0.454600	-188.160550	-184.068107	372.228657	4.092442	560.389207	0.740242	0.740241	0.740197	0.554316	0.369898	0.103982	0.606783	0.404911	0.113834	-0.021750	-2.978250
0.456400	-184.729905	-180.638709	365.368614	4.091196	550.098519	1.716607	1.716612	1.716535	0.813139	0.542613	0.152531	-0.119411	-0.079687	-0.022388	-0.022147	-2.977853
0.458200	-181.363686	-177.273760	358.637446	4.089926	540.001133	2.674623	2.674635	2.674722	0.369986	0.246891	0.069389	-0.733867	-0.489722	-0.137667	-0.022551	-2.977449
0.460000	-178.060682	-173.972049	352.032732	4.088633	530.093414	-2.668545	-2.668533	-2.668221	-0.374436	-0.249875	-0.070296	-0.731598	-0.488209	-0.137239	-0.022962	-2.977038
0.461800	-174.819705	-170.732388	345.552093	4.087317	520.371798	-1.746185	-1.746178	-1.745757	-0.809233	-0.540025	-0.151894	-0.143403	-0.095693	-0.026850	-0.023380	-2.976620
0.463600	-171.639587	-167.553610	339.193197	4.085977	510.832783	-0.841148	-0.841148	-0.840806	-0.612602	-0.408808	-0.114983	0.547840	0.365591	0.102898	-0.023806	-2.976194
0.465400	-168.519184	-164.434571	332.953755	4.084612	501.472938	0.046886	0.046884	0.047031	0.038518	0.025703	0.007256	0.820927	0.547828	0.154164	-0.024238	-2.975762
0.467200	-165.457372	-161.374149	326.831522	4.083223	492.288894	0.918233	0.918235	0.918220	0.652968	0.435745	0.122628	0.499035	0.333020	0.093722	-0.024678	-2.975322
0.469000	-162.453051	-158.371242	320.824293	4.081808	483.277343	1.773206	1.773214	1.773184	0.805051	0.537235	0.151188	-0.165212	-0.110256	-0.031023	-0.025126	-2.974874
0.470800	-159.505137	-155.424770	314.929907	4.080368	474.435044	2.612112	2.612125	2.612236	0.415092	0.277000	0.077940	-0.709293	-0.473341	-0.133218	-0.025581	-2.974419
0.472600	-156.612572	-152.533670	309.146242	4.078902	465.758814	-2.847928	-2.847914	-2.847600	-0.237886	-0.158759	-0.044733	-0.786637	-0.524956	-0.147747	-0.026045	-2.973955
0.474400	-153.774313	-149.696904	303.471216	4.077409	457.245529	-2.040244	-2.040234	-2.039777	-0.732905	-0.489109	-0.137746	-0.371782	-0.248104	-0.069794	-0.026516	-2.973484
0.476200	-150.989338	-146.913449	297.902787	4.075889	448.892125	-1.247731	-1.247726	-1.247262	-0.779287	-0.520061	-0.146461	0.260901	0.174117	0.049111	-0.026995	-2.973005
0.478000	-148.256646	-144.182304	292.438951	4.074342	440.695597	-0.470104	-0.470103	-0.469761	-0.372256	-0.248427	-0.069948	0.732647	0.488938	0.137785	-0.027482	-2.972518
0.479800	-145.575253	-141.502487	287.077740	4.072767	432.652993	0.292914	0.292914	0.293085	0.237286	0.158355	0.044651	0.786788	0.525069	0.147962	-0.027977	-2.972023
0.481600	-142.944194	-138.873031	281.817225	4.071163	424.761419	1.041595	1.041599	1.041647	0.709377	0.473410	0.133425	0.414875	0.276869	0.078024	-0.028481	-2.971519
0.483400	-140.362522	-136.292991	276.655513	4.069531	417.018035	1.776207	1.776217	1.776256	0.804511	0.536899	0.151317	-0.167619	-0.111868	-0.031535	-0.028993	-2.971007
0.485200	-137.829308	-133.761438	271.590746	4.067869	409.420054	2.497015	2.497031	2.497179	0.493777	0.329525	0.092860	-0.656896	-0.438396	-0.123578	-0.029514	-2.970486
0.487000	-135.343639	-131.277462	266.621101	4.066178	401.964740	-3.078903	-3.078886	-3.078564	-0.051483	-0.034368	-0.009738	-0.820163	-0.547356	-0.154297	-0.030043	-2.969957
0.488800	-132.904622	-128.840167	261.744789	4.064456	394.649411	-2.384922	-2.384907	-2.384423	-0.564148	-0.376509	-0.106222	-0.597529	-0.398775	-0.112395	-0.030582	-2.969418
0.490600	-130.511379	-126.448676	256.960055	4.062703	387.471435	-1.703975	-1.703964	-1.703398	-0.814482	-0.543578	-0.153344	-0.109118	-0.072818	-0.020454	-0.031129	-2.968871
0.492400	-128.163048	-124.102129	252.265178	4.060919	380.428226	-1.035818	-1.035812	-1.035267	-0.706935	-0.471802	-0.133093	0.418946	0.279605	0.078973	-0.031686	-2.968314
0.494200	-125.858785	-121.799681	247.658466	4.059104	373.517251	-0.380212	-0.380208	-0.379770	-0.304963	-0.203529	-0.057388	0.763059	0.509263	0.143778	-0.032251	-2.967749
0.496000	-123.597759	-119.540504	243.138263	4.057255	366.736022	0.263079	0.263082	0.263381	0.213697	0.142622	0.040313	0.793465	0.529556	0.149504	-0.032826	-2.967174
0.497800	-121.379157	-117.323783	238.702941	4.055374	360.082098	0.894283	0.894290	0.894476	0.640756	0.427642	0.120778	0.514470	0.343354	0.096935	-0.033411	-2.966589
0.499600	-119.202182	-115.148722	234.350903	4.053460	353.553085	1.513628	1.513639	1.513785	0.820388	0.547530	0.154630	0.046952	0.031329	0.008825	-0.034005	-2.965995
0.501400	-117.066048	-113.014537	230.080585	4.051511	347.146633	2.121335	2.121352	2.121545	0.700310	0.467388	0.131993	-0.429883	-0.286916	-0.081062	-0.034609	-2.965391
0.503200	-114.969988	-110.920460	225.890448	4.049528	340.860436	2.717626	2.717646	2.717959	0.338039	0.225602	0.063684	-0.748969	-0.499878	-0.141226	-0.035222	-2.964778
0.505000	-112.913247	-108.865737	221.778984	4.047510	334.692232	-2.980470	-2.980449	-2.979982	-0.131824	-0.087994	-0.024934	-0.811070	-0.541326	-0.152937	-0.035846	-2.964154
0.506800	-110.895085	-106.849629	217.744715	4.045456	328.639800	-2.406371	-2.406351	-2.405741	-0.551159	-0.367869	-0.104041	-0.609443	-0.406754	-0.114898	-0.036480	-2.963520
0.508600	-108.914776	-104.871410	213.786187	4.043366	322.700963	-1.843054	-1.843037	-1.842332	-0.791428	-0.528232	-0.149379	-0.220959	-0.147468	-0.041589	-0.037124	-2.962876
0.510400	-106.971608	-102.930368	209.901976	4.041239	316.873584	-1.290317	-1.290304	-1.289573	-0.789575	-0.526995	-0.149027	0.227456	0.151821	0.043051	-0.037779	-2.962221
0.512200	-105.064880	-101.025805	206.090685	4.039075	311.155564	-0.747961	-0.747951	-0.747261	-0.558858	-0.373005	-0.105465	0.602351	0.402042	0.113832	-0.038444	-2.961556
0.514000	-103.193906	-99.157034	202.350940	4.036872	305.544847	-0.215792	-0.215784	-0.215182	-0.175936	-0.117424	-0.033146	0.802610	0.535704	0.151651	-0.039119	-2.960881
0.515800	-101.358015	-97.323383	198.681398	4.034631	300.039413	0.306380	0.306389	0.306887	0.247820	0.165414	0.046907	0.783396	0.522880	0.148020	-0.039806	-2.960194
0.517600	-99.556544	-95.524193	195.080736	4.032351	294.637280	0.818743	0.818755	0.819164	0.600043	0.400508	0.113466	0.561304	0.374643	0.106050	-0.040503	-2.959497
0.519400	-97.788845	-93.758815	191.547660	4.030031	289.336505	1.321480	1.321496	1.321860	0.796244	0.531465	0.150551	0.202735	0.135309	0.038271	-0.041212	-2.958788
0.521200	-96.054283	-92.026614	188.080897	4.027670	284.135181	1.814773	1.814793	1.815168	0.797309	0.532177	0.150751	-0.198478	-0.132489	-0.037590	-0.041931	-2.958069
0.523000	-94.352234	-90.326966	184.679200	4.025268	279.031434	2.298799	2.298823	2.299264	0.613355	0.409391	0.115957	-0.546699	-0.364919	-0.103452	-0.042662	-2.957338
0.524800	-92.682085	-88.659260	181.341345	4.022824	274.023429	2.773732	2.773760	2.774310	0.295473	0.197210	0.055813	-0.766660	-0.511739	-0.145067	-0.043405	-2.956595
0.526600	-91.043234	-87.022896	178.066130	4.020338	269.109364	-3.043440	-3.043411	-3.042728	-0.080515	-0.053759	-0.015346	-0.817664	-0.545784	-0.154718	-0.044159	-2.955841
0.528400	-89.435093	-85.417284	174.852377	4.017809	264.287470	-2.586180	-2.586151	-2.585333	-0.433229	-0.289195	-0.082122	-0.698106	-0.465979	-0.132082	-0.044924	-2.955076
0.530200	-87.857083	-83.841847	171.698929	4.015236	259.556012	-2.137507	-2.137480	-2.136548	-0.693158	-0.462698	-0.131347	-0.441082	-0.294415	-0.083404	-0.045702	-2.954298
0.532000	-86.308636	-82.296017	168.604652	4.012619	254.913288	-1.697260	-1.697235	-1.696224	-0.815025	-0.544046	-0.154433	-0.103624	-0.069157	-0.019472	-0.046492	-2.953508
0.533800	-84.789194	-80.779238	165.568432	4.009956	250.357626	-1.265281	-1.265259	-1.264210	-0.783529	-0.523022	-0.148462	0.247117	0.164968	0.046998	-0.047293	-2.952707
0.535600	-83.298212	-79.290964	162.589176	4.007248	245.887388	-0.841414	-0.841394	-0.840348	-0.612546	-0.408886	-0.116045	0.547497	0.365480	0.103944	-0.048107	-2.951893
0.537400	-81.835153	-77.830659	159.665812	4.004493	241.500965	-0.425508	-0.425489	-0.424479	-0.339123	-0.226368	-0.064188	0.748294	0.499518	0.142024	-0.048934	-2.951066
0.539200	-80.399490	-76.397799	156.797289	4.001691	237.196779	-0.017413	-0.017393	-0.016440	-0.014305	-0.009538	-0.002563	0.821418	0.548331	0.155895	-0.049773	-2.950227
0.541000	-78.990707	-74.991866	153.982573	3.998842	232.973281	0.383017	0.383039	0.383932	0.307024	0.204964	0.058422	0.762006	0.508671	0.144617	-0.050624	-2.949376
0.542800	-77.608298	-73.612355	151.220653	3.995943	228.828951	0.775927	0.775951	0.776793	0.575377	0.384104	0.109372	0.586381	0.391431	0.111271	-0.051489	-2.948511
0.544600	-76.251765	-72.258769	148.510534	3.992995	224.762299	1.161456	1.161484	1.162298	0.753645	0.503109	0.143230	0.326966	0.218256	0.061997	-0.052366	-2.947634
0.546400	-74.920619	-70.930622	145.851242	3.989997	220.771861	1.539744	1.539776	1.540592	0.821110	0.548147	0.156048	0.025505	0.017009	0.004715	-0.053256	-2.946744
0.548200	-73.614383	-69.627435	143.241818	3.986949	216.856202	1.910927	1.910963	1.911814	0.774434	0.516987	0.147174	-0.274060	-0.182974	-0.052229	-0.054160	-2.945840
0.550000	-72.332587	-68.348739	140.681325	3.983848	213.013912	2.275139	2.275178	2.276097	0.626004	0.417897	0.118945	-0.531940	-0.355131	-0.101269	-0.055077	-2.944923
0.551800	-71.074769	-67.094073	138.168842	3.980696	209.243610	2.632510	2.632552	2.633566	0.400368	0.267263	0.076018	-0.717306	-0.478881	-0.136533	-0.056007	-2.943993
0.553600	-69.840476	-65.862987	135.703463	3.977490	205.543940	2.983170	2.983215	2.984344	0.129595	0.086494	0.024481	-0.811178	-0.541550	-0.154398	-0.056951	-2.943049
0.555400	-68.629267	-64.655036	133.284303	3.974230	201.913569	-2.955941	-2.955895	-2.954638	-0.151630	-0.101255	-0.029068	-0.807337	-0.538986	-0.153664	-0.057909	-2.942091
0.557200	-67.440703	-63.469787	130.910490	3.970916	198.351193	-2.618327	-2.618281	-2.616895	-0.410483	-0.274071	-0.078378	-0.711525	-0.475019	-0.135410	-0.058880	-2.941120
0.559000	-66.274359	-62.306812	128.581171	3.967547	194.855530	-2.287053	-2.287007	-2.285498	-0.619576	-0.413668	-0.118226	-0.539321	-0.360050	-0.102589	-0.059865	-2.940135
0.560800	-65.129815	-61.165694	126.295508	3.964121	191.425323	-1.962000	-1.961954	-1.960334	-0.759355	-0.506990	-0.144876	-0.313205	-0.209087	-0.059474	-0.060865	-2.939135
0.562600	-64.006658	-60.046020	124.052679	3.960638	188.059337	-1.643050	-1.643004	-1.641293	-0.819255	-0.546982	-0.156300	-0.059297	-0.039565	-0.011037	-0.061879	-2.938121
0.564400	-62.904487	-58.947389	121.851876	3.957098	184.756362	-1.330088	-1.330043	-1.328259	-0.797702	-0.532592	-0.152183	0.195810	0.130759	0.037651	-0.062906	-2.937094
0.566200	-61.822903	-57.869404	119.692307	3.953499	181.515211	-1.023003	-1.022959	-1.021122	-0.701182	-0.468149	-0.133751	0.427773	0.285634	0.081943	-0.063949	-2.936051
0.568000	-60.761519	-56.811679	117.573197	3.949840	178.334716	-0.721683	-0.721639	-0.719768	-0.542627	-0.362285	-0.103457	0.616586	0.411700	0.118013	-0.065006	-2.934994
0.569800	-59.719953	-55.773831	115.493783	3.946122	175.213736	-0.426021	-0.425977	-0.424086	-0.339419	-0.226605	-0.064614	0.747926	0.499394	0.143115	-0.066077	-2.933923
0.571600	-58.697830	-54.755487	113.453317	3.942342	172.151146	-0.135911	-0.135865	-0.133964	-0.111284	-0.074279	-0.020984	0.813751	0.543346	0.155701	-0.067163	-2.932837
0.573400	-57.694783	-53.756282	111.451064	3.938501	169.145847	0.148752	0.148800	0.150707	0.121722	0.081301	0.023600	0.812241	0.542337	0.155409	-0.068264	-2.931736
0.575200	-56.710451	-52.775855	109.486306	3.934597	166.196757	0.428071	0.428121	0.430034	0.340934	0.227673	0.065567	0.747190	0.498901	0.142953	-0.069380	-2.930620
0.577000	-55.744482	-51.813853	107.558334	3.930629	163.302816	0.702144	0.702198	0.704122	0.530430	0.354206	0.101864	0.627016	0.418657	0.119930	-0.070512	-2.929488
0.578800	-54.796527	-50.869930	105.666456	3.926597	160.462983	0.971072	0.971129	0.973075	0.677950	0.452711	0.130136	0.463536	0.309495	0.088596	-0.071658	-2.928342
0.580600	-53.866246	-49.943746	103.809992	3.922500	157.676238	1.234950	1.235012	1.236992	0.775372	0.517765	0.148816	0.270659	0.180700	0.051606	-0.072819	-2.927181
0.582400	-52.953305	-49.034968	101.988273	3.918337	154.941578	1.493873	1.493939	1.495970	0.818811	0.546772	0.157148	0.063110	0.042106	0.011781	-0.073996	-2.926004
0.584200	-52.057376	-48.143269	100.200645	3.914107	152.258021	1.747935	1.748006	1.750104	0.808374	0.539802	0.155141	-0.144711	-0.096672	-0.028120	-0.075188	-2.924812
0.586000	-51.178137	-47.268328	98.446465	3.909809	149.624602	1.997227	1.997302	1.999486	0.747668	0.499263	0.143476	-0.339671	-0.226864	-0.065574	-0.076396	-2.923604
0.587800	-50.315272	-46.409830	96.725102	3.905442	147.040375	2.241838	2.241918	2.244204	0.643137	0.429457	0.123379	-0.510620	-0.341024	-0.098434	-0.077619	-2.922381
0.589600	-49.468472	-45.567466	95.035938	3.901007	144.504410	2.481857	2.481941	2.484346	0.503306	0.336076	0.096479	-0.648856	-0.433340	-0.125021	-0.078858	-2.921142
0.591400	-48.637432	-44.740932	93.378364	3.896500	142.015796	2.717370	2.717458	2.719996	0.338000	0.225680	0.064660	-0.748371	-0.499799	-0.144173	-0.080113	-2.919887
0.593200	-47.821854	-43.929931	91.751786	3.891923	139.573640	2.948462	2.948553	2.951236	0.157604	0.105205	0.029914	-0.805875	-0.538203	-0.155245	-0.081384	-2.918616
0.595000	-47.021445	-43.134172	90.155617	3.887273	137.177063	-3.107970	-3.107876	-3.105038	-0.027603	-0.018486	-0.005782	-0.820660	-0.548076	-0.158090	-0.082670	-2.917330
0.596800	-46.235918	-42.353368	88.589286	3.882551	134.825204	-2.885473	-2.885376	-2.882375	-0.208009	-0.138974	-0.040575	-0.794321	-0.530486	-0.153007	-0.083973	-2.916027
0.598600	-45.464991	-41.587237	87.052228	3.877754	132.517219	-2.667153	-2.667053	-2.663885	-0.375105	-0.250574	-0.072822	-0.730396	-0.487791	-0.140665	-0.085291	-2.914709
0.600400	-44.708387	-40.835504	85.543892	3.872883	130.252279	-2.452931	-2.452828	-2.449490	-0.521792	-0.348545	-0.101150	-0.633943	-0.423371	-0.122033	-0.086625	-2.913375
0.602200	-43.965835	-40.097899	84.063734	3.867936	128.029570	-2.242729	-2.242624	-2.239115	-0.642567	-0.429212	-0.124490	-0.511101	-0.341324	-0.098287	-0.087976	-2.912024
0.604000	-43.237069	-39.374156	82.611224	3.862913	125.848293	-2.036473	-2.036366	-2.032686	-0.733601	-0.490016	-0.142094	-0.368663	-0.246186	-0.070735	-0.089343	-2.910657
0.605800	-42.521826	-38.664014	81.185840	3.857813	123.707666	-1.834089	-1.833979	-1.830129	-0.792712	-0.529498	-0.153530	-0.213675	-0.142664	-0.040733	-0.090725	-2.909275
0.607600	-41.819851	-37.967218	79.787069	3.852634	121.606920	-1.635502	-1.635390	-1.631373	-0.819265	-0.547234	-0.158669	-0.053085	-0.035397	-0.009623	-0.092125	-2.907875
0.609400	-41.130892	-37.283516	78.414408	3.847376	119.545300	-1.440643	-1.440528	-1.436347	-0.814018	-0.543729	-0.157646	0.106550	0.071234	0.021324	-0.093540	-2.906460
0.611200	-40.454702	-36.612664	77.067366	3.842038	117.522067	-1.249441	-1.249323	-1.244981	-0.778914	-0.520280	-0.150830	0.259296	0.173267	0.050959	-0.094971	-2.905029
0.613000	-39.791038	-35.954419	75.745457	3.836619	115.536495	-1.061827	-1.061706	-1.057205	-0.716863	-0.478830	-0.138776	0.400014	0.267266	0.078281	-0.096419	-2.903581
0.614800	-39.139663	-35.308545	74.448207	3.831118	113.587870	-0.877734	-0.877609	-0.872952	-0.631508	-0.421811	-0.122183	0.524466	0.350402	0.102464	-0.097883	-2.902117
0.616600	-38.500343	-34.674808	73.175151	3.825534	111.675494	-0.697095	-0.696968	-0.692154	-0.526993	-0.351992	-0.101850	0.629370	0.420481	0.122864	-0.099364	-2.900636
0.618400	-37.872849	-34.052982	71.925831	3.819867	109.798680	-0.519847	-0.519715	-0.514747	-0.407754	-0.272334	-0.078633	0.712409	0.475956	0.139024	-0.100860	-2.899140
0.620200	-37.256957	-33.442841	70.699799	3.814116	107.956756	-0.345925	-0.345788	-0.340664	-0.278314	-0.185860	-0.053409	0.772199	0.515900	0.150668	-0.102373	-2.897627
0.622000	-36.652447	-32.844167	69.496614	3.808279	106.149061	-0.175266	-0.175125	-0.169842	-0.143123	-0.095541	-0.027042	0.808224	0.539967	0.157687	-0.103902	-2.896098
0.623800	-36.059101	-32.256744	68.315845	3.802356	104.374945	-0.007810	-0.007664	-0.002219	-0.006411	-0.004202	-0.000355	0.820749	0.548335	0.160125	-0.105448	-2.894552
0.625600	-35.476707	-31.680361	67.157068	3.796346	102.633775	0.156503	0.156655	0.162266	0.127926	0.085551	0.025891	0.810719	0.541634	0.158158	-0.107010	-2.892990
0.627400	-34.905058	-31.114809	66.019867	3.790248	100.924925	0.317734	0.317892	0.323675	0.256406	0.171393	0.051016	0.779644	0.520871	0.152073	-0.108587	-2.891413
0.629200	-34.343948	-30.559886	64.903834	3.784062	99.247782	0.475939	0.476104	0.482065	0.376022	0.251316	0.074429	0.729489	0.487360	0.142248	-0.110181	-2.889819
0.631000	-33.793177	-30.015392	63.808569	3.777785	97.601747	0.631176	0.631347	0.637495	0.484275	0.323648	0.095638	0.662557	0.442637	0.129126	-0.111791	-2.888209
0.632800	-33.252549	-29.481131	62.733679	3.771418	95.986228	0.783500	0.783678	0.790021	0.579182	0.387065	0.114249	0.581385	0.388398	0.113197	-0.113417	-2.886583
0.634600	-32.721870	-28.956909	61.678779	3.764960	94.400649	0.932966	0.933152	0.939700	0.659277	0.440586	0.129970	0.488641	0.326425	0.094981	-0.115059	-2.884941
0.636400	-32.200950	-28.442540	60.643490	3.758410	92.844440	1.079627	1.079821	1.086585	0.723584	0.483558	0.142602	0.387038	0.258530	0.075005	-0.116717	-2.883283
0.638200	-31.689604	-27.937837	59.627441	3.751767	91.317045	1.223537	1.223739	1.230731	0.771585	0.515635	0.152039	0.279256	0.186504	0.053793	-0.118391	-2.881609
0.640000	-31.187649	-27.442619	58.630269	3.745030	89.817918	1.364748	1.364958	1.372189	0.803180	0.536750	0.158254	0.167877	0.112071	0.031850	-0.120081	-2.879919
0.641800	-30.694906	-26.956708	57.651615	3.738198	88.346521	1.503308	1.503528	1.511010	0.818641	0.547082	0.161294	0.055332	0.036857	0.009655	-0.121786	-2.878214
0.643600	-30.211200	-26.479929	56.691129	3.731271	86.902329	1.639270	1.639498	1.647245	0.818557	0.547026	0.161267	-0.056137	-0.037641	-0.012353	-0.123506	-2.876494
0.645400	-29.736357	-26.012110	55.748467	3.724248	85.484824	1.772681	1.772918	1.780944	0.803787	0.537154	0.158338	-0.164513	-0.110074	-0.033773	-0.125242	-2.874758
0.647200	-29.270210	-25.553082	54.823292	3.717128	84.093502	1.903589	1.903836	1.912153	0.775406	0.518185	0.152711	-0.268018	-0.179253	-0.054253	-0.126994	-2.873006
0.649000	-28.812591	-25.102681	53.915272	3.709909	82.727863	2.032042	2.032298	2.040921	0.734657	0.490949	0.144628	-0.365125	-0.244159	-0.073489	-0.128760	-2.871240
0.650800	-28.363338	-24.660745	53.024082	3.702593	81.387420	2.158085	2.158351	2.167294	0.682903	0.456356	0.134351	-0.454565	-0.303942	-0.091226	-0.130542	-2.869458
0.652600	-27.922291	-24.227114	52.149404	3.695177	80.071695	2.281764	2.282040	2.291318	0.621586	0.415369	0.122163	-0.535318	-0.357920	-0.107258	-0.132338	-2.867662
0.654400	-27.489293	-23.801632	51.290924	3.687661	78.780217	2.403123	2.403409	2.413036	0.552186	0.368977	0.108352	-0.606607	-0.405575	-0.121427	-0.134149	-2.865851
0.656200	-27.064190	-23.384146	50.448336	3.680044	77.512527	2.522207	2.522503	2.532493	0.476190	0.318174	0.093210	-0.667884	-0.446538	-0.133620	-0.135975	-2.864025
0.658000	-26.646832	-22.974506	49.621338	3.672326	76.268170	2.639056	2.639363	2.649731	0.395062	0.263939	0.077026	-0.718816	-0.480587	-0.143764	-0.137815	-2.862185
0.659800	-26.237070	-22.572564	48.809635	3.664506	75.046705	2.753714	2.754032	2.764792	0.310217	0.207217	0.060079	-0.759263	-0.507627	-0.151828	-0.139669	-2.860331
0.661600	-25.834759	-22.178177	48.012936	3.656583	73.847695	2.866222	2.866551	2.877718	0.223003	0.148908	0.042637	-0.789257	-0.527681	-0.157812	-0.141537	-2.858463
0.663400	-25.439756	-21.791201	47.230957	3.648556	72.670714	2.976620	2.976961	2.988550	0.134684	0.089858	0.024949	-0.808986	-0.540872	-0.161748	-0.143419	-2.856581
0.665200	-25.051922	-21.411497	46.463419	3.640425	71.515341	3.084948	3.085300	3.097326	0.046428	0.030848	0.007251	-0.818770	-0.547413	-0.163694	-0.145315	-2.854685
0.667000	-24.671118	-21.038929	45.710048	3.632189	70.381166	-3.091941	-3.091577	-3.079099	-0.040700	-0.027411	-0.010246	-0.819037	-0.547592	-0.163732	-0.147224	-2.852776
0.668800	-24.297211	-20.673363	44.970574	3.623848	69.267785	-2.987637	-2.987261	-2.974317	-0.125747	-0.084280	-0.027348	-0.810311	-0.541757	-0.161961	-0.149147	-2.850853
0.670600	-23.930068	-20.314667	44.244735	3.615401	68.174802	-2.885290	-2.884901	-2.871475	-0.207868	-0.139196	-0.043885	-0.793187	-0.530305	-0.158495	-0.151082	-2.848918
0.672400	-23.569559	-19.962712	43.532271	3.606847	67.101829	-2.784861	-2.784460	-2.770536	-0.286332	-0.191668	-0.059708	-0.768313	-0.513671	-0.153460	-0.153030	-2.846970
0.674200	-23.215557	-19.617371	42.832928	3.598186	66.048485	-2.686315	-2.685901	-2.671465	-0.360517	-0.241280	-0.074690	-0.736378	-0.492314	-0.146991	-0.154990	-2.845010
0.676000	-22.867937	-19.278521	42.146458	3.589417	65.014395	-2.589617	-2.589190	-2.574225	-0.429907	-0.287689	-0.088724	-0.698097	-0.466712	-0.139227	-0.156963	-2.843037
0.677800	-22.526577	-18.946038	41.472615	3.580540	63.999192	-2.494732	-2.494291	-2.478781	-0.494088	-0.330615	-0.101723	-0.654193	-0.437347	-0.130311	-0.158947	-2.841053
0.679600	-22.191357	-18.619803	40.811160	3.571554	63.002517	-2.401625	-2.401170	-2.385100	-0.552742	-0.369847	-0.113620	-0.605393	-0.404706	-0.120386	-0.160943	-2.839057
0.681400	-21.862158	-18.299700	40.161858	3.562458	62.024017	-2.310264	-2.309794	-2.293147	-0.605638	-0.405229	-0.124364	-0.552410	-0.369266	-0.109594	-0.162951	-2.837049
0.683200	-21.538866	-17.985612	39.524478	3.553253	61.063344	-2.220615	-2.220131	-2.202890	-0.652628	-0.436662	-0.133922	-0.495944	-0.331494	-0.098074	-0.164969	-2.835031
0.685000	-21.221365	-17.677427	38.898793	3.543938	60.120158	-2.132647	-2.132147	-2.114296	-0.693639	-0.464097	-0.142274	-0.436667	-0.291839	-0.085962	-0.166999	-2.833001
0.686800	-20.909546	-17.375034	38.284580	3.534512	59.194126	-2.046328	-2.045812	-2.027334	-0.728662	-0.487528	-0.149416	-0.375221	-0.250732	-0.073384	-0.169038	-2.830962
0.688600	-20.603299	-17.078323	37.681622	3.524975	58.284921	-1.961626	-1.961094	-1.941971	-0.757752	-0.506990	-0.155353	-0.312213	-0.208577	-0.060466	-0.171088	-2.828912
0.690400	-20.302516	-16.787189	37.089705	3.515327	57.392222	-1.878512	-1.877964	-1.858177	-0.781012	-0.522553	-0.160103	-0.248214	-0.165757	-0.047321	-0.173147	-2.826853
0.692200	-20.007093	-16.501526	36.508619	3.505567	56.515713	-1.796956	-1.796390	-1.775922	-0.798592	-0.534316	-0.163693	-0.183753	-0.122626	-0.034057	-0.175216	-2.824784
0.694000	-19.716927	-16.221231	35.938158	3.495696	55.655085	-1.716929	-1.716345	-1.695176	-0.810679	-0.542404	-0.166157	-0.119317	-0.079508	-0.020774	-0.177294	-2.822706
0.695800	-19.431915	-15.946204	35.378120	3.485711	54.810035	-1.638401	-1.637798	-1.615910	-0.817493	-0.546964	-0.167536	-0.055350	-0.036703	-0.007563	-0.179381	-2.820619
0.697600	-19.151960	-15.676346	34.828306	3.475614	53.980266	-1.561344	-1.560723	-1.538096	-0.819279	-0.548159	-0.167877	0.007744	0.005522	0.005492	-0.181476	-2.818524
0.699400	-18.876963	-15.411559	34.288522	3.465405	53.165485	-1.485732	-1.485091	-1.461705	-0.816304	-0.546168	-0.167230	0.069607	0.046924	0.018316	-0.183579	-2.816422
0.701200	-18.606830	-15.151748	33.758577	3.455082	52.365407	-1.411536	-1.410876	-1.386709	-0.808849	-0.541178	-0.165650	0.129918	0.087291	0.030843	-0.185689	-2.814311
0.703000	-18.341465	-14.896819	33.238285	3.444646	51.579750	-1.338731	-1.338050	-1.313083	-0.797206	-0.533385	-0.163194	0.188398	0.126435	0.043014	-0.187806	-2.812194
0.704800	-18.080778	-14.646682	32.727460	3.434097	50.808239	-1.267289	-1.266587	-1.240799	-0.781676	-0.522989	-0.159920	0.244807	0.164195	0.054776	-0.189931	-2.810069
0.706600	-17.824679	-14.401245	32.225924	3.423434	50.050603	-1.197187	-1.196463	-1.169831	-0.762559	-0.510192	-0.155890	0.298940	0.200433	0.066087	-0.192061	-2.807939
0.708400	-17.573078	-14.160421	31.733499	3.412657	49.306577	-1.128397	-1.127651	-1.100153	-0.740160	-0.495196	-0.151161	0.350625	0.235034	0.076907	-0.194198	-2.805802
0.710200	-17.325890	-13.924122	31.250012	3.401767	48.575902	-1.060897	-1.060128	-1.031741	-0.714778	-0.478203	-0.145795	0.399723	0.267907	0.087207	-0.196340	-2.803660
0.712000	-17.083028	-13.692265	30.775293	3.390763	47.858321	-0.994661	-0.993868	-0.964569	-0.686709	-0.459408	-0.139850	0.446127	0.298977	0.096961	-0.198487	-2.801513
0.713800	-16.844410	-13.464764	30.309174	3.379646	47.153584	-0.929666	-0.928848	-0.898613	-0.656239	-0.439005	-0.133384	0.489753	0.328190	0.106149	-0.200639	-2.799361
0.715600	-16.609954	-13.241539	29.851493	3.368415	46.461447	-0.865888	-0.865046	-0.833851	-0.623648	-0.417180	-0.126454	0.530546	0.355507	0.114758	-0.202795	-2.797205
0.717400	-16.379579	-13.022509	29.402088	3.357070	45.781667	-0.803305	-0.802437	-0.770257	-0.589204	-0.394113	-0.119114	0.568472	0.380907	0.122777	-0.204955	-2.795045
0.719200	-16.153207	-12.807595	28.960802	3.345611	45.114009	-0.741894	-0.741000	-0.707810	-0.553166	-0.369977	-0.111417	0.603519	0.404380	0.130202	-0.207117	-2.792882
0.721000	-15.930760	-12.596720	28.527480	3.334039	44.458240	-0.681633	-0.680712	-0.646486	-0.515779	-0.344934	-0.103413	0.635692	0.425929	0.137030	-0.209283	-2.790717
0.722800	-15.712163	-12.389808	28.101971	3.322354	43.814134	-0.622502	-0.621552	-0.586265	-0.477276	-0.319143	-0.095150	0.665014	0.445571	0.143264	-0.211451	-2.788549
0.724600	-15.497341	-12.186785	27.684126	3.310556	43.181467	-0.564477	-0.563499	-0.527123	-0.437875	-0.292748	-0.086674	0.691523	0.463330	0.148909	-0.213621	-2.786379
0.726400	-15.286222	-11.987577	27.273799	3.298645	42.560020	-0.507540	-0.506532	-0.469040	-0.397784	-0.265888	-0.078027	0.715267	0.479238	0.153973	-0.215792	-2.784208
0.728200	-15.078734	-11.792112	26.870846	3.286622	41.949580	-0.451668	-0.450631	-0.411995	-0.357194	-0.238692	-0.069250	0.736309	0.493336	0.158465	-0.217964	-2.782036
0.730000	-14.874807	-11.600321	26.475128	3.274486	41.349935	-0.396843	-0.395775	-0.355967	-0.316285	-0.211281	-0.060381	0.754719	0.505672	0.162399	-0.220136	-2.779864
0.731800	-14.674372	-11.412134	26.086506	3.262239	40.760879	-0.343045	-0.341944	-0.300937	-0.275224	-0.183764	-0.051454	0.770575	0.516298	0.165787	-0.222309	-2.777692
0.733600	-14.477363	-11.227483	25.704846	3.249879	40.182209	-0.290254	-0.289121	-0.246884	-0.234162	-0.156245	-0.042503	0.783964	0.525270	0.168646	-0.224480	-2.775520
0.735400	-14.283712	-11.046303	25.330015	3.237409	39.613727	-0.238451	-0.237285	-0.193789	-0.193239	-0.128817	-0.033558	0.794974	0.532650	0.170993	-0.226650	-2.773350
0.737200	-14.093356	-10.868528	24.961883	3.224828	39.055239	-0.187619	-0.186418	-0.141634	-0.152584	-0.101566	-0.024646	0.803702	0.538500	0.172845	-0.228819	-2.771181
0.739000	-13.906230	-10.694093	24.600323	3.212137	38.506552	-0.137738	-0.136503	-0.090399	-0.112313	-0.074569	-0.015792	0.810245	0.542887	0.174221	-0.230985	-2.769014
0.740800	-13.722272	-10.522936	24.245209	3.199336	37.967481	-0.088791	-0.087520	-0.040066	-0.072529	-0.047897	-0.007021	0.814703	0.545876	0.175140	-0.233149	-2.766851
0.742600	-13.541422	-10.354996	23.896418	3.186425	37.437840	-0.040761	-0.039453	0.009383	-0.033328	-0.021613	0.001648	0.817179	0.547536	0.175621	-0.235309	-2.764690
0.744400	-13.363619	-10.190212	23.553831	3.173407	36.917450	0.006370	0.007716	0.057965	0.005209	0.004228	0.010195	0.817774	0.547934	0.175686	-0.237466	-2.762534
0.746200	-13.188805	-10.028525	23.217330	3.160280	36.406135	0.052619	0.054003	0.105698	0.043008	0.029576	0.018604	0.816589	0.547140	0.175352	-0.239618	-2.760382
0.748000	-13.016922	-9.869876	22.886798	3.147046	35.903720	0.098002	0.099425	0.152598	0.080003	0.054388	0.026859	0.813728	0.545222	0.174642	-0.241766	-2.758234
0.749800	-12.847914	-9.714209	22.562123	3.133705	35.410037	0.142535	0.143999	0.198683	0.116140	0.078627	0.034947	0.809290	0.542245	0.173574	-0.243908	-2.756092
0.751600	-12.681725	-9.561467	22.243192	3.120258	34.924917	0.186235	0.187740	0.243968	0.151370	0.102260	0.042857	0.803374	0.538276	0.172168	-0.246044	-2.753956
0.753400	-12.518302	-9.411595	21.929897	3.106706	34.448199	0.229117	0.230664	0.288470	0.185654	0.125261	0.050579	0.796077	0.533380	0.170444	-0.248173	-2.751827
0.755200	-12.357590	-9.264540	21.622131	3.093050	33.979721	0.271196	0.272786	0.332205	0.218959	0.147607	0.058104	0.787492	0.527621	0.168421	-0.250296	-2.749705
0.757000	-12.199539	-9.120249	21.319788	3.079290	33.519327	0.312487	0.314121	0.375187	0.251257	0.169280	0.065424	0.777713	0.521058	0.166117	-0.252410	-2.747590
0.758800	-12.044097	-8.978669	21.022765	3.065428	33.066862	0.353006	0.354685	0.417433	0.282528	0.190267	0.072534	0.766827	0.513753	0.163551	-0.254517	-2.745483
0.760600	-11.891213	-8.839749	20.730963	3.051464	32.622176	0.392766	0.394491	0.458956	0.312758	0.210556	0.079430	0.754922	0.505762	0.160740	-0.256615	-2.743385
0.762400	-11.740840	-8.703441	20.444280	3.037399	32.185120	0.431782	0.433554	0.499772	0.341935	0.230141	0.086106	0.742079	0.497142	0.157702	-0.258704	-2.741296
0.764200	-11.592928	-8.569693	20.162621	3.023234	31.755549	0.470067	0.471887	0.539894	0.370054	0.249019	0.092561	0.728379	0.487945	0.154453	-0.260783	-2.739217
0.766000	-11.447430	-8.438460	19.885890	3.008971	31.333320	0.507637	0.509505	0.579337	0.397113	0.267187	0.098793	0.713899	0.478222	0.151009	-0.262851	-2.737149
0.767800	-11.304302	-8.309692	19.613993	2.994610	30.918295	0.544503	0.546422	0.618115	0.423116	0.284648	0.104801	0.698711	0.468023	0.147385	-0.264909	-2.735091
0.769600	-11.163496	-8.183344	19.346840	2.980152	30.510336	0.580679	0.582649	0.656240	0.448067	0.301405	0.110583	0.682885	0.457395	0.143597	-0.266955	-2.733045
0.771400	-11.024969	-8.059371	19.084340	2.965598	30.109309	0.616178	0.618200	0.693727	0.471976	0.317464	0.116142	0.666488	0.446381	0.139657	-0.268989	-2.731011
0.773200	-10.888678	-7.937727	18.826405	2.950951	29.715082	0.651013	0.653088	0.730588	0.494854	0.332832	0.121477	0.649582	0.435025	0.135581	-0.271011	-2.728989
0.775000	-10.754579	-7.818369	18.572948	2.936210	29.327527	0.685196	0.687325	0.766836	0.516714	0.347519	0.126590	0.632228	0.423366	0.131380	-0.273020	-2.726980
0.776800	-10.622631	-7.701254	18.323886	2.921377	28.946517	0.718739	0.720923	0.802483	0.537573	0.361535	0.131484	0.614482	0.411442	0.127067	-0.275014	-2.724986
0.778600	-10.492794	-7.586340	18.079134	2.906453	28.571928	0.751654	0.753895	0.837541	0.557449	0.374892	0.136161	0.596399	0.399289	0.122653	-0.276995	-2.723005
0.780400	-10.365026	-7.473586	17.838612	2.891440	28.203638	0.783954	0.786252	0.872024	0.576360	0.387603	0.140623	0.578027	0.386942	0.118150	-0.278961	-2.721039
0.782200	-10.239290	-7.362950	17.602240	2.876339	27.841529	0.815649	0.818005	0.905942	0.594328	0.399681	0.144874	0.559415	0.374431	0.113569	-0.280912	-2.719088
0.784000	-10.115545	-7.254394	17.369939	2.861152	27.485484	0.846751	0.849167	0.939306	0.611374	0.411141	0.148917	0.540607	0.361786	0.108918	-0.282847	-2.717153
0.785800	-9.993755	-7.147877	17.141632	2.845879	27.135388	0.877271	0.879748	0.972129	0.627521	0.421999	0.152757	0.521645	0.349036	0.104208	-0.284766	-2.715234
0.787600	-9.873883	-7.043362	16.917245	2.830522	26.791129	0.907220	0.909759	1.004422	0.642793	0.432270	0.156396	0.502568	0.336206	0.099447	-0.286668	-2.713333
0.789400	-9.755893	-6.940811	16.696704	2.815082	26.452597	0.936609	0.939210	1.036194	0.657215	0.441970	0.159840	0.483413	0.323322	0.094644	-0.288552	-2.711448
0.791200	-9.639749	-6.840187	16.479936	2.799562	26.119684	0.965448	0.968113	1.067458	0.670810	0.451116	0.163092	0.464212	0.310405	0.089806	-0.290419	-2.709581
0.793000	-9.525416	-6.741454	16.266870	2.783962	25.792285	0.993747	0.996477	1.098222	0.683604	0.459724	0.166157	0.444998	0.297478	0.084941	-0.292267	-2.707733
0.794800	-9.412860	-6.644576	16.057436	2.768284	25.470296	1.021517	1.024313	1.128499	0.695622	0.467811	0.169040	0.425800	0.284559	0.080056	-0.294096	-2.705904
0.796600	-9.302049	-6.549519	15.851568	2.752529	25.153616	1.048767	1.051631	1.158297	0.706889	0.475395	0.171745	0.406645	0.271667	0.075156	-0.295906	-2.704094
0.798400	-9.192948	-6.456248	15.649197	2.736700	24.842145	1.075507	1.078439	1.187627	0.717431	0.482492	0.174276	0.387557	0.258818	0.070249	-0.297696	-2.702305
0.800200	-9.085528	-6.364730	15.450258	2.720798	24.535786	1.101747	1.104749	1.216497	0.727273	0.489118	0.176638	0.368561	0.246028	0.065340	-0.299465	-2.700535
0.802000	-8.979756	-6.274931	15.254687	2.704824	24.234443	1.127496	1.130569	1.244919	0.736440	0.495291	0.178837	0.349676	0.233311	0.060433	-0.301214	-2.698786
0.803800	-8.875601	-6.186820	15.062421	2.688781	23.938022	1.152763	1.155908	1.272900	0.744957	0.501028	0.180876	0.330922	0.220680	0.055535	-0.302941	-2.697059
0.805600	-8.773034	-6.100365	14.873399	2.672669	23.646433	1.177557	1.180776	1.300451	0.752849	0.506344	0.182760	0.312317	0.208147	0.050648	-0.304646	-2.695354
0.807400	-8.672025	-6.015534	14.687559	2.656491	23.359584	1.201888	1.205181	1.327580	0.760140	0.511256	0.184494	0.293876	0.195723	0.045778	-0.306329	-2.693671
0.809200	-8.572545	-5.932297	14.504843	2.640248	23.077388	1.225763	1.229132	1.354295	0.766853	0.515780	0.186083	0.275615	0.183417	0.040929	-0.307989	-2.692011
0.811000	-8.474567	-5.850625	14.325191	2.623942	22.799758	1.249191	1.252637	1.380606	0.773012	0.519932	0.187531	0.257546	0.171238	0.036103	-0.309625	-2.690374
0.812800	-8.378062	-5.770487	14.148549	2.607575	22.526610	1.272181	1.275706	1.406520	0.778640	0.523726	0.188842	0.239681	0.159195	0.031304	-0.311238	-2.688761
0.814600	-8.283003	-5.691855	13.974858	2.591149	22.257862	1.294741	1.298345	1.432046	0.783759	0.527178	0.190021	0.222030	0.147293	0.026536	-0.312827	-2.687173
0.816400	-8.189365	-5.614700	13.804065	2.574665	21.993430	1.316879	1.320563	1.457193	0.788392	0.530303	0.191073	0.204603	0.135540	0.021800	-0.314391	-2.685609
0.818200	-8.097121	-5.538995	13.636116	2.558126	21.733237	1.338602	1.342369	1.481967	0.792559	0.533114	0.192000	0.187408	0.123941	0.017100	-0.315930	-2.684070
0.820000	-8.006246	-5.464713	13.470959	2.541533	21.477204	1.359919	1.363769	1.506377	0.796282	0.535626	0.192809	0.170452	0.112501	0.012438	-0.317444	-2.682556
0.821800	-7.916714	-5.391826	13.308541	2.524888	21.225255	1.380838	1.384771	1.530430	0.799580	0.537852	0.193502	0.153741	0.101224	0.007815	-0.318931	-2.681069
0.823600	-7.828502	-5.320309	13.148812	2.508193	20.977314	1.401364	1.405384	1.554134	0.802474	0.539805	0.194084	0.137281	0.090114	0.003234	-0.320392	-2.679608
0.825400	-7.741586	-5.250136	12.991722	2.491450	20.733309	1.421507	1.425613	1.577496	0.804982	0.541499	0.194558	0.121076	0.079174	-0.001303	-0.321827	-2.678173
0.827200	-7.655943	-5.181282	12.837224	2.474661	20.493167	1.441273	1.445467	1.600523	0.807123	0.542945	0.194928	0.105130	0.068405	-0.005796	-0.323234	-2.676766
0.829000	-7.571549	-5.113721	12.685269	2.457828	20.256818	1.460668	1.464952	1.623222	0.808915	0.544156	0.195199	0.089446	0.057812	-0.010243	-0.324614	-2.675386
0.830800	-7.488382	-5.047429	12.535811	2.440952	20.024193	1.479701	1.484076	1.645600	0.810376	0.545142	0.195373	0.074026	0.047394	-0.014642	-0.325965	-2.674035
0.832600	-7.406420	-4.982384	12.388804	2.424037	19.795224	1.498378	1.502844	1.667664	0.811521	0.545916	0.195455	0.058872	0.037153	-0.018993	-0.327289	-2.672712
0.834400	-7.325643	-4.918560	12.244203	2.407083	19.569846	1.516705	1.521264	1.689420	0.812367	0.546489	0.195446	0.043985	0.027091	-0.023294	-0.328583	-2.671417
0.836200	-7.246029	-4.855935	12.101964	2.390093	19.347993	1.534689	1.539343	1.710875	0.812929	0.546869	0.195352	0.029366	0.017207	-0.027545	-0.329849	-2.670151
0.838000	-7.167557	-4.794488	11.962044	2.373069	19.129601	1.552336	1.557086	1.732035	0.813224	0.547069	0.195174	0.015014	0.007501	-0.031745	-0.331085	-2.668915
0.839800	-7.090207	-4.734194	11.824401	2.356013	18.914609	1.569654	1.574500	1.752906	0.813265	0.547097	0.194917	0.000929	-0.002026	-0.035894	-0.332291	-2.667709
0.841600	-7.013960	-4.675034	11.688994	2.338927	18.702955	1.586647	1.591592	1.773495	0.813065	0.546962	0.194583	-0.012888	-0.011376	-0.039991	-0.333467	-2.666533
0.843400	-6.938797	-4.616985	11.555782	2.321812	18.494579	1.603322	1.608366	1.793807	0.812640	0.546674	0.194174	-0.026441	-0.020548	-0.044035	-0.334613	-2.665387
0.845200	-6.864698	-4.560027	11.424725	2.304672	18.289423	1.619685	1.624830	1.813848	0.812000	0.546242	0.193695	-0.039729	-0.029544	-0.048027	-0.335728	-2.664272
0.847000	-6.791646	-4.504139	11.295784	2.287507	18.087430	1.635741	1.640988	1.833623	0.811160	0.545673	0.193147	-0.052755	-0.038365	-0.051966	-0.336812	-2.663188
0.848800	-6.719621	-4.449300	11.168922	2.270321	17.888543	1.651497	1.656848	1.853139	0.810130	0.544975	0.192533	-0.065520	-0.047012	-0.055852	-0.337864	-2.662136
0.850600	-6.648607	-4.395493	11.044100	2.253115	17.692707	1.666958	1.672413	1.872401	0.808922	0.544157	0.191855	-0.078028	-0.055487	-0.059685	-0.338885	-2.661115
0.852400	-6.578586	-4.342696	10.921282	2.235891	17.499868	1.682130	1.687691	1.891414	0.807547	0.543226	0.191117	-0.090280	-0.063791	-0.063465	-0.339874	-2.660126
0.854200	-6.509542	-4.290891	10.800432	2.218651	17.309974	1.697017	1.702686	1.910184	0.806016	0.542188	0.190320	-0.102280	-0.071926	-0.067192	-0.340831	-2.659169
0.856000	-6.441457	-4.240059	10.681516	2.201398	17.122972	1.711626	1.717403	1.928714	0.804338	0.541050	0.189467	-0.114029	-0.079895	-0.070866	-0.341755	-2.658245
0.857800	-6.374315	-4.190182	10.564497	2.184133	16.938812	1.725961	1.731848	1.947012	0.802523	0.539819	0.188560	-0.125532	-0.087698	-0.074487	-0.342646	-2.657354
0.859600	-6.308101	-4.141243	10.449343	2.166858	16.757444	1.740028	1.746026	1.965081	0.800580	0.538501	0.187601	-0.136792	-0.095339	-0.078056	-0.343504	-2.656496
0.861400	-6.242799	-4.093222	10.336021	2.149577	16.578820	1.753831	1.759941	1.982926	0.798518	0.537102	0.186592	-0.147811	-0.102819	-0.081572	-0.344329	-2.655671
0.863200	-6.178394	-4.046104	10.224498	2.132290	16.402891	1.767376	1.773600	2.000553	0.796345	0.535627	0.185535	-0.158594	-0.110141	-0.085036	-0.345120	-2.654879
0.865000	-6.114870	-3.999871	10.114741	2.114999	16.229611	1.780667	1.787006	2.017965	0.794070	0.534082	0.184433	-0.169143	-0.117307	-0.088448	-0.345878	-2.654122
0.866800	-6.052214	-3.954506	10.006720	2.097708	16.058934	1.793710	1.800164	2.035167	0.791700	0.532472	0.183285	-0.179463	-0.124320	-0.091809	-0.346602	-2.653398
0.868600	-5.990411	-3.909994	9.900405	2.080417	15.890816	1.806508	1.813080	2.052164	0.789242	0.530801	0.182096	-0.189557	-0.131181	-0.095118	-0.347291	-2.652709
0.870400	-5.929447	-3.866318	9.795765	2.063129	15.725212	1.819066	1.825756	2.068960	0.786703	0.529075	0.180866	-0.199429	-0.137894	-0.098377	-0.347946	-2.652054
0.872200	-5.869309	-3.823462	9.692771	2.045847	15.562079	1.831389	1.838199	2.085559	0.784090	0.527298	0.179596	-0.209082	-0.144461	-0.101585	-0.348567	-2.651433
0.874000	-5.809982	-3.781411	9.591393	2.028571	15.401375	1.843481	1.850413	2.101966	0.781409	0.525474	0.178289	-0.218522	-0.150884	-0.104743	-0.349153	-2.650847
0.875800	-5.751455	-3.740150	9.491605	2.011304	15.243059	1.855347	1.862401	2.118184	0.778667	0.523608	0.176946	-0.227750	-0.157167	-0.107852	-0.349704	-2.650296
0.877600	-5.693713	-3.699665	9.393378	1.994049	15.087091	1.866990	1.874168	2.134218	0.775867	0.521702	0.175568	-0.236772	-0.163310	-0.110911	-0.350219	-2.649781
0.879400	-5.636745	-3.659939	9.296684	1.976806	14.933430	1.878415	1.885718	2.150071	0.773018	0.519761	0.174157	-0.245591	-0.169319	-0.113922	-0.350700	-2.649300
0.881200	-5.580539	-3.620960	9.201499	1.959579	14.782037	1.889626	1.897055	2.165747	0.770122	0.517788	0.172714	-0.254210	-0.175193	-0.116884	-0.351145	-2.648855
0.883000	-5.525081	-3.582713	9.107794	1.942369	14.632876	1.900627	1.908183	2.181250	0.767186	0.515786	0.171241	-0.262635	-0.180937	-0.119799	-0.351555	-2.648446
0.884800	-5.470362	-3.545184	9.015546	1.925178	14.485907	1.911422	1.919107	2.196584	0.764213	0.513759	0.169738	-0.270868	-0.186553	-0.122667	-0.351929	-2.648071
0.886600	-5.416368	-3.508360	8.924728	1.908008	14.341096	1.922014	1.929829	2.211752	0.761209	0.511709	0.168207	-0.278914	-0.192044	-0.125488	-0.352267	-2.647733
0.888400	-5.363089	-3.472228	8.835317	1.890861	14.198405	1.932408	1.940354	2.226758	0.758177	0.509640	0.166649	-0.286776	-0.197411	-0.128262	-0.352569	-2.647430
0.890200	-5.310513	-3.436774	8.747287	1.873739	14.057801	1.942607	1.950685	2.241605	0.755121	0.507554	0.165065	-0.294458	-0.202658	-0.130991	-0.352836	-2.647164
0.892000	-5.258631	-3.401986	8.660617	1.856645	13.919248	1.952615	1.960827	2.256297	0.752046	0.505453	0.163456	-0.301964	-0.207787	-0.133674	-0.353066	-2.646934
0.893800	-5.207430	-3.367851	8.575282	1.839579	13.782712	1.962435	1.970781	2.270837	0.748954	0.503340	0.161823	-0.309297	-0.212800	-0.136313	-0.353260	-2.646740
0.895600	-5.156902	-3.334358	8.491260	1.822544	13.648162	1.972071	1.980554	2.285227	0.745849	0.501217	0.160168	-0.316462	-0.217700	-0.138907	-0.353418	-2.646582
0.897400	-5.107035	-3.301493	8.408528	1.805542	13.515564	1.981527	1.990146	2.299472	0.742735	0.499086	0.158490	-0.323461	-0.222489	-0.141458	-0.353540	-2.646460
0.899200	-5.057820	-3.269246	8.327066	1.788574	13.384886	1.990805	1.999562	2.313575	0.739613	0.496950	0.156791	-0.330298	-0.227170	-0.143965	-0.353625	-2.646375
0.901000	-5.009247	-3.237604	8.246851	1.771644	13.256098	1.999909	2.008806	2.327538	0.736488	0.494810	0.155072	-0.336978	-0.231745	-0.146430	-0.353675	-2.646325
0.902800	-4.961307	-3.206556	8.167863	1.754751	13.129170	2.008842	2.017880	2.341364	0.733361	0.492668	0.153334	-0.343503	-0.236216	-0.148852	-0.353687	-2.646313
0.904600	-4.913990	-3.176091	8.090081	1.737899	13.004070	2.017608	2.026788	2.355056	0.730235	0.490525	0.151577	-0.349876	-0.240586	-0.151232	-0.353664	-2.646336
0.906400	-4.867286	-3.146198	8.013484	1.721088	12.880771	2.026209	2.035532	2.368618	0.727113	0.488384	0.149802	-0.356102	-0.244857	-0.153571	-0.353603	-2.646397
0.908200	-4.821188	-3.116866	7.938054	1.704322	12.759243	2.034649	2.044116	2.382052	0.723996	0.486246	0.148010	-0.362184	-0.249030	-0.155869	-0.353507	-2.646494
0.910000	-4.775686	-3.088085	7.863772	1.687601	12.639458	2.042931	2.052543	2.395360	0.720887	0.484112	0.146201	-0.368124	-0.253109	-0.158127	-0.353374	-2.646627
0.911800	-4.730772	-3.059845	7.790617	1.670927	12.521388	2.051057	2.060816	2.408546	0.717788	0.481983	0.144377	-0.373926	-0.257096	-0.160344	-0.353204	-2.646796
0.913600	-4.686437	-3.032134	7.718571	1.654303	12.405008	2.059030	2.068937	2.421612	0.714700	0.479861	0.142538	-0.379593	-0.260992	-0.162523	-0.352998	-2.647002
0.915400	-4.642673	-3.004944	7.647617	1.637729	12.290289	2.066854	2.076910	2.434560	0.711625	0.477747	0.140684	-0.385128	-0.264799	-0.164662	-0.352756	-2.647244
0.917200	-4.599472	-2.978264	7.577736	1.621208	12.177207	2.074531	2.084737	2.447393	0.708565	0.475641	0.138817	-0.390535	-0.268520	-0.166763	-0.352477	-2.647523
0.919000	-4.556826	-2.952085	7.508910	1.604741	12.065736	2.082064	2.092421	2.460114	0.705522	0.473546	0.136936	-0.395815	-0.272157	-0.168825	-0.352162	-2.647838
0.920800	-4.514727	-2.926397	7.441123	1.588330	11.955850	2.089456	2.099965	2.472725	0.702496	0.471462	0.135043	-0.400973	-0.275711	-0.170851	-0.351811	-2.648189
0.922600	-4.473168	-2.901191	7.374358	1.571977	11.847526	2.096709	2.107371	2.485228	0.699489	0.469390	0.133137	-0.406011	-0.279185	-0.172838	-0.351424	-2.648576
0.924400	-4.432140	-2.876458	7.308599	1.555682	11.740739	2.103825	2.114642	2.497625	0.696503	0.467330	0.131220	-0.410932	-0.282580	-0.174789	-0.351000	-2.649000
0.926200	-4.391638	-2.852190	7.243828	1.539448	11.635466	2.110808	2.121780	2.509919	0.693538	0.465284	0.129291	-0.415738	-0.285898	-0.176704	-0.350541	-2.649459
0.928000	-4.351653	-2.828376	7.180030	1.523277	11.531683	2.117660	2.128788	2.522113	0.690595	0.463252	0.127352	-0.420433	-0.289141	-0.178583	-0.350046	-2.649955
0.929800	-4.312179	-2.805010	7.117189	1.507169	11.429369	2.124383	2.135669	2.534207	0.687675	0.461234	0.125402	-0.425019	-0.292311	-0.180426	-0.349514	-2.650486
0.931600	-4.273209	-2.782082	7.055291	1.491127	11.328500	2.130980	2.142424	2.546205	0.684780	0.459232	0.123443	-0.429498	-0.295409	-0.182234	-0.348948	-2.651052
0.933400	-4.234736	-2.759584	6.994320	1.475152	11.229056	2.137453	2.149057	2.558109	0.681909	0.457246	0.121475	-0.433873	-0.298438	-0.184008	-0.348346	-2.651654
0.935200	-4.196753	-2.737509	6.934262	1.459244	11.131015	2.143804	2.155569	2.569919	0.679065	0.455277	0.119497	-0.438146	-0.301398	-0.185747	-0.347708	-2.652292
0.937000	-4.159254	-2.715847	6.875101	1.443407	11.034355	2.150036	2.161963	2.581639	0.676246	0.453324	0.117511	-0.442321	-0.304292	-0.187452	-0.347035	-2.652965
0.938800	-4.122232	-2.694592	6.816824	1.427641	10.939056	2.156151	2.168240	2.593271	0.673455	0.451389	0.115516	-0.446399	-0.307121	-0.189123	-0.346327	-2.653673
0.940600	-4.085682	-2.673735	6.759417	1.411947	10.845099	2.162151	2.174404	2.604815	0.670691	0.449471	0.113514	-0.450382	-0.309886	-0.190762	-0.345584	-2.654416
0.942400	-4.049597	-2.653269	6.702866	1.396327	10.752463	2.168038	2.180456	2.616275	0.667956	0.447571	0.111505	-0.454273	-0.312589	-0.192367	-0.344806	-2.655193
0.944200	-4.013970	-2.633188	6.647158	1.380783	10.661128	2.173814	2.186398	2.627652	0.665249	0.445690	0.109488	-0.458075	-0.315232	-0.193940	-0.343994	-2.656006
0.946000	-3.978797	-2.613483	6.592280	1.365315	10.571077	2.179482	2.192233	2.638947	0.662571	0.443828	0.107464	-0.461788	-0.317816	-0.195481	-0.343148	-2.656853
0.947800	-3.944071	-2.594147	6.538218	1.349925	10.482290	2.185043	2.197962	2.650163	0.659922	0.441984	0.105434	-0.465416	-0.320343	-0.196990	-0.342267	-2.657734
0.949600	-3.909787	-2.575174	6.484961	1.334614	10.394748	2.190500	2.203587	2.661301	0.657303	0.440160	0.103398	-0.468960	-0.322813	-0.198467	-0.341352	-2.658648
0.951400	-3.875939	-2.556556	6.432495	1.319383	10.308434	2.195853	2.209111	2.672363	0.654714	0.438355	0.101355	-0.472423	-0.325228	-0.199914	-0.340403	-2.659597
0.953200	-3.842522	-2.538288	6.380809	1.304234	10.223331	2.201107	2.214535	2.683351	0.652155	0.436570	0.099308	-0.475806	-0.327589	-0.201329	-0.339421	-2.660578
0.955000	-3.809529	-2.520362	6.329891	1.289168	10.139420	2.206261	2.219861	2.694266	0.649626	0.434804	0.097255	-0.479111	-0.329899	-0.202714	-0.338406	-2.661594
0.956800	-3.776957	-2.502771	6.279728	1.274185	10.056684	2.211318	2.225091	2.705109	0.647128	0.433058	0.095196	-0.482340	-0.332157	-0.204069	-0.337358	-2.662642
0.958600	-3.744799	-2.485511	6.230309	1.259288	9.975108	2.216281	2.230227	2.715882	0.644660	0.431332	0.093133	-0.485496	-0.334366	-0.205393	-0.336277	-2.663723
0.960400	-3.713050	-2.468574	6.181624	1.244477	9.894674	2.221150	2.235271	2.726588	0.642223	0.429626	0.091066	-0.488579	-0.336526	-0.206689	-0.335163	-2.664837
0.962200	-3.681706	-2.451954	6.133660	1.229753	9.815366	2.225927	2.240223	2.737226	0.639817	0.427940	0.088994	-0.491591	-0.338638	-0.207954	-0.334017	-2.665983
0.964000	-3.650762	-2.435645	6.086407	1.215117	9.737169	2.230614	2.245087	2.747799	0.637441	0.426273	0.086918	-0.494535	-0.340704	-0.209191	-0.332839	-2.667161
0.965800	-3.620213	-2.419642	6.039854	1.200571	9.660067	2.235213	2.249863	2.758308	0.635096	0.424627	0.084838	-0.497412	-0.342725	-0.210399	-0.331630	-2.668370
0.967600	-3.590053	-2.403938	5.993991	1.186115	9.584044	2.239725	2.254554	2.768755	0.632783	0.423002	0.082755	-0.500223	-0.344702	-0.211579	-0.330389	-2.669611
0.969400	-3.560279	-2.388529	5.948808	1.171750	9.509086	2.244153	2.259160	2.779140	0.630499	0.421396	0.080668	-0.502970	-0.346636	-0.212730	-0.329117	-2.670882
0.971200	-3.530885	-2.373408	5.904293	1.157477	9.435178	2.248497	2.263684	2.789466	0.628247	0.419810	0.078578	-0.505654	-0.348527	-0.213853	-0.327815	-2.672185
0.973000	-3.501867	-2.358570	5.860438	1.143297	9.362305	2.252759	2.268127	2.799733	0.626025	0.418244	0.076485	-0.508278	-0.350378	-0.214949	-0.326482	-2.673518
0.974800	-3.473222	-2.344010	5.817231	1.129212	9.290453	2.256941	2.272491	2.809943	0.623834	0.416698	0.074390	-0.510842	-0.352189	-0.216017	-0.325119	-2.674880
0.976600	-3.444943	-2.329722	5.774665	1.115221	9.219608	2.261044	2.276777	2.820096	0.621673	0.415172	0.072291	-0.513349	-0.353960	-0.217058	-0.323727	-2.676273
0.978400	-3.417027	-2.315702	5.732729	1.101326	9.149756	2.265070	2.280986	2.830195	0.619543	0.413665	0.070190	-0.515798	-0.355694	-0.218072	-0.322305	-2.677695
0.980200	-3.389470	-2.301943	5.691414	1.087527	9.080884	2.269020	2.285120	2.840240	0.617442	0.412179	0.068088	-0.518192	-0.357390	-0.219059	-0.320855	-2.679146
0.982000	-3.362268	-2.288442	5.650710	1.073825	9.012978	2.272896	2.289181	2.850233	0.615372	0.410712	0.065982	-0.520533	-0.359050	-0.220019	-0.319375	-2.680625
0.983800	-3.335416	-2.275194	5.610610	1.060222	8.946025	2.276698	2.293169	2.860175	0.613331	0.409264	0.063876	-0.522820	-0.360674	-0.220954	-0.317868	-2.682132
0.985600	-3.308910	-2.262193	5.571103	1.046717	8.880013	2.280429	2.297086	2.870066	0.611320	0.407836	0.061767	-0.525057	-0.362264	-0.221862	-0.316333	-2.683667
0.987400	-3.282747	-2.249435	5.532182	1.033311	8.814928	2.284089	2.300934	2.879908	0.609339	0.406427	0.059657	-0.527243	-0.363820	-0.222744	-0.314770	-2.685229
0.989200	-3.256922	-2.236916	5.493837	1.020006	8.750759	2.287681	2.304714	2.889702	0.607386	0.405037	0.057545	-0.529380	-0.365342	-0.223601	-0.313181	-2.686819
0.991000	-3.231431	-2.224630	5.456061	1.006801	8.687492	2.291204	2.308426	2.899449	0.605463	0.403667	0.055432	-0.531469	-0.366833	-0.224432	-0.311565	-2.688435
0.992800	-3.206271	-2.212574	5.418845	0.993697	8.625117	2.294661	2.312073	2.909151	0.603568	0.402314	0.053319	-0.533511	-0.368292	-0.225238	-0.309923	-2.690077
0.994600	-3.181439	-2.200743	5.382182	0.980695	8.563620	2.298053	2.315656	2.918807	0.601702	0.400981	0.051204	-0.535508	-0.369721	-0.226019	-0.308255	-2.691744
0.996400	-3.156929	-2.189133	5.346062	0.967796	8.502991	2.301381	2.319175	2.928419	0.599864	0.399666	0.049088	-0.537461	-0.371119	-0.226775	-0.306562	-2.693438
0.998200	-3.132739	-2.177740	5.310479	0.954999	8.443218	2.304647	2.322632	2.937989	0.598054	0.398370	0.046972	-0.539370	-0.372488	-0.227507	-0.304845	-2.695155
1.000000	-3.108865	-2.166559	5.275424	0.942306	8.384289	2.307850	2.326028	2.947516	0.596272	0.397091	0.044856	-0.541237	-0.373829	-0.228214	-0.303103	-2.696897
