0.101800	-7576.073639	-7534.647235	15110.720874	41.426403	22686.794512	-1.419948	-1.419956	-1.420088	-0.812638	-0.542214	-0.151796	0.123524	0.082414	0.023052
0.103600	-7434.768880	-7393.345613	14828.114493	41.423267	22262.883373	1.102204	1.102177	1.101072	0.733450	0.489317	0.136459	0.371270	0.247707	0.069269
0.101800	-7576.073639	-7534.647235	15110.720874	41.426403	22686.794512	-1.419948	-1.419956	-1.420088	-0.812638	-0.542214	-0.151796	0.123524	0.082414	0.023052	-0.005468	-2.994532
0.103600	-7434.768880	-7393.345613	14828.114493	41.423267	22262.883373	1.102204	1.102177	1.101072	0.733450	0.489317	0.136459	0.371270	0.247707	0.069269	-0.005572	-2.994428
0.105400	-7296.119567	-7254.699495	14550.819062	41.420072	21846.938629	2.868399	2.868456	2.870078	0.221794	0.147946	0.041067	-0.791557	-0.528118	-0.147517	-0.005677	-2.994323
0.107200	-7160.075793	-7118.658977	14278.734769	41.416816	21438.810562	-2.390130	-2.390085	-2.388368	-0.561183	-0.374448	-0.104917	-0.600625	-0.400729	-0.111895	-0.005784	-2.994216
0.109000	-7026.588589	-6985.175090	14011.763678	41.413499	21038.352267	-2.093160	-2.093129	-2.091612	-0.712367	-0.475316	-0.133104	-0.410113	-0.273622	-0.076354	-0.005894	-2.994106
0.110800	-6895.609906	-6854.199788	13749.809694	41.410119	20645.419601	-2.510231	-2.510182	-2.508332	-0.485184	-0.323743	-0.090732	-0.663543	-0.442708	-0.123593	-0.006005	-2.993995
0.112600	-6767.092601	-6725.685926	13492.778527	41.406675	20259.871127	2.655317	2.655369	2.656324	0.384176	0.256287	0.071391	-0.726762	-0.484890	-0.135383	-0.006119	-2.993881
0.114400	-6640.990412	-6599.587246	13240.577658	41.403166	19881.568070	0.850321	0.850282	0.848486	0.617752	0.412129	0.114971	0.542330	0.361840	0.101309	-0.006234	-2.993766
0.116200	-6517.257950	-6475.858360	12993.116310	41.399590	19510.374260	-1.629369	-1.629365	-1.628093	-0.820566	-0.547507	-0.153245	-0.048118	-0.032104	-0.008790	-0.006352	-2.993648
0.118000	-6395.850678	-6354.454731	12750.305408	41.395947	19146.156086	1.512437	1.512435	1.511119	0.820654	0.547504	0.152845	0.047948	0.031990	0.009132	-0.006472	-2.993528
0.119800	-6276.724895	-6235.332660	12512.057555	41.392236	18788.782450	-2.278493	-2.278455	-2.276604	-0.624605	-0.416767	-0.116696	-0.534370	-0.356529	-0.099456	-0.006595	-2.993405
0.121600	-6159.837723	-6118.449270	12278.286993	41.388454	18438.124716	-0.423262	-0.423316	-0.423740	-0.337613	-0.225287	-0.063155	0.749434	0.500020	0.140012	-0.006719	-2.993281
0.123400	-6045.147088	-6003.762488	12048.909577	41.384600	18094.056665	0.806694	0.806653	0.804829	0.593499	0.395947	0.110531	0.568745	0.379464	0.106317	-0.006846	-2.993154
0.125200	-5932.611708	-5891.231034	11823.842743	41.380674	17756.454451	1.423137	1.423129	1.421409	0.813093	0.542461	0.151520	0.120941	0.080691	0.022805	-0.006975	-2.993025
0.127000	-5822.191077	-5780.814402	11603.005479	41.376674	17425.196555	1.437651	1.437645	1.435907	0.814759	0.543573	0.151857	0.109127	0.072808	0.020609	-0.007107	-2.992893
0.128800	-5713.845447	-5672.472848	11386.318295	41.372599	17100.163742	0.861547	0.861509	0.859776	0.623781	0.416153	0.116259	0.535344	0.357180	0.100134	-0.007241	-2.992759
0.130600	-5607.535821	-5566.167375	11173.703196	41.368446	16781.239018	-0.294132	-0.294191	-0.294159	-0.238295	-0.159024	-0.044544	0.786665	0.524863	0.147037	-0.007377	-2.992623
0.132400	-5503.223933	-5461.859718	10965.083651	41.364215	16468.307585	-2.018484	-2.018459	-2.016649	-0.740990	-0.494424	-0.138320	-0.355828	-0.237410	-0.066110	-0.007516	-2.992484
0.134200	-5400.872237	-5359.512332	10760.384569	41.359905	16161.256805	1.982546	1.982573	1.981019	0.753332	0.502592	0.140508	-0.328990	-0.219504	-0.061106	-0.007658	-2.992342
0.136000	-5300.443890	-5259.088377	10559.532267	41.355513	15859.976157	-0.847201	-0.847242	-0.845896	-0.616003	-0.411034	-0.114970	0.544208	0.363098	0.101837	-0.007802	-2.992198
0.137800	-5201.902745	-5160.551706	10362.454451	41.351039	15564.357195	2.069152	2.069185	2.067583	0.722047	0.481719	0.134725	-0.392916	-0.262157	-0.073039	-0.007949	-2.992051
0.139600	-5105.213331	-5063.866851	10169.080181	41.346480	15274.293512	-1.824882	-1.824867	-1.823073	-0.795604	-0.530865	-0.148450	-0.206617	-0.137857	-0.038266	-0.008099	-2.991901
0.141400	-5010.340846	-4968.999010	9979.339855	41.341836	14989.680701	0.047229	0.047166	0.047371	0.038806	0.025857	0.007278	0.821044	0.547807	0.153517	-0.008251	-2.991749
0.143200	-4917.251140	-4875.914036	9793.165175	41.337104	14710.416315	1.411848	1.411840	1.410122	0.811636	0.541496	0.151534	0.130106	0.086807	0.024559	-0.008407	-2.991593
0.145000	-4825.910706	-4784.578423	9610.489129	41.332283	14436.399835	2.278501	2.278544	2.276852	0.624617	0.416716	0.116656	-0.534388	-0.356550	-0.099472	-0.008565	-2.991435
0.146800	-4736.286667	-4694.959295	9431.245962	41.327372	14167.532629	2.656597	2.656655	2.655263	0.383231	0.255661	0.071621	-0.727226	-0.485213	-0.135470	-0.008726	-2.991274
0.148600	-4648.346762	-4607.024395	9255.371157	41.322368	13903.717920	2.555332	2.555384	2.553705	0.454781	0.303402	0.085017	-0.684753	-0.456876	-0.127558	-0.008890	-2.991110
0.150400	-4562.059339	-4520.742069	9082.801408	41.317270	13644.860747	1.983697	1.983725	1.981905	0.752919	0.502323	0.140690	-0.329842	-0.220076	-0.061334	-0.009057	-2.990943
0.152200	-4477.393338	-4436.081261	8913.474599	41.312076	13390.867937	0.950512	0.950475	0.949818	0.668845	0.446228	0.125022	0.477781	0.318783	0.089439	-0.009227	-2.990773
0.154000	-4394.318283	-4353.011498	8747.329781	41.306785	13141.648065	-0.535580	-0.535632	-0.533748	-0.419481	-0.279918	-0.078128	0.706867	0.471634	0.132204	-0.009400	-2.990600
0.155800	-4312.804273	-4271.502879	8584.307152	41.301395	12897.111425	-2.465948	-2.465901	-2.466127	-0.514086	-0.343041	-0.095781	-0.641419	-0.427966	-0.119548	-0.009576	-2.990424
0.157600	-4232.821967	-4191.526064	8424.348031	41.295903	12657.169998	1.450889	1.450884	1.449890	0.816064	0.544460	0.152603	0.098323	0.065602	0.018541	-0.009756	-2.990244
0.159400	-4154.342575	-4113.052267	8267.394842	41.290308	12421.737417	-1.343350	-1.343366	-1.341991	-0.800819	-0.534356	-0.149312	0.185351	0.123668	0.034772	-0.009939	-2.990061
0.161200	-4077.337849	-4036.053240	8113.391089	41.284609	12190.728939	1.725931	1.725947	1.724906	0.812094	0.541813	0.151900	-0.127005	-0.084744	-0.023596	-0.010125	-2.989875
0.163000	-4001.780072	-3960.501269	7962.281341	41.278802	11964.061413	-1.899920	-1.899907	-1.899818	-0.777877	-0.519050	-0.145021	-0.265681	-0.177272	-0.049515	-0.010315	-2.989685
0.164800	-3927.642046	-3886.369159	7814.011205	41.272887	11741.653251	0.353292	0.353239	0.354760	0.284388	0.189719	0.053388	0.771194	0.514556	0.144123	-0.010508	-2.989492
0.166600	-3854.897087	-3813.630225	7668.527312	41.266861	11523.424399	2.210017	2.210056	2.208627	0.659673	0.440119	0.123496	-0.490357	-0.327182	-0.091532	-0.010705	-2.989295
0.168400	-3783.519009	-3742.258287	7525.777296	41.260723	11309.296306	-2.605575	-2.605525	-2.606928	-0.419800	-0.280136	-0.078151	-0.706701	-0.471532	-0.131967	-0.010905	-2.989095
0.170200	-3713.482122	-3672.227652	7385.709774	41.254469	11099.191896	-1.519774	-1.519781	-1.519507	-0.820920	-0.547774	-0.153077	0.041921	0.027969	0.007858	-0.011109	-2.988891
0.172000	-3644.761214	-3603.513115	7248.274330	41.248099	10893.035544	-0.808566	-0.808610	-0.807278	-0.594538	-0.396726	-0.110797	0.567608	0.378723	0.106052	-0.011317	-2.988683
0.173800	-3577.331551	-3536.089942	7113.421493	41.241609	10690.753044	-0.464909	-0.464964	-0.463317	-0.368526	-0.245925	-0.068575	0.734734	0.490236	0.137264	-0.011529	-2.988471
0.175600	-3511.168862	-3469.933863	6981.102725	41.234999	10492.271587	-0.481900	-0.481953	-0.480384	-0.380956	-0.254219	-0.070904	0.728367	0.485989	0.136066	-0.011744	-2.988256
0.177400	-3446.249331	-3405.021066	6851.270397	41.228264	10297.519728	-0.852757	-0.852798	-0.851842	-0.619032	-0.413072	-0.115402	0.540789	0.360832	0.101002	-0.011963	-2.988037
0.179200	-3382.549591	-3341.328187	6723.877778	41.221404	10106.427369	-1.570826	-1.570830	-1.571367	-0.821978	-0.548486	-0.153346	-0.000025	-0.000018	-0.000088	-0.012186	-2.987814
0.181000	-3320.046714	-3278.832298	6598.879011	41.214416	9918.925725	-2.629605	-2.629554	-2.631385	-0.402683	-0.268719	-0.075009	-0.716555	-0.478115	-0.134034	-0.012414	-2.987586
0.182800	-3258.718202	-3217.510904	6476.229106	41.207298	9734.947308	2.260462	2.260503	2.260089	0.634084	0.423054	0.118775	-0.522976	-0.348953	-0.097888	-0.012645	-2.987355
0.184600	-3198.541980	-3157.341933	6355.883914	41.200047	9554.425894	0.539333	0.539286	0.541224	0.422128	0.281630	0.079162	0.705283	0.470592	0.131697	-0.012881	-2.987119
0.186400	-3139.496389	-3098.303728	6237.800117	41.192661	9377.296506	-1.503565	-1.503570	-1.504470	-0.820109	-0.547244	-0.153087	0.055220	0.036844	0.010169	-0.013121	-2.986879
0.188200	-3081.560175	-3040.375037	6121.935212	41.185138	9203.495388	2.420838	2.420884	2.420525	0.542428	0.361900	0.101634	-0.617516	-0.412036	-0.115630	-0.013365	-2.986635
0.190000	-3024.712484	-2983.535010	6008.247494	41.177474	9032.959979	-0.247781	-0.247837	-0.246771	-0.201591	-0.134543	-0.037487	0.796867	0.531706	0.148814	-0.013614	-2.986386
0.191800	-2968.932855	-2927.763187	5896.696042	41.169668	8865.628897	3.062756	3.062817	3.061717	0.064730	0.043157	0.012282	-0.819360	-0.546719	-0.153440	-0.013867	-2.986133
0.193600	-2914.201210	-2873.039493	5787.240702	41.161717	8701.441912	-0.208244	-0.208299	-0.207387	-0.169935	-0.113421	-0.031600	0.804211	0.536609	0.150181	-0.014125	-2.985875
0.195400	-2860.497848	-2819.344230	5679.842077	41.153618	8540.339925	2.511215	2.511264	2.511339	0.484475	0.323234	0.090762	-0.663943	-0.443019	-0.124416	-0.014387	-2.985613
0.197200	-2807.803439	-2766.658070	5574.461510	41.145369	8382.264949	-1.339661	-1.339679	-1.341101	-0.800085	-0.533893	-0.149532	0.188293	0.125637	0.034964	-0.014654	-2.985346
0.199000	-2756.099018	-2714.962051	5471.061069	41.136967	8227.160087	0.810697	0.810660	0.812489	0.595725	0.397470	0.111571	0.566320	0.377880	0.105684	-0.014926	-2.985074
0.200800	-2705.365972	-2664.237563	5369.603535	41.128409	8074.969507	2.684606	2.684662	2.684909	0.362660	0.241955	0.067935	-0.737560	-0.492146	-0.138269	-0.015203	-2.984797
0.202600	-2655.586041	-2614.466349	5270.052390	41.119692	7925.638432	-1.995950	-1.995925	-1.997702	-0.748738	-0.499635	-0.140023	-0.339005	-0.226204	-0.063694	-0.015484	-2.984516
0.204400	-2606.741307	-2565.630494	5172.371801	41.110814	7779.113109	-0.659607	-0.659656	-0.660498	-0.503695	-0.336129	-0.094208	0.649530	0.433405	0.121261	-0.015771	-2.984229
0.206200	-2558.814190	-2517.712418	5076.526608	41.101771	7635.340798	0.415467	0.415412	0.416318	0.331755	0.221336	0.062115	0.752030	0.501804	0.140481	-0.016063	-2.983937
0.208000	-2511.787437	-2470.694875	4982.482312	41.092561	7494.269749	1.234226	1.234211	1.236077	0.775823	0.517651	0.145236	0.271447	0.181126	0.050514	-0.016360	-2.983640
0.209800	-2465.644122	-2424.560941	4890.205063	41.083181	7355.849185	1.801508	1.801526	1.803431	0.800144	0.533879	0.149763	-0.187949	-0.125415	-0.035482	-0.016662	-2.983338
0.211600	-2420.367637	-2379.294009	4799.661645	41.073628	7220.029282	2.122029	2.122060	2.123697	0.700169	0.467170	0.131038	-0.430465	-0.287237	-0.080864	-0.016970	-2.983030
0.213400	-2375.941684	-2334.877785	4710.819469	41.063898	7086.761153	2.200414	2.200445	2.201955	0.664306	0.443244	0.124344	-0.483966	-0.322937	-0.090882	-0.017283	-2.982717
0.215200	-2332.350273	-2291.296283	4623.646556	41.053989	6955.996829	2.041205	2.041231	2.042991	0.732632	0.488840	0.137146	-0.372529	-0.248581	-0.070044	-0.017602	-2.982398
0.217000	-2289.577713	-2248.533816	4538.111529	41.043897	6827.689243	1.648879	1.648890	1.650844	0.819420	0.546751	0.153367	-0.064113	-0.042785	-0.012303	-0.017926	-2.982074
0.218800	-2247.608610	-2206.574990	4454.183600	41.033620	6701.792210	1.027844	1.027817	1.028970	0.703738	0.469559	0.131680	0.424671	0.283372	0.079260	-0.018257	-2.981743
0.220600	-2206.427857	-2165.404704	4371.832560	41.023153	6578.260417	0.182393	0.182330	0.181575	0.149085	0.099447	0.027753	0.808300	0.539365	0.151165	-0.018593	-2.981407
0.222400	-2166.020631	-2125.008137	4291.028768	41.012493	6457.049398	-0.883318	-0.883360	-0.885293	-0.635185	-0.423888	-0.119214	0.521554	0.348027	0.097494	-0.018934	-2.981066
0.224200	-2126.372388	-2085.370750	4211.743138	41.001638	6338.115526	-2.165202	-2.165160	-2.165410	-0.680876	-0.454379	-0.127813	-0.460242	-0.307112	-0.086435	-0.019282	-2.980718
0.226000	-2087.468858	-2046.478275	4133.947132	40.990583	6221.415990	2.624090	2.624145	2.625930	0.406600	0.271283	0.075959	-0.714272	-0.476623	-0.134009	-0.019637	-2.980363
0.227800	-2049.296037	-2008.316712	4057.612749	40.979325	6106.908786	0.922296	0.922244	0.921881	0.655068	0.437085	0.122523	0.496437	0.331277	0.092933	-0.019997	-2.980003
0.229600	-2011.840187	-1970.872326	3982.712513	40.967861	5994.552699	-0.983696	-0.983725	-0.985174	-0.684219	-0.456619	-0.128547	0.455255	0.303799	0.085257	-0.020363	-2.979637
0.231400	-1975.087825	-1934.131638	3909.219463	40.956187	5884.307288	-3.090112	-3.090035	-3.088187	-0.042292	-0.028263	-0.008230	-0.820775	-0.547697	-0.153953	-0.020736	-2.979264
0.233200	-1939.025723	-1898.081424	3837.107147	40.944299	5776.132870	0.890352	0.890294	0.889302	0.638869	0.426278	0.119486	0.517098	0.345069	0.096919	-0.021116	-2.978884
0.235000	-1903.640901	-1862.708707	3766.349609	40.932194	5669.990510	-1.605357	-1.605346	-1.605559	-0.821314	-0.548111	-0.154349	-0.028397	-0.018945	-0.005368	-0.021502	-2.978498
0.236800	-1868.920624	-1828.000756	3696.921380	40.919868	5565.842003	1.992918	1.992940	1.993830	0.749766	0.500286	0.140330	-0.336735	-0.224702	-0.063179	-0.021895	-2.978105
0.238600	-1834.852393	-1793.945077	3628.797470	40.907316	5463.649863	-0.877550	-0.877589	-0.878733	-0.632115	-0.421860	-0.118893	0.525166	0.350457	0.098540	-0.022295	-2.977705
0.240400	-1801.423947	-1760.529412	3561.953359	40.894536	5363.377306	2.352850	2.352895	2.354071	0.583110	0.389078	0.109102	-0.579222	-0.386519	-0.108640	-0.022701	-2.977299
0.242200	-1768.623255	-1727.741732	3496.364987	40.881522	5264.988242	-0.878519	-0.878560	-0.879505	-0.632613	-0.422198	-0.119031	0.524545	0.350046	0.098499	-0.023115	-2.976885
0.244000	-1736.438509	-1695.570238	3432.008747	40.868272	5168.447256	1.997787	1.997808	1.998073	0.748105	0.499188	0.140121	-0.340376	-0.227135	-0.063801	-0.023536	-2.976464
0.245800	-1704.858127	-1664.003347	3368.861474	40.854781	5073.719601	-1.581140	-1.581128	-1.580415	-0.821738	-0.548410	-0.154556	-0.008500	-0.005666	-0.001487	-0.023964	-2.976036
0.247600	-1673.870742	-1633.029698	3306.900439	40.841044	4980.771181	0.954351	0.954298	0.952616	0.670593	0.447466	0.125626	0.475153	0.317090	0.089341	-0.024399	-2.975601
0.249400	-1643.465199	-1602.638141	3246.103341	40.827058	4889.568540	-2.959228	-2.959152	-2.957325	-0.149045	-0.099504	-0.028261	-0.808212	-0.539341	-0.151628	-0.024842	-2.975158
0.251200	-1613.630557	-1572.817739	3186.448296	40.812818	4800.078852	-0.751970	-0.752018	-0.752455	-0.561333	-0.374641	-0.105697	0.600175	0.400526	0.112901	-0.025293	-2.974707
0.253000	-1584.356076	-1543.557755	3127.913832	40.798321	4712.269908	1.295705	1.295673	1.294089	0.790957	0.527797	0.148344	0.223246	0.148987	0.042128	-0.025751	-2.974249
0.254800	-1555.631221	-1514.847660	3070.478881	40.783561	4626.110101	-3.096451	-3.096374	-3.094876	-0.037087	-0.024791	-0.007202	-0.821003	-0.547886	-0.154055	-0.026217	-2.973783
0.256600	-1527.445652	-1486.677118	3014.122770	40.768534	4541.568421	-1.358850	-1.358855	-1.357727	-0.803369	-0.536169	-0.151192	0.172867	0.115369	0.032711	-0.026691	-2.973309
0.258400	-1499.789225	-1459.035990	2958.825214	40.753235	4458.614439	0.228115	0.228039	0.226522	0.185839	0.123979	0.034734	0.800492	0.534217	0.150706	-0.027173	-2.972827
0.260200	-1472.651986	-1431.914325	2904.566312	40.737661	4377.218298	1.667115	1.667112	1.665613	0.818032	0.545878	0.153617	-0.079037	-0.052740	-0.014609	-0.027663	-2.972337
0.262000	-1446.024169	-1405.302363	2851.326532	40.721806	4297.350701	2.960987	2.961060	2.961703	0.147622	0.098475	0.027598	-0.808468	-0.539534	-0.151760	-0.028161	-2.971839
0.263800	-1419.896189	-1379.190523	2799.086713	40.705666	4218.982902	-2.170624	-2.170571	-2.168625	-0.678323	-0.452731	-0.127717	-0.463894	-0.309580	-0.086970	-0.028668	-2.971332
0.265600	-1394.258643	-1353.569408	2747.828051	40.689235	4142.086695	-1.158664	-1.158684	-1.157260	-0.752930	-0.502524	-0.141756	0.329157	0.219676	0.062208	-0.029183	-2.970817
0.267400	-1369.102304	-1328.429794	2697.532098	40.672510	4066.634402	-0.283740	-0.283809	-0.283779	-0.230041	-0.153565	-0.043377	0.788871	0.526478	0.148728	-0.029707	-2.970293
0.269200	-1344.418118	-1303.762633	2648.180751	40.655484	3992.598869	0.456691	0.456618	0.455448	0.362373	0.241799	0.068131	0.737530	0.492217	0.139101	-0.030240	-2.969760
0.271000	-1320.197200	-1279.559047	2599.756247	40.638154	3919.953447	1.065151	1.065105	1.063295	0.718932	0.479760	0.135283	0.398040	0.265651	0.075229	-0.030782	-2.969218
0.272800	-1296.430835	-1255.810322	2552.241156	40.620513	3848.671991	1.544131	1.544118	1.542162	0.821487	0.548207	0.154644	0.021910	0.014629	0.004429	-0.031333	-2.968667
0.274600	-1273.110467	-1232.507910	2505.618378	40.602557	3778.728845	1.896074	1.896087	1.894215	0.778691	0.519649	0.146643	-0.262618	-0.175263	-0.049153	-0.031892	-2.968108
0.276400	-1250.227706	-1209.643425	2459.871131	40.584281	3710.098837	2.123372	2.123403	2.121642	0.699480	0.466788	0.131778	-0.431338	-0.287867	-0.080948	-0.032462	-2.967538
0.278200	-1227.774314	-1187.208635	2414.982950	40.565679	3642.757264	2.228372	2.228410	2.226681	0.650415	0.434045	0.122587	-0.502268	-0.335208	-0.094335	-0.033040	-2.966960
0.280000	-1205.742213	-1165.195467	2370.937679	40.546746	3576.679892	2.213372	2.213409	2.211589	0.657868	0.439023	0.124044	-0.492450	-0.328658	-0.092509	-0.033628	-2.966372
0.281800	-1184.123471	-1143.595995	2327.719466	40.527476	3511.842938	2.080625	2.080652	2.078718	0.717248	0.478657	0.135291	-0.401038	-0.267650	-0.075307	-0.034226	-2.965774
0.283600	-1162.910310	-1122.402445	2285.312756	40.507865	3448.223066	1.832341	1.832350	1.830411	0.793788	0.529744	0.149780	-0.212478	-0.141805	-0.039783	-0.034833	-2.965167
0.285400	-1142.095096	-1101.607190	2243.702285	40.487906	3385.797381	1.470687	1.470667	1.469049	0.817596	0.545638	0.154332	0.082124	0.054817	0.015757	-0.035451	-2.964549
0.287200	-1121.670336	-1081.202743	2202.873079	40.467593	3324.543415	0.997786	0.997734	0.996945	0.690439	0.460775	0.130408	0.445488	0.297337	0.084298	-0.036078	-2.963922
0.289000	-1101.628682	-1061.181760	2162.810442	40.446922	3264.439124	0.415726	0.415652	0.416152	0.331833	0.221434	0.062797	0.751678	0.501700	0.142087	-0.036716	-2.963284
0.290800	-1081.962920	-1041.537034	2123.499955	40.425886	3205.462875	-0.273435	-0.273505	-0.271785	-0.221881	-0.148133	-0.041680	0.791134	0.528039	0.149563	-0.037363	-2.962637
0.292600	-1062.665975	-1022.261495	2084.927470	40.404480	3147.593445	-1.067667	-1.067691	-1.065713	-0.719851	-0.480501	-0.135694	0.396186	0.264440	0.075028	-0.038022	-2.961978
0.294400	-1043.730901	-1003.348205	2047.079106	40.382696	3090.810007	-1.964975	-1.964931	-1.964262	-0.758682	-0.506423	-0.143056	-0.315572	-0.210619	-0.059384	-0.038691	-2.961309
0.296200	-1025.150885	-984.790354	2009.941239	40.360531	3035.092125	-2.963424	-2.963343	-2.964682	-0.145627	-0.097243	-0.027278	-0.808689	-0.539754	-0.152578	-0.039370	-2.960630
0.298000	-1006.919241	-966.581265	1973.500506	40.337976	2980.419747	2.222034	2.222072	2.220248	0.653498	0.436140	0.123734	-0.498069	-0.332434	-0.093956	-0.040061	-2.959939
0.299800	-989.029409	-948.714382	1937.743790	40.315027	2926.773199	1.026860	1.026809	1.026995	0.703048	0.469218	0.133159	0.425199	0.283813	0.080509	-0.040762	-2.959238
0.301600	-971.474950	-931.183274	1902.658224	40.291677	2874.133174	-0.263906	-0.263975	-0.261911	-0.214324	-0.143097	-0.040237	0.793183	0.529435	0.150099	-0.041475	-2.958525
0.303400	-954.249550	-913.981630	1868.231180	40.267919	2822.480730	-1.648400	-1.648377	-1.647807	-0.819181	-0.546827	-0.154648	-0.063700	-0.042509	-0.011933	-0.042199	-2.957801
0.305200	-937.347008	-897.103260	1834.450269	40.243748	2771.797277	-3.124873	-3.124793	-3.126678	-0.013737	-0.009213	-0.002317	-0.821526	-0.548347	-0.155344	-0.042934	-2.957066
0.307000	-920.761245	-880.542088	1801.303333	40.219156	2722.064578	1.591507	1.591496	1.591165	0.821423	0.548249	0.155753	-0.017015	-0.011350	-0.003173	-0.043680	-2.956320
0.308800	-904.486291	-864.292153	1768.778444	40.194138	2673.264735	-0.063915	-0.063989	-0.061894	-0.052477	-0.035070	-0.009622	0.819924	0.547305	0.155259	-0.044439	-2.955561
0.310600	-888.516292	-848.347605	1736.863897	40.168686	2625.380189	-1.806197	-1.806162	-1.806502	-0.798960	-0.533352	-0.151004	-0.191629	-0.127903	-0.036267	-0.045209	-2.954791
0.312400	-872.845501	-832.702706	1705.548207	40.142794	2578.393707	2.649417	2.649480	2.647817	0.388234	0.259107	0.073840	-0.724067	-0.483314	-0.137186	-0.045991	-2.954009
0.314200	-857.468280	-817.351824	1674.820104	40.116456	2532.288383	0.738097	0.738031	0.739765	0.552818	0.368974	0.105074	0.607755	0.405695	0.115130	-0.046785	-2.953215
0.316000	-842.379097	-802.289433	1644.668530	40.089664	2487.047627	-1.255281	-1.255286	-1.254954	-0.781034	-0.521401	-0.147761	0.254945	0.170192	0.048285	-0.047591	-2.952409
0.317800	-827.572523	-787.510112	1615.082635	40.062411	2442.655159	2.953967	2.954042	2.952307	0.153242	0.102250	0.029340	-0.807134	-0.538778	-0.153150	-0.048410	-2.951590
0.319600	-813.043232	-773.008542	1586.051774	40.034690	2399.095006	0.800906	0.800843	0.802749	0.589859	0.393712	0.112198	0.571842	0.381735	0.108371	-0.049241	-2.950759
0.321400	-798.785997	-758.779501	1557.565498	40.006496	2356.351495	-1.429646	-1.429637	-1.430095	-0.813389	-0.543017	-0.154088	0.115578	0.077165	0.021824	-0.050084	-2.949916
0.323200	-784.795688	-744.817869	1529.613558	39.977819	2314.409246	2.546834	2.546891	2.546049	0.460300	0.307231	0.087643	-0.680444	-0.454224	-0.129340	-0.050940	-2.949060
0.325000	-771.067274	-731.118621	1502.185895	39.948653	2273.253169	0.165429	0.165353	0.167318	0.135287	0.090271	0.025965	0.810319	0.540947	0.153733	-0.051810	-2.948190
0.326800	-757.595816	-717.676824	1475.272640	39.918992	2232.868456	-2.289182	-2.289115	-2.290987	-0.618486	-0.412926	-0.117285	-0.540690	-0.360937	-0.102906	-0.052692	-2.947308
0.328600	-744.376468	-704.487641	1448.864109	39.888827	2193.240577	1.467390	1.467367	1.468948	0.817102	0.545437	0.155542	0.084796	0.056616	0.015897	-0.053587	-2.946413
0.330400	-731.404475	-691.546325	1422.950800	39.858150	2154.355275	-1.129669	-1.129682	-1.130258	-0.742862	-0.495966	-0.141044	0.350749	0.234167	0.066493	-0.054495	-2.945505
0.332200	-718.675172	-678.848216	1397.523389	39.826956	2116.198561	2.487149	2.487202	2.487218	0.500033	0.333775	0.095302	-0.651729	-0.435081	-0.124231	-0.055417	-2.944583
0.334000	-706.183981	-666.388746	1372.572727	39.795236	2078.756708	-0.247088	-0.247154	-0.246279	-0.200922	-0.134176	-0.038047	0.796542	0.531784	0.151351	-0.056353	-2.943647
0.335800	-693.926409	-654.163428	1348.089837	39.762982	2042.016246	-3.047989	-3.047907	-3.048991	-0.076776	-0.051301	-0.014485	-0.817827	-0.545980	-0.155978	-0.057301	-2.942699
0.337600	-681.898048	-642.167862	1324.065910	39.730186	2005.963958	0.368887	0.368812	0.370449	0.296203	0.197711	0.056575	0.766208	0.511546	0.145670	-0.058264	-2.941736
0.339400	-670.094573	-630.397731	1300.492303	39.696842	1970.586876	-2.561544	-2.561466	-2.562991	-0.450179	-0.300596	-0.085699	-0.687047	-0.458681	-0.131205	-0.059241	-2.940759
0.341200	-658.511738	-618.848797	1277.360536	39.662941	1935.872274	0.728187	0.728121	0.730003	0.546685	0.364948	0.104338	0.613111	0.409346	0.116589	-0.060231	-2.939769
0.343000	-647.145380	-607.516905	1254.662285	39.628476	1901.807665	-2.326965	-2.326894	-2.328488	-0.597523	-0.398978	-0.113928	-0.563575	-0.376257	-0.107784	-0.061236	-2.938764
0.344800	-635.991412	-596.397974	1232.389386	39.593437	1868.380797	0.840371	0.840310	0.842155	0.611869	0.408479	0.116831	0.548041	0.365913	0.104268	-0.062255	-2.937745
0.346600	-625.045822	-585.488004	1210.533826	39.557819	1835.579648	-2.334875	-2.334804	-2.336204	-0.593023	-0.395985	-0.113228	-0.568262	-0.379397	-0.108789	-0.063288	-2.936712
0.348400	-614.304677	-574.783065	1189.087742	39.521611	1803.392419	0.714643	0.714577	0.716081	0.538302	0.359373	0.102850	0.620426	0.414253	0.118197	-0.064336	-2.935664
0.350200	-603.764114	-564.279307	1168.043421	39.484807	1771.807535	-2.576249	-2.576169	-2.576968	-0.439978	-0.293812	-0.084143	-0.693514	-0.463038	-0.132842	-0.065398	-2.934602
0.352000	-593.420345	-553.972947	1147.393292	39.447398	1740.813637	0.359864	0.359792	0.360430	0.289244	0.193089	0.055289	0.768760	0.513309	0.146696	-0.066475	-2.933525
0.353800	-583.269652	-543.860276	1127.129928	39.409376	1710.399580	-3.042395	-3.042312	-3.041927	-0.081336	-0.054353	-0.015665	-0.817244	-0.545669	-0.156659	-0.067566	-2.932434
0.355600	-573.308386	-533.937654	1107.246040	39.370732	1680.554427	-0.215442	-0.215505	-0.216237	-0.175583	-0.117278	-0.033678	0.802341	0.535750	0.153309	-0.068673	-2.931327
0.357400	-563.532968	-524.201510	1087.734478	39.331458	1651.267446	2.558259	2.558316	2.560089	0.452369	0.302016	0.086501	-0.685466	-0.457696	-0.131596	-0.069794	-2.930206
0.359200	-553.939885	-514.648338	1068.588223	39.291547	1622.528107	-1.003093	-1.003109	-1.004826	-0.692433	-0.462405	-0.132824	0.441588	0.294881	0.084383	-0.070931	-2.929069
0.361000	-544.525689	-505.274700	1049.800389	39.250989	1594.326078	1.667436	1.667429	1.669427	0.817460	0.545820	0.156589	-0.079246	-0.052909	-0.015495	-0.072083	-2.927917
0.362800	-535.286998	-496.077223	1031.364221	39.209776	1566.651219	-1.995217	-1.995160	-1.995963	-0.748333	-0.499752	-0.143777	-0.338160	-0.225796	-0.065100	-0.073250	-2.926750
0.364600	-526.220494	-487.052595	1013.273088	39.167899	1539.493582	0.576089	0.576022	0.576092	0.447385	0.298715	0.085723	0.688716	0.459917	0.131964	-0.074432	-2.925568
0.366400	-517.322918	-478.197568	995.520486	39.125350	1512.843404	3.099017	3.099098	3.100698	0.034952	0.023296	0.006458	-0.820441	-0.547869	-0.157829	-0.075630	-2.924370
0.368200	-508.591075	-469.508955	978.100030	39.082121	1486.691106	-0.708400	-0.708435	-0.710099	-0.534272	-0.356824	-0.102898	0.623603	0.416456	0.119690	-0.076844	-2.923156
0.370000	-500.021830	-460.983628	961.005458	39.038202	1461.027288	1.720680	1.720678	1.722355	0.812012	0.542230	0.155927	-0.122627	-0.081885	-0.023815	-0.078073	-2.921927
0.371800	-491.612104	-452.618519	944.230623	38.993585	1435.842727	-2.178921	-2.178853	-2.178559	-0.673896	-0.450087	-0.129987	-0.469119	-0.313275	-0.090418	-0.079318	-2.920682
0.373600	-483.358878	-444.410617	927.769495	38.948262	1411.128373	0.159989	0.159921	0.158723	0.130816	0.087328	0.024967	0.810671	0.541408	0.155973	-0.080578	-2.919422
0.375400	-475.259189	-436.356967	911.616156	38.902223	1386.875345	2.454790	2.454843	2.456990	0.520661	0.347680	0.100019	-0.634972	-0.424058	-0.122527	-0.081855	-2.918145
0.377200	-467.310130	-428.454670	895.764800	38.855460	1363.074929	-1.576480	-1.576449	-1.576805	-0.821029	-0.548376	-0.158629	-0.004666	-0.003100	-0.000953	-0.083147	-2.916853
0.379000	-459.508846	-420.700882	880.209728	38.807964	1339.718574	0.633139	0.633077	0.632249	0.485837	0.324444	0.093501	0.661963	0.442119	0.127636	-0.084455	-2.915545
0.380800	-451.852539	-413.092812	864.945351	38.759726	1316.797889	2.801122	2.801194	2.803408	0.274183	0.183079	0.052593	-0.773944	-0.516902	-0.149542	-0.085780	-2.914220
0.382600	-444.338460	-405.627722	849.966182	38.710738	1294.304642	-1.354574	-1.354559	-1.354851	-0.801865	-0.535610	-0.155266	0.176134	0.117658	0.034060	-0.087120	-2.912880
0.384400	-436.963915	-398.302924	835.266839	38.660990	1272.230754	0.732944	0.732886	0.731911	0.549335	0.366877	0.105977	0.610214	0.407583	0.117966	-0.088476	-2.911524
0.386200	-429.726257	-391.115782	820.842039	38.610475	1250.568296	2.781121	2.781193	2.783319	0.289588	0.193380	0.055681	-0.768257	-0.513137	-0.148706	-0.089849	-2.910151
0.388000	-422.622891	-384.063709	806.686601	38.559182	1229.309492	-1.492152	-1.492126	-1.491683	-0.818379	-0.546677	-0.158823	0.064494	0.043096	0.012591	-0.091238	-2.908762
0.389800	-415.651270	-377.144167	792.795437	38.507103	1208.446707	0.480057	0.479994	0.478602	0.379148	0.253224	0.073251	0.728174	0.486404	0.141184	-0.092643	-2.907357
0.391600	-408.808894	-370.354664	779.163558	38.454230	1187.972453	2.415069	2.415122	2.416582	0.545358	0.364244	0.105449	-0.613674	-0.409916	-0.119021	-0.094064	-2.905936
0.393400	-402.093310	-363.692758	765.786068	38.400553	1167.879379	-1.969320	-1.969259	-1.967552	-0.756536	-0.505408	-0.147214	-0.318543	-0.212768	-0.061679	-0.095502	-2.904498
0.395200	-395.502113	-357.156049	752.658162	38.346063	1148.160274	-0.106036	-0.106094	-0.107255	-0.086878	-0.058068	-0.017092	0.816247	0.545277	0.158750	-0.096955	-2.903045
0.397000	-389.032939	-350.742186	739.775125	38.290752	1128.808063	1.722126	1.722130	1.721971	0.811536	0.542090	0.157549	-0.123756	-0.082669	-0.024000	-0.098425	-2.901575
0.398800	-382.683471	-344.448859	727.132330	38.234612	1109.815802	-2.767250	-2.767159	-2.764822	-0.300150	-0.200562	-0.058766	-0.763998	-0.510372	-0.148521	-0.099912	-2.900088
0.400600	-376.451436	-338.273804	714.725240	38.177632	1091.176676	-1.006937	-1.006943	-1.006254	-0.693699	-0.463472	-0.135357	0.438653	0.293068	0.085721	-0.101414	-2.898586
0.402400	-370.334602	-332.214797	702.549399	38.119805	1072.884001	0.720341	0.720287	0.718951	0.541430	0.361686	0.105413	0.616894	0.412142	0.120443	-0.102933	-2.897067
0.404200	-364.330779	-326.269658	690.600437	38.061122	1054.931217	2.415056	2.415113	2.415736	0.545256	0.364239	0.106137	-0.613544	-0.409903	-0.119594	-0.104469	-2.895531
0.406000	-358.437819	-320.436246	678.874066	38.001573	1037.311885	-2.205181	-2.205103	-2.202646	-0.661038	-0.441697	-0.129402	-0.486426	-0.324971	-0.094716	-0.106020	-2.893980
0.407800	-352.653614	-314.712463	667.366076	37.941151	1020.019690	-0.573295	-0.573328	-0.572776	-0.445124	-0.297437	-0.087143	0.689445	0.460661	0.135129	-0.107588	-2.892412
0.409600	-346.976094	-309.096247	656.072340	37.879847	1003.048434	1.027938	1.027900	1.026655	0.702706	0.469482	0.137441	0.423958	0.283273	0.083162	-0.109171	-2.890829
0.411400	-341.403229	-303.585577	644.988806	37.817652	986.392035	2.599003	2.599074	2.599553	0.423776	0.283107	0.082798	-0.702832	-0.469609	-0.137491	-0.110771	-2.889229
0.413200	-335.933027	-298.178470	634.111497	37.754557	970.044524	-2.142567	-2.142489	-2.139962	-0.690093	-0.461163	-0.135534	-0.444054	-0.296694	-0.086714	-0.112387	-2.887613
0.415000	-330.563534	-292.872979	623.436513	37.690555	954.000047	-0.629753	-0.629780	-0.628444	-0.483253	-0.322948	-0.094884	0.663137	0.443137	0.130563	-0.114019	-2.885981
0.416800	-325.292831	-287.667195	612.960027	37.625636	938.252858	0.854682	0.854638	0.853732	0.618996	0.413602	0.121666	0.538660	0.359955	0.106079	-0.115667	-2.884333
0.418600	-320.119037	-282.559244	602.678281	37.559793	922.797318	2.311165	2.311220	2.310786	0.605770	0.404761	0.119050	-0.553532	-0.369898	-0.108701	-0.117331	-2.882669
0.420400	-315.040304	-277.547287	592.587591	37.493016	907.627895	-2.542890	-2.542794	-2.540835	-0.462425	-0.309079	-0.091225	-0.677811	-0.452947	-0.133127	-0.119010	-2.880990
0.422200	-310.054820	-272.629521	582.684341	37.425299	892.739161	-1.140480	-1.140467	-1.137902	-0.745637	-0.498344	-0.146983	0.342251	0.228750	0.067925	-0.120705	-2.879295
0.424000	-305.160807	-267.804174	572.964981	37.356633	878.125788	0.235689	0.235636	0.236242	0.191573	0.128004	0.037978	0.797714	0.533139	0.157758	-0.122416	-2.877584
0.425800	-300.356520	-263.069511	563.426031	37.287010	863.782551	1.585998	1.586002	1.585040	0.820322	0.548216	0.162174	-0.012471	-0.008337	-0.002310	-0.124143	-2.875858
0.427600	-295.640247	-258.423826	554.064074	37.216421	849.704321	2.910904	2.910998	2.911068	0.187586	0.125322	0.037031	-0.798682	-0.533804	-0.157781	-0.125884	-2.874116
0.429400	-291.010308	-253.865448	544.875757	37.144860	835.886065	-2.072221	-2.072138	-2.069870	-0.719364	-0.480863	-0.142515	-0.394322	-0.263535	-0.077685	-0.127641	-2.872359
0.431200	-286.465055	-249.392737	535.857792	37.072318	822.322846	-0.796472	-0.796479	-0.793692	-0.586402	-0.391989	-0.116095	0.573557	0.383397	0.114186	-0.129413	-2.870587
0.433000	-282.002869	-245.004081	527.006950	36.998788	809.009819	0.455397	0.455350	0.456455	0.360750	0.241113	0.071942	0.736632	0.492398	0.146509	-0.131200	-2.868800
0.434800	-277.622164	-240.697902	518.320066	36.924262	795.942230	1.683761	1.683776	1.683167	0.815000	0.544754	0.162213	-0.092460	-0.061810	-0.018305	-0.133002	-2.866998
0.436600	-273.321382	-236.472649	509.794031	36.848733	783.115413	2.889032	2.889131	2.888816	0.204961	0.136956	0.040798	-0.794204	-0.530907	-0.157948	-0.134818	-2.865182
0.438400	-269.098996	-232.326802	501.425797	36.772194	770.524793	-2.211496	-2.211400	-2.209771	-0.657517	-0.439611	-0.131042	-0.490266	-0.327722	-0.097358	-0.136649	-2.863351
0.440200	-264.953505	-228.258867	493.212372	36.694638	758.165877	-1.050976	-1.050958	-1.047866	-0.711771	-0.475878	-0.141811	0.407363	0.272368	0.081749	-0.138495	-2.861505
0.442000	-260.883439	-224.267382	485.150821	36.616057	746.034260	0.087833	0.087792	0.090416	0.071933	0.048071	0.014826	0.816872	0.546144	0.163526	-0.140354	-2.859646
0.443800	-256.887354	-220.350909	477.238263	36.536445	734.125617	1.205300	1.205288	1.206129	0.765839	0.512001	0.153672	0.293079	0.195945	0.058663	-0.142227	-2.857773
0.445600	-252.963834	-216.508039	469.471873	36.455795	722.435707	2.301789	2.301860	2.301439	0.610494	0.408134	0.122516	-0.547435	-0.366028	-0.109783	-0.144115	-2.855885
0.447400	-249.111489	-212.737388	461.848876	36.374101	710.960365	-2.905495	-2.905377	-2.905333	-0.191799	-0.128309	-0.038496	-0.797224	-0.533044	-0.159895	-0.146015	-2.853985
0.449200	-245.328955	-209.037598	454.366553	36.291357	699.695508	-1.849770	-1.849684	-1.847891	-0.788222	-0.527114	-0.158332	-0.225781	-0.150939	-0.045031	-0.147929	-2.852071
0.451000	-241.614895	-205.407340	447.022234	36.207555	688.637129	-0.813811	-0.813801	-0.810505	-0.595958	-0.398546	-0.119580	0.563019	0.376526	0.113722	-0.149856	-2.850144
0.452800	-237.967996	-201.845304	439.813300	36.122691	677.781295	0.202760	0.202726	0.206090	0.165083	0.110380	0.033876	0.802990	0.536998	0.162041	-0.151796	-2.848204
0.454600	-234.386969	-198.350211	432.737180	36.036759	667.124149	1.200295	1.200290	1.202363	0.764110	0.510980	0.154819	0.296811	0.198488	0.059770	-0.153749	-2.846251
0.456400	-230.870552	-194.920800	425.791352	35.949752	656.661904	2.179128	2.179198	2.179742	0.672646	0.449808	0.136280	-0.468457	-0.313311	-0.095035	-0.155714	-2.844286
0.458200	-227.417504	-191.555839	418.973343	35.861665	646.390847	3.139601	3.139726	3.139705	0.001632	0.001023	0.000314	-0.819668	-0.548204	-0.166175	-0.157691	-2.842309
0.460000	-224.026610	-188.254115	412.280725	35.772494	636.307335	-2.201125	-2.201008	-2.200219	-0.662126	-0.442929	-0.134372	-0.483099	-0.323089	-0.097854	-0.159680	-2.840320
0.461800	-220.696675	-185.014441	405.711116	35.682233	626.407790	-1.276329	-1.276271	-1.273873	-0.784302	-0.524648	-0.159167	0.237867	0.159151	0.048700	-0.161680	-2.838320
0.463600	-217.426528	-181.835650	399.262178	35.590878	616.688707	-0.368851	-0.368855	-0.365107	-0.295471	-0.197661	-0.059583	0.764395	0.511351	0.155876	-0.163692	-2.836308
0.465400	-214.215022	-178.716598	392.931620	35.498423	607.146642	0.521641	0.521621	0.525666	0.408331	0.273145	0.084001	0.710460	0.475269	0.144802	-0.165714	-2.834286
0.467200	-211.061028	-175.656163	386.717191	35.404865	597.778219	1.395465	1.395486	1.398710	0.806814	0.539720	0.165405	0.142927	0.095600	0.028748	-0.167747	-2.832253
0.469000	-207.963442	-172.653242	380.616684	35.310200	588.580126	2.252928	2.253016	2.254906	0.635979	0.425428	0.130365	-0.516538	-0.345592	-0.106310	-0.169790	-2.830210
0.470800	-204.921178	-169.706755	374.627933	35.214423	579.549111	3.094329	3.094467	3.095347	0.038707	0.025821	0.007785	-0.818353	-0.547520	-0.168212	-0.171844	-2.828156
0.472600	-201.933172	-166.815641	368.748814	35.117531	570.681986	-2.363223	-2.363082	-2.362300	-0.575193	-0.384931	-0.118415	-0.583335	-0.390271	-0.119870	-0.173907	-2.826093
0.474400	-198.998381	-163.978860	362.977241	35.019521	561.975622	-1.553062	-1.552965	-1.551311	-0.819048	-0.548099	-0.168612	0.014526	0.009774	0.003286	-0.175979	-2.824021
0.476200	-196.115780	-161.195391	357.311170	34.920389	553.426950	-0.758083	-0.758044	-0.754989	-0.563172	-0.376875	-0.115761	0.594811	0.398078	0.123025	-0.178060	-2.821940
0.478000	-193.284364	-158.464231	351.748594	34.820133	545.032958	0.022009	0.022010	0.026340	0.018025	0.012063	0.004460	0.818860	0.548011	0.169300	-0.180150	-2.819850
0.479800	-190.503147	-155.784397	346.287545	34.718750	536.790692	0.787499	0.787505	0.792456	0.580323	0.388376	0.120978	0.577889	0.386742	0.119282	-0.182248	-2.817752
0.481600	-187.771164	-153.154926	340.926090	34.616238	528.697254	1.538671	1.538721	1.543458	0.818475	0.547765	0.170379	0.026303	0.017576	0.004659	-0.184353	-2.815647
0.483400	-185.087465	-150.574870	335.662335	34.512595	520.749799	2.275795	2.275905	2.279798	0.623619	0.417342	0.129734	-0.530618	-0.355183	-0.111285	-0.186466	-2.813534
0.485200	-182.451119	-148.043301	330.494420	34.407818	512.945539	2.999133	2.999289	3.002151	0.116243	0.077723	0.023809	-0.810441	-0.542485	-0.169635	-0.188587	-2.811413
0.487000	-179.861215	-145.559307	325.420522	34.301908	505.281737	-2.574249	-2.574080	-2.571961	-0.439946	-0.294593	-0.092530	-0.690407	-0.462132	-0.144477	-0.190713	-2.809287
0.488800	-177.316857	-143.121995	320.438852	34.194862	497.755709	-1.877733	-1.877588	-1.875604	-0.780348	-0.522473	-0.163866	-0.247334	-0.165516	-0.051554	-0.192846	-2.807154
0.490600	-174.817166	-140.730487	315.547654	34.086679	490.364820	-1.194263	-1.194164	-1.191637	-0.761208	-0.509657	-0.159799	0.300980	0.201576	0.063670	-0.194985	-2.805015
0.492400	-172.361282	-138.383923	310.745205	33.977360	483.106487	-0.523595	-0.523541	-0.519969	-0.409245	-0.274004	-0.085619	0.708838	0.474652	0.149547	-0.197129	-2.802871
0.494200	-169.948360	-136.081457	306.029817	33.866903	475.978176	0.134513	0.134543	0.139339	0.109757	0.073512	0.023991	0.811035	0.543079	0.171059	-0.199278	-2.800722
0.496000	-167.577570	-133.822261	301.399831	33.755310	468.977401	0.780304	0.780342	0.786191	0.575704	0.385523	0.122601	0.581599	0.389441	0.122407	-0.201431	-2.798569
0.497800	-165.248101	-131.605521	296.853622	33.642579	462.101723	1.414020	1.414093	1.420570	0.808218	0.541231	0.171875	0.127758	0.085514	0.026016	-0.203588	-2.796412
0.499600	-162.959154	-129.430441	292.389595	33.528713	455.348750	2.035894	2.036018	2.042602	0.731242	0.489677	0.155387	-0.366948	-0.245803	-0.079285	-0.205749	-2.794251
0.501400	-160.709949	-127.296237	288.006186	33.413713	448.716135	2.646154	2.646326	2.652561	0.388909	0.260391	0.082227	-0.719677	-0.482051	-0.154521	-0.207913	-2.792087
0.503200	-158.499718	-125.202140	283.701858	33.297578	442.201575	-3.038168	-3.037965	-3.032349	-0.084444	-0.056673	-0.019142	-0.813558	-0.544934	-0.174529	-0.210080	-2.789920
0.505000	-156.327709	-123.147397	279.475106	33.180312	435.802815	-2.450490	-2.450282	-2.445317	-0.521273	-0.349295	-0.112911	-0.630172	-0.422087	-0.135070	-0.212248	-2.787752
0.506800	-154.193185	-121.131268	275.324453	33.061916	429.517638	-1.873795	-1.873606	-1.869100	-0.780486	-0.522948	-0.168669	-0.243999	-0.163378	-0.051862	-0.214419	-2.785581
0.508600	-152.095422	-119.153028	271.248450	32.942393	423.343872	-1.307884	-1.307729	-1.303336	-0.789559	-0.529025	-0.170554	0.212504	0.142471	0.046736	-0.216590	-2.783410
0.510400	-150.033711	-117.211965	267.245676	32.821746	417.279387	-0.752560	-0.752442	-0.747753	-0.558824	-0.374424	-0.120509	0.596786	0.399953	0.129941	-0.218762	-2.781238
0.512200	-148.007357	-115.307380	263.314736	32.699977	411.322093	-0.207628	-0.207537	-0.202176	-0.168520	-0.112884	-0.035668	0.799947	0.536089	0.174011	-0.220935	-2.779065
0.514000	-146.015677	-113.438587	259.454264	32.577090	405.469940	0.327108	0.327191	0.333492	0.262643	0.176059	0.058298	0.774080	0.518753	0.168281	-0.223107	-2.776893
0.515800	-144.058003	-111.604913	255.662916	32.453089	399.720918	0.851843	0.851940	0.859301	0.615038	0.412236	0.135291	0.538292	0.360726	0.116638	-0.225278	-2.774722
0.517600	-142.133678	-109.805700	251.939377	32.327978	394.073055	1.366772	1.366899	1.375291	0.800275	0.536393	0.175820	0.165580	0.110910	0.034819	-0.227448	-2.772552
0.519400	-140.242060	-108.040298	248.282357	32.201762	388.524417	1.872084	1.872254	1.881518	0.780298	0.523001	0.171288	-0.242476	-0.162619	-0.055005	-0.229616	-2.770384
0.521200	-138.382517	-106.308073	244.690590	32.074445	383.073108	2.367967	2.368182	2.378079	0.570846	0.382586	0.124890	-0.584447	-0.391870	-0.130479	-0.231781	-2.768219
0.523000	-136.554433	-104.608401	241.162834	31.946032	377.717266	2.854603	2.854854	2.865121	0.231217	0.154884	0.049503	-0.783422	-0.525271	-0.174468	-0.233944	-2.766056
0.524800	-134.757200	-102.940670	237.697870	31.816530	372.455070	-2.951018	-2.950743	-2.940352	-0.154699	-0.103876	-0.036399	-0.801898	-0.537659	-0.178423	-0.236103	-2.763897
0.526600	-132.990224	-101.304280	234.294504	31.685944	367.284728	-2.482355	-2.482073	-2.471740	-0.500141	-0.335520	-0.113513	-0.645440	-0.432742	-0.143322	-0.238258	-2.761742
0.528400	-131.252923	-99.698642	230.951565	31.554280	362.204487	-2.022429	-2.022155	-2.011978	-0.734540	-0.492716	-0.165965	-0.356304	-0.238835	-0.078373	-0.240408	-2.759592
0.530200	-129.544724	-98.123178	227.667903	31.421546	357.212627	-1.571079	-1.570824	-1.560811	-0.816259	-0.547525	-0.184215	-0.000231	-0.000015	0.001839	-0.242554	-2.757446
0.532000	-127.865069	-96.577322	224.442391	31.287748	352.307460	-1.128148	-1.127918	-1.117993	-0.737470	-0.494675	-0.166254	0.349575	0.234625	0.080885	-0.244693	-2.755307
0.533800	-126.213408	-95.060515	221.273924	31.152893	347.487332	-0.693483	-0.693276	-0.683294	-0.521605	-0.349863	-0.117136	0.627526	0.421086	0.143880	-0.246827	-2.753173
0.535600	-124.589203	-93.572213	218.161417	31.016990	342.750620	-0.266931	-0.266741	-0.256512	-0.215207	-0.144296	-0.047235	0.786986	0.528069	0.180085	-0.248954	-2.751046
0.537400	-122.991927	-92.111880	215.103807	30.880047	338.095734	0.151658	0.151843	0.162526	0.123242	0.082798	0.030231	0.806394	0.541091	0.184367	-0.251074	-2.748926
0.539200	-121.421062	-90.678991	212.100052	30.742071	333.521114	0.562433	0.562626	0.573970	0.434932	0.291960	0.101808	0.689991	0.462977	0.157456	-0.253186	-2.746814
0.541000	-119.876101	-89.273028	209.149129	30.603073	329.025229	0.965543	0.965756	0.977944	0.670631	0.450145	0.156091	0.463995	0.311303	0.105158	-0.255289	-2.744711
0.542800	-118.356547	-87.893487	206.250034	30.463060	324.606582	1.361132	1.361377	1.374555	0.797500	0.535300	0.185330	0.169701	0.113770	0.036844	-0.257384	-2.742616
0.544600	-116.861914	-86.539871	203.401785	30.322043	320.263699	1.749347	1.749629	1.763900	0.802243	0.538483	0.186225	-0.144783	-0.097338	-0.036414	-0.259469	-2.740531
0.546400	-115.391725	-85.211692	200.603417	30.180033	315.995141	2.130327	2.130650	2.146070	0.690748	0.463629	0.159918	-0.432613	-0.290577	-0.103696	-0.261544	-2.738456
0.548200	-113.945510	-83.908473	197.853983	30.037038	311.799493	2.504214	2.504575	2.521160	0.484916	0.325424	0.111330	-0.654870	-0.439811	-0.155801	-0.263609	-2.736391
0.550000	-112.522813	-82.629744	195.152557	29.893069	307.675370	2.871142	2.871537	2.889264	0.217652	0.145948	0.048042	-0.785060	-0.527237	-0.186336	-0.265662	-2.734338
0.551800	-111.123184	-81.375045	192.498229	29.748138	303.621412	-3.051939	-3.051519	-3.032697	-0.072923	-0.049205	-0.021020	-0.811204	-0.544795	-0.192267	-0.267704	-2.732296
0.553600	-109.746182	-80.143925	189.890106	29.602257	299.636288	-2.698531	-2.698093	-2.678240	-0.349083	-0.234701	-0.086902	-0.735645	-0.494042	-0.173932	-0.269734	-2.730266
0.555400	-108.391375	-78.935940	187.327315	29.455436	295.718691	-2.351690	-2.351244	-2.330431	-0.578211	-0.388626	-0.141744	-0.573026	-0.384797	-0.134622	-0.271751	-2.728249
0.557200	-107.058343	-77.750656	184.808998	29.307687	291.867341	-2.011294	-2.010847	-1.989142	-0.736149	-0.494739	-0.179613	-0.347012	-0.232944	-0.079854	-0.273754	-2.726246
0.559000	-105.746669	-76.587645	182.334314	29.159024	288.080983	-1.677222	-1.676780	-1.654238	-0.809013	-0.543701	-0.196977	-0.086426	-0.057840	-0.016474	-0.275744	-2.724256
0.560800	-104.455948	-75.446490	179.902438	29.009458	284.358386	-1.349355	-1.348922	-1.325582	-0.793531	-0.533296	-0.192837	0.178650	0.120306	0.048257	-0.277720	-2.722280
0.562600	-103.185782	-74.326779	177.512561	28.859003	280.698344	-1.027578	-1.027154	-1.003037	-0.696110	-0.467815	-0.168552	0.420320	0.282743	0.107504	-0.279680	-2.720320
0.564400	-101.935782	-73.228110	175.163892	28.707673	277.099674	-0.711778	-0.711361	-0.686462	-0.530995	-0.356817	-0.127436	0.615557	0.413990	0.155523	-0.281625	-2.718375
0.566200	-100.705566	-72.150087	172.855653	28.555480	273.561219	-0.401843	-0.401429	-0.375722	-0.317862	-0.213519	-0.074206	0.747967	0.503015	0.188121	-0.283554	-2.716446
0.568000	-99.494760	-71.092321	170.587081	28.402438	270.081841	-0.097664	-0.097248	-0.070682	-0.079223	-0.053049	-0.014365	0.808599	0.543786	0.202897	-0.285467	-2.714533
0.569800	-98.302997	-70.054433	168.357430	28.248563	266.660426	0.200866	0.201292	0.228785	0.162055	0.109220	0.046402	0.795902	0.535247	0.199267	-0.287362	-2.712638
0.571600	-97.129918	-69.036049	166.165967	28.093869	263.295885	0.493854	0.494296	0.522805	0.384901	0.259116	0.102764	0.714966	0.480806	0.178320	-0.289240	-2.710760
0.573400	-95.975172	-68.036802	164.011973	27.938370	259.987145	0.781403	0.781869	0.811497	0.571689	0.384777	0.150175	0.576275	0.387502	0.142534	-0.291100	-2.708900
0.575200	-94.838414	-67.056332	161.894745	27.782082	256.733159	1.063616	1.064112	1.094973	0.709331	0.477390	0.185168	0.394148	0.264958	0.095420	-0.292941	-2.707059
0.577000	-93.719307	-66.094286	159.813593	27.625020	253.532900	1.340594	1.341125	1.373343	0.789818	0.531555	0.205526	0.185099	0.124276	0.041118	-0.294763	-2.705237
0.578800	-92.617520	-65.150319	157.767839	27.467201	250.385359	1.612435	1.613006	1.646710	0.810240	0.545301	0.210314	-0.033757	-0.023030	-0.015996	-0.296566	-2.703434
0.580600	-91.532729	-64.224090	155.756820	27.308639	247.289549	1.879237	1.879850	1.915174	0.772402	0.519829	0.199817	-0.246094	-0.165973	-0.071668	-0.298348	-2.701652
0.582400	-90.464618	-63.315267	153.779885	27.149352	244.244503	2.141096	2.141751	2.178830	0.682115	0.459039	0.175383	-0.437502	-0.294849	-0.122066	-0.300110	-2.699890
0.584200	-89.412876	-62.423521	151.836397	26.989355	241.249273	2.398105	2.398803	2.437770	0.548294	0.368922	0.139213	-0.596292	-0.401781	-0.164003	-0.301851	-2.698149
0.586000	-88.377198	-61.548532	149.925730	26.828666	238.302928	2.650357	2.651097	2.692085	0.381966	0.256895	0.094121	-0.713986	-0.481053	-0.195091	-0.303570	-2.696430
0.587800	-87.357287	-60.689985	148.047272	26.667302	235.404560	2.897942	2.898721	2.941861	0.195267	0.131123	0.043281	-0.785499	-0.529229	-0.213806	-0.305267	-2.694733
0.589600	-86.352852	-59.847571	146.200423	26.505281	232.553274	3.140948	-3.141422	-3.096002	0.000521	-0.000093	-0.010014	-0.809061	-0.545105	-0.219499	-0.306942	-2.693058
0.591400	-85.363605	-59.020987	144.384592	26.342619	229.748197	-2.903722	-2.902873	-2.855049	-0.190558	-0.128864	-0.062566	-0.785932	-0.529519	-0.212337	-0.308593	-2.691407
0.593200	-84.389268	-58.209935	142.599203	26.179334	226.988471	-2.669612	-2.668734	-2.618384	-0.367509	-0.248136	-0.111451	-0.719958	-0.485051	-0.193212	-0.310221	-2.689779
0.595000	-83.429567	-57.414123	140.843690	26.015445	224.273257	-2.439825	-2.438921	-2.385924	-0.521586	-0.352010	-0.154160	-0.617032	-0.415662	-0.163609	-0.311825	-2.688175
0.596800	-82.484234	-56.633265	139.117498	25.850969	221.601732	-2.214279	-2.213351	-2.157588	-0.646049	-0.435937	-0.188690	-0.484518	-0.326308	-0.125464	-0.313405	-2.686595
0.598600	-81.553005	-55.867079	137.420084	25.685925	218.973089	-1.992893	-1.991944	-1.933297	-0.736296	-0.496804	-0.213604	-0.330663	-0.222543	-0.081012	-0.314960	-2.685040
0.600400	-80.635623	-55.115291	135.750914	25.520332	216.386537	-1.775588	-1.774620	-1.712970	-0.789852	-0.532933	-0.228039	-0.164055	-0.110154	-0.032641	-0.316490	-2.683510
0.602200	-79.731837	-54.377629	134.109466	25.354209	213.841304	-1.562288	-1.561301	-1.496528	-0.806239	-0.543991	-0.231694	0.006860	0.005166	0.017239	-0.317994	-2.682006
0.604000	-78.841401	-53.653828	132.495229	25.187573	211.336630	-1.352916	-1.351911	-1.283892	-0.786759	-0.530847	-0.224784	0.174185	0.118087	0.066321	-0.319471	-2.680529
0.605800	-77.964072	-52.943627	130.907699	25.020445	208.871771	-1.147398	-1.146374	-1.074984	-0.734225	-0.495388	-0.207979	0.330882	0.223859	0.112491	-0.320923	-2.679077
0.607600	-77.099615	-52.246770	129.346385	24.852844	206.446000	-0.945662	-0.944618	-0.869727	-0.652639	-0.440306	-0.182327	0.471002	0.318464	0.153906	-0.322347	-2.677653
0.609400	-76.247798	-51.563008	127.810806	24.684790	204.058603	-0.747636	-0.746570	-0.668044	-0.546878	-0.368887	-0.149170	0.589823	0.398706	0.189044	-0.323744	-2.676256
0.611200	-75.408394	-50.892093	126.300487	24.516301	201.708881	-0.553250	-0.552160	-0.469858	-0.422371	-0.284788	-0.110056	0.683906	0.462258	0.216737	-0.325114	-2.674886
0.613000	-74.581182	-50.233785	124.814966	24.347397	199.396148	-0.362436	-0.361318	-0.275093	-0.284804	-0.191846	-0.066663	0.751094	0.507654	0.236184	-0.326455	-2.673545
0.614800	-73.765944	-49.587845	123.353790	24.178099	197.119734	-0.175125	-0.173976	-0.083675	-0.139858	-0.093895	-0.020711	0.790441	0.534247	0.246938	-0.327768	-2.672232
0.616600	-72.962469	-48.954043	121.916512	24.008427	194.878981	0.008749	0.009932	0.104469	0.007018	0.005384	0.026097	0.802108	0.542137	0.248899	-0.329052	-2.670948
0.618400	-72.170548	-48.332149	120.502697	23.838399	192.673245	0.189250	0.190470	0.289414	0.150787	0.102589	0.072143	0.787229	0.532080	0.242272	-0.330306	-2.669694
0.620200	-71.389977	-47.721939	119.111917	23.668038	190.501894	0.366441	0.367704	0.471231	0.286966	0.194685	0.115935	0.747745	0.505381	0.227539	-0.331532	-2.668468
0.622000	-70.620558	-47.123195	117.743753	23.497362	188.364311	0.540387	0.541695	0.649990	0.411717	0.279075	0.156151	0.686246	0.463784	0.205411	-0.332727	-2.667273
0.623800	-69.862094	-46.535701	116.397795	23.326393	186.259889	0.711147	0.712505	0.825763	0.521910	0.353638	0.191665	0.605798	0.409353	0.176785	-0.333892	-2.666108
0.625600	-69.114395	-45.959244	115.073639	23.155151	184.188034	0.878783	0.880193	0.998617	0.615143	0.416742	0.221559	0.509786	0.344375	0.142694	-0.335026	-2.664974
0.627400	-68.377274	-45.393619	113.770893	22.983656	182.148167	1.043352	1.044819	1.168621	0.689734	0.467243	0.245136	0.401762	0.271246	0.104271	-0.336130	-2.663870
0.629200	-67.650548	-44.838620	112.489168	22.811928	180.139716	1.204914	1.206441	1.335840	0.744691	0.504463	0.261919	0.285316	0.192394	0.062697	-0.337202	-2.662798
0.631000	-66.934038	-44.294048	111.228086	22.639989	178.162124	1.363524	1.365113	1.500341	0.779661	0.528156	0.271642	0.163957	0.110191	0.019170	-0.338243	-2.661757
0.632800	-66.227568	-43.759708	109.987276	22.467860	176.214844	1.519239	1.520893	1.662189	0.794866	0.538464	0.274239	0.041018	0.026893	-0.025133	-0.339252	-2.660748
0.634600	-65.530967	-43.235407	108.766373	22.295560	174.297340	1.672113	1.673835	1.821445	0.791029	0.535869	0.269828	-0.080419	-0.055411	-0.069085	-0.340229	-2.659771
0.636400	-64.844066	-42.720955	107.565022	22.123111	172.409088	1.822199	1.823991	1.978173	0.769291	0.521139	0.258693	-0.197582	-0.134844	-0.111630	-0.341174	-2.658826
0.638200	-64.166702	-42.216169	106.382871	21.950533	170.549573	1.969550	1.971414	2.132433	0.731139	0.495272	0.241257	-0.308047	-0.209758	-0.151807	-0.342086	-2.657914
0.640000	-63.498713	-41.720866	105.219580	21.777847	168.718293	2.114217	2.116155	2.284285	0.678316	0.459445	0.218065	-0.409763	-0.278763	-0.188760	-0.342965	-2.657035
0.641800	-62.839942	-41.234869	104.074811	21.605074	166.914753	2.256252	2.258265	2.433788	0.612754	0.414963	0.189758	-0.501063	-0.340722	-0.221754	-0.343811	-2.656189
0.643600	-62.190235	-40.758001	102.948236	21.432234	165.138471	2.395702	2.397792	2.581000	0.536499	0.363208	0.157053	-0.580658	-0.394755	-0.250174	-0.344624	-2.655376
0.645400	-61.549440	-40.290092	101.839532	21.259349	163.388973	2.532617	2.534785	2.725978	0.451651	0.305601	0.120718	-0.647625	-0.440234	-0.273536	-0.345403	-2.654597
0.647200	-60.917411	-39.830972	100.748383	21.086439	161.665794	2.667043	2.669290	2.868776	0.360305	0.243561	0.081554	-0.701389	-0.476760	-0.291479	-0.346148	-2.653852
0.649000	-60.294002	-39.380478	99.674479	20.913524	159.968481	2.799028	2.801355	3.009449	0.264506	0.178473	0.040376	-0.741693	-0.504155	-0.303765	-0.346859	-2.653141
0.650800	-59.679071	-38.938446	98.617517	20.740626	158.296589	2.928617	2.931025	-3.135135	0.166207	0.111662	-0.002004	-0.768569	-0.522432	-0.310274	-0.347536	-2.652464
0.652600	-59.072481	-38.504717	97.577199	20.567764	156.649680	3.055853	3.058345	-2.998552	0.067239	0.044372	-0.044791	-0.782301	-0.531780	-0.310997	-0.348178	-2.651822
0.654400	-58.474096	-38.079136	96.553232	20.394960	155.027328	-3.102403	-3.099828	-2.863938	-0.030717	-0.022254	-0.087222	-0.783395	-0.532536	-0.306025	-0.348786	-2.651214
0.656200	-57.883783	-37.661549	95.545332	20.222234	153.429115	-2.979740	-2.977081	-2.731241	-0.126141	-0.087183	-0.128576	-0.772538	-0.525162	-0.295543	-0.349359	-2.650641
0.658000	-57.301412	-37.251806	94.553218	20.049605	151.854629	-2.859300	-2.856555	-2.600412	-0.217693	-0.149503	-0.168180	-0.750567	-0.510220	-0.279818	-0.349897	-2.650103
0.659800	-56.726855	-36.849759	93.576615	19.877096	150.303470	-2.741044	-2.738212	-2.471404	-0.304214	-0.208422	-0.205423	-0.718434	-0.488354	-0.259188	-0.350400	-2.649600
0.661600	-56.159989	-36.455264	92.615254	19.704725	148.775243	-2.624930	-2.622010	-2.344168	-0.384730	-0.263274	-0.239752	-0.677175	-0.460262	-0.234054	-0.350868	-2.649132
0.663400	-55.600692	-36.068179	91.668871	19.532513	147.269562	-2.510919	-2.507910	-2.218660	-0.458446	-0.313516	-0.270685	-0.627882	-0.426685	-0.204865	-0.351300	-2.648700
0.665200	-55.048843	-35.688364	90.737207	19.360479	145.786051	-2.398974	-2.395874	-2.094832	-0.524742	-0.358721	-0.297808	-0.571675	-0.388381	-0.172113	-0.351696	-2.648304
0.667000	-54.504327	-35.315683	89.820010	19.188645	144.324337	-2.289057	-2.285864	-1.972642	-0.583164	-0.398577	-0.320778	-0.509683	-0.346116	-0.136321	-0.352057	-2.647943
0.668800	-53.967029	-34.950001	88.917030	19.017029	142.884059	-2.181132	-2.177844	-1.852046	-0.633414	-0.432876	-0.339322	-0.443021	-0.300646	-0.098033	-0.352382	-2.647618
0.670600	-53.436838	-34.591187	88.028024	18.845651	141.464862	-2.075162	-2.071777	-1.733001	-0.675333	-0.461505	-0.353237	-0.372773	-0.252709	-0.057804	-0.352672	-2.647328
0.672400	-52.913642	-34.239111	87.152753	18.674531	140.066395	-1.971112	-1.967629	-1.615465	-0.708893	-0.484440	-0.362388	-0.299979	-0.203012	-0.016198	-0.352925	-2.647075
0.674200	-52.397336	-33.893648	86.290983	18.503688	138.688319	-1.868948	-1.865364	-1.499399	-0.734182	-0.501737	-0.366704	-0.225623	-0.152224	0.026226	-0.353142	-2.646858
0.676000	-51.887814	-33.554672	85.442485	18.333142	137.330299	-1.768638	-1.764951	-1.384763	-0.751385	-0.513517	-0.366179	-0.150626	-0.100973	0.068918	-0.353323	-2.646677
0.677800	-51.384973	-33.222061	84.607034	18.162911	135.992006	-1.670148	-1.666355	-1.271517	-0.760778	-0.519964	-0.360863	-0.075834	-0.049839	0.111343	-0.353467	-2.646533
0.679600	-50.888712	-32.895697	83.784409	17.993015	134.673120	-1.573446	-1.569544	-1.159624	-0.762708	-0.521310	-0.350862	-0.002021	0.000653	0.152985	-0.353576	-2.646424
0.681400	-50.398933	-32.575461	82.974394	17.823472	133.373327	-1.478502	-1.474488	-1.049047	-0.757581	-0.517829	-0.336333	0.070120	0.050026	0.193353	-0.353648	-2.646352
0.683200	-49.915539	-32.261238	82.176777	17.654302	132.092316	-1.385285	-1.381156	-0.939750	-0.745853	-0.509827	-0.317478	0.139974	0.097859	0.231987	-0.353683	-2.646317
0.685000	-49.438436	-31.952915	81.391350	17.485521	130.829786	-1.293765	-1.289519	-0.831696	-0.728016	-0.497637	-0.294542	0.207006	0.143786	0.268458	-0.353683	-2.646317
0.686800	-48.967530	-31.650381	80.617911	17.317150	129.585441	-1.203914	-1.199546	-0.724853	-0.704586	-0.481609	-0.267807	0.270759	0.187492	0.302371	-0.353646	-2.646354
0.688600	-48.502732	-31.353527	79.856258	17.149205	128.358990	-1.115703	-1.111210	-0.619185	-0.676097	-0.462105	-0.237585	0.330850	0.228711	0.333369	-0.353572	-2.646428
0.690400	-48.043951	-31.062246	79.106197	16.981705	127.150149	-1.029106	-1.024483	-0.514660	-0.643092	-0.439491	-0.204219	0.386968	0.267230	0.361135	-0.353462	-2.646538
0.692200	-47.591102	-30.776434	78.367535	16.814668	125.958637	-0.944094	-0.939338	-0.411246	-0.606112	-0.414137	-0.168075	0.438871	0.302879	0.385392	-0.353315	-2.646685
0.694000	-47.144098	-30.495987	77.640085	16.648111	124.784183	-0.860643	-0.855750	-0.308912	-0.565692	-0.386406	-0.129535	0.486379	0.335532	0.405903	-0.353132	-2.646868
0.695800	-46.702856	-30.220805	76.923661	16.482051	123.626517	-0.778726	-0.773692	-0.207626	-0.522355	-0.356655	-0.088999	0.529372	0.365105	0.422474	-0.352913	-2.647087
0.697600	-46.267294	-29.950788	76.218082	16.316506	122.485377	-0.698320	-0.693139	-0.107359	-0.476609	-0.325230	-0.046876	0.567784	0.391547	0.434953	-0.352657	-2.647343
0.699400	-45.837332	-29.685840	75.523172	16.151493	121.360505	-0.619400	-0.614067	-0.008082	-0.428940	-0.292461	-0.003582	0.601596	0.414845	0.443227	-0.352365	-2.647635
0.701200	-45.412892	-29.425864	74.838756	15.987027	120.251648	-0.541942	-0.536454	0.090235	-0.379809	-0.258666	0.040465	0.630835	0.435011	0.447227	-0.352037	-2.647963
0.703000	-44.993895	-29.170768	74.164663	15.823127	119.158558	-0.465925	-0.460274	0.187618	-0.329651	-0.224141	0.084848	0.655567	0.452089	0.446922	-0.351673	-2.648327
0.704800	-44.580267	-28.920460	73.500726	15.659807	118.080993	-0.391325	-0.385508	0.284094	-0.278875	-0.189167	0.129154	0.675891	0.466142	0.442320	-0.351272	-2.648728
0.706600	-44.171933	-28.674849	72.846781	15.497084	117.018714	-0.318121	-0.312131	0.379692	-0.227858	-0.154001	0.172977	0.691936	0.477257	0.433467	-0.350836	-2.649164
0.708400	-43.768821	-28.433847	72.202667	15.334974	115.971488	-0.246293	-0.240125	0.474435	-0.176947	-0.118883	0.215923	0.703856	0.485537	0.420446	-0.350363	-2.649637
0.710200	-43.370859	-28.197367	71.568226	15.173493	114.939086	-0.175819	-0.169466	0.568350	-0.126458	-0.084030	0.257611	0.711827	0.491097	0.403372	-0.349855	-2.650145
0.712000	-42.977979	-27.965324	70.943303	15.012655	113.921282	-0.106681	-0.100137	0.661462	-0.076679	-0.049641	0.297676	0.716041	0.494069	0.382396	-0.349310	-2.650690
0.713800	-42.590111	-27.737635	70.327746	14.852476	112.917857	-0.038858	-0.032117	0.753793	-0.027864	-0.015890	0.335770	0.716704	0.494589	0.357694	-0.348731	-2.651269
0.715600	-42.207188	-27.514218	69.721406	14.692970	111.928593	0.027667	0.034613	0.845369	0.019760	0.017064	0.371569	0.714033	0.492805	0.329476	-0.348115	-2.651885
0.717400	-41.829145	-27.294991	69.124136	14.534153	110.953281	0.092913	0.100071	0.936212	0.065995	0.049085	0.404769	0.708249	0.488867	0.297975	-0.347465	-2.652535
0.719200	-41.455916	-27.079877	68.535794	14.376039	109.991710	0.156897	0.164275	1.026343	0.110672	0.080054	0.435091	0.699581	0.482930	0.263447	-0.346779	-2.653221
0.721000	-41.087439	-26.868798	67.956238	14.218641	109.043677	0.219638	0.227242	1.115786	0.153646	0.109871	0.462282	0.688257	0.475148	0.226171	-0.346058	-2.653942
0.722800	-40.723652	-26.661678	67.385330	14.061973	108.108982	0.281151	0.288990	1.204562	0.194798	0.138452	0.486115	0.674507	0.465677	0.186443	-0.345302	-2.654698
0.724600	-40.364493	-26.458442	66.822935	13.906050	107.187428	0.341452	0.349536	1.292692	0.234033	0.165729	0.506394	0.658558	0.454672	0.144577	-0.344512	-2.655488
0.726400	-40.009902	-26.259018	66.268920	13.750885	106.278822	0.400558	0.408895	1.380195	0.271276	0.191650	0.522950	0.640631	0.442284	0.100900	-0.343687	-2.656313
0.728200	-39.659822	-26.063332	65.723154	13.596489	105.382976	0.458484	0.467083	1.467093	0.306474	0.216174	0.535644	0.620943	0.428661	0.055748	-0.342828	-2.657172
0.730000	-39.314194	-25.871316	65.185509	13.442878	104.499703	0.515245	0.524116	1.553405	0.339592	0.239278	0.544367	0.599705	0.413947	0.009468	-0.341934	-2.658066
0.731800	-38.972961	-25.682899	64.655860	13.290062	103.628821	0.570856	0.580008	1.639149	0.370613	0.260945	0.549042	0.577120	0.398280	-0.037587	-0.341007	-2.658993
0.733600	-38.636068	-25.498015	64.134083	13.138054	102.770151	0.625331	0.634775	1.724345	0.399533	0.281173	0.549621	0.553380	0.381793	-0.085063	-0.340046	-2.659954
0.735400	-38.303462	-25.316595	63.620057	12.986866	101.923518	0.678684	0.688431	1.809012	0.426366	0.299968	0.546087	0.528671	0.364613	-0.132604	-0.339052	-2.660948
0.737200	-37.975087	-25.138576	63.113663	12.836511	101.088749	0.730928	0.740991	1.893166	0.451135	0.317344	0.538455	0.503167	0.346859	-0.179856	-0.338025	-2.661975
0.739000	-37.650891	-24.963893	62.614784	12.686998	100.265675	0.782079	0.792468	1.976827	0.473876	0.333324	0.526767	0.477032	0.328644	-0.226467	-0.336964	-2.663036
0.740800	-37.330823	-24.792483	62.123306	12.538340	99.454129	0.832148	0.842875	2.060010	0.494633	0.347937	0.511094	0.450420	0.310075	-0.272096	-0.335871	-2.664129
0.742600	-37.014832	-24.624284	61.639116	12.390548	98.653948	0.881149	0.892228	2.142733	0.513462	0.361218	0.491538	0.423474	0.291249	-0.316405	-0.334745	-2.665255
0.744400	-36.702868	-24.459236	61.162104	12.243631	97.864971	0.929095	0.940539	2.225013	0.530423	0.373208	0.468225	0.396327	0.272258	-0.359072	-0.333588	-2.666412
0.746200	-36.394881	-24.297280	60.692161	12.097601	97.087042	0.975999	0.987821	2.306866	0.545582	0.383950	0.441310	0.369100	0.253188	-0.399786	-0.332398	-2.667602
0.748000	-36.090824	-24.138356	60.229181	11.952468	96.320005	1.021874	1.034089	2.388308	0.559013	0.393494	0.410969	0.341905	0.234114	-0.438250	-0.331177	-2.668823
0.749800	-35.790650	-23.982409	59.773059	11.808241	95.563709	1.066732	1.079355	2.469354	0.570791	0.401889	0.377406	0.314843	0.215107	-0.474185	-0.329925	-2.670075
0.751600	-35.494311	-23.829381	59.323692	11.664930	94.818003	1.110587	1.123632	2.550021	0.580995	0.409189	0.340842	0.288005	0.196231	-0.507330	-0.328642	-2.671358
0.753400	-35.201762	-23.679218	58.880980	11.522544	94.082742	1.153451	1.166935	2.630322	0.589706	0.415448	0.301521	0.261471	0.177543	-0.537444	-0.327329	-2.672671
0.755200	-34.912958	-23.531866	58.444823	11.381092	93.357781	1.195337	1.209276	2.710274	0.597008	0.420722	0.259705	0.235315	0.159092	-0.564308	-0.325985	-2.674015
0.757000	-34.627854	-23.387271	58.015124	11.240583	92.642978	1.236259	1.250669	2.789891	0.602984	0.425068	0.215671	0.209599	0.140923	-0.587727	-0.324611	-2.675389
0.758800	-34.346406	-23.245381	57.591787	11.101025	91.938194	1.276228	1.291128	2.869187	0.607717	0.428541	0.169712	0.184378	0.123075	-0.607526	-0.323208	-2.676792
0.760600	-34.068573	-23.106146	57.174719	10.962427	91.243291	1.315260	1.330667	2.948176	0.611290	0.431198	0.122134	0.159698	0.105581	-0.623559	-0.321775	-2.678225
0.762400	-33.794311	-22.969515	56.763826	10.824796	90.558136	1.353368	1.369299	3.026872	0.613784	0.433095	0.073250	0.135598	0.088468	-0.635703	-0.320314	-2.679686
0.764200	-33.523579	-22.835439	56.359018	10.688139	89.882596	1.390564	1.407039	3.105290	0.615281	0.434285	0.023384	0.112110	0.071760	-0.643864	-0.318825	-2.681175
0.766000	-33.256335	-22.703870	55.960205	10.552465	89.216541	1.426865	1.443903	-3.099743	0.615858	0.434822	-0.027133	0.089258	0.055474	-0.647973	-0.317307	-2.682693
0.767800	-32.992541	-22.574760	55.567301	10.417781	88.559842	1.462284	1.479903	-3.021843	0.615591	0.434757	-0.077969	0.067063	0.039626	-0.647987	-0.315762	-2.684238
0.769600	-32.732155	-22.448063	55.180218	10.284092	87.912374	1.496836	1.515057	-2.944181	0.614553	0.434141	-0.128789	0.045535	0.024224	-0.643894	-0.314189	-2.685811
0.771400	-32.475139	-22.323734	54.798873	10.151406	87.274012	1.530537	1.549379	-2.866746	0.612815	0.433022	-0.179258	0.024685	0.009275	-0.635705	-0.312590	-2.687410
0.773200	-32.221455	-22.201726	54.423181	10.019728	86.644636	1.563403	1.582886	-2.789523	0.610445	0.431446	-0.229044	0.004514	-0.005216	-0.623460	-0.310964	-2.689035
0.775000	-31.971063	-22.081998	54.053061	9.889065	86.024124	1.595449	1.615594	-2.712501	0.607507	0.429456	-0.277820	-0.014980	-0.019251	-0.607227	-0.309313	-2.690687
0.776800	-31.723928	-21.964505	53.688432	9.759423	85.412360	1.626692	1.647519	-2.635667	0.604060	0.427094	-0.325265	-0.033800	-0.032832	-0.587098	-0.307636	-2.692364
0.778600	-31.480011	-21.849204	53.329215	9.630807	84.809226	1.657150	1.678680	-2.559009	0.600164	0.424400	-0.371068	-0.051956	-0.045964	-0.563191	-0.305934	-2.694066
0.780400	-31.239277	-21.736056	52.975333	9.503221	84.214609	1.686841	1.709093	-2.482514	0.595871	0.421411	-0.414929	-0.069460	-0.058654	-0.535649	-0.304207	-2.695793
0.782200	-31.001689	-21.625018	52.626707	9.376671	83.628397	1.715782	1.738777	-2.406171	0.591232	0.418161	-0.456560	-0.086326	-0.070911	-0.504638	-0.302457	-2.697543
0.784000	-30.767213	-21.516051	52.283264	9.251162	83.050477	1.743991	1.767750	-2.329968	0.586293	0.414682	-0.495688	-0.102571	-0.082746	-0.470346	-0.300682	-2.699318
0.785800	-30.535813	-21.409116	51.944929	9.126698	82.480742	1.771489	1.796030	-2.253893	0.581098	0.411005	-0.532055	-0.118214	-0.094170	-0.432984	-0.298885	-2.701115
0.787600	-30.307455	-21.304173	51.611629	9.003282	81.919084	1.798295	1.823638	-2.177934	0.575687	0.407156	-0.565423	-0.133275	-0.105197	-0.392780	-0.297065	-2.702935
0.789400	-30.082106	-21.201186	51.283292	8.880919	81.365397	1.824427	1.850592	-2.102081	0.570096	0.403161	-0.595572	-0.147777	-0.115842	-0.349984	-0.295223	-2.704777
0.791200	-29.859730	-21.100117	50.959847	8.759613	80.819578	1.849908	1.876913	-2.026321	0.564358	0.399043	-0.622302	-0.161741	-0.126118	-0.304858	-0.293359	-2.706641
0.793000	-29.640296	-21.000930	50.641226	8.639366	80.281523	1.874757	1.902620	-1.950645	0.558503	0.394823	-0.645438	-0.175192	-0.136042	-0.257683	-0.291474	-2.708526
0.794800	-29.423771	-20.903589	50.327360	8.520183	79.751131	1.898995	1.927734	-1.875040	0.552557	0.390519	-0.664824	-0.188153	-0.145629	-0.208750	-0.289568	-2.710432
0.796600	-29.210123	-20.808058	50.018181	8.402064	79.228303	1.922643	1.952275	-1.799497	0.546544	0.386148	-0.680330	-0.200649	-0.154895	-0.158363	-0.287642	-2.712358
0.798400	-28.999319	-20.714304	49.713623	8.285014	78.712941	1.945724	1.976264	-1.724005	0.540485	0.381724	-0.691851	-0.212704	-0.163856	-0.106834	-0.285697	-2.714303
0.800200	-28.791328	-20.622293	49.413621	8.169035	78.204949	1.968257	1.999721	-1.648552	0.534398	0.377261	-0.699306	-0.224342	-0.172529	-0.054485	-0.283732	-2.716268
0.802000	-28.586119	-20.531991	49.118110	8.054128	77.704230	1.990265	2.022667	-1.573130	0.528298	0.372768	-0.702642	-0.235587	-0.180929	-0.001639	-0.281750	-2.718250
0.803800	-28.383662	-20.443366	48.827028	7.940296	77.210690	2.011770	2.045124	-1.497727	0.522200	0.368257	-0.701829	-0.246463	-0.189071	0.051374	-0.279749	-2.720251
0.805600	-28.183926	-20.356387	48.540313	7.827539	76.724239	2.032792	2.067110	-1.422334	0.516113	0.363734	-0.696865	-0.256991	-0.196971	0.104225	-0.277731	-2.722269
0.807400	-27.986881	-20.271021	48.257902	7.715861	76.244783	2.053353	2.088647	-1.346941	0.510046	0.359206	-0.687774	-0.267195	-0.204644	0.156586	-0.275696	-2.724304
0.809200	-27.792498	-20.187237	47.979735	7.605261	75.772233	2.073474	2.109755	-1.271538	0.504006	0.354678	-0.674606	-0.277095	-0.212103	0.208132	-0.273644	-2.726356
0.811000	-27.600747	-20.105007	47.705754	7.495740	75.306500	2.093176	2.130454	-1.196117	0.497999	0.350153	-0.657437	-0.286711	-0.219362	0.258541	-0.271577	-2.728423
0.812800	-27.411599	-20.024299	47.435898	7.387300	74.847498	2.112479	2.150762	-1.120668	0.492027	0.345636	-0.636367	-0.296062	-0.226433	0.307502	-0.269495	-2.730505
0.814600	-27.225026	-19.945086	47.170112	7.279940	74.395138	2.131403	2.170700	-1.045181	0.486093	0.341127	-0.611522	-0.305167	-0.233329	0.354708	-0.267399	-2.732601
0.816400	-27.040999	-19.867338	46.908337	7.173662	73.949336	2.149968	2.190285	-0.969649	0.480197	0.336627	-0.583050	-0.314042	-0.240061	0.399869	-0.265288	-2.734712
0.818200	-26.859491	-19.791027	46.650518	7.068464	73.510009	2.168192	2.209535	-0.894062	0.474339	0.332136	-0.551122	-0.322702	-0.246639	0.442702	-0.263164	-2.736836
0.820000	-26.680474	-19.716126	46.396599	6.964348	73.077073	2.186093	2.228467	-0.818414	0.468517	0.327654	-0.515933	-0.331163	-0.253073	0.482942	-0.261028	-2.738972
0.821800	-26.503919	-19.642607	46.146527	6.861312	72.650446	2.203690	2.247100	-0.742694	0.462729	0.323179	-0.477694	-0.339438	-0.259372	0.520340	-0.258879	-2.741121
0.823600	-26.329801	-19.570445	45.900246	6.759356	72.230047	2.220998	2.265447	-0.666897	0.456972	0.318710	-0.436639	-0.347538	-0.265545	0.554662	-0.256719	-2.743281
0.825400	-26.158092	-19.499613	45.657706	6.658479	71.815798	2.238034	2.283525	-0.591015	0.451242	0.314245	-0.393018	-0.355474	-0.271597	0.585697	-0.254548	-2.745452
0.827200	-25.988766	-19.430086	45.418852	6.558680	71.407619	2.254813	2.301349	-0.515040	0.445535	0.309780	-0.347097	-0.363256	-0.277536	0.613252	-0.252366	-2.747634
0.829000	-25.821797	-19.361839	45.183635	6.459958	71.005432	2.271350	2.318931	-0.438966	0.439846	0.305313	-0.299156	-0.370893	-0.283367	0.637155	-0.250175	-2.749825
0.830800	-25.657158	-19.294846	44.952004	6.362312	70.609161	2.287657	2.336285	-0.362786	0.434171	0.300842	-0.249487	-0.378392	-0.289095	0.657259	-0.247974	-2.752026
0.832600	-25.494824	-19.229084	44.723907	6.265740	70.218731	2.303748	2.353423	-0.286496	0.428504	0.296363	-0.198395	-0.385759	-0.294725	0.673439	-0.245765	-2.754235
0.834400	-25.334769	-19.164528	44.499297	6.170240	69.834066	2.319634	2.370357	-0.210088	0.422841	0.291872	-0.146193	-0.393000	-0.300259	0.685595	-0.243548	-2.756452
0.836200	-25.176968	-19.101157	44.278125	6.075811	69.455093	2.335326	2.387096	-0.133559	0.417176	0.287368	-0.093198	-0.400117	-0.305701	0.693651	-0.241324	-2.758676
0.838000	-25.021396	-19.038946	44.060342	5.982450	69.081738	2.350833	2.403652	-0.056903	0.411505	0.282846	-0.039736	-0.407116	-0.311052	0.697557	-0.239093	-2.760907
0.839800	-24.868029	-18.977874	43.845902	5.890155	68.713931	2.366166	2.420031	0.019885	0.405823	0.278305	0.013867	-0.413998	-0.316315	0.697289	-0.236857	-2.763143
0.841600	-24.716841	-18.917917	43.634758	5.798924	68.351599	2.381332	2.436243	0.096806	0.400125	0.273740	0.067283	-0.420764	-0.321490	0.692850	-0.234614	-2.765386
0.843400	-24.567809	-18.859055	43.426864	5.708754	67.994673	2.396337	2.452295	0.173866	0.394408	0.269151	0.120184	-0.427416	-0.326577	0.684265	-0.232367	-2.767633
0.845200	-24.420908	-18.801267	43.222175	5.619642	67.643083	2.411190	2.468194	0.251067	0.388668	0.264533	0.172248	-0.433954	-0.331578	0.671588	-0.230116	-2.769884
0.847000	-24.276115	-18.744530	43.020646	5.531585	67.296761	2.425895	2.483944	0.328410	0.382901	0.259886	0.223156	-0.440377	-0.336490	0.654897	-0.227861	-2.772139
0.848800	-24.133407	-18.688826	42.822232	5.444581	66.955639	2.440458	2.499552	0.405898	0.377104	0.255208	0.272597	-0.446684	-0.341314	0.634296	-0.225603	-2.774396
0.850600	-23.992758	-18.634133	42.626891	5.358626	66.619650	2.454882	2.515021	0.483532	0.371275	0.250497	0.320269	-0.452873	-0.346049	0.609910	-0.223343	-2.776657
0.852400	-23.854148	-18.580432	42.434580	5.273716	66.288728	2.469170	2.530356	0.561313	0.365412	0.245751	0.365882	-0.458943	-0.350692	0.581891	-0.221082	-2.778918
0.854200	-23.717552	-18.527703	42.245255	5.189849	65.962808	2.483326	2.545559	0.639239	0.359514	0.240972	0.409156	-0.464891	-0.355243	0.550412	-0.218819	-2.781181
0.856000	-23.582948	-18.475928	42.058876	5.107021	65.641824	2.497352	2.560633	0.717312	0.353580	0.236157	0.449828	-0.470714	-0.359699	0.515666	-0.216556	-2.783444
0.857800	-23.450314	-18.425087	41.875401	5.025227	65.325715	2.511249	2.575580	0.795529	0.347608	0.231307	0.487650	-0.476410	-0.364058	0.477868	-0.214293	-2.785707
0.859600	-23.319627	-18.375162	41.694789	4.944465	65.014415	2.525018	2.590402	0.873889	0.341600	0.226422	0.522393	-0.481976	-0.368319	0.437251	-0.212030	-2.787970
0.861400	-23.190865	-18.326135	41.517000	4.864729	64.707864	2.538659	2.605098	0.952390	0.335557	0.221504	0.553845	-0.487408	-0.372479	0.394064	-0.209769	-2.790231
0.863200	-23.064006	-18.277989	41.341994	4.786017	64.406000	2.552172	2.619671	1.031028	0.329479	0.216552	0.581816	-0.492703	-0.376536	0.348574	-0.207510	-2.792490
0.865000	-22.939028	-18.230705	41.169733	4.708323	64.108761	2.565557	2.634119	1.109800	0.323367	0.211569	0.606135	-0.497858	-0.380488	0.301061	-0.205254	-2.794746
0.866800	-22.815910	-18.184266	41.000177	4.631644	63.816087	2.578813	2.648442	1.188702	0.317225	0.206556	0.626658	-0.502871	-0.384332	0.251818	-0.203001	-2.796999
0.868600	-22.694631	-18.138657	40.833288	4.555975	63.527920	2.591938	2.662641	1.267730	0.311055	0.201515	0.643259	-0.507737	-0.388067	0.201147	-0.200751	-2.799249
0.870400	-22.575170	-18.093860	40.669030	4.481311	63.244200	2.604931	2.676713	1.346878	0.304860	0.196449	0.655841	-0.512455	-0.391691	0.149360	-0.198506	-2.801494
0.872200	-22.457505	-18.049858	40.507363	4.407647	62.964869	2.617789	2.690658	1.426140	0.298643	0.191360	0.664329	-0.517021	-0.395201	0.096775	-0.196266	-2.803734
0.874000	-22.341617	-18.006636	40.348253	4.334980	62.689870	2.630511	2.704473	1.505511	0.292409	0.186251	0.668674	-0.521433	-0.398597	0.043716	-0.194032	-2.805968
0.875800	-22.227483	-17.964179	40.191662	4.263305	62.419146	2.643094	2.718158	1.584984	0.286161	0.181125	0.668852	-0.525689	-0.401876	-0.009490	-0.191803	-2.808197
0.877600	-22.115085	-17.922470	40.037555	4.192615	62.152641	2.655535	2.731711	1.664553	0.279905	0.175985	0.664865	-0.529787	-0.405037	-0.062519	-0.189582	-2.810418
0.879400	-22.004402	-17.881495	39.885897	4.122907	61.890299	2.667832	2.745128	1.744209	0.273644	0.170835	0.656741	-0.533725	-0.408079	-0.115042	-0.187367	-2.812633
0.881200	-21.895414	-17.841238	39.736652	4.054176	61.632066	2.679981	2.758408	1.823945	0.267385	0.165679	0.644533	-0.537502	-0.411002	-0.166740	-0.185161	-2.814839
0.883000	-21.788101	-17.801685	39.589786	3.986416	61.377887	2.691979	2.771549	1.903753	0.261132	0.160520	0.628319	-0.541118	-0.413804	-0.217293	-0.182963	-2.817037
0.884800	-21.682444	-17.762822	39.445266	3.919621	61.127709	2.703824	2.784549	1.983625	0.254890	0.155363	0.608203	-0.544571	-0.416486	-0.266392	-0.180774	-2.819226
0.886600	-21.578423	-17.724634	39.303057	3.853788	60.881479	2.715512	2.797404	2.063554	0.248667	0.150210	0.584310	-0.547862	-0.419047	-0.313737	-0.178595	-2.821405
0.888400	-21.476018	-17.687108	39.163126	3.788911	60.639145	2.727040	2.810112	2.143529	0.242466	0.145068	0.556791	-0.550990	-0.421488	-0.359036	-0.176425	-2.823575
0.890200	-21.375212	-17.650229	39.025441	3.724984	60.400653	2.738404	2.822671	2.223544	0.236294	0.139939	0.525818	-0.553958	-0.423809	-0.402013	-0.174267	-2.825734
0.892000	-21.275985	-17.613984	38.889969	3.662002	60.165955	2.749602	2.835078	2.303589	0.230157	0.134827	0.491584	-0.556764	-0.426010	-0.442406	-0.172119	-2.827881
0.893800	-21.178319	-17.578360	38.756679	3.599959	59.934998	2.760631	2.847331	2.383655	0.224061	0.129738	0.454304	-0.559412	-0.428093	-0.479966	-0.169983	-2.830017
0.895600	-21.082194	-17.543344	38.625539	3.538850	59.707733	2.771487	2.859427	2.463735	0.218010	0.124674	0.414208	-0.561903	-0.430059	-0.514464	-0.167860	-2.832140
0.897400	-20.987594	-17.508923	38.496517	3.478670	59.484111	2.782167	2.871365	2.543820	0.212011	0.119641	0.371546	-0.564239	-0.431910	-0.545691	-0.165749	-2.834251
0.899200	-20.894498	-17.475085	38.369583	3.419413	59.264082	2.792669	2.883141	2.623902	0.206070	0.114641	0.326582	-0.566423	-0.433648	-0.573456	-0.163651	-2.836349
0.901000	-20.802890	-17.441817	38.244707	3.361074	59.047598	2.802990	2.894754	2.703973	0.200191	0.109679	0.279597	-0.568458	-0.435273	-0.597589	-0.161568	-2.838432
0.902800	-20.712752	-17.409106	38.121859	3.303646	58.834611	2.813128	2.906201	2.784026	0.194380	0.104759	0.230881	-0.570346	-0.436790	-0.617945	-0.159498	-2.840502
0.904600	-20.624067	-17.376942	38.001008	3.247125	58.625075	2.823080	2.917482	2.864052	0.188642	0.099883	0.180736	-0.572092	-0.438200	-0.634400	-0.157443	-2.842556
0.906400	-20.536816	-17.345311	37.882127	3.191504	58.418942	2.832844	2.928594	2.944046	0.182981	0.095056	0.129473	-0.573700	-0.439506	-0.646856	-0.155404	-2.844596
0.908200	-20.450982	-17.314203	37.765185	3.136779	58.216167	2.842418	2.939535	3.024000	0.177402	0.090281	0.077408	-0.575173	-0.440710	-0.655237	-0.153380	-2.846620
0.910000	-20.366549	-17.283606	37.650155	3.082943	58.016704	2.851801	2.950305	3.103909	0.171909	0.085560	0.024864	-0.576517	-0.441817	-0.659495	-0.151373	-2.848627
0.911800	-20.283499	-17.253509	37.537008	3.029990	57.820507	2.860991	2.960902	-3.099419	0.166507	0.080897	-0.027835	-0.577736	-0.442830	-0.659606	-0.149382	-2.850618
0.913600	-20.201816	-17.223900	37.425717	2.977916	57.627533	2.869986	2.971325	-3.019618	0.161199	0.076295	-0.080362	-0.578835	-0.443751	-0.655570	-0.147408	-2.852592
0.915400	-20.121484	-17.194770	37.316253	2.926714	57.437737	2.878787	2.981574	-2.939879	0.155987	0.071755	-0.132393	-0.579818	-0.444584	-0.647416	-0.145452	-2.854548
0.917200	-20.042485	-17.166106	37.208591	2.876379	57.251076	2.887392	2.991648	-2.860206	0.150876	0.067280	-0.183607	-0.580692	-0.445334	-0.635195	-0.143514	-2.856486
0.919000	-19.964804	-17.137899	37.102703	2.826905	57.067506	2.895801	3.001547	-2.780602	0.145868	0.062872	-0.233688	-0.581462	-0.446003	-0.618985	-0.141594	-2.858406
0.920800	-19.888424	-17.110138	36.998562	2.778286	56.886986	2.904013	3.011270	-2.701071	0.140965	0.058533	-0.282327	-0.582133	-0.446596	-0.598889	-0.139694	-2.860306
0.922600	-19.813330	-17.082813	36.896143	2.730517	56.709474	2.912030	3.020819	-2.621616	0.136169	0.054264	-0.329223	-0.582711	-0.447116	-0.575031	-0.137812	-2.862188
0.924400	-19.739507	-17.055914	36.795421	2.683593	56.534927	2.919851	3.030193	-2.542239	0.131482	0.050066	-0.374087	-0.583201	-0.447568	-0.547561	-0.135950	-2.864050
0.926200	-19.666937	-17.029431	36.696368	2.637506	56.363305	2.927478	3.039393	-2.462942	0.126905	0.045941	-0.416644	-0.583610	-0.447956	-0.516650	-0.134109	-2.865891
0.928000	-19.595607	-17.003354	36.598961	2.592253	56.194568	2.934911	3.048421	-2.383725	0.122439	0.041889	-0.456629	-0.583943	-0.448283	-0.482490	-0.132287	-2.867713
0.929800	-19.525501	-16.977674	36.503175	2.547827	56.028676	2.942152	3.057276	-2.304591	0.118084	0.037910	-0.493798	-0.584205	-0.448554	-0.445294	-0.130487	-2.869513
0.931600	-19.456604	-16.952381	36.408985	2.504222	55.865588	2.949203	3.065962	-2.225539	0.113841	0.034006	-0.527920	-0.584403	-0.448771	-0.405292	-0.128708	-2.871292
0.933400	-19.388900	-16.927466	36.316367	2.461434	55.705267	2.956065	3.074479	-2.146569	0.109710	0.030175	-0.558786	-0.584541	-0.448941	-0.362732	-0.126951	-2.873049
0.935200	-19.322376	-16.902920	36.225296	2.419456	55.547673	2.962742	3.082830	-2.067680	0.105690	0.026419	-0.586206	-0.584626	-0.449065	-0.317878	-0.125215	-2.874785
0.937000	-19.257017	-16.878734	36.135751	2.378282	55.392768	2.969235	3.091016	-1.988872	0.101781	0.022736	-0.610011	-0.584663	-0.449148	-0.271008	-0.123502	-2.876498
0.938800	-19.192808	-16.854899	36.047707	2.337908	55.240514	2.975548	3.099041	-1.910144	0.097981	0.019126	-0.630055	-0.584656	-0.449194	-0.222411	-0.121812	-2.878188
0.940600	-19.129735	-16.831407	35.961141	2.298328	55.090876	2.981684	3.106906	-1.831493	0.094289	0.015588	-0.646213	-0.584612	-0.449206	-0.172389	-0.120144	-2.879856
0.942400	-19.067783	-16.808248	35.876031	2.259535	54.943815	2.987647	3.114615	-1.752918	0.090704	0.012121	-0.658388	-0.584534	-0.449187	-0.121250	-0.118500	-2.881500
0.944200	-19.006940	-16.785415	35.792355	2.221526	54.799295	2.993439	3.122171	-1.674415	0.087224	0.008724	-0.666503	-0.584429	-0.449142	-0.069311	-0.116880	-2.883120
0.946000	-18.947191	-16.762898	35.710090	2.184293	54.657281	2.999066	3.129578	-1.595984	0.083847	0.005396	-0.670510	-0.584299	-0.449072	-0.016892	-0.115283	-2.884717
0.947800	-18.888523	-16.740691	35.629214	2.147832	54.517738	3.004530	3.136837	-1.517620	0.080570	0.002135	-0.670384	-0.584150	-0.448982	0.035682	-0.113711	-2.886289
0.949600	-18.830922	-16.718785	35.549707	2.112136	54.380629	3.009838	-3.139231	-1.439320	0.077391	-0.001060	-0.666126	-0.583986	-0.448873	0.088088	-0.112163	-2.887837
0.951400	-18.774374	-16.697173	35.471547	2.077201	54.245921	3.014992	-3.132252	-1.361082	0.074308	-0.004192	-0.657761	-0.583810	-0.448750	0.140001	-0.110640	-2.889360
0.953200	-18.718867	-16.675846	35.394713	2.043021	54.113579	3.019999	-3.125409	-1.282901	0.071317	-0.007261	-0.645343	-0.583626	-0.448614	0.191101	-0.109142	-2.890858
0.955000	-18.664387	-16.654797	35.319184	2.009590	53.983570	3.024863	-3.118696	-1.204773	0.068416	-0.010270	-0.628947	-0.583438	-0.448467	0.241072	-0.107670	-2.892330
0.956800	-18.610921	-16.634019	35.244940	1.976902	53.855861	3.029589	-3.112110	-1.126696	0.065601	-0.013221	-0.608675	-0.583249	-0.448313	0.289607	-0.106223	-2.893777
0.958600	-18.558457	-16.613504	35.171961	1.944952	53.730417	3.034182	-3.105646	-1.048665	0.062869	-0.016116	-0.584652	-0.583061	-0.448152	0.336406	-0.104801	-2.895199
0.960400	-18.506981	-16.593246	35.100227	1.913735	53.607208	3.038647	-3.099300	-0.970676	0.060218	-0.018958	-0.557025	-0.582878	-0.447988	0.381180	-0.103406	-2.896594
0.962200	-18.456481	-16.573238	35.029719	1.883244	53.486200	3.042990	-3.093068	-0.892724	0.057643	-0.021748	-0.525965	-0.582701	-0.447821	0.423653	-0.102037	-2.897963
0.964000	-18.406945	-16.553472	34.960417	1.853473	53.367362	3.047216	-3.086944	-0.814807	0.055141	-0.024488	-0.491663	-0.582532	-0.447653	0.463563	-0.100694	-2.899306
0.965800	-18.358360	-16.533942	34.892302	1.824418	53.250662	3.051331	-3.080924	-0.736919	0.052710	-0.027182	-0.454330	-0.582374	-0.447486	0.500664	-0.099378	-2.900622
0.967600	-18.310714	-16.514642	34.825356	1.796072	53.136069	3.055339	-3.075004	-0.659056	0.050344	-0.029830	-0.414195	-0.582228	-0.447321	0.534726	-0.098089	-2.901911
0.969400	-18.263994	-16.495565	34.759559	1.768429	53.023553	3.059246	-3.069180	-0.581215	0.048042	-0.032437	-0.371507	-0.582096	-0.447158	0.565541	-0.096826	-2.903174
0.971200	-18.218189	-16.476705	34.694894	1.741483	52.913083	3.063058	-3.063446	-0.503391	0.045800	-0.035003	-0.326527	-0.581978	-0.446998	0.592917	-0.095590	-2.904410
0.973000	-18.173286	-16.458057	34.631343	1.715229	52.804629	3.066779	-3.057798	-0.425580	0.043614	-0.037531	-0.279533	-0.581876	-0.446843	0.616686	-0.094382	-2.905618
0.974800	-18.129274	-16.439614	34.568888	1.689660	52.698161	3.070415	-3.052232	-0.347778	0.041480	-0.040023	-0.230812	-0.581790	-0.446693	0.636702	-0.093201	-2.906799
0.976600	-18.086140	-16.421371	34.507511	1.664769	52.593651	3.073971	-3.046743	-0.269982	0.039397	-0.042482	-0.180666	-0.581720	-0.446548	0.652840	-0.092047	-2.907953
0.978400	-18.043873	-16.403322	34.447195	1.640551	52.491067	3.077451	-3.041328	-0.192188	0.037361	-0.044910	-0.129402	-0.581667	-0.446408	0.665000	-0.090920	-2.909080
0.980200	-18.002461	-16.385462	34.387923	1.616998	52.390383	3.080860	-3.035981	-0.114392	0.035367	-0.047308	-0.077336	-0.581631	-0.446274	0.673109	-0.089821	-2.910179
0.982000	-17.961892	-16.367786	34.329678	1.594106	52.291570	3.084203	-3.030700	-0.036591	0.033415	-0.049678	-0.024787	-0.581612	-0.446145	0.677114	-0.088749	-2.911251
0.983800	-17.922155	-16.350289	34.272444	1.571865	52.194598	3.087484	-3.025479	0.041219	0.031501	-0.052023	0.027921	-0.581609	-0.446021	0.676992	-0.087705	-2.912295
0.985600	-17.883237	-16.332966	34.216204	1.550271	52.099441	3.090708	-3.020316	0.119040	0.029621	-0.054344	0.080464	-0.581622	-0.445902	0.672742	-0.086689	-2.913312
0.987400	-17.845129	-16.315813	34.160942	1.529316	52.006071	3.093878	-3.015206	0.196876	0.027775	-0.056643	0.132519	-0.581650	-0.445788	0.664391	-0.085699	-2.914301
0.989200	-17.807817	-16.298825	34.106643	1.508992	51.914460	3.096997	-3.010147	0.274729	0.025958	-0.058922	0.183767	-0.581692	-0.445678	0.651989	-0.084738	-2.915262
0.991000	-17.771291	-16.281998	34.053290	1.489293	51.824581	3.100071	-3.005135	0.352602	0.024169	-0.061182	0.233892	-0.581749	-0.445572	0.635611	-0.083803	-2.916197
0.992800	-17.735539	-16.265329	34.000868	1.470211	51.736407	3.103101	-3.000166	0.430497	0.022406	-0.063425	0.282586	-0.581818	-0.445469	0.615359	-0.082896	-2.917104
0.994600	-17.700550	-16.248812	33.949362	1.451738	51.649913	3.106091	-2.995238	0.508416	0.020667	-0.065651	0.329551	-0.581898	-0.445368	0.591355	-0.082017	-2.917984
0.996400	-17.666312	-16.232445	33.898758	1.433867	51.565070	3.109044	-2.990349	0.586361	0.018950	-0.067862	0.374497	-0.581989	-0.445269	0.563749	-0.081164	-2.918836
0.998200	-17.632814	-16.216225	33.849039	1.416589	51.481854	3.111962	-2.985495	0.664334	0.017253	-0.070060	0.417149	-0.582089	-0.445170	0.532707	-0.080338	-2.919662
1.000000	-17.600045	-16.200147	33.800192	1.399897	51.400237	3.114847	-2.980674	0.742337	0.015575	-0.072245	0.457244	-0.582197	-0.445072	0.498422	-0.079539	-2.920461
