#model:pConst	end_point_b=0.20
#t	l_1	l_2	l_3	l_2-l_1	l_3-l_1	phase_1	phase_2	phase_3	RePsi_1	RePsi_2	RePsi_3	ImPsi_1	ImPsi_2	ImPsi_3
0.100200	-167.240529	-166.825364	334.065893	0.415166	501.306422	1.670796	1.670799	1.670883	0.817968	0.545706	0.152206	-0.082071	-0.054755	-0.015285	-0.002482	-2.997518
0.100400	-167.240529	-166.825364	334.065893	0.415166	501.306422	1.770796	1.770802	1.770969	0.805688	0.537513	0.149919	-0.163321	-0.108962	-0.030417	-0.002482	-2.997518
0.100600	-167.240529	-166.825364	334.065893	0.415166	501.306422	1.870796	1.870804	1.871054	0.785357	0.523949	0.146132	-0.242940	-0.162081	-0.045245	-0.002482	-2.997518
0.100800	-167.240529	-166.825364	334.065893	0.415166	501.306422	1.970797	1.970807	1.971136	0.757179	0.505150	0.140884	-0.320131	-0.213580	-0.059621	-0.002482	-2.997518
0.101000	-167.240529	-166.825364	334.065893	0.415166	501.306422	2.070797	2.070810	2.071214	0.721436	0.481303	0.134227	-0.394123	-0.262945	-0.073402	-0.002482	-2.997518
0.101200	-167.240529	-166.825364	334.065893	0.415166	501.306422	2.170797	2.170812	2.171289	0.678484	0.452647	0.126228	-0.464177	-0.309683	-0.086449	-0.002482	-2.997518
0.101400	-167.240529	-166.825364	334.065893	0.415166	501.306422	2.270798	2.270815	2.271359	0.628753	0.419468	0.116966	-0.529593	-0.353326	-0.098632	-0.002482	-2.997518
0.101600	-167.240529	-166.825364	334.065893	0.415166	501.306422	2.370799	2.370818	2.371423	0.572739	0.382097	0.106534	-0.589717	-0.393439	-0.109829	-0.002482	-2.997518
0.101800	-167.240529	-166.825364	334.065893	0.415166	501.306422	2.470800	2.470820	2.471481	0.511002	0.340909	0.095036	-0.643948	-0.429620	-0.119929	-0.002482	-2.997518
0.102000	-167.240529	-166.825364	334.065893	0.415166	501.306422	2.570801	2.570823	2.571533	0.444160	0.296314	0.082587	-0.691745	-0.461509	-0.128831	-0.002482	-2.997518
0.102200	-167.240529	-166.825364	334.065893	0.415166	501.306422	2.670802	2.670826	2.671578	0.372880	0.248758	0.069312	-0.732630	-0.488786	-0.136445	-0.002482	-2.997518
0.102400	-167.240529	-166.825364	334.065893	0.415166	501.306422	2.770804	2.770829	2.771615	0.297874	0.198717	0.055343	-0.766194	-0.511179	-0.142696	-0.002482	-2.997518
0.102600	-167.240529	-166.825364	334.065893	0.415166	501.306422	2.870806	2.870831	2.871644	0.219892	0.146690	0.040820	-0.792103	-0.528464	-0.147522	-0.002482	-2.997518
0.102800	-167.240529	-166.825364	334.065893	0.415166	501.306422	2.970808	2.970834	2.971666	0.139713	0.093197	0.025887	-0.810096	-0.540469	-0.150873	-0.002482	-2.997518
0.103000	-167.240529	-166.825364	334.065893	0.415166	501.306422	3.070811	3.070837	3.071679	0.058138	0.038773	0.010694	-0.819995	-0.547073	-0.152716	-0.002482	-2.997518
0.103200	-167.240529	-166.825364	334.065893	0.415166	501.306422	-3.112372	-3.112345	-3.111502	-0.024017	-0.016038	-0.004606	-0.821700	-0.548210	-0.153034	-0.002482	-2.997518
0.103400	-167.240529	-166.825364	334.065893	0.415166	501.306422	-3.012369	-3.012343	-3.011506	-0.105933	-0.070689	-0.019862	-0.815195	-0.543870	-0.151822	-0.002482	-2.997518
0.103600	-167.240529	-166.825364	334.065893	0.415166	501.306422	-2.912366	-2.912340	-2.911518	-0.186789	-0.124634	-0.034921	-0.800543	-0.534095	-0.149094	-0.002482	-2.997518
0.103800	-167.240529	-166.825364	334.065893	0.415166	501.306422	-2.812362	-2.812337	-2.811538	-0.265779	-0.177333	-0.049632	-0.777893	-0.518984	-0.144875	-0.002482	-2.997518
0.104000	-167.240529	-166.825364	334.065893	0.415166	501.306422	-2.712358	-2.712334	-2.711566	-0.342113	-0.228261	-0.063849	-0.747470	-0.498687	-0.139209	-0.002482	-2.997518
0.104200	-167.240529	-166.825364	334.065893	0.415166	501.306422	-2.612354	-2.612331	-2.611602	-0.415028	-0.276907	-0.077428	-0.709578	-0.473406	-0.132152	-0.002482	-2.997518
0.104400	-167.240529	-166.825364	334.065893	0.415166	501.306422	-2.512350	-2.512328	-2.511645	-0.483796	-0.322787	-0.090236	-0.664596	-0.443396	-0.123775	-0.002482	-2.997518
0.104600	-167.240529	-166.825364	334.065893	0.415166	501.306422	-2.412345	-2.412325	-2.411695	-0.547730	-0.365441	-0.102143	-0.612972	-0.408954	-0.114160	-0.002482	-2.997518
0.104800	-167.240529	-166.825364	334.065893	0.415166	501.306422	-2.312340	-2.312322	-2.311751	-0.606190	-0.404444	-0.113031	-0.555224	-0.370427	-0.103405	-0.002482	-2.997518
0.105000	-167.240529	-166.825364	334.065893	0.415166	501.306422	-2.212335	-2.212319	-2.211813	-0.658593	-0.439405	-0.122790	-0.491928	-0.328198	-0.091617	-0.002482	-2.997518
0.105200	-167.240529	-166.825364	334.065893	0.415166	501.306422	-2.112330	-2.112316	-2.111880	-0.704415	-0.469976	-0.131324	-0.423717	-0.282689	-0.078913	-0.002482	-2.997518
0.105400	-167.240529	-166.825364	334.065893	0.415166	501.306422	-2.012325	-2.012313	-2.011951	-0.743198	-0.495851	-0.138547	-0.351271	-0.234356	-0.065421	-0.002482	-2.997518
0.105600	-167.240529	-166.825364	334.065893	0.415166	501.306422	-1.912319	-1.912310	-1.912026	-0.774554	-0.516771	-0.144387	-0.275316	-0.183681	-0.051275	-0.002482	-2.997518
0.105800	-167.240529	-166.825364	334.065893	0.415166	501.306422	-1.812314	-1.812307	-1.812103	-0.798171	-0.532527	-0.148785	-0.196610	-0.131171	-0.036616	-0.002482	-2.997518
0.106000	-167.240529	-166.825364	334.065893	0.415166	501.306422	-1.712308	-1.712304	-1.712183	-0.813811	-0.542962	-0.151698	-0.115939	-0.077350	-0.021592	-0.002482	-2.997518
0.106200	-167.240529	-166.825364	334.065893	0.415166	501.306422	-1.612302	-1.612301	-1.612264	-0.821320	-0.547972	-0.153097	-0.034109	-0.022757	-0.006352	-0.002482	-2.997518
0.106400	-167.240529	-166.825364	334.065893	0.415166	501.306422	-1.512297	-1.512298	-1.512345	-0.820622	-0.547506	-0.152967	0.048061	0.032065	0.008951	-0.002482	-2.997518
0.106600	-167.240529	-166.825364	334.065893	0.415166	501.306422	-1.412291	-1.412295	-1.412426	-0.811724	-0.541569	-0.151309	0.129751	0.086566	0.024165	-0.002482	-2.997518
0.106800	-167.240529	-166.825364	334.065893	0.415166	501.306422	-1.312285	-1.312292	-1.312505	-0.794714	-0.530221	-0.148141	0.210145	0.140201	0.039138	-0.002482	-2.997518
0.107000	-167.240529	-166.825364	334.065893	0.415166	501.306422	-1.212280	-1.212289	-1.212582	-0.769764	-0.513575	-0.143495	0.288438	0.192436	0.053719	-0.002482	-2.997518
0.107200	-167.240529	-166.825364	334.065893	0.415166	501.306422	-1.112274	-1.112286	-1.112657	-0.737121	-0.491797	-0.137415	0.363850	0.242748	0.067764	-0.002482	-2.997518
0.107400	-167.240529	-166.825364	334.065893	0.415166	501.306422	-1.012269	-1.012283	-1.012728	-0.697113	-0.465105	-0.129964	0.435626	0.290635	0.081132	-0.002482	-2.997518
0.107600	-167.240529	-166.825364	334.065893	0.415166	501.306422	-0.912264	-0.912280	-0.912794	-0.650139	-0.433765	-0.121216	0.503049	0.335617	0.093689	-0.002482	-2.997518
0.107800	-167.240529	-166.825364	334.065893	0.415166	501.306422	-0.812259	-0.812277	-0.812855	-0.596668	-0.398091	-0.111257	0.565445	0.377246	0.105309	-0.002482	-2.997518
0.108000	-167.240529	-166.825364	334.065893	0.415166	501.306422	-0.712254	-0.712274	-0.712911	-0.537235	-0.358439	-0.100188	0.622192	0.415105	0.115878	-0.002482	-2.997518
0.108200	-167.240529	-166.825364	334.065893	0.415166	501.306422	-0.612249	-0.612271	-0.612960	-0.472433	-0.315206	-0.088120	0.672721	0.448816	0.125289	-0.002482	-2.997518
0.108400	-167.240529	-166.825364	334.065893	0.415166	501.306422	-0.512245	-0.512268	-0.513002	-0.402911	-0.268823	-0.075172	0.716528	0.478043	0.133447	-0.002482	-2.997518
0.108600	-167.240529	-166.825364	334.065893	0.415166	501.306422	-0.412241	-0.412265	-0.413037	-0.329362	-0.219754	-0.061474	0.753176	0.502493	0.140273	-0.002482	-2.997518
0.108800	-167.240529	-166.825364	334.065893	0.415166	501.306422	-0.312237	-0.312262	-0.313064	-0.252522	-0.168489	-0.047163	0.782297	0.521922	0.145696	-0.002482	-2.997518
0.109000	-167.240529	-166.825364	334.065893	0.415166	501.306422	-0.212234	-0.212260	-0.213084	-0.173159	-0.115540	-0.032383	0.803602	0.536136	0.149664	-0.002482	-2.997518
0.109200	-167.240529	-166.825364	334.065893	0.415166	501.306422	-0.112230	-0.112257	-0.113095	-0.092065	-0.061437	-0.017280	0.816877	0.544993	0.152136	-0.002482	-2.997518
0.109400	-167.240529	-166.825364	334.065893	0.415166	501.306422	-0.012227	-0.012254	-0.013097	-0.010051	-0.006720	-0.002005	0.821990	0.548404	0.153089	-0.002482	-2.997518
0.109600	-167.240529	-166.825364	334.065893	0.415166	501.306422	0.087776	0.087749	0.086908	0.072064	0.048064	0.013288	0.818889	0.546335	0.152511	-0.002482	-2.997518
0.109800	-167.240529	-166.825364	334.065893	0.415166	501.306422	0.187778	0.187752	0.186922	0.153458	0.102368	0.028447	0.807605	0.538807	0.150410	-0.002482	-2.997518
0.110000	-167.240529	-166.825364	334.065893	0.415166	501.306422	0.287780	0.287755	0.286944	0.233320	0.155649	0.043320	0.788252	0.525895	0.146805	-0.002482	-2.997518
0.110200	-167.240529	-166.825364	334.065893	0.415166	501.306422	0.387782	0.387757	0.386975	0.310851	0.207374	0.057760	0.761022	0.507728	0.141734	-0.002482	-2.997518
0.110400	-167.240529	-166.825364	334.065893	0.415166	501.306422	0.487784	0.487760	0.487013	0.385275	0.257028	0.071621	0.726188	0.484488	0.135246	-0.002482	-2.997518
0.110600	-167.240529	-166.825364	334.065893	0.415166	501.306422	0.587785	0.587763	0.587058	0.455851	0.304113	0.084765	0.684098	0.456407	0.127408	-0.002482	-2.997518
0.110800	-167.240529	-166.825364	334.065893	0.415166	501.306422	0.687786	0.687766	0.687111	0.521871	0.348160	0.097060	0.635172	0.423765	0.118296	-0.002482	-2.997518
0.111000	-167.240529	-166.825364	334.065893	0.415166	501.306422	0.787787	0.787768	0.787170	0.582677	0.388728	0.108385	0.579900	0.386889	0.108002	-0.002482	-2.997518
0.111200	-167.240529	-166.825364	334.065893	0.415166	501.306422	0.887788	0.887771	0.887235	0.637661	0.425411	0.118625	0.518832	0.346147	0.096628	-0.002482	-2.997518
0.111400	-167.240529	-166.825364	334.065893	0.415166	501.306422	0.987789	0.987774	0.987306	0.686274	0.457844	0.127679	0.452581	0.301947	0.084290	-0.002482	-2.997518
0.111600	-167.240529	-166.825364	334.065893	0.415166	501.306422	1.087789	1.087777	1.087381	0.728029	0.485702	0.135455	0.381807	0.254729	0.071109	-0.002482	-2.997518
0.111800	-167.240529	-166.825364	334.065893	0.415166	501.306422	1.187789	1.187779	1.187460	0.762510	0.508706	0.141877	0.307218	0.204965	0.057217	-0.002482	-2.997518
0.112000	-167.240529	-166.825364	334.065893	0.415166	501.306422	1.287789	1.287782	1.287542	0.789372	0.526627	0.146880	0.229559	0.153154	0.042754	-0.002482	-2.997518
0.112200	-167.240529	-166.825364	334.065893	0.415166	501.306422	1.387789	1.387785	1.387627	0.808347	0.539287	0.150414	0.149607	0.099813	0.027864	-0.002482	-2.997518
0.112400	-167.240529	-166.825364	334.065893	0.415166	501.306422	1.487789	1.487787	1.487713	0.819244	0.546557	0.152443	0.068160	0.045474	0.012695	-0.002482	-2.997518
0.112600	-167.240529	-166.825364	334.065893	0.415166	501.306422	1.587789	1.587790	1.587800	0.821956	0.548367	0.152948	-0.013969	-0.009320	-0.002601	-0.002482	-2.997518
0.112800	-167.240529	-166.825364	334.065893	0.415166	501.306422	1.687789	1.687793	1.687886	0.816455	0.544696	0.151924	-0.095958	-0.064020	-0.017871	-0.002482	-2.997518
0.113000	-167.240529	-166.825364	334.065893	0.415166	501.306422	1.787790	1.787795	1.787972	0.802796	0.535584	0.149380	-0.176988	-0.118080	-0.032962	-0.002482	-2.997518
0.113200	-167.240529	-166.825364	334.065893	0.415166	501.306422	1.887790	1.887798	1.888057	0.781116	0.521119	0.145342	-0.256249	-0.170961	-0.047723	-0.002482	-2.997518
0.113400	-167.240529	-166.825364	334.065893	0.415166	501.306422	1.987790	1.987801	1.988138	0.751630	0.501447	0.139851	-0.332951	-0.222133	-0.062008	-0.002482	-2.997518
0.113600	-167.240529	-166.825364	334.065893	0.415166	501.306422	2.087790	2.087803	2.088216	0.714635	0.476765	0.132961	-0.406325	-0.271086	-0.075673	-0.002482	-2.997518
0.113800	-167.240529	-166.825364	334.065893	0.415166	501.306422	2.187791	2.187806	2.188290	0.670498	0.447319	0.124741	-0.475639	-0.317330	-0.088583	-0.002482	-2.997518
0.114000	-167.240529	-166.825364	334.065893	0.415166	501.306422	2.287791	2.287809	2.288360	0.619663	0.413403	0.115273	-0.540200	-0.360403	-0.100606	-0.002482	-2.997518
0.114200	-167.240529	-166.825364	334.065893	0.415166	501.306422	2.387792	2.387811	2.388423	0.562635	0.375356	0.104652	-0.599364	-0.399875	-0.111625	-0.002482	-2.997518
0.114400	-167.240529	-166.825364	334.065893	0.415166	501.306422	2.487793	2.487814	2.488481	0.499986	0.333559	0.092985	-0.652538	-0.435351	-0.121528	-0.002482	-2.997518
0.114600	-167.240529	-166.825364	334.065893	0.415166	501.306422	2.587794	2.587817	2.588532	0.432341	0.288429	0.080386	-0.699192	-0.466477	-0.130217	-0.002482	-2.997518
0.114800	-167.240529	-166.825364	334.065893	0.415166	501.306422	2.687796	2.687819	2.688576	0.360377	0.240416	0.066984	-0.738860	-0.492942	-0.137605	-0.002482	-2.997518
0.115000	-167.240529	-166.825364	334.065893	0.415166	501.306422	2.787797	2.787822	2.788612	0.284811	0.190002	0.052910	-0.771145	-0.514482	-0.143618	-0.002482	-2.997518
0.115200	-167.240529	-166.825364	334.065893	0.415166	501.306422	2.887799	2.887825	2.888641	0.206400	0.137689	0.038307	-0.795725	-0.530880	-0.148195	-0.002482	-2.997518
0.115400	-167.240529	-166.825364	334.065893	0.415166	501.306422	2.987802	2.987828	2.988661	0.125927	0.084000	0.023319	-0.812353	-0.541974	-0.151292	-0.002482	-2.997518
0.115600	-167.240529	-166.825364	334.065893	0.415166	501.306422	3.087804	3.087831	3.088673	0.044196	0.029471	0.008098	-0.820864	-0.547653	-0.152877	-0.002482	-2.997518
0.115800	-167.240529	-166.825364	334.065893	0.415166	501.306422	-3.095378	-3.095352	-3.094509	-0.037977	-0.025351	-0.007206	-0.821173	-0.547859	-0.152935	-0.002482	-2.997518
0.116000	-167.240529	-166.825364	334.065893	0.415166	501.306422	-2.995375	-2.995349	-2.994513	-0.119770	-0.079921	-0.022439	-0.813276	-0.542590	-0.151464	-0.002482	-2.997518
0.116200	-167.240529	-166.825364	334.065893	0.415166	501.306422	-2.895372	-2.895346	-2.894527	-0.200366	-0.133692	-0.037450	-0.797254	-0.531900	-0.148480	-0.002482	-2.997518
0.116400	-167.240529	-166.825364	334.065893	0.415166	501.306422	-2.795368	-2.795343	-2.794548	-0.278959	-0.186127	-0.052087	-0.773264	-0.515896	-0.144012	-0.002482	-2.997518
0.116600	-167.240529	-166.825364	334.065893	0.415166	501.306422	-2.695364	-2.695340	-2.694577	-0.354765	-0.236702	-0.066205	-0.741548	-0.494736	-0.138106	-0.002482	-2.997518
0.116800	-167.240529	-166.825364	334.065893	0.415166	501.306422	-2.595360	-2.595337	-2.594614	-0.427026	-0.284912	-0.079663	-0.702423	-0.468633	-0.130819	-0.002482	-2.997518
0.117000	-167.240529	-166.825364	334.065893	0.415166	501.306422	-2.495356	-2.495335	-2.494658	-0.495020	-0.330275	-0.092326	-0.656278	-0.437847	-0.122225	-0.002482	-2.997518
0.117200	-167.240529	-166.825364	334.065893	0.415166	501.306422	-2.395351	-2.395332	-2.394708	-0.558067	-0.372338	-0.104068	-0.603576	-0.402685	-0.112410	-0.002482	-2.997518
0.117400	-167.240529	-166.825364	334.065893	0.415166	501.306422	-2.295346	-2.295329	-2.294765	-0.615537	-0.410680	-0.114771	-0.544843	-0.363501	-0.101471	-0.002482	-2.997518
0.117600	-167.240529	-166.825364	334.065893	0.415166	501.306422	-2.195341	-2.195326	-2.194827	-0.666857	-0.444919	-0.124329	-0.480666	-0.320684	-0.089519	-0.002482	-2.997518
0.117800	-167.240529	-166.825364	334.065893	0.415166	501.306422	-2.095336	-2.095323	-2.094895	-0.711513	-0.474712	-0.132646	-0.411685	-0.274662	-0.076672	-0.002482	-2.997518
0.118000	-167.240529	-166.825364	334.065893	0.415166	501.306422	-1.995331	-1.995320	-1.994966	-0.749059	-0.499761	-0.139639	-0.338591	-0.225897	-0.063059	-0.002482	-2.997518
0.118200	-167.240529	-166.825364	334.065893	0.415166	501.306422	-1.895325	-1.895317	-1.895042	-0.779120	-0.519817	-0.145237	-0.262114	-0.174874	-0.048815	-0.002482	-2.997518
0.118400	-167.240529	-166.825364	334.065893	0.415166	501.306422	-1.795320	-1.795314	-1.795119	-0.801396	-0.534679	-0.149386	-0.183018	-0.122103	-0.034084	-0.002482	-2.997518
0.118600	-167.240529	-166.825364	334.065893	0.415166	501.306422	-1.695314	-1.695311	-1.695199	-0.815664	-0.544198	-0.152043	-0.102093	-0.068113	-0.019013	-0.002482	-2.997518
0.118800	-167.240529	-166.825364	334.065893	0.415166	501.306422	-1.595308	-1.595308	-1.595280	-0.821781	-0.548279	-0.153182	-0.020148	-0.013442	-0.003751	-0.002482	-2.997518
0.119000	-167.240529	-166.825364	334.065893	0.415166	501.306422	-1.495303	-1.495305	-1.495361	-0.819687	-0.546882	-0.152792	0.061999	0.041364	0.011548	-0.002482	-2.997518
0.119200	-167.240529	-166.825364	334.065893	0.415166	501.306422	-1.395297	-1.395302	-1.395442	-0.809402	-0.540020	-0.150877	0.143526	0.095756	0.026731	-0.002482	-2.997518
0.119400	-167.240529	-166.825364	334.065893	0.415166	501.306422	-1.295291	-1.295299	-1.295521	-0.791029	-0.527762	-0.147455	0.223619	0.149191	0.041648	-0.002482	-2.997518
0.119600	-167.240529	-166.825364	334.065893	0.415166	501.306422	-1.195286	-1.195296	-1.195598	-0.764751	-0.510231	-0.142561	0.301477	0.201135	0.056148	-0.002482	-2.997518
0.119800	-167.240529	-166.825364	334.065893	0.415166	501.306422	-1.095280	-1.095293	-1.095672	-0.730832	-0.487601	-0.136244	0.376323	0.251070	0.070088	-0.002482	-2.997518
0.120000	-167.240529	-166.825364	334.065893	0.415166	501.306422	-0.995275	-0.995290	-0.995742	-0.689610	-0.460099	-0.128567	0.447409	0.298496	0.083327	-0.002482	-2.997518
0.120200	-167.240529	-166.825364	334.065893	0.415166	501.306422	-0.895270	-0.895287	-0.895808	-0.641497	-0.427999	-0.119606	0.514024	0.342939	0.095733	-0.002482	-2.997518
0.120400	-167.240529	-166.825364	334.065893	0.415166	501.306422	-0.795265	-0.795284	-0.795869	-0.586973	-0.391623	-0.109452	0.575503	0.383956	0.107183	-0.002482	-2.997518
0.120600	-167.240529	-166.825364	334.065893	0.415166	501.306422	-0.695260	-0.695281	-0.695923	-0.526585	-0.351334	-0.098205	0.631231	0.421136	0.117562	-0.002482	-2.997518
0.120800	-167.240529	-166.825364	334.065893	0.415166	501.306422	-0.595256	-0.595278	-0.595972	-0.460934	-0.307534	-0.085978	0.680652	0.454108	0.126766	-0.002482	-2.997518
0.121000	-167.240529	-166.825364	334.065893	0.415166	501.306422	-0.495251	-0.495275	-0.496013	-0.390677	-0.260661	-0.072893	0.723272	0.482542	0.134704	-0.002482	-2.997518
0.121200	-167.240529	-166.825364	334.065893	0.415166	501.306422	-0.395247	-0.395272	-0.396047	-0.316516	-0.211183	-0.059081	0.758664	0.506155	0.141295	-0.002482	-2.997518
0.121400	-167.240529	-166.825364	334.065893	0.415166	501.306422	-0.295243	-0.295269	-0.296074	-0.239193	-0.159596	-0.044681	0.786476	0.524710	0.146475	-0.002482	-2.997518
0.121600	-167.240529	-166.825364	334.065893	0.415166	501.306422	-0.195240	-0.195266	-0.196092	-0.159479	-0.106413	-0.029835	0.806429	0.538022	0.150191	-0.002482	-2.997518
0.121800	-167.240529	-166.825364	334.065893	0.415166	501.306422	-0.095237	-0.095263	-0.096102	-0.078171	-0.052168	-0.014692	0.818324	0.545958	0.152406	-0.002482	-2.997518
0.122000	-167.240529	-166.825364	334.065893	0.415166	501.306422	0.004766	0.004740	0.003896	0.003918	0.002599	0.000596	0.822042	0.548439	0.153099	-0.002482	-2.997518
0.122200	-167.240529	-166.825364	334.065893	0.415166	501.306422	0.104769	0.104743	0.103903	0.085968	0.057341	0.015878	0.817546	0.545439	0.152262	-0.002482	-2.997518
0.122400	-167.240529	-166.825364	334.065893	0.415166	501.306422	0.204771	0.204745	0.203917	0.167160	0.111509	0.030999	0.804881	0.536989	0.149903	-0.002482	-2.997518
0.122600	-167.240529	-166.825364	334.065893	0.415166	501.306422	0.304774	0.304748	0.303941	0.246681	0.164563	0.045809	0.784174	0.523174	0.146046	-0.002482	-2.997518
0.122800	-167.240529	-166.825364	334.065893	0.415166	501.306422	0.404775	0.404751	0.403972	0.323738	0.215972	0.060160	0.755631	0.504131	0.140730	-0.002482	-2.997518
0.123000	-167.240529	-166.825364	334.065893	0.415166	501.306422	0.504777	0.504754	0.504011	0.397560	0.265224	0.073909	0.719537	0.480051	0.134008	-0.002482	-2.997518
0.123200	-167.240529	-166.825364	334.065893	0.415166	501.306422	0.604778	0.604757	0.604057	0.467409	0.311825	0.086917	0.676254	0.451173	0.125947	-0.002482	-2.997518
0.123400	-167.240529	-166.825364	334.065893	0.415166	501.306422	0.704780	0.704759	0.704111	0.532589	0.355311	0.099057	0.626213	0.417788	0.116628	-0.002482	-2.997518
0.123600	-167.240529	-166.825364	334.065893	0.415166	501.306422	0.804780	0.804762	0.804170	0.592447	0.395246	0.110205	0.569915	0.380228	0.106143	-0.002482	-2.997518
0.123800	-167.240529	-166.825364	334.065893	0.415166	501.306422	0.904781	0.904765	0.904236	0.646385	0.431232	0.120250	0.507922	0.338868	0.094597	-0.002482	-2.997518
0.124000	-167.240529	-166.825364	334.065893	0.415166	501.306422	1.004782	1.004767	1.004307	0.693865	0.462909	0.129093	0.440854	0.294123	0.082106	-0.002482	-2.997518
0.124200	-167.240529	-166.825364	334.065893	0.415166	501.306422	1.104782	1.104770	1.104383	0.734412	0.489960	0.136644	0.369381	0.246438	0.068795	-0.002482	-2.997518
0.124400	-167.240529	-166.825364	334.065893	0.415166	501.306422	1.204782	1.204773	1.204462	0.767620	0.512116	0.142829	0.294217	0.196292	0.054797	-0.002482	-2.997518
0.124600	-167.240529	-166.825364	334.065893	0.415166	501.306422	1.304783	1.304776	1.304545	0.793159	0.529154	0.147585	0.216113	0.144183	0.040250	-0.002482	-2.997518
0.124800	-167.240529	-166.825364	334.065893	0.415166	501.306422	1.404783	1.404778	1.404630	0.810772	0.540905	0.150866	0.135850	0.090634	0.025302	-0.002482	-2.997518
0.125000	-167.240529	-166.825364	334.065893	0.415166	501.306422	1.504783	1.504781	1.504716	0.820284	0.547251	0.152637	0.054229	0.036180	0.010101	-0.002482	-2.997518
0.125200	-167.240529	-166.825364	334.065893	0.415166	501.306422	1.604783	1.604784	1.604803	0.821600	0.548129	0.152882	-0.027934	-0.018637	-0.005201	-0.002482	-2.997518
0.125400	-167.240529	-166.825364	334.065893	0.415166	501.306422	1.704783	1.704786	1.704890	0.814707	0.543530	0.151598	-0.109817	-0.073266	-0.020451	-0.002482	-2.997518
0.125600	-167.240529	-166.825364	334.065893	0.415166	501.306422	1.804783	1.804789	1.804975	0.799673	0.533500	0.148798	-0.190604	-0.127164	-0.035497	-0.002482	-2.997518
0.125800	-167.240529	-166.825364	334.065893	0.415166	501.306422	1.904783	1.904791	1.905059	0.776648	0.518139	0.144510	-0.269485	-0.179792	-0.050188	-0.002482	-2.997518
0.126000	-167.240529	-166.825364	334.065893	0.415166	501.306422	2.004783	2.004794	2.005141	0.745864	0.497600	0.138777	-0.345674	-0.230622	-0.064377	-0.002482	-2.997518
0.126200	-167.240529	-166.825364	334.065893	0.415166	501.306422	2.104783	2.104797	2.105218	0.707627	0.472090	0.131656	-0.418409	-0.279148	-0.077923	-0.002482	-2.997518
0.126400	-167.240529	-166.825364	334.065893	0.415166	501.306422	2.204784	2.204799	2.205292	0.662319	0.441862	0.123218	-0.486963	-0.324885	-0.090691	-0.002482	-2.997518
0.126600	-167.240529	-166.825364	334.065893	0.415166	501.306422	2.304784	2.304802	2.305360	0.610394	0.407219	0.113547	-0.550652	-0.367376	-0.102552	-0.002482	-2.997518
0.126800	-167.240529	-166.825364	334.065893	0.415166	501.306422	2.404785	2.404805	2.405424	0.552369	0.368507	0.102740	-0.608837	-0.406196	-0.113389	-0.002482	-2.997518
0.127000	-167.240529	-166.825364	334.065893	0.415166	501.306422	2.504786	2.504808	2.505480	0.488826	0.326113	0.090906	-0.660940	-0.440957	-0.123092	-0.002482	-2.997518
0.127200	-167.240529	-166.825364	334.065893	0.415166	501.306422	2.604787	2.604810	2.605531	0.420398	0.280460	0.078162	-0.706438	-0.471311	-0.131566	-0.002482	-2.997518
0.127400	-167.240529	-166.825364	334.065893	0.415166	501.306422	2.704789	2.704813	2.705574	0.347769	0.232005	0.064636	-0.744877	-0.496957	-0.138725	-0.002482	-2.997518
0.127600	-167.240529	-166.825364	334.065893	0.415166	501.306422	2.804791	2.804816	2.805609	0.271666	0.181232	0.050462	-0.775873	-0.517636	-0.144498	-0.002482	-2.997518
0.127800	-167.240529	-166.825364	334.065893	0.415166	501.306422	2.904793	2.904819	2.905637	0.192849	0.128648	0.035783	-0.799117	-0.533143	-0.148827	-0.002482	-2.997518
0.128000	-167.240529	-166.825364	334.065893	0.415166	501.306422	3.004795	3.004821	3.005656	0.112105	0.074778	0.020745	-0.814375	-0.543323	-0.151668	-0.002482	-2.997518
0.128200	-167.240529	-166.825364	334.065893	0.415166	501.306422	3.104798	3.104824	3.105667	0.030241	0.020161	0.005499	-0.821496	-0.548074	-0.152994	-0.002482	-2.997518
0.128400	-167.240529	-166.825364	334.065893	0.415166	501.306422	-3.078385	-3.078358	-3.077516	-0.051925	-0.034657	-0.009804	-0.820409	-0.547349	-0.152792	-0.002482	-2.997518
0.128600	-167.240529	-166.825364	334.065893	0.415166	501.306422	-2.978382	-2.978356	-2.977521	-0.133572	-0.089129	-0.025010	-0.811124	-0.541154	-0.151063	-0.002482	-2.997518
0.128800	-167.240529	-166.825364	334.065893	0.415166	501.306422	-2.878378	-2.878353	-2.877535	-0.213884	-0.142711	-0.039967	-0.793733	-0.529552	-0.147824	-0.002482	-2.997518
0.129000	-167.240529	-166.825364	334.065893	0.415166	501.306422	-2.778375	-2.778350	-2.777558	-0.292059	-0.194866	-0.054527	-0.768412	-0.512658	-0.143108	-0.002482	-2.997518
0.129200	-167.240529	-166.825364	334.065893	0.415166	501.306422	-2.678371	-2.678347	-2.677588	-0.367315	-0.245075	-0.068542	-0.735413	-0.490642	-0.136962	-0.002482	-2.997518
0.129400	-167.240529	-166.825364	334.065893	0.415166	501.306422	-2.578367	-2.578344	-2.577625	-0.438901	-0.292834	-0.081874	-0.695065	-0.463723	-0.129448	-0.002482	-2.997518
0.129600	-167.240529	-166.825364	334.065893	0.415166	501.306422	-2.478362	-2.478341	-2.477670	-0.506100	-0.337667	-0.094390	-0.647772	-0.432171	-0.120640	-0.002482	-2.997518
0.129800	-167.240529	-166.825364	334.065893	0.415166	501.306422	-2.378357	-2.378338	-2.377721	-0.568243	-0.379127	-0.105963	-0.594006	-0.396300	-0.110626	-0.002482	-2.997518
0.130000	-167.240529	-166.825364	334.065893	0.415166	501.306422	-2.278352	-2.278335	-2.277779	-0.624707	-0.416798	-0.116479	-0.534304	-0.356470	-0.099508	-0.002482	-2.997518
0.130200	-167.240529	-166.825364	334.065893	0.415166	501.306422	-2.178347	-2.178332	-2.177842	-0.674929	-0.450304	-0.125832	-0.469264	-0.313077	-0.087394	-0.002482	-2.997518
0.130400	-167.240529	-166.825364	334.065893	0.415166	501.306422	-2.078342	-2.078329	-2.077910	-0.718406	-0.479311	-0.133930	-0.399535	-0.266556	-0.074408	-0.002482	-2.997518
0.130600	-167.240529	-166.825364	334.065893	0.415166	501.306422	-1.978337	-1.978326	-1.977982	-0.754705	-0.503528	-0.140690	-0.325814	-0.217372	-0.060678	-0.002482	-2.997518
0.130800	-167.240529	-166.825364	334.065893	0.415166	501.306422	-1.878331	-1.878323	-1.878057	-0.783462	-0.522714	-0.146046	-0.248837	-0.166015	-0.046342	-0.002482	-2.997518
0.131000	-167.240529	-166.825364	334.065893	0.415166	501.306422	-1.778326	-1.778320	-1.778135	-0.804390	-0.536677	-0.149944	-0.169373	-0.113000	-0.031542	-0.002482	-2.997518
0.131200	-167.240529	-166.825364	334.065893	0.415166	501.306422	-1.678320	-1.678317	-1.678215	-0.817281	-0.545277	-0.152344	-0.088217	-0.058856	-0.016428	-0.002482	-2.997518
0.131400	-167.240529	-166.825364	334.065893	0.415166	501.306422	-1.578314	-1.578314	-1.578296	-0.822005	-0.548428	-0.153224	-0.006180	-0.004123	-0.001149	-0.002482	-2.997518
0.131600	-167.240529	-166.825364	334.065893	0.415166	501.306422	-1.478309	-1.478311	-1.478378	-0.818515	-0.546100	-0.152574	0.075919	0.050651	0.014141	-0.002482	-2.997518
0.131800	-167.240529	-166.825364	334.065893	0.415166	501.306422	-1.378303	-1.378308	-1.378458	-0.806846	-0.538315	-0.150401	0.157260	0.104918	0.029290	-0.002482	-2.997518
0.132000	-167.240529	-166.825364	334.065893	0.415166	501.306422	-1.278298	-1.278305	-1.278537	-0.787115	-0.525151	-0.146726	0.237029	0.158137	0.044146	-0.002482	-2.997518
0.132200	-167.240529	-166.825364	334.065893	0.415166	501.306422	-1.178292	-1.178302	-1.178614	-0.759518	-0.506739	-0.141586	0.314429	0.209777	0.058561	-0.002482	-2.997518
0.132400	-167.240529	-166.825364	334.065893	0.415166	501.306422	-1.078287	-1.078299	-1.078687	-0.724332	-0.483264	-0.135033	0.388688	0.259319	0.072391	-0.002482	-2.997518
0.132600	-167.240529	-166.825364	334.065893	0.415166	501.306422	-0.978281	-0.978296	-0.978757	-0.681908	-0.454960	-0.127132	0.459063	0.306271	0.085498	-0.002482	-2.997518
0.132800	-167.240529	-166.825364	334.065893	0.415166	501.306422	-0.878276	-0.878293	-0.878822	-0.632669	-0.422110	-0.117962	0.524851	0.350163	0.097750	-0.002482	-2.997518
0.133000	-167.240529	-166.825364	334.065893	0.415166	501.306422	-0.778271	-0.778290	-0.778882	-0.577109	-0.385042	-0.107614	0.585394	0.390555	0.109026	-0.002482	-2.997518
0.133200	-167.240529	-166.825364	334.065893	0.415166	501.306422	-0.678266	-0.678287	-0.678936	-0.515782	-0.344127	-0.096193	0.640088	0.427045	0.119212	-0.002482	-2.997518
0.133400	-167.240529	-166.825364	334.065893	0.415166	501.306422	-0.578262	-0.578284	-0.578984	-0.449301	-0.299773	-0.083811	0.688387	0.459268	0.128207	-0.002482	-2.997518
0.133600	-167.240529	-166.825364	334.065893	0.415166	501.306422	-0.478258	-0.478281	-0.479024	-0.378330	-0.252424	-0.070594	0.729806	0.486902	0.135922	-0.002482	-2.997518
0.133800	-167.240529	-166.825364	334.065893	0.415166	501.306422	-0.378254	-0.378278	-0.379058	-0.303579	-0.202552	-0.056672	0.763933	0.509670	0.142277	-0.002482	-2.997518
0.134000	-167.240529	-166.825364	334.065893	0.415166	501.306422	-0.278250	-0.278275	-0.279083	-0.225794	-0.150656	-0.042185	0.790427	0.527346	0.147212	-0.002482	-2.997518
0.134200	-167.240529	-166.825364	334.065893	0.415166	501.306422	-0.178246	-0.178273	-0.179100	-0.145752	-0.097256	-0.027278	0.809023	0.539752	0.150675	-0.002482	-2.997518
0.134400	-167.240529	-166.825364	334.065893	0.415166	501.306422	-0.078243	-0.078270	-0.079110	-0.064254	-0.042883	-0.012100	0.819535	0.546766	0.152633	-0.002482	-2.997518
0.134600	-167.240529	-166.825364	334.065893	0.415166	501.306422	0.021760	0.021733	0.020889	0.017886	0.011919	0.003198	0.821857	0.548315	0.153065	-0.002482	-2.997518
0.134800	-167.240529	-166.825364	334.065893	0.415166	501.306422	0.121763	0.121736	0.120897	0.099848	0.066601	0.018463	0.815968	0.544386	0.151968	-0.002482	-2.997518
0.135000	-167.240529	-166.825364	334.065893	0.415166	501.306422	0.221765	0.221739	0.220913	0.180813	0.120617	0.033541	0.801925	0.535017	0.149353	-0.002482	-2.997518
0.135200	-167.240529	-166.825364	334.065893	0.415166	501.306422	0.321767	0.321742	0.320937	0.259971	0.173429	0.048284	0.779869	0.520302	0.145245	-0.002482	-2.997518
0.135400	-167.240529	-166.825364	334.065893	0.415166	501.306422	0.421769	0.421745	0.420969	0.336531	0.224508	0.062543	0.750021	0.500388	0.139686	-0.002482	-2.997518
0.135600	-167.240529	-166.825364	334.065893	0.415166	501.306422	0.521770	0.521747	0.521009	0.409729	0.273343	0.076175	0.712678	0.475474	0.132732	-0.002482	-2.997518
0.135800	-167.240529	-166.825364	334.065893	0.415166	501.306422	0.621772	0.621750	0.621056	0.478833	0.319447	0.089045	0.668214	0.445809	0.124451	-0.002482	-2.997518
0.136000	-167.240529	-166.825364	334.065893	0.415166	501.306422	0.721773	0.721753	0.721110	0.543153	0.362359	0.101024	0.617073	0.411690	0.114926	-0.002482	-2.997518
0.136200	-167.240529	-166.825364	334.065893	0.415166	501.306422	0.821774	0.821756	0.821171	0.602046	0.401650	0.111992	0.559766	0.373457	0.104253	-0.002482	-2.997518
0.136400	-167.240529	-166.825364	334.065893	0.415166	501.306422	0.921774	0.921758	0.921237	0.654923	0.436928	0.121840	0.496865	0.331492	0.092539	-0.002482	-2.997518
0.136600	-167.240529	-166.825364	334.065893	0.415166	501.306422	1.021775	1.021761	1.021309	0.701256	0.467840	0.130469	0.429000	0.286214	0.079899	-0.002482	-2.997518
0.136800	-167.240529	-166.825364	334.065893	0.415166	501.306422	1.121775	1.121764	1.121385	0.740582	0.494077	0.137793	0.356848	0.238077	0.066462	-0.002482	-2.997518
0.137000	-167.240529	-166.825364	334.065893	0.415166	501.306422	1.221776	1.221766	1.221465	0.772509	0.515377	0.143739	0.281131	0.187561	0.052360	-0.002482	-2.997518
0.137200	-167.240529	-166.825364	334.065893	0.415166	501.306422	1.321776	1.321769	1.321548	0.796717	0.531528	0.148248	0.202604	0.135171	0.037735	-0.002482	-2.997518
0.137400	-167.240529	-166.825364	334.065893	0.415166	501.306422	1.421776	1.421772	1.421633	0.812964	0.542367	0.151274	0.122053	0.081430	0.022733	-0.002482	-2.997518
0.137600	-167.240529	-166.825364	334.065893	0.415166	501.306422	1.521776	1.521774	1.521719	0.821087	0.547787	0.152787	0.040282	0.026875	0.007504	-0.002482	-2.997518
0.137800	-167.240529	-166.825364	334.065893	0.415166	501.306422	1.621776	1.621777	1.621806	0.821007	0.547733	0.152772	-0.041891	-0.027948	-0.007800	-0.002482	-2.997518
0.138000	-167.240529	-166.825364	334.065893	0.415166	501.306422	1.721776	1.721780	1.721893	0.812723	0.542207	0.151229	-0.123645	-0.082492	-0.023026	-0.002482	-2.997518
0.138200	-167.240529	-166.825364	334.065893	0.415166	501.306422	1.821776	1.821782	1.821979	0.796318	0.531262	0.148174	-0.204164	-0.136212	-0.038022	-0.002482	-2.997518
0.138400	-167.240529	-166.825364	334.065893	0.415166	501.306422	1.921776	1.921785	1.922062	0.771957	0.515009	0.143637	-0.282644	-0.188570	-0.052638	-0.002482	-2.997518
0.138600	-167.240529	-166.825364	334.065893	0.415166	501.306422	2.021776	2.021788	2.022143	0.739882	0.493610	0.137663	-0.358298	-0.239044	-0.066728	-0.002482	-2.997518
0.138800	-167.240529	-166.825364	334.065893	0.415166	501.306422	2.121776	2.121790	2.122220	0.700415	0.467278	0.130313	-0.430373	-0.287130	-0.080151	-0.002482	-2.997518
0.139000	-167.240529	-166.825364	334.065893	0.415166	501.306422	2.221777	2.221793	2.222293	0.653949	0.436278	0.121659	-0.498147	-0.332347	-0.092773	-0.002482	-2.997518
0.139200	-167.240529	-166.825364	334.065893	0.415166	501.306422	2.321778	2.321796	2.322361	0.600948	0.400918	0.111788	-0.560944	-0.374243	-0.104468	-0.002482	-2.997518
0.139400	-167.240529	-166.825364	334.065893	0.415166	501.306422	2.421778	2.421798	2.422424	0.541944	0.361552	0.100799	-0.618136	-0.412399	-0.115120	-0.002482	-2.997518
0.139600	-167.240529	-166.825364	334.065893	0.415166	501.306422	2.521779	2.521801	2.522480	0.477524	0.318573	0.088801	-0.669151	-0.446434	-0.124621	-0.002482	-2.997518
0.139800	-167.240529	-166.825364	334.065893	0.415166	501.306422	2.621781	2.621804	2.622529	0.408333	0.272411	0.075915	-0.713479	-0.476009	-0.132877	-0.002482	-2.997518
0.140000	-167.240529	-166.825364	334.065893	0.415166	501.306422	2.721782	2.721807	2.722571	0.335062	0.223527	0.062269	-0.750679	-0.500827	-0.139805	-0.002482	-2.997518
0.140200	-167.240529	-166.825364	334.065893	0.415166	501.306422	2.821784	2.821809	2.822606	0.258443	0.172410	0.047999	-0.780377	-0.520641	-0.145336	-0.002482	-2.997518
0.140400	-167.240529	-166.825364	334.065893	0.415166	501.306422	2.921786	2.921812	2.922632	0.179242	0.119570	0.033249	-0.802278	-0.535253	-0.149415	-0.002482	-2.997518
0.140600	-167.240529	-166.825364	334.065893	0.415166	501.306422	3.021788	3.021815	3.022651	0.098250	0.065535	0.018165	-0.816162	-0.544516	-0.152000	-0.002482	-2.997518
0.140800	-167.240529	-166.825364	334.065893	0.415166	501.306422	3.121791	3.121818	3.122661	0.016277	0.010845	0.002898	-0.821891	-0.548338	-0.153067	-0.002482	-2.997518
0.141000	-167.240529	-166.825364	334.065893	0.415166	501.306422	-3.061391	-3.061365	-3.060523	-0.065859	-0.043953	-0.012399	-0.819408	-0.546681	-0.152605	-0.002482	-2.997518
0.141200	-167.240529	-166.825364	334.065893	0.415166	501.306422	-2.961388	-2.961362	-2.960529	-0.147336	-0.098312	-0.027573	-0.808736	-0.539561	-0.150617	-0.002482	-2.997518
0.141400	-167.240529	-166.825364	334.065893	0.415166	501.306422	-2.861385	-2.861359	-2.860544	-0.227341	-0.151689	-0.042473	-0.789984	-0.527050	-0.147125	-0.002482	-2.997518
0.141600	-167.240529	-166.825364	334.065893	0.415166	501.306422	-2.761381	-2.761356	-2.760568	-0.305074	-0.203550	-0.056950	-0.763338	-0.509273	-0.142162	-0.002482	-2.997518
0.141800	-167.240529	-166.825364	334.065893	0.415166	501.306422	-2.661377	-2.661353	-2.660598	-0.379759	-0.253377	-0.070860	-0.729064	-0.486407	-0.135779	-0.002482	-2.997518
0.142000	-167.240529	-166.825364	334.065893	0.415166	501.306422	-2.561373	-2.561351	-2.560637	-0.450648	-0.300672	-0.084062	-0.687506	-0.458681	-0.128039	-0.002482	-2.997518
0.142200	-167.240529	-166.825364	334.065893	0.415166	501.306422	-2.461368	-2.461348	-2.460682	-0.517035	-0.344962	-0.096426	-0.639078	-0.426371	-0.119020	-0.002482	-2.997518
0.142400	-167.240529	-166.825364	334.065893	0.415166	501.306422	-2.361364	-2.361345	-2.360735	-0.578254	-0.385806	-0.107828	-0.584264	-0.389801	-0.108811	-0.002482	-2.997518
0.142600	-167.240529	-166.825364	334.065893	0.415166	501.306422	-2.261359	-2.261342	-2.260793	-0.633696	-0.422795	-0.118153	-0.523612	-0.349336	-0.097515	-0.002482	-2.997518
0.142800	-167.240529	-166.825364	334.065893	0.415166	501.306422	-2.161354	-2.161339	-2.160856	-0.682805	-0.455559	-0.127299	-0.457727	-0.305380	-0.085245	-0.002482	-2.997518
0.143000	-167.240529	-166.825364	334.065893	0.415166	501.306422	-2.061348	-2.061336	-2.060925	-0.725091	-0.483771	-0.135175	-0.387269	-0.258373	-0.072123	-0.002482	-2.997518
0.143200	-167.240529	-166.825364	334.065893	0.415166	501.306422	-1.961343	-1.961333	-1.960997	-0.760132	-0.507149	-0.141701	-0.312942	-0.208784	-0.058280	-0.002482	-2.997518
0.143400	-167.240529	-166.825364	334.065893	0.415166	501.306422	-1.861337	-1.861330	-1.861073	-0.787577	-0.525459	-0.146812	-0.235487	-0.157109	-0.043855	-0.002482	-2.997518
0.143600	-167.240529	-166.825364	334.065893	0.415166	501.306422	-1.761332	-1.761327	-1.761152	-0.807152	-0.538519	-0.150458	-0.155680	-0.103864	-0.028991	-0.002482	-2.997518
0.143800	-167.240529	-166.825364	334.065893	0.415166	501.306422	-1.661326	-1.661324	-1.661232	-0.818662	-0.546198	-0.152601	-0.074317	-0.049581	-0.013838	-0.002482	-2.997518
0.144000	-167.240529	-166.825364	334.065893	0.415166	501.306422	-1.561321	-1.561321	-1.561313	-0.821991	-0.548419	-0.153222	0.007789	0.005197	0.001453	-0.002482	-2.997518
0.144200	-167.240529	-166.825364	334.065893	0.415166	501.306422	-1.461315	-1.461318	-1.461394	-0.817107	-0.545160	-0.152312	0.089817	0.059923	0.016730	-0.002482	-2.997518
0.144400	-167.240529	-166.825364	334.065893	0.415166	501.306422	-1.361309	-1.361315	-1.361474	-0.804057	-0.536454	-0.149881	0.170948	0.114050	0.031840	-0.002482	-2.997518
0.144600	-167.240529	-166.825364	334.065893	0.415166	501.306422	-1.261304	-1.261312	-1.261553	-0.782973	-0.522388	-0.145955	0.250370	0.167038	0.046632	-0.002482	-2.997518
0.144800	-167.240529	-166.825364	334.065893	0.415166	501.306422	-1.161298	-1.161309	-1.161629	-0.754065	-0.503101	-0.140571	0.327290	0.218357	0.060957	-0.002482	-2.997518
0.145000	-167.240529	-166.825364	334.065893	0.415166	501.306422	-1.061293	-1.061306	-1.061703	-0.717622	-0.478788	-0.133784	0.400941	0.267494	0.074674	-0.002482	-2.997518
0.145200	-167.240529	-166.825364	334.065893	0.415166	501.306422	-0.961287	-0.961303	-0.961772	-0.674008	-0.449690	-0.125661	0.470585	0.313958	0.087645	-0.002482	-2.997518
0.145400	-167.240529	-166.825364	334.065893	0.415166	501.306422	-0.861282	-0.861300	-0.861836	-0.623659	-0.416099	-0.116284	0.535526	0.357285	0.099739	-0.002482	-2.997518
0.145600	-167.240529	-166.825364	334.065893	0.415166	501.306422	-0.761277	-0.761297	-0.761896	-0.567078	-0.378350	-0.105746	0.595117	0.397042	0.110838	-0.002482	-2.997518
0.145800	-167.240529	-166.825364	334.065893	0.415166	501.306422	-0.661273	-0.661294	-0.661949	-0.504831	-0.336821	-0.094153	0.648761	0.432831	0.120828	-0.002482	-2.997518
0.146000	-167.240529	-166.825364	334.065893	0.415166	501.306422	-0.561268	-0.561291	-0.561996	-0.437539	-0.291925	-0.081621	0.695922	0.464296	0.129612	-0.002482	-2.997518
0.146200	-167.240529	-166.825364	334.065893	0.415166	501.306422	-0.461264	-0.461288	-0.462035	-0.365874	-0.244113	-0.068274	0.736130	0.491121	0.137100	-0.002482	-2.997518
0.146400	-167.240529	-166.825364	334.065893	0.415166	501.306422	-0.361260	-0.361285	-0.362068	-0.290554	-0.193862	-0.054246	0.768982	0.513039	0.143218	-0.002482	-2.997518
0.146600	-167.240529	-166.825364	334.065893	0.415166	501.306422	-0.261256	-0.261282	-0.262092	-0.212330	-0.141674	-0.039678	0.794150	0.529830	0.147906	-0.002482	-2.997518
0.146800	-167.240529	-166.825364	334.065893	0.415166	501.306422	-0.161253	-0.161279	-0.162109	-0.131984	-0.088070	-0.024714	0.811383	0.541327	0.151115	-0.002482	-2.997518
0.147000	-167.240529	-166.825364	334.065893	0.415166	501.306422	-0.061250	-0.061276	-0.062117	-0.050319	-0.033586	-0.009505	0.820508	0.547415	0.152815	-0.002482	-2.997518
0.147200	-167.240529	-166.825364	334.065893	0.415166	501.306422	0.038753	0.038727	0.037883	0.031849	0.021234	0.005798	0.821435	0.548033	0.152987	-0.002482	-2.997518
0.147400	-167.240529	-166.825364	334.065893	0.415166	501.306422	0.138756	0.138730	0.137892	0.113699	0.075842	0.021042	0.814154	0.543176	0.151631	-0.002482	-2.997518
0.147600	-167.240529	-166.825364	334.065893	0.415166	501.306422	0.238758	0.238732	0.237909	0.194413	0.129691	0.036074	0.798737	0.532890	0.148760	-0.002482	-2.997518
0.147800	-167.240529	-166.825364	334.065893	0.415166	501.306422	0.338760	0.338735	0.337934	0.273185	0.182245	0.050745	0.775339	0.517280	0.144402	-0.002482	-2.997518
0.148000	-167.240529	-166.825364	334.065893	0.415166	501.306422	0.438762	0.438738	0.437967	0.349227	0.232978	0.064907	0.744194	0.496501	0.138602	-0.002482	-2.997518
0.148200	-167.240529	-166.825364	334.065893	0.415166	501.306422	0.538764	0.538741	0.538007	0.421780	0.281383	0.078419	0.705613	0.470761	0.131417	-0.002482	-2.997518
0.148400	-167.240529	-166.825364	334.065893	0.415166	501.306422	0.638765	0.638744	0.638055	0.490119	0.326976	0.091147	0.659981	0.440317	0.122918	-0.002482	-2.997518
0.148600	-167.240529	-166.825364	334.065893	0.415166	501.306422	0.738766	0.738746	0.738110	0.553560	0.369302	0.102962	0.607754	0.405473	0.113191	-0.002482	-2.997518
0.148800	-167.240529	-166.825364	334.065893	0.415166	501.306422	0.838767	0.838749	0.838172	0.611471	0.407938	0.113748	0.549455	0.366577	0.102334	-0.002482	-2.997518
0.149000	-167.240529	-166.825364	334.065893	0.415166	501.306422	0.938768	0.938752	0.938239	0.663271	0.442498	0.123395	0.485665	0.324019	0.090453	-0.002482	-2.997518
0.149200	-167.240529	-166.825364	334.065893	0.415166	501.306422	1.038768	1.038755	1.038311	0.708445	0.472636	0.131808	0.417022	0.278223	0.077669	-0.002482	-2.997518
0.149400	-167.240529	-166.825364	334.065893	0.415166	501.306422	1.138768	1.138757	1.138387	0.746539	0.498051	0.138903	0.344213	0.229647	0.064109	-0.002482	-2.997518
0.149600	-167.240529	-166.825364	334.065893	0.415166	501.306422	1.238769	1.238760	1.238468	0.777175	0.518490	0.144608	0.267964	0.178776	0.049909	-0.002482	-2.997518
0.149800	-167.240529	-166.825364	334.065893	0.415166	501.306422	1.338769	1.338763	1.338551	0.800044	0.533748	0.148868	0.189037	0.126119	0.035209	-0.002482	-2.997518
0.150000	-167.240529	-166.825364	334.065893	0.415166	501.306422	1.438769	1.438765	1.438636	0.814920	0.543672	0.151638	0.108221	0.072202	0.020158	-0.002482	-2.997518
0.150200	-167.240529	-166.825364	334.065893	0.415166	501.306422	1.538769	1.538768	1.538723	0.821653	0.548165	0.152892	0.026324	0.017563	0.004906	-0.002482	-2.997518
0.150400	-167.240529	-166.825364	334.065893	0.415166	501.306422	1.638769	1.638771	1.638810	0.820177	0.547179	0.152617	-0.055836	-0.037252	-0.010396	-0.002482	-2.997518
0.150600	-167.240529	-166.825364	334.065893	0.415166	501.306422	1.738769	1.738773	1.738896	0.810505	0.540726	0.150816	-0.137438	-0.091694	-0.025594	-0.002482	-2.997518
0.150800	-167.240529	-166.825364	334.065893	0.415166	501.306422	1.838769	1.838776	1.838982	0.792734	0.528871	0.147506	-0.217666	-0.145220	-0.040535	-0.002482	-2.997518
0.151000	-167.240529	-166.825364	334.065893	0.415166	501.306422	1.938769	1.938779	1.939065	0.767043	0.511730	0.142721	-0.295720	-0.197294	-0.055072	-0.002482	-2.997518
0.151200	-167.240529	-166.825364	334.065893	0.415166	501.306422	2.038769	2.038781	2.039145	0.733687	0.489476	0.136509	-0.370819	-0.247398	-0.069059	-0.002482	-2.997518
0.151400	-167.240529	-166.825364	334.065893	0.415166	501.306422	2.138770	2.138784	2.139222	0.693000	0.462332	0.128932	-0.442213	-0.295029	-0.082355	-0.002482	-2.997518
0.151600	-167.240529	-166.825364	334.065893	0.415166	501.306422	2.238770	2.238787	2.239295	0.645389	0.430567	0.120065	-0.509187	-0.339712	-0.094829	-0.002482	-2.997518
0.151800	-167.240529	-166.825364	334.065893	0.415166	501.306422	2.338771	2.338789	2.339362	0.591330	0.394500	0.109996	-0.571074	-0.381001	-0.106354	-0.002482	-2.997518
0.152000	-167.240529	-166.825364	334.065893	0.415166	501.306422	2.438772	2.438792	2.439424	0.531362	0.354492	0.098828	-0.627255	-0.418483	-0.116818	-0.002482	-2.997518
0.152200	-167.240529	-166.825364	334.065893	0.415166	501.306422	2.538773	2.538795	2.539479	0.466084	0.310941	0.086671	-0.677168	-0.451783	-0.126113	-0.002482	-2.997518
0.152400	-167.240529	-166.825364	334.065893	0.415166	501.306422	2.638774	2.638797	2.639528	0.396150	0.264283	0.073646	-0.720315	-0.480569	-0.134149	-0.002482	-2.997518
0.152600	-167.240529	-166.825364	334.065893	0.415166	501.306422	2.738776	2.738800	2.739569	0.322257	0.214985	0.059884	-0.756264	-0.504553	-0.140844	-0.002482	-2.997518
0.152800	-167.240529	-166.825364	334.065893	0.415166	501.306422	2.838777	2.838803	2.839602	0.245145	0.163538	0.045523	-0.784656	-0.523496	-0.146132	-0.002482	-2.997518
0.153000	-167.240529	-166.825364	334.065893	0.415166	501.306422	2.938780	2.938806	2.939628	0.165583	0.110457	0.030705	-0.805208	-0.537207	-0.149959	-0.002482	-2.997518
0.153200	-167.240529	-166.825364	334.065893	0.415166	501.306422	3.038782	3.038808	3.039646	0.084367	0.056272	0.015579	-0.817714	-0.545551	-0.152289	-0.002482	-2.997518
0.153400	-167.240529	-166.825364	334.065893	0.415166	501.306422	3.138785	3.138811	3.139655	0.002308	0.001526	0.000297	-0.822049	-0.548443	-0.153096	-0.002482	-2.997518
0.153600	-167.240529	-166.825364	334.065893	0.415166	501.306422	-3.044398	-3.044371	-3.043530	-0.079773	-0.053237	-0.014990	-0.818170	-0.545855	-0.152374	-0.002482	-2.997518
0.153800	-167.240529	-166.825364	334.065893	0.415166	501.306422	-2.944395	-2.944369	-2.943538	-0.161058	-0.107467	-0.030129	-0.806116	-0.537813	-0.150129	-0.002482	-2.997518
0.154000	-167.240529	-166.825364	334.065893	0.415166	501.306422	-2.844391	-2.844366	-2.843554	-0.240732	-0.160623	-0.044967	-0.786006	-0.524397	-0.146383	-0.002482	-2.997518
0.154200	-167.240529	-166.825364	334.065893	0.415166	501.306422	-2.744387	-2.744363	-2.743578	-0.318001	-0.212174	-0.059358	-0.758043	-0.505741	-0.141176	-0.002482	-2.997518
0.154400	-167.240529	-166.825364	334.065893	0.415166	501.306422	-2.644383	-2.644360	-2.643609	-0.392093	-0.261605	-0.073157	-0.722506	-0.482031	-0.134557	-0.002482	-2.997518
0.154600	-167.240529	-166.825364	334.065893	0.415166	501.306422	-2.544379	-2.544357	-2.543649	-0.462266	-0.308423	-0.086226	-0.679749	-0.453505	-0.126594	-0.002482	-2.997518
0.154800	-167.240529	-166.825364	334.065893	0.415166	501.306422	-2.444375	-2.444354	-2.443695	-0.527820	-0.352158	-0.098435	-0.630199	-0.420447	-0.117366	-0.002482	-2.997518
0.155000	-167.240529	-166.825364	334.065893	0.415166	501.306422	-2.344370	-2.344351	-2.343748	-0.588099	-0.392374	-0.109661	-0.574353	-0.383189	-0.106965	-0.002482	-2.997518
0.155200	-167.240529	-166.825364	334.065893	0.415166	501.306422	-2.244365	-2.244348	-2.243807	-0.642502	-0.428670	-0.119793	-0.512767	-0.342101	-0.095495	-0.002482	-2.997518
0.155400	-167.240529	-166.825364	334.065893	0.415166	501.306422	-2.144360	-2.144345	-2.143871	-0.690485	-0.460682	-0.128730	-0.446058	-0.297595	-0.083071	-0.002482	-2.997518
0.155600	-167.240529	-166.825364	334.065893	0.415166	501.306422	-2.044355	-2.044342	-2.043940	-0.731567	-0.488091	-0.136381	-0.374892	-0.250115	-0.069817	-0.002482	-2.997518
0.155800	-167.240529	-166.825364	334.065893	0.415166	501.306422	-1.944349	-1.944339	-1.944013	-0.765340	-0.510623	-0.142671	-0.299980	-0.200136	-0.055865	-0.002482	-2.997518
0.156000	-167.240529	-166.825364	334.065893	0.415166	501.306422	-1.844344	-1.844336	-1.844089	-0.791465	-0.528053	-0.147536	-0.222070	-0.148158	-0.041355	-0.002482	-2.997518
0.156200	-167.240529	-166.825364	334.065893	0.415166	501.306422	-1.744338	-1.744333	-1.744168	-0.809681	-0.540206	-0.150929	-0.141941	-0.094698	-0.026432	-0.002482	-2.997518
0.156400	-167.240529	-166.825364	334.065893	0.415166	501.306422	-1.644332	-1.644330	-1.644248	-0.819807	-0.546962	-0.152815	-0.060394	-0.040293	-0.011245	-0.002482	-2.997518
0.156600	-167.240529	-166.825364	334.065893	0.415166	501.306422	-1.544327	-1.544327	-1.544329	-0.821740	-0.548252	-0.153175	0.021756	0.014515	0.004055	-0.002482	-2.997518
0.156800	-167.240529	-166.825364	334.065893	0.415166	501.306422	-1.444321	-1.444324	-1.444410	-0.815463	-0.544063	-0.152006	0.103689	0.069178	0.019314	-0.002482	-2.997518
0.157000	-167.240529	-166.825364	334.065893	0.415166	501.306422	-1.344315	-1.344321	-1.344490	-0.801036	-0.534439	-0.149319	0.184586	0.123150	0.034381	-0.002482	-2.997518
0.157200	-167.240529	-166.825364	334.065893	0.415166	501.306422	-1.244310	-1.244318	-1.244569	-0.778606	-0.519474	-0.145141	0.263639	0.175891	0.049104	-0.002482	-2.997518
0.157400	-167.240529	-166.825364	334.065893	0.415166	501.306422	-1.144304	-1.144315	-1.144645	-0.748395	-0.499318	-0.139515	0.340057	0.226875	0.063336	-0.002482	-2.997518
0.157600	-167.240529	-166.825364	334.065893	0.415166	501.306422	-1.044299	-1.044312	-1.044718	-0.710706	-0.474173	-0.132496	0.413077	0.275591	0.076935	-0.002482	-2.997518
0.157800	-167.240529	-166.825364	334.065893	0.415166	501.306422	-0.944294	-0.944309	-0.944786	-0.665915	-0.444290	-0.124154	0.481970	0.321554	0.089766	-0.002482	-2.997518
0.158000	-167.240529	-166.825364	334.065893	0.415166	501.306422	-0.844289	-0.844306	-0.844850	-0.614469	-0.409968	-0.114572	0.546047	0.364304	0.101699	-0.002482	-2.997518
0.158200	-167.240529	-166.825364	334.065893	0.415166	501.306422	-0.744284	-0.744303	-0.744909	-0.556884	-0.371549	-0.103848	0.604667	0.403413	0.112617	-0.002482	-2.997518
0.158400	-167.240529	-166.825364	334.065893	0.415166	501.306422	-0.644279	-0.644300	-0.644961	-0.493734	-0.329417	-0.092087	0.657246	0.438492	0.122409	-0.002482	-2.997518
0.158600	-167.240529	-166.825364	334.065893	0.415166	501.306422	-0.544275	-0.544297	-0.545007	-0.425650	-0.283994	-0.079407	0.703257	0.469189	0.130978	-0.002482	-2.997518
0.158800	-167.240529	-166.825364	334.065893	0.415166	501.306422	-0.444270	-0.444294	-0.445046	-0.353313	-0.235733	-0.065934	0.742241	0.495198	0.138239	-0.002482	-2.997518
0.159000	-167.240529	-166.825364	334.065893	0.415166	501.306422	-0.344266	-0.344291	-0.345078	-0.277445	-0.185116	-0.051805	0.773809	0.516259	0.144118	-0.002482	-2.997518
0.159200	-167.240529	-166.825364	334.065893	0.415166	501.306422	-0.244263	-0.244288	-0.245101	-0.198804	-0.132650	-0.037159	0.797644	0.532161	0.148557	-0.002482	-2.997518
0.159400	-167.240529	-166.825364	334.065893	0.415166	501.306422	-0.144259	-0.144286	-0.145117	-0.118177	-0.078858	-0.022143	0.813509	0.542745	0.151512	-0.002482	-2.997518
0.159600	-167.240529	-166.825364	334.065893	0.415166	501.306422	-0.044256	-0.044283	-0.045124	-0.036369	-0.024279	-0.006907	0.821245	0.547907	0.152953	-0.002482	-2.997518
0.159800	-167.240529	-166.825364	334.065893	0.415166	501.306422	0.055747	0.055720	0.054877	0.045803	0.030544	0.008397	0.820775	0.547593	0.152865	-0.002482	-2.997518
0.160000	-167.240529	-166.825364	334.065893	0.415166	501.306422	0.155749	0.155723	0.154886	0.127518	0.085061	0.023616	0.812104	0.541808	0.151250	-0.002482	-2.997518
0.160200	-167.240529	-166.825364	334.065893	0.415166	501.306422	0.255752	0.255726	0.254904	0.207958	0.138728	0.038597	0.795318	0.530609	0.148124	-0.002482	-2.997518
0.160400	-167.240529	-166.825364	334.065893	0.415166	501.306422	0.355754	0.355729	0.354930	0.286321	0.191009	0.053191	0.770585	0.514108	0.143518	-0.002482	-2.997518
0.160600	-167.240529	-166.825364	334.065893	0.415166	501.306422	0.455756	0.455732	0.454964	0.361823	0.241381	0.067253	0.738153	0.492470	0.137477	-0.002482	-2.997518
0.160800	-167.240529	-166.825364	334.065893	0.415166	501.306422	0.555757	0.555734	0.555006	0.433710	0.289342	0.080641	0.698344	0.465911	0.130064	-0.002482	-2.997518
0.161000	-167.240529	-166.825364	334.065893	0.415166	501.306422	0.655758	0.655737	0.655055	0.501263	0.334411	0.093222	0.651557	0.434697	0.121350	-0.002482	-2.997518
0.161200	-167.240529	-166.825364	334.065893	0.415166	501.306422	0.755759	0.755740	0.755110	0.563808	0.376139	0.104871	0.598260	0.399139	0.111424	-0.002482	-2.997518
0.161400	-167.240529	-166.825364	334.065893	0.415166	501.306422	0.855760	0.855743	0.855172	0.620719	0.414108	0.115470	0.538985	0.359593	0.100384	-0.002482	-2.997518
0.161600	-167.240529	-166.825364	334.065893	0.415166	501.306422	0.955761	0.955745	0.955240	0.671428	0.447940	0.124914	0.474324	0.316453	0.088342	-0.002482	-2.997518
0.161800	-167.240529	-166.825364	334.065893	0.415166	501.306422	1.055761	1.055748	1.055313	0.715429	0.477295	0.133109	0.404924	0.270152	0.075417	-0.002482	-2.997518
0.162000	-167.240529	-166.825364	334.065893	0.415166	501.306422	1.155762	1.155751	1.155390	0.752281	0.501881	0.139972	0.331478	0.221151	0.061738	-0.002482	-2.997518
0.162200	-167.240529	-166.825364	334.065893	0.415166	501.306422	1.255762	1.255754	1.255470	0.781616	0.521453	0.145436	0.254719	0.169940	0.047443	-0.002482	-2.997518
0.162400	-167.240529	-166.825364	334.065893	0.415166	501.306422	1.355762	1.355756	1.355554	0.803141	0.535814	0.149444	0.175415	0.117031	0.032673	-0.002482	-2.997518
0.162600	-167.240529	-166.825364	334.065893	0.415166	501.306422	1.455762	1.455759	1.455639	0.816642	0.544821	0.151959	0.094358	0.062953	0.017577	-0.002482	-2.997518
0.162800	-167.240529	-166.825364	334.065893	0.415166	501.306422	1.555762	1.555762	1.555726	0.821982	0.548384	0.152953	0.012359	0.008245	0.002305	-0.002482	-2.997518
0.163000	-167.240529	-166.825364	334.065893	0.415166	501.306422	1.655762	1.655764	1.655813	0.819109	0.546467	0.152418	-0.069764	-0.046544	-0.012989	-0.002482	-2.997518
0.163200	-167.240529	-166.825364	334.065893	0.415166	501.306422	1.755762	1.755767	1.755899	0.808052	0.539090	0.150359	-0.151190	-0.100869	-0.028154	-0.002482	-2.997518
0.163400	-167.240529	-166.825364	334.065893	0.415166	501.306422	1.855762	1.855770	1.855985	0.788921	0.526327	0.146796	-0.231105	-0.154186	-0.043038	-0.002482	-2.997518
0.163600	-167.240529	-166.825364	334.065893	0.415166	501.306422	1.955762	1.955772	1.956068	0.761907	0.508304	0.141765	-0.308711	-0.205962	-0.057491	-0.002482	-2.997518
0.163800	-167.240529	-166.825364	334.065893	0.415166	501.306422	2.055762	2.055775	2.056148	0.727280	0.485202	0.135316	-0.383232	-0.255680	-0.071370	-0.002482	-2.997518
0.164000	-167.240529	-166.825364	334.065893	0.415166	501.306422	2.155763	2.155778	2.156224	0.685386	0.457252	0.127514	-0.453924	-0.302843	-0.084536	-0.002482	-2.997518
0.164200	-167.240529	-166.825364	334.065893	0.415166	501.306422	2.255763	2.255780	2.256296	0.636644	0.424732	0.118436	-0.520080	-0.346980	-0.096857	-0.002482	-2.997518
0.164400	-167.240529	-166.825364	334.065893	0.415166	501.306422	2.355764	2.355783	2.356363	0.581540	0.387969	0.108173	-0.581040	-0.387650	-0.108210	-0.002482	-2.997518
0.164600	-167.240529	-166.825364	334.065893	0.415166	501.306422	2.455765	2.455786	2.456424	0.520626	0.347329	0.096829	-0.636193	-0.424447	-0.118482	-0.002482	-2.997518
0.164800	-167.240529	-166.825364	334.065893	0.415166	501.306422	2.555766	2.555788	2.556478	0.454510	0.303219	0.084515	-0.684990	-0.457002	-0.127569	-0.002482	-2.997518
0.165000	-167.240529	-166.825364	334.065893	0.415166	501.306422	2.655767	2.655791	2.656526	0.383853	0.256079	0.071356	-0.726942	-0.484991	-0.135383	-0.002482	-2.997518
0.165200	-167.240529	-166.825364	334.065893	0.415166	501.306422	2.755769	2.755794	2.756566	0.309360	0.206380	0.057482	-0.761630	-0.508134	-0.141843	-0.002482	-2.997518
0.165400	-167.240529	-166.825364	334.065893	0.415166	501.306422	2.855771	2.855796	2.856599	0.231776	0.154619	0.043033	-0.788708	-0.526199	-0.146886	-0.002482	-2.997518
0.165600	-167.240529	-166.825364	334.065893	0.415166	501.306422	2.955773	2.955799	2.956624	0.151877	0.101312	0.028152	-0.807905	-0.539007	-0.150461	-0.002482	-2.997518
0.165800	-167.240529	-166.825364	334.065893	0.415166	501.306422	3.055775	3.055802	3.056640	0.070460	0.046994	0.012989	-0.819029	-0.546428	-0.152533	-0.002482	-2.997518
0.166000	-167.240529	-166.825364	334.065893	0.415166	501.306422	-3.127407	-3.127381	-3.126537	-0.011661	-0.007794	-0.002305	-0.821969	-0.548390	-0.153080	-0.002482	-2.997518
0.166200	-167.240529	-166.825364	334.065893	0.415166	501.306422	-3.027404	-3.027378	-3.026537	-0.093665	-0.062504	-0.017577	-0.816696	-0.544872	-0.152098	-0.002482	-2.997518
0.166400	-167.240529	-166.825364	334.065893	0.415166	501.306422	-2.927401	-2.927375	-2.926546	-0.174732	-0.116590	-0.032675	-0.803262	-0.535909	-0.149596	-0.002482	-2.997518
0.166600	-167.240529	-166.825364	334.065893	0.415166	501.306422	-2.827398	-2.827372	-2.826563	-0.254054	-0.169511	-0.047448	-0.781802	-0.521592	-0.145600	-0.002482	-2.997518
0.166800	-167.240529	-166.825364	334.065893	0.415166	501.306422	-2.727394	-2.727369	-2.726588	-0.330837	-0.220737	-0.061748	-0.752530	-0.502062	-0.140148	-0.002482	-2.997518
0.167000	-167.240529	-166.825364	334.065893	0.415166	501.306422	-2.627390	-2.627367	-2.626620	-0.404313	-0.269759	-0.075433	-0.715738	-0.477516	-0.133296	-0.002482	-2.997518
0.167200	-167.240529	-166.825364	334.065893	0.415166	501.306422	-2.527385	-2.527364	-2.526660	-0.473750	-0.316084	-0.088365	-0.671795	-0.448199	-0.125112	-0.002482	-2.997518
0.167400	-167.240529	-166.825364	334.065893	0.415166	501.306422	-2.427381	-2.427361	-2.426708	-0.538452	-0.359252	-0.100415	-0.621139	-0.414403	-0.115678	-0.002482	-2.997518
0.167600	-167.240529	-166.825364	334.065893	0.415166	501.306422	-2.327376	-2.327358	-2.326761	-0.597774	-0.398829	-0.111463	-0.564276	-0.376466	-0.105087	-0.002482	-2.997518
0.167800	-167.240529	-166.825364	334.065893	0.415166	501.306422	-2.227371	-2.227355	-2.226821	-0.651123	-0.434421	-0.121399	-0.501775	-0.334767	-0.093447	-0.002482	-2.997518
0.168000	-167.240529	-166.825364	334.065893	0.415166	501.306422	-2.127366	-2.127352	-2.126886	-0.697965	-0.465673	-0.130123	-0.434260	-0.289724	-0.080873	-0.002482	-2.997518
0.168200	-167.240529	-166.825364	334.065893	0.415166	501.306422	-2.027361	-2.027349	-2.026955	-0.737832	-0.492271	-0.137548	-0.362406	-0.241785	-0.067491	-0.002482	-2.997518
0.168400	-167.240529	-166.825364	334.065893	0.415166	501.306422	-1.927355	-1.927346	-1.927028	-0.770327	-0.513951	-0.143599	-0.286931	-0.191431	-0.053434	-0.002482	-2.997518
0.168600	-167.240529	-166.825364	334.065893	0.415166	501.306422	-1.827350	-1.827343	-1.827105	-0.795124	-0.530494	-0.148218	-0.208588	-0.139163	-0.038844	-0.002482	-2.997518
0.168800	-167.240529	-166.825364	334.065893	0.415166	501.306422	-1.727344	-1.727340	-1.727184	-0.811976	-0.541738	-0.151356	-0.128162	-0.085505	-0.023865	-0.002482	-2.997518
0.169000	-167.240529	-166.825364	334.065893	0.415166	501.306422	-1.627338	-1.627337	-1.627264	-0.820715	-0.547567	-0.152984	-0.046454	-0.030993	-0.008648	-0.002482	-2.997518
0.169200	-167.240529	-166.825364	334.065893	0.415166	501.306422	-1.527333	-1.527334	-1.527345	-0.821252	-0.547926	-0.153084	0.035717	0.023829	0.006656	-0.002482	-2.997518
0.169400	-167.240529	-166.825364	334.065893	0.415166	501.306422	-1.427327	-1.427331	-1.427426	-0.813583	-0.542809	-0.151655	0.117532	0.078413	0.021893	-0.002482	-2.997518
0.169600	-167.240529	-166.825364	334.065893	0.415166	501.306422	-1.327322	-1.327328	-1.327506	-0.797784	-0.532269	-0.148713	0.198172	0.132213	0.036912	-0.002482	-2.997518
0.169800	-167.240529	-166.825364	334.065893	0.415166	501.306422	-1.227316	-1.227325	-1.227585	-0.774013	-0.516410	-0.144286	0.276832	0.184693	0.051561	-0.002482	-2.997518
0.170000	-167.240529	-166.825364	334.065893	0.415166	501.306422	-1.127310	-1.127322	-1.127660	-0.742508	-0.495391	-0.138418	0.352726	0.235326	0.065696	-0.002482	-2.997518
0.170200	-167.240529	-166.825364	334.065893	0.415166	501.306422	-1.027305	-1.027319	-1.027733	-0.703584	-0.469422	-0.131169	0.425095	0.283609	0.079174	-0.002482	-2.997518
0.170400	-167.240529	-166.825364	334.065893	0.415166	501.306422	-0.927300	-0.927316	-0.927801	-0.657628	-0.438762	-0.122610	0.493217	0.329057	0.091861	-0.002482	-2.997518
0.170600	-167.240529	-166.825364	334.065893	0.415166	501.306422	-0.827295	-0.827313	-0.827864	-0.605102	-0.403718	-0.112828	0.556410	0.371218	0.103630	-0.002482	-2.997518
0.170800	-167.240529	-166.825364	334.065893	0.415166	501.306422	-0.727290	-0.727310	-0.727922	-0.546529	-0.364640	-0.101919	0.614043	0.409669	0.114364	-0.002482	-2.997518
0.171000	-167.240529	-166.825364	334.065893	0.415166	501.306422	-0.627285	-0.627307	-0.627974	-0.482494	-0.321918	-0.089993	0.665541	0.444026	0.123955	-0.002482	-2.997518
0.171200	-167.240529	-166.825364	334.065893	0.415166	501.306422	-0.527281	-0.527304	-0.528019	-0.413638	-0.275980	-0.077169	0.710389	0.473947	0.132307	-0.002482	-2.997518
0.171400	-167.240529	-166.825364	334.065893	0.415166	501.306422	-0.427277	-0.427301	-0.428057	-0.340649	-0.227284	-0.063576	0.748138	0.499132	0.139338	-0.002482	-2.997518
0.171600	-167.240529	-166.825364	334.065893	0.415166	501.306422	-0.327273	-0.327298	-0.328088	-0.264256	-0.176317	-0.049348	0.778412	0.519330	0.144976	-0.002482	-2.997518
0.171800	-167.240529	-166.825364	334.065893	0.415166	501.306422	-0.227269	-0.227295	-0.228111	-0.185221	-0.123588	-0.034629	0.800907	0.534338	0.149166	-0.002482	-2.997518
0.172000	-167.240529	-166.825364	334.065893	0.415166	501.306422	-0.127266	-0.127292	-0.128125	-0.104336	-0.069624	-0.019565	0.815400	0.544007	0.151865	-0.002482	-2.997518
0.172200	-167.240529	-166.825364	334.065893	0.415166	501.306422	-0.027263	-0.027289	-0.028131	-0.022408	-0.014965	-0.004307	0.821745	0.548240	0.153046	-0.002482	-2.997518
0.172400	-167.240529	-166.825364	334.065893	0.415166	501.306422	0.072740	0.072714	0.071871	0.059744	0.039844	0.010994	0.819879	0.546995	0.152699	-0.002482	-2.997518
0.172600	-167.240529	-166.825364	334.065893	0.415166	501.306422	0.172743	0.172717	0.171881	0.141299	0.094255	0.026182	0.809820	0.540285	0.150826	-0.002482	-2.997518
0.172800	-167.240529	-166.825364	334.065893	0.415166	501.306422	0.272745	0.272720	0.271900	0.221443	0.147724	0.041108	0.791670	0.528175	0.147445	-0.002482	-2.997518
0.173000	-167.240529	-166.825364	334.065893	0.415166	501.306422	0.372747	0.372722	0.371927	0.299374	0.199717	0.055622	0.765609	0.510788	0.142592	-0.002482	-2.997518
0.173200	-167.240529	-166.825364	334.065893	0.415166	501.306422	0.472749	0.472725	0.471962	0.374314	0.249715	0.069579	0.731898	0.488297	0.136313	-0.002482	-2.997518
0.173400	-167.240529	-166.825364	334.065893	0.415166	501.306422	0.572750	0.572728	0.572004	0.445514	0.297217	0.082840	0.690874	0.460927	0.128673	-0.002482	-2.997518
0.173600	-167.240529	-166.825364	334.065893	0.415166	501.306422	0.672752	0.672731	0.672054	0.512262	0.341749	0.095271	0.642946	0.428952	0.119747	-0.002482	-2.997518
0.173800	-167.240529	-166.825364	334.065893	0.415166	501.306422	0.772753	0.772734	0.772110	0.573893	0.382867	0.106749	0.588594	0.392690	0.109624	-0.002482	-2.997518
0.174000	-167.240529	-166.825364	334.065893	0.415166	501.306422	0.872753	0.872736	0.872173	0.629788	0.420159	0.117159	0.528360	0.352504	0.098406	-0.002482	-2.997518
0.174200	-167.240529	-166.825364	334.065893	0.415166	501.306422	0.972754	0.972739	0.972241	0.679392	0.453252	0.126397	0.462847	0.308796	0.086205	-0.002482	-2.997518
0.174400	-167.240529	-166.825364	334.065893	0.415166	501.306422	1.072754	1.072742	1.072315	0.722206	0.481817	0.134371	0.392709	0.262002	0.073143	-0.002482	-2.997518
0.174600	-167.240529	-166.825364	334.065893	0.415166	501.306422	1.172755	1.172744	1.172392	0.757805	0.505567	0.141001	0.318647	0.212590	0.059349	-0.002482	-2.997518
0.174800	-167.240529	-166.825364	334.065893	0.415166	501.306422	1.272755	1.272747	1.272473	0.785831	0.524265	0.146221	0.241401	0.161054	0.044963	-0.002482	-2.997518
0.175000	-167.240529	-166.825364	334.065893	0.415166	501.306422	1.372755	1.372750	1.372557	0.806006	0.537725	0.149978	0.161743	0.107909	0.030127	-0.002482	-2.997518
0.175200	-167.240529	-166.825364	334.065893	0.415166	501.306422	1.472755	1.472753	1.472642	0.818127	0.545812	0.152235	0.080468	0.053686	0.014991	-0.002482	-2.997518
0.175400	-167.240529	-166.825364	334.065893	0.415166	501.306422	1.572755	1.572755	1.572729	0.822073	0.548445	0.152970	-0.001610	-0.001074	-0.000296	-0.002482	-2.997518
0.175600	-167.240529	-166.825364	334.065893	0.415166	501.306422	1.672755	1.672758	1.672816	0.817806	0.545597	0.152176	-0.083673	-0.055824	-0.015579	-0.002482	-2.997518
0.175800	-167.240529	-166.825364	334.065893	0.415166	501.306422	1.772755	1.772761	1.772903	0.805366	0.537298	0.149859	-0.164899	-0.110015	-0.030707	-0.002482	-2.997518
0.176000	-167.240529	-166.825364	334.065893	0.415166	501.306422	1.872755	1.872763	1.872988	0.784880	0.523631	0.146043	-0.244477	-0.163107	-0.045527	-0.002482	-2.997518
0.176200	-167.240529	-166.825364	334.065893	0.415166	501.306422	1.972755	1.972766	1.973070	0.756551	0.504730	0.140767	-0.321613	-0.214569	-0.059893	-0.002482	-2.997518
0.176400	-167.240529	-166.825364	334.065893	0.415166	501.306422	2.072756	2.072768	2.073150	0.720663	0.480787	0.134084	-0.395535	-0.263888	-0.073660	-0.002482	-2.997518
0.176600	-167.240529	-166.825364	334.065893	0.415166	501.306422	2.172756	2.172771	2.173226	0.677574	0.452039	0.126059	-0.465505	-0.310569	-0.086692	-0.002482	-2.997518
0.176800	-167.240529	-166.825364	334.065893	0.415166	501.306422	2.272757	2.272774	2.273297	0.627714	0.418775	0.116773	-0.530823	-0.354147	-0.098857	-0.002482	-2.997518
0.177000	-167.240529	-166.825364	334.065893	0.415166	501.306422	2.372757	2.372776	2.373363	0.571583	0.381326	0.106319	-0.590838	-0.394187	-0.110034	-0.002482	-2.997518
0.177200	-167.240529	-166.825364	334.065893	0.415166	501.306422	2.472758	2.472779	2.473424	0.509740	0.340067	0.094801	-0.644948	-0.430287	-0.120111	-0.002482	-2.997518
0.177400	-167.240529	-166.825364	334.065893	0.415166	501.306422	2.572759	2.572782	2.573477	0.442805	0.295410	0.082335	-0.692614	-0.462089	-0.128989	-0.002482	-2.997518
0.177600	-167.240529	-166.825364	334.065893	0.415166	501.306422	2.672761	2.672784	2.673524	0.371445	0.247801	0.069045	-0.733359	-0.489272	-0.136577	-0.002482	-2.997518
0.177800	-167.240529	-166.825364	334.065893	0.415166	501.306422	2.772762	2.772787	2.773564	0.296373	0.197715	0.055064	-0.766777	-0.511567	-0.142801	-0.002482	-2.997518
0.178000	-167.240529	-166.825364	334.065893	0.415166	501.306422	2.872764	2.872790	2.873596	0.218340	0.145655	0.040531	-0.792532	-0.528751	-0.147597	-0.002482	-2.997518
0.178200	-167.240529	-166.825364	334.065893	0.415166	501.306422	2.972766	2.972793	2.973619	0.138126	0.092139	0.025592	-0.810369	-0.540650	-0.150919	-0.002482	-2.997518
0.178400	-167.240529	-166.825364	334.065893	0.415166	501.306422	3.072769	3.072795	3.073635	0.056532	0.037702	0.010395	-0.820108	-0.547148	-0.152733	-0.002482	-2.997518
0.178600	-167.240529	-166.825364	334.065893	0.415166	501.306422	-3.110414	-3.110387	-3.109543	-0.025627	-0.017112	-0.004906	-0.821652	-0.548178	-0.153021	-0.002482	-2.997518
0.178800	-167.240529	-166.825364	334.065893	0.415166	501.306422	-3.010411	-3.010384	-3.009545	-0.107529	-0.071754	-0.020159	-0.814986	-0.543731	-0.151779	-0.002482	-2.997518
0.179000	-167.240529	-166.825364	334.065893	0.415166	501.306422	-2.910407	-2.910382	-2.909554	-0.188357	-0.125680	-0.035213	-0.800177	-0.533851	-0.149021	-0.002482	-2.997518
0.179200	-167.240529	-166.825364	334.065893	0.415166	501.306422	-2.810404	-2.810379	-2.809572	-0.267302	-0.178349	-0.049916	-0.777372	-0.518636	-0.144774	-0.002482	-2.997518
0.179400	-167.240529	-166.825364	334.065893	0.415166	501.306422	-2.710400	-2.710376	-2.709598	-0.343576	-0.229237	-0.064121	-0.746799	-0.498239	-0.139080	-0.002482	-2.997518
0.179600	-167.240529	-166.825364	334.065893	0.415166	501.306422	-2.610396	-2.610373	-2.609631	-0.416417	-0.277834	-0.077687	-0.708764	-0.472863	-0.131996	-0.002482	-2.997518
0.179800	-167.240529	-166.825364	334.065893	0.415166	501.306422	-2.510392	-2.510370	-2.509672	-0.485097	-0.323655	-0.090478	-0.663647	-0.442763	-0.123594	-0.002482	-2.997518
0.180000	-167.240529	-166.825364	334.065893	0.415166	501.306422	-2.410387	-2.410367	-2.409720	-0.548929	-0.366241	-0.102366	-0.611899	-0.408238	-0.113956	-0.002482	-2.997518
0.180200	-167.240529	-166.825364	334.065893	0.415166	501.306422	-2.310382	-2.310364	-2.309775	-0.607276	-0.405169	-0.113233	-0.554037	-0.369634	-0.103180	-0.002482	-2.997518
0.180400	-167.240529	-166.825364	334.065893	0.415166	501.306422	-2.210377	-2.210361	-2.209835	-0.659555	-0.440047	-0.122969	-0.490638	-0.327337	-0.091372	-0.002482	-2.997518
0.180600	-167.240529	-166.825364	334.065893	0.415166	501.306422	-2.110372	-2.110358	-2.109900	-0.705243	-0.470529	-0.131478	-0.422337	-0.281769	-0.078652	-0.002482	-2.997518
0.180800	-167.240529	-166.825364	334.065893	0.415166	501.306422	-2.010367	-2.010356	-2.009970	-0.743884	-0.496309	-0.138675	-0.349816	-0.233385	-0.065145	-0.002482	-2.997518
0.181000	-167.240529	-166.825364	334.065893	0.415166	501.306422	-1.910361	-1.910353	-1.910044	-0.775092	-0.517129	-0.144487	-0.273799	-0.182670	-0.050988	-0.002482	-2.997518
0.181200	-167.240529	-166.825364	334.065893	0.415166	501.306422	-1.810356	-1.810350	-1.810121	-0.798554	-0.532783	-0.148856	-0.195047	-0.130129	-0.036321	-0.002482	-2.997518
0.181400	-167.240529	-166.825364	334.065893	0.415166	501.306422	-1.710350	-1.710347	-1.710200	-0.814037	-0.543112	-0.151740	-0.114345	-0.076287	-0.021291	-0.002482	-2.997518
0.181600	-167.240529	-166.825364	334.065893	0.415166	501.306422	-1.610345	-1.610344	-1.610280	-0.821386	-0.548015	-0.153109	-0.032501	-0.021684	-0.006048	-0.002482	-2.997518
0.181800	-167.240529	-166.825364	334.065893	0.415166	501.306422	-1.510339	-1.510341	-1.510362	-0.820526	-0.547442	-0.152949	0.049667	0.033136	0.009255	-0.002482	-2.997518
0.182000	-167.240529	-166.825364	334.065893	0.415166	501.306422	-1.410333	-1.410338	-1.410442	-0.811468	-0.541399	-0.151262	0.131340	0.087625	0.024465	-0.002482	-2.997518
0.182200	-167.240529	-166.825364	334.065893	0.415166	501.306422	-1.310328	-1.310334	-1.310522	-0.794301	-0.529945	-0.148064	0.211700	0.141239	0.039432	-0.002482	-2.997518
0.182400	-167.240529	-166.825364	334.065893	0.415166	501.306422	-1.210322	-1.210331	-1.210600	-0.769197	-0.513197	-0.143389	0.289945	0.193441	0.054004	-0.002482	-2.997518
0.182600	-167.240529	-166.825364	334.065893	0.415166	501.306422	-1.110317	-1.110328	-1.110676	-0.736407	-0.491320	-0.137282	0.365292	0.243710	0.068037	-0.002482	-2.997518
0.182800	-167.240529	-166.825364	334.065893	0.415166	501.306422	-1.010311	-1.010325	-1.010748	-0.696259	-0.464535	-0.129805	0.436990	0.291545	0.081390	-0.002482	-2.997518
0.183000	-167.240529	-166.825364	334.065893	0.415166	501.306422	-0.910306	-0.910322	-0.910815	-0.649152	-0.433107	-0.121032	0.504320	0.336465	0.093930	-0.002482	-2.997518
0.183200	-167.240529	-166.825364	334.065893	0.415166	501.306422	-0.810301	-0.810319	-0.810878	-0.595559	-0.397352	-0.111051	0.566612	0.378024	0.105531	-0.002482	-2.997518
0.183400	-167.240529	-166.825364	334.065893	0.415166	501.306422	-0.710296	-0.710316	-0.710935	-0.536015	-0.357626	-0.099961	0.623242	0.415806	0.116078	-0.002482	-2.997518
0.183600	-167.240529	-166.825364	334.065893	0.415166	501.306422	-0.610292	-0.610313	-0.610986	-0.471115	-0.314327	-0.087874	0.673644	0.449433	0.125465	-0.002482	-2.997518
0.183800	-167.240529	-166.825364	334.065893	0.415166	501.306422	-0.510287	-0.510310	-0.511031	-0.401507	-0.267886	-0.074910	0.717315	0.478568	0.133598	-0.002482	-2.997518
0.184000	-167.240529	-166.825364	334.065893	0.415166	501.306422	-0.410283	-0.410307	-0.411068	-0.327887	-0.218770	-0.061199	0.753819	0.502922	0.140396	-0.002482	-2.997518
0.184200	-167.240529	-166.825364	334.065893	0.415166	501.306422	-0.310279	-0.310304	-0.311098	-0.250990	-0.167467	-0.046878	0.782790	0.522251	0.145792	-0.002482	-2.997518
0.184400	-167.240529	-166.825364	334.065893	0.415166	501.306422	-0.210275	-0.210301	-0.211119	-0.171585	-0.114490	-0.032089	0.803939	0.536361	0.149731	-0.002482	-2.997518
0.184600	-167.240529	-166.825364	334.065893	0.415166	501.306422	-0.110272	-0.110298	-0.111133	-0.090465	-0.060370	-0.016982	0.817055	0.545112	0.152174	-0.002482	-2.997518
0.184800	-167.240529	-166.825364	334.065893	0.415166	501.306422	-0.010269	-0.010296	-0.011138	-0.008441	-0.005646	-0.001705	0.822007	0.548415	0.153096	-0.002482	-2.997518
0.185000	-167.240529	-166.825364	334.065893	0.415166	501.306422	0.089734	0.089707	0.088865	0.073667	0.049134	0.013587	0.818746	0.546239	0.152489	-0.002482	-2.997518
0.185200	-167.240529	-166.825364	334.065893	0.415166	501.306422	0.189736	0.189710	0.188876	0.155040	0.103423	0.028742	0.807303	0.538605	0.150357	-0.002482	-2.997518
0.185400	-167.240529	-166.825364	334.065893	0.415166	501.306422	0.289739	0.289713	0.288896	0.234863	0.156678	0.043608	0.787793	0.525589	0.146724	-0.002482	-2.997518
0.185600	-167.240529	-166.825364	334.065893	0.415166	501.306422	0.389741	0.389716	0.388924	0.312340	0.208368	0.058037	0.760412	0.507321	0.141624	-0.002482	-2.997518
0.185800	-167.240529	-166.825364	334.065893	0.415166	501.306422	0.489742	0.489719	0.488960	0.386697	0.257976	0.071886	0.725432	0.483984	0.135110	-0.002482	-2.997518
0.186000	-167.240529	-166.825364	334.065893	0.415166	501.306422	0.589744	0.589722	0.589003	0.457189	0.305007	0.085014	0.683204	0.455810	0.127245	-0.002482	-2.997518
0.186200	-167.240529	-166.825364	334.065893	0.415166	501.306422	0.689745	0.689724	0.689053	0.523114	0.348989	0.097292	0.634149	0.423082	0.118109	-0.002482	-2.997518
0.186400	-167.240529	-166.825364	334.065893	0.415166	501.306422	0.789746	0.789727	0.789111	0.583811	0.389485	0.108596	0.578757	0.386127	0.107793	-0.002482	-2.997518
0.186600	-167.240529	-166.825364	334.065893	0.415166	501.306422	0.889747	0.889730	0.889174	0.638676	0.426088	0.118814	0.517582	0.345313	0.096400	-0.002482	-2.997518
0.186800	-167.240529	-166.825364	334.065893	0.415166	501.306422	0.989747	0.989733	0.989243	0.687158	0.458434	0.127844	0.451236	0.301049	0.084043	-0.002482	-2.997518
0.187000	-167.240529	-166.825364	334.065893	0.415166	501.306422	1.089748	1.089735	1.089317	0.728775	0.486199	0.135594	0.380380	0.253777	0.070847	-0.002482	-2.997518
0.187200	-167.240529	-166.825364	334.065893	0.415166	501.306422	1.189748	1.189738	1.189395	0.763110	0.509106	0.141989	0.305724	0.203969	0.056943	-0.002482	-2.997518
0.187400	-167.240529	-166.825364	334.065893	0.415166	501.306422	1.289748	1.289741	1.289476	0.789820	0.526926	0.146963	0.228013	0.152122	0.042470	-0.002482	-2.997518
0.187600	-167.240529	-166.825364	334.065893	0.415166	501.306422	1.389748	1.389743	1.389560	0.808638	0.539481	0.150468	0.148023	0.098756	0.027573	-0.002482	-2.997518
0.187800	-167.240529	-166.825364	334.065893	0.415166	501.306422	1.489748	1.489746	1.489646	0.819376	0.546645	0.152468	0.066555	0.044403	0.012400	-0.002482	-2.997518
0.188000	-167.240529	-166.825364	334.065893	0.415166	501.306422	1.589748	1.589749	1.589733	0.821927	0.548347	0.152943	-0.015579	-0.010394	-0.002897	-0.002482	-2.997518
0.188200	-167.240529	-166.825364	334.065893	0.415166	501.306422	1.689748	1.689751	1.689819	0.816266	0.544570	0.151889	-0.097557	-0.065087	-0.018164	-0.002482	-2.997518
0.188400	-167.240529	-166.825364	334.065893	0.415166	501.306422	1.789748	1.789754	1.789906	0.802448	0.535351	0.149315	-0.178560	-0.119129	-0.033250	-0.002482	-2.997518
0.188600	-167.240529	-166.825364	334.065893	0.415166	501.306422	1.889748	1.889757	1.889991	0.780612	0.520783	0.145249	-0.257779	-0.171981	-0.048004	-0.002482	-2.997518
0.188800	-167.240529	-166.825364	334.065893	0.415166	501.306422	1.989749	1.989759	1.990073	0.750977	0.501011	0.139729	-0.334422	-0.223115	-0.062278	-0.002482	-2.997518
0.189000	-167.240529	-166.825364	334.065893	0.415166	501.306422	2.089749	2.089762	2.090152	0.713837	0.476233	0.132812	-0.407724	-0.272019	-0.075930	-0.002482	-2.997518
0.189200	-167.240529	-166.825364	334.065893	0.415166	501.306422	2.189749	2.189765	2.190228	0.669566	0.446697	0.124567	-0.476951	-0.318206	-0.088823	-0.002482	-2.997518
0.189400	-167.240529	-166.825364	334.065893	0.415166	501.306422	2.289750	2.289767	2.290298	0.618604	0.412697	0.115076	-0.541413	-0.361212	-0.100828	-0.002482	-2.997518
0.189600	-167.240529	-166.825364	334.065893	0.415166	501.306422	2.389751	2.389770	2.390364	0.561460	0.374573	0.104434	-0.600465	-0.400610	-0.111826	-0.002482	-2.997518
0.189800	-167.240529	-166.825364	334.065893	0.415166	501.306422	2.489752	2.489773	2.490423	0.498707	0.332706	0.092746	-0.653517	-0.436004	-0.121706	-0.002482	-2.997518
0.190000	-167.240529	-166.825364	334.065893	0.415166	501.306422	2.589753	2.589775	2.590476	0.430971	0.287515	0.080131	-0.700038	-0.467042	-0.130371	-0.002482	-2.997518
0.190200	-167.240529	-166.825364	334.065893	0.415166	501.306422	2.689754	2.689778	2.690522	0.358929	0.239451	0.066714	-0.739565	-0.493413	-0.137732	-0.002482	-2.997518
0.190400	-167.240529	-166.825364	334.065893	0.415166	501.306422	2.789756	2.789781	2.790561	0.283301	0.188994	0.052629	-0.771702	-0.514853	-0.143717	-0.002482	-2.997518
0.190600	-167.240529	-166.825364	334.065893	0.415166	501.306422	2.889758	2.889783	2.890592	0.204842	0.136649	0.038017	-0.796128	-0.531149	-0.148266	-0.002482	-2.997518
0.190800	-167.240529	-166.825364	334.065893	0.415166	501.306422	2.989760	2.989786	2.990615	0.124336	0.082938	0.023023	-0.812598	-0.542138	-0.151334	-0.002482	-2.997518
0.191000	-167.240529	-166.825364	334.065893	0.415166	501.306422	3.089762	3.089789	3.090629	0.042588	0.028399	0.007799	-0.820950	-0.547710	-0.152889	-0.002482	-2.997518
0.191200	-167.240529	-166.825364	334.065893	0.415166	501.306422	-3.093420	-3.093394	-3.092550	-0.039585	-0.026424	-0.007505	-0.821097	-0.547808	-0.152917	-0.002482	-2.997518
0.191400	-167.240529	-166.825364	334.065893	0.415166	501.306422	-2.993417	-2.993391	-2.992552	-0.121362	-0.080983	-0.022736	-0.813041	-0.542433	-0.151416	-0.002482	-2.997518
0.191600	-167.240529	-166.825364	334.065893	0.415166	501.306422	-2.893414	-2.893388	-2.892563	-0.201927	-0.134733	-0.037740	-0.796860	-0.531638	-0.148403	-0.002482	-2.997518
0.191800	-167.240529	-166.825364	334.065893	0.415166	501.306422	-2.793410	-2.793385	-2.792581	-0.280473	-0.187137	-0.052369	-0.772717	-0.515530	-0.143906	-0.002482	-2.997518
0.192000	-167.240529	-166.825364	334.065893	0.415166	501.306422	-2.693406	-2.693382	-2.692608	-0.356217	-0.237670	-0.066475	-0.740853	-0.494272	-0.137972	-0.002482	-2.997518
0.192200	-167.240529	-166.825364	334.065893	0.415166	501.306422	-2.593402	-2.593380	-2.592643	-0.428401	-0.285829	-0.079919	-0.701586	-0.468074	-0.130659	-0.002482	-2.997518
0.192400	-167.240529	-166.825364	334.065893	0.415166	501.306422	-2.493398	-2.493377	-2.492684	-0.496304	-0.331132	-0.092565	-0.655308	-0.437199	-0.122040	-0.002482	-2.997518
0.192600	-167.240529	-166.825364	334.065893	0.415166	501.306422	-2.393393	-2.393374	-2.392733	-0.559248	-0.373126	-0.104288	-0.602483	-0.401956	-0.112202	-0.002482	-2.997518
0.192800	-167.240529	-166.825364	334.065893	0.415166	501.306422	-2.293389	-2.293371	-2.292788	-0.616603	-0.411391	-0.114970	-0.543637	-0.362696	-0.101242	-0.002482	-2.997518
0.193000	-167.240529	-166.825364	334.065893	0.415166	501.306422	-2.193383	-2.193368	-2.192849	-0.667797	-0.445546	-0.124504	-0.479359	-0.319812	-0.089271	-0.002482	-2.997518
0.193200	-167.240529	-166.825364	334.065893	0.415166	501.306422	-2.093378	-2.093365	-2.092915	-0.712318	-0.475249	-0.132796	-0.410292	-0.273733	-0.076408	-0.002482	-2.997518
0.193400	-167.240529	-166.825364	334.065893	0.415166	501.306422	-1.993373	-1.993362	-1.992985	-0.749721	-0.500203	-0.139762	-0.337124	-0.224918	-0.062781	-0.002482	-2.997518
0.193600	-167.240529	-166.825364	334.065893	0.415166	501.306422	-1.893368	-1.893359	-1.893060	-0.779632	-0.520159	-0.145332	-0.260589	-0.173856	-0.048527	-0.002482	-2.997518
0.193800	-167.240529	-166.825364	334.065893	0.415166	501.306422	-1.793362	-1.793356	-1.793137	-0.801753	-0.534917	-0.149452	-0.181449	-0.121056	-0.033788	-0.002482	-2.997518
0.194000	-167.240529	-166.825364	334.065893	0.415166	501.306422	-1.693356	-1.693353	-1.693216	-0.815862	-0.544330	-0.152080	-0.100496	-0.067047	-0.018711	-0.002482	-2.997518
0.194200	-167.240529	-166.825364	334.065893	0.415166	501.306422	-1.593351	-1.593350	-1.593297	-0.821819	-0.548304	-0.153189	-0.018539	-0.012368	-0.003447	-0.002482	-2.997518
0.194400	-167.240529	-166.825364	334.065893	0.415166	501.306422	-1.493345	-1.493347	-1.493378	-0.819564	-0.546800	-0.152769	0.063604	0.042434	0.011851	-0.002482	-2.997518
0.194600	-167.240529	-166.825364	334.065893	0.415166	501.306422	-1.393339	-1.393344	-1.393459	-0.809119	-0.539831	-0.150824	0.145110	0.096813	0.027031	-0.002482	-2.997518
0.194800	-167.240529	-166.825364	334.065893	0.415166	501.306422	-1.293334	-1.293341	-1.293538	-0.790589	-0.527469	-0.147373	0.225167	0.150224	0.041941	-0.002482	-2.997518
0.195000	-167.240529	-166.825364	334.065893	0.415166	501.306422	-1.193328	-1.193338	-1.193616	-0.764159	-0.509836	-0.142451	0.302974	0.202134	0.056431	-0.002482	-2.997518
0.195200	-167.240529	-166.825364	334.065893	0.415166	501.306422	-1.093323	-1.093335	-1.093691	-0.730094	-0.487108	-0.136106	0.377753	0.252024	0.070358	-0.002482	-2.997518
0.195400	-167.240529	-166.825364	334.065893	0.415166	501.306422	-0.993317	-0.993332	-0.993763	-0.688732	-0.459513	-0.128403	0.448758	0.299396	0.083582	-0.002482	-2.997518
0.195600	-167.240529	-166.825364	334.065893	0.415166	501.306422	-0.893312	-0.893329	-0.893830	-0.640489	-0.427327	-0.119418	0.515279	0.343776	0.095971	-0.002482	-2.997518
0.195800	-167.240529	-166.825364	334.065893	0.415166	501.306422	-0.793307	-0.793326	-0.793892	-0.585845	-0.390871	-0.109241	0.576651	0.384722	0.107401	-0.002482	-2.997518
0.196000	-167.240529	-166.825364	334.065893	0.415166	501.306422	-0.693302	-0.693323	-0.693948	-0.525347	-0.350508	-0.097974	0.632261	0.421823	0.117758	-0.002482	-2.997518
0.196200	-167.240529	-166.825364	334.065893	0.415166	501.306422	-0.593298	-0.593320	-0.593999	-0.459600	-0.306644	-0.085729	0.681553	0.454709	0.126938	-0.002482	-2.997518
0.196400	-167.240529	-166.825364	334.065893	0.415166	501.306422	-0.493293	-0.493317	-0.494042	-0.389260	-0.259716	-0.072629	0.724035	0.483051	0.134850	-0.002482	-2.997518
0.196600	-167.240529	-166.825364	334.065893	0.415166	501.306422	-0.393289	-0.393314	-0.394079	-0.315030	-0.210192	-0.058805	0.759282	0.506567	0.141415	-0.002482	-2.997518
0.196800	-167.240529	-166.825364	334.065893	0.415166	501.306422	-0.293285	-0.293311	-0.294107	-0.237652	-0.158568	-0.044394	0.786942	0.525021	0.146566	-0.002482	-2.997518
0.197000	-167.240529	-166.825364	334.065893	0.415166	501.306422	-0.193282	-0.193308	-0.194128	-0.157899	-0.105360	-0.029540	0.806739	0.538229	0.150253	-0.002482	-2.997518
0.197200	-167.240529	-166.825364	334.065893	0.415166	501.306422	-0.093279	-0.093305	-0.094141	-0.076568	-0.051098	-0.014393	0.818475	0.546059	0.152439	-0.002482	-2.997518
0.197400	-167.240529	-166.825364	334.065893	0.415166	501.306422	0.006725	0.006698	0.005855	0.005528	0.003673	0.000896	0.822032	0.548432	0.153101	-0.002482	-2.997518
0.197600	-167.240529	-166.825364	334.065893	0.415166	501.306422	0.106727	0.106701	0.105859	0.087569	0.058409	0.016176	0.817376	0.545325	0.152234	-0.002482	-2.997518
0.197800	-167.240529	-166.825364	334.065893	0.415166	501.306422	0.206730	0.206704	0.205871	0.168735	0.112560	0.031292	0.804552	0.536770	0.149846	-0.002482	-2.997518
0.198000	-167.240529	-166.825364	334.065893	0.415166	501.306422	0.306732	0.306707	0.305892	0.248216	0.165587	0.046095	0.783689	0.522850	0.145960	-0.002482	-2.997518
0.198200	-167.240529	-166.825364	334.065893	0.415166	501.306422	0.406734	0.406709	0.405921	0.325217	0.216959	0.060435	0.754995	0.503707	0.140616	-0.002482	-2.997518
0.198400	-167.240529	-166.825364	334.065893	0.415166	501.306422	0.506736	0.506712	0.505957	0.398968	0.266163	0.074171	0.718757	0.479530	0.133867	-0.002482	-2.997518
0.198600	-167.240529	-166.825364	334.065893	0.415166	501.306422	0.606737	0.606715	0.606002	0.468733	0.312708	0.087164	0.675336	0.450561	0.125781	-0.002482	-2.997518
0.198800	-167.240529	-166.825364	334.065893	0.415166	501.306422	0.706738	0.706718	0.706053	0.533814	0.356128	0.099285	0.625168	0.417091	0.116437	-0.002482	-2.997518
0.199000	-167.240529	-166.825364	334.065893	0.415166	501.306422	0.806739	0.806721	0.806111	0.593562	0.395990	0.110412	0.568753	0.379453	0.105931	-0.002482	-2.997518
0.199200	-167.240529	-166.825364	334.065893	0.415166	501.306422	0.906740	0.906723	0.906175	0.647379	0.431894	0.120435	0.506655	0.338023	0.094365	-0.002482	-2.997518
0.199400	-167.240529	-166.825364	334.065893	0.415166	501.306422	1.006740	1.006726	1.006244	0.694727	0.463484	0.129253	0.439494	0.293215	0.081857	-0.002482	-2.997518
0.199600	-167.240529	-166.825364	334.065893	0.415166	501.306422	1.106741	1.106729	1.106319	0.735134	0.490442	0.136779	0.367942	0.245478	0.068531	-0.002482	-2.997518
0.199800	-167.240529	-166.825364	334.065893	0.415166	501.306422	1.206741	1.206732	1.206397	0.768195	0.512499	0.142936	0.292713	0.195288	0.054521	-0.002482	-2.997518
0.200000	-167.240529	-166.825364	334.065893	0.415166	501.306422	1.306741	1.306734	1.306479	0.793580	0.529435	0.147664	0.214559	0.143146	0.039965	-0.002482	-2.997518
