#model:pConst	end_point_b=0.20
#t	l_1	l_2	l_3	l_2-l_1	l_3-l_1	phase_1	phase_2	phase_3	RePsi_1	RePsi_2	RePsi_3	ImPsi_1	ImPsi_2	ImPsi_3
0.100200	-218.146913	-182.535673	400.682587	35.611240	618.829500	1.670797	1.671062	1.679485	0.817956	0.545691	0.152132	-0.082070	-0.054898	-0.016600
0.100400	-218.146913	-182.535673	400.682587	35.611240	618.829500	1.770800	1.771328	1.788083	0.805642	0.537453	0.149624	-0.163315	-0.109245	-0.033033
0.100600	-218.146913	-182.535673	400.682587	35.611240	618.829500	1.870808	1.871594	1.896500	0.785256	0.523817	0.145473	-0.242918	-0.162493	-0.049131
0.100800	-218.146913	-182.535673	400.682587	35.611240	618.829500	1.970824	1.971860	2.004651	0.757002	0.504917	0.139720	-0.320081	-0.214109	-0.064731
0.101000	-218.146913	-182.535673	400.682587	35.611240	618.829500	2.070851	2.072126	2.112454	0.721166	0.480946	0.132422	-0.394026	-0.263573	-0.079676
0.101200	-218.146913	-182.535673	400.682587	35.611240	618.829500	2.170891	2.172392	2.219833	0.678107	0.452142	0.123654	-0.464011	-0.310388	-0.093815
0.101400	-218.146913	-182.535673	400.682587	35.611240	618.829500	2.270945	2.272659	2.326722	0.628257	0.418797	0.113504	-0.529334	-0.354083	-0.107003
0.101600	-218.146913	-182.535673	400.682587	35.611240	618.829500	2.371017	2.372925	2.433059	0.572119	0.381245	0.102073	-0.589336	-0.394220	-0.119107
0.101800	-218.146913	-182.535673	400.682587	35.611240	618.829500	2.471108	2.473192	2.538793	0.510256	0.339864	0.089476	-0.643416	-0.430395	-0.130005
0.102000	-218.146913	-182.535673	400.682587	35.611240	618.829500	2.571221	2.573459	2.643881	0.443291	0.295069	0.075841	-0.691029	-0.462245	-0.139585
0.102200	-218.146913	-182.535673	400.682587	35.611240	618.829500	2.671356	2.673727	2.748289	0.371896	0.247311	0.061305	-0.731698	-0.489449	-0.147750
0.102400	-218.146913	-182.535673	400.682587	35.611240	618.829500	2.771515	2.773995	2.851993	0.296788	0.197070	0.046013	-0.765014	-0.511735	-0.154416
0.102600	-218.146913	-182.535673	400.682587	35.611240	618.829500	2.871701	2.874264	2.954975	0.218724	0.144851	0.030119	-0.790641	-0.528878	-0.159517
0.102800	-218.146913	-182.535673	400.682587	35.611240	618.829500	2.971913	2.974534	3.057228	0.138488	0.091179	0.013784	-0.808323	-0.540706	-0.162998
0.103000	-218.146913	-182.535673	400.682587	35.611240	618.829500	3.072152	3.074806	-3.124435	0.056885	0.036594	-0.002828	-0.817882	-0.547100	-0.164825
0.103200	-218.146913	-182.535673	400.682587	35.611240	618.829500	-3.110765	-3.108107	-3.023637	-0.025262	-0.018357	-0.019551	-0.819222	-0.547996	-0.164977
0.103400	-218.146913	-182.535673	400.682587	35.611240	618.829500	-3.010469	-3.007832	-2.923550	-0.107130	-0.073120	-0.036215	-0.812330	-0.543386	-0.163452
0.103600	-218.146913	-182.535673	400.682587	35.611240	618.829500	-2.910145	-2.907556	-2.824158	-0.187895	-0.127145	-0.052654	-0.797275	-0.533316	-0.160263
0.103800	-218.146913	-182.535673	400.682587	35.611240	618.829500	-2.809792	-2.807277	-2.725437	-0.266744	-0.179890	-0.068701	-0.774209	-0.517886	-0.155443
0.104000	-218.146913	-182.535673	400.682587	35.611240	618.829500	-2.709412	-2.706996	-2.627359	-0.342886	-0.230823	-0.084196	-0.743363	-0.497253	-0.149037
0.104200	-218.146913	-182.535673	400.682587	35.611240	618.829500	-2.609004	-2.606713	-2.529894	-0.415555	-0.279433	-0.098982	-0.705048	-0.471623	-0.141110
0.104400	-218.146913	-182.535673	400.682587	35.611240	618.829500	-2.508570	-2.506426	-2.433007	-0.484021	-0.325231	-0.112910	-0.659650	-0.441255	-0.131739
0.104600	-218.146913	-182.535673	400.682587	35.611240	618.829500	-2.408111	-2.406135	-2.336663	-0.547596	-0.367757	-0.125841	-0.607624	-0.406454	-0.121019
0.104800	-218.146913	-182.535673	400.682587	35.611240	618.829500	-2.307628	-2.305841	-2.240822	-0.605639	-0.406584	-0.137644	-0.549494	-0.367570	-0.109054
0.105000	-218.146913	-182.535673	400.682587	35.611240	618.829500	-2.207123	-2.205543	-2.145443	-0.657569	-0.441321	-0.148200	-0.485845	-0.324994	-0.095966
0.105200	-218.146913	-182.535673	400.682587	35.611240	618.829500	-2.106598	-2.105241	-2.050484	-0.702863	-0.471619	-0.157403	-0.417316	-0.279153	-0.081883
0.105400	-218.146913	-182.535673	400.682587	35.611240	618.829500	-2.006055	-2.004935	-1.955902	-0.741065	-0.497174	-0.165159	-0.344596	-0.230509	-0.066946
0.105600	-218.146913	-182.535673	400.682587	35.611240	618.829500	-1.905496	-1.904623	-1.861652	-0.771793	-0.517728	-0.171392	-0.268417	-0.179551	-0.051305
0.105800	-218.146913	-182.535673	400.682587	35.611240	618.829500	-1.804923	-1.804307	-1.767690	-0.794736	-0.533075	-0.176038	-0.189544	-0.126792	-0.035116
0.106000	-218.146913	-182.535673	400.682587	35.611240	618.829500	-1.704338	-1.703986	-1.673970	-0.809664	-0.543061	-0.179050	-0.108771	-0.072761	-0.018539
0.106200	-218.146913	-182.535673	400.682587	35.611240	618.829500	-1.603745	-1.603660	-1.580446	-0.816428	-0.547586	-0.180397	-0.026910	-0.018002	-0.001741
0.106400	-218.146913	-182.535673	400.682587	35.611240	618.829500	-1.503145	-1.503328	-1.487072	-0.814960	-0.546604	-0.180065	0.055217	0.036935	0.015111
0.106600	-218.146913	-182.535673	400.682587	35.611240	618.829500	-1.402542	-1.402991	-1.393801	-0.805273	-0.540124	-0.178058	0.136784	0.091496	0.031849
0.106800	-218.146913	-182.535673	400.682587	35.611240	618.829500	-1.301938	-1.302648	-1.300586	-0.787467	-0.528213	-0.174396	0.216971	0.145135	0.048305
0.107000	-218.146913	-182.535673	400.682587	35.611240	618.829500	-1.201335	-1.202301	-1.207382	-0.761718	-0.510990	-0.169114	0.294970	0.197310	0.064315
0.107200	-218.146913	-182.535673	400.682587	35.611240	618.829500	-1.100738	-1.101948	-1.114141	-0.728288	-0.488627	-0.162266	0.369999	0.247499	0.079720
0.107400	-218.146913	-182.535673	400.682587	35.611240	618.829500	-1.000147	-1.001589	-1.020817	-0.687511	-0.461351	-0.153920	0.441303	0.295195	0.094365
0.107600	-218.146913	-182.535673	400.682587	35.611240	618.829500	-0.899566	-0.901227	-0.927363	-0.639797	-0.429434	-0.144160	0.508165	0.339921	0.108104
0.107800	-218.146913	-182.535673	400.682587	35.611240	618.829500	-0.798997	-0.800859	-0.833732	-0.585627	-0.393199	-0.133083	0.569912	0.381225	0.120802
0.108000	-218.146913	-182.535673	400.682587	35.611240	618.829500	-0.698443	-0.700487	-0.739880	-0.525545	-0.353008	-0.120800	0.625924	0.418692	0.132330
0.108200	-218.146913	-182.535673	400.682587	35.611240	618.829500	-0.597906	-0.600111	-0.645759	-0.460154	-0.309267	-0.107435	0.675638	0.451947	0.142575
0.108400	-218.146913	-182.535673	400.682587	35.611240	618.829500	-0.497387	-0.499732	-0.551325	-0.390113	-0.262415	-0.093121	0.718553	0.480654	0.151434
0.108600	-218.146913	-182.535673	400.682587	35.611240	618.829500	-0.396889	-0.399350	-0.456533	-0.316125	-0.212923	-0.078002	0.754239	0.504525	0.158819
0.108800	-218.146913	-182.535673	400.682587	35.611240	618.829500	-0.296414	-0.298966	-0.361339	-0.238934	-0.161289	-0.062230	0.782335	0.523319	0.164658
0.109000	-218.146913	-182.535673	400.682587	35.611240	618.829500	-0.195962	-0.198579	-0.265701	-0.159316	-0.108031	-0.045962	0.802561	0.536848	0.168893
0.109200	-218.146913	-182.535673	400.682587	35.611240	618.829500	-0.095536	-0.098192	-0.169578	-0.078072	-0.053685	-0.029362	0.814712	0.544976	0.171482
0.109400	-218.146913	-182.535673	400.682587	35.611240	618.829500	0.004864	0.002196	-0.072928	0.003982	0.001203	-0.012595	0.818666	0.547621	0.172400
0.109600	-218.146913	-182.535673	400.682587	35.611240	618.829500	0.105237	0.102584	0.024284	0.086021	0.056080	0.004169	0.814382	0.544756	0.171640
0.109800	-218.146913	-182.535673	400.682587	35.611240	618.829500	0.205583	0.202971	0.122095	0.167220	0.110396	0.020763	0.801905	0.536410	0.169210
0.110000	-218.146913	-182.535673	400.682587	35.611240	618.829500	0.305900	0.303357	0.220537	0.246763	0.163604	0.037020	0.781359	0.522666	0.165135
0.110200	-218.146913	-182.535673	400.682587	35.611240	618.829500	0.406190	0.403740	0.319638	0.323850	0.215169	0.052778	0.752951	0.503663	0.159457
0.110400	-218.146913	-182.535673	400.682587	35.611240	618.829500	0.506451	0.504119	0.419424	0.397707	0.264573	0.067879	0.716965	0.479591	0.152236
0.110600	-218.146913	-182.535673	400.682587	35.611240	618.829500	0.606685	0.604495	0.519915	0.467590	0.311319	0.082171	0.673764	0.450693	0.143543
0.110800	-218.146913	-182.535673	400.682587	35.611240	618.829500	0.706893	0.704866	0.621125	0.532797	0.354938	0.095511	0.623782	0.417259	0.133469
0.111000	-218.146913	-182.535673	400.682587	35.611240	618.829500	0.807074	0.805231	0.723065	0.592674	0.394990	0.107766	0.567521	0.379625	0.122114
0.111200	-218.146913	-182.535673	400.682587	35.611240	618.829500	0.907231	0.905591	0.825734	0.646616	0.431074	0.118813	0.505546	0.338169	0.109595
0.111400	-218.146913	-182.535673	400.682587	35.611240	618.829500	1.007364	1.005943	0.929130	0.694084	0.462825	0.128541	0.438481	0.293307	0.096038
0.111600	-218.146913	-182.535673	400.682587	35.611240	618.829500	1.107476	1.106287	1.033238	0.734598	0.489926	0.136854	0.366999	0.245491	0.081581
0.111800	-218.146913	-182.535673	400.682587	35.611240	618.829500	1.207568	1.206623	1.138038	0.767752	0.512104	0.143667	0.291818	0.195201	0.066369
0.112000	-218.146913	-182.535673	400.682587	35.611240	618.829500	1.307641	1.306951	1.243500	0.793213	0.529135	0.148914	0.213694	0.142942	0.050557
0.112200	-218.146913	-182.535673	400.682587	35.611240	618.829500	1.407698	1.407269	1.349583	0.810724	0.540848	0.152542	0.133413	0.089241	0.034306
0.112400	-218.146913	-182.535673	400.682587	35.611240	618.829500	1.507741	1.507577	1.456242	0.820110	0.547126	0.154516	0.051781	0.034635	0.017778
0.112600	-218.146913	-182.535673	400.682587	35.611240	618.829500	1.607772	1.607875	1.563419	0.821276	0.547906	0.154815	-0.030381	-0.020325	0.001142
0.112800	-218.146913	-182.535673	400.682587	35.611240	618.829500	1.707795	1.708163	1.671049	0.814210	0.543179	0.153438	-0.112248	-0.075088	-0.015434
0.113000	-218.146913	-182.535673	400.682587	35.611240	618.829500	1.807810	1.808441	1.779059	0.798983	0.532993	0.150399	-0.192997	-0.129102	-0.031783
0.113200	-218.146913	-182.535673	400.682587	35.611240	618.829500	1.907821	1.908708	1.887372	0.775747	0.517451	0.145729	-0.271816	-0.181826	-0.047740
0.113400	-218.146913	-182.535673	400.682587	35.611240	618.829500	2.007830	2.008964	1.995903	0.744738	0.496707	0.139475	-0.347913	-0.232729	-0.063142
0.113600	-218.146913	-182.535673	400.682587	35.611240	618.829500	2.107840	2.109210	2.104563	0.706266	0.470972	0.131702	-0.420524	-0.281300	-0.077835
0.113800	-218.146913	-182.535673	400.682587	35.611240	618.829500	2.207854	2.209445	2.213263	0.660717	0.440504	0.122488	-0.488918	-0.327050	-0.091669
0.114000	-218.146913	-182.535673	400.682587	35.611240	618.829500	2.307874	2.309671	2.321911	0.608550	0.405608	0.111927	-0.552408	-0.369520	-0.104504
0.114200	-218.146913	-182.535673	400.682587	35.611240	618.829500	2.407902	2.409887	2.430416	0.550289	0.366636	0.100124	-0.610356	-0.408283	-0.116210
0.114400	-218.146913	-182.535673	400.682587	35.611240	618.829500	2.507940	2.510094	2.538691	0.486520	0.323979	0.087200	-0.662181	-0.442949	-0.126670
0.114600	-218.146913	-182.535673	400.682587	35.611240	618.829500	2.607992	2.610293	2.646652	0.417883	0.278066	0.073285	-0.707360	-0.473171	-0.135776
0.114800	-218.146913	-182.535673	400.682587	35.611240	618.829500	2.708059	2.710483	2.754222	0.345068	0.229358	0.058520	-0.745440	-0.498643	-0.143436
0.115000	-218.146913	-182.535673	400.682587	35.611240	618.829500	2.808143	2.810668	2.861329	0.268807	0.178345	0.043053	-0.776038	-0.519111	-0.149572
0.115200	-218.146913	-182.535673	400.682587	35.611240	618.829500	2.908247	2.910846	2.967909	0.189866	0.125540	0.027041	-0.798847	-0.534368	-0.154122
0.115400	-218.146913	-182.535673	400.682587	35.611240	618.829500	3.008371	3.011018	3.073908	0.109040	0.071473	0.010645	-0.813638	-0.544262	-0.157038
0.115600	-218.146913	-182.535673	400.682587	35.611240	618.829500	3.108518	3.111187	-3.103908	0.027140	0.016688	-0.005968	-0.820262	-0.548693	-0.158291
0.115800	-218.146913	-182.535673	400.682587	35.611240	618.829500	-3.074497	-3.071832	-2.999205	-0.055011	-0.038264	-0.022632	-0.818652	-0.547617	-0.157867
0.116000	-218.146913	-182.535673	400.682587	35.611240	618.829500	-2.974301	-2.971668	-2.895196	-0.136586	-0.092832	-0.039177	-0.808826	-0.541044	-0.155770
0.116200	-218.146913	-182.535673	400.682587	35.611240	618.829500	-2.874080	-2.871504	-2.791903	-0.216767	-0.146466	-0.055438	-0.790881	-0.529040	-0.152018
0.116400	-218.146913	-182.535673	400.682587	35.611240	618.829500	-2.773832	-2.771340	-2.689336	-0.294746	-0.198629	-0.071249	-0.764999	-0.511727	-0.146651
0.116600	-218.146913	-182.535673	400.682587	35.611240	618.829500	-2.673558	-2.671174	-2.587501	-0.369740	-0.248794	-0.086451	-0.731440	-0.489278	-0.139719
0.116800	-218.146913	-182.535673	400.682587	35.611240	618.829500	-2.573256	-2.571005	-2.486393	-0.440996	-0.296459	-0.100891	-0.690541	-0.461920	-0.131293
0.117000	-218.146913	-182.535673	400.682587	35.611240	618.829500	-2.472927	-2.470832	-2.386003	-0.507798	-0.341144	-0.114422	-0.642713	-0.429927	-0.121455
0.117200	-218.146913	-182.535673	400.682587	35.611240	618.829500	-2.372572	-2.370652	-2.286315	-0.569473	-0.382401	-0.126908	-0.588438	-0.393621	-0.110305
0.117400	-218.146913	-182.535673	400.682587	35.611240	618.829500	-2.272190	-2.270466	-2.187309	-0.625403	-0.419813	-0.138223	-0.528261	-0.353367	-0.097952
0.117600	-218.146913	-182.535673	400.682587	35.611240	618.829500	-2.171782	-2.170272	-2.088958	-0.675024	-0.453006	-0.148251	-0.462787	-0.309570	-0.084521
0.117800	-218.146913	-182.535673	400.682587	35.611240	618.829500	-2.071350	-2.070069	-1.991234	-0.717839	-0.481646	-0.156892	-0.392674	-0.262670	-0.070146
0.118000	-218.146913	-182.535673	400.682587	35.611240	618.829500	-1.970895	-1.969856	-1.894104	-0.753417	-0.505446	-0.164057	-0.318627	-0.213139	-0.054970
0.118200	-218.146913	-182.535673	400.682587	35.611240	618.829500	-1.870418	-1.869631	-1.797531	-0.781400	-0.524164	-0.169674	-0.241391	-0.161474	-0.039144
0.118400	-218.146913	-182.535673	400.682587	35.611240	618.829500	-1.769920	-1.769394	-1.701478	-0.801508	-0.537615	-0.173686	-0.161743	-0.108195	-0.022828
0.118600	-218.146913	-182.535673	400.682587	35.611240	618.829500	-1.669404	-1.669144	-1.605906	-0.813538	-0.545663	-0.176051	-0.080482	-0.053838	-0.006184
0.118800	-218.146913	-182.535673	400.682587	35.611240	618.829500	-1.568871	-1.568879	-1.510771	-0.817370	-0.548226	-0.176744	0.001574	0.001051	0.010622
0.119000	-218.146913	-182.535673	400.682587	35.611240	618.829500	-1.468324	-1.468601	-1.416033	-0.812965	-0.545279	-0.175759	0.083600	0.055920	0.027420
0.119200	-218.146913	-182.535673	400.682587	35.611240	618.829500	-1.367764	-1.368308	-1.321645	-0.800367	-0.536853	-0.173104	0.164771	0.110217	0.044044
0.119400	-218.146913	-182.535673	400.682587	35.611240	618.829500	-1.267194	-1.267999	-1.227565	-0.779703	-0.523031	-0.168804	0.244272	0.163397	0.060327
0.119600	-218.146913	-182.535673	400.682587	35.611240	618.829500	-1.166616	-1.167674	-1.133746	-0.751182	-0.503952	-0.162903	0.321303	0.214925	0.076105
0.119800	-218.146913	-182.535673	400.682587	35.611240	618.829500	-1.066034	-1.067334	-1.040143	-0.715090	-0.479810	-0.155458	0.395089	0.264282	0.091222
0.120000	-218.146913	-182.535673	400.682587	35.611240	618.829500	-0.965448	-0.966979	-0.946710	-0.671789	-0.450845	-0.146544	0.464890	0.310973	0.105526
0.120200	-218.146913	-182.535673	400.682587	35.611240	618.829500	-0.864863	-0.866607	-0.853400	-0.621716	-0.417351	-0.136249	0.530002	0.354529	0.118873
0.120400	-218.146913	-182.535673	400.682587	35.611240	618.829500	-0.764279	-0.766221	-0.760167	-0.565374	-0.379662	-0.124676	0.589772	0.394510	0.131132
0.120600	-218.146913	-182.535673	400.682587	35.611240	618.829500	-0.663701	-0.665820	-0.666963	-0.503328	-0.338159	-0.111940	0.643599	0.430516	0.142178
0.120800	-218.146913	-182.535673	400.682587	35.611240	618.829500	-0.563130	-0.565405	-0.573744	-0.436204	-0.293258	-0.098169	0.690941	0.462184	0.151903
0.121000	-218.146913	-182.535673	400.682587	35.611240	618.829500	-0.462569	-0.464977	-0.480460	-0.364676	-0.245412	-0.083500	0.731323	0.489196	0.160208
0.121200	-218.146913	-182.535673	400.682587	35.611240	618.829500	-0.362019	-0.364536	-0.387067	-0.289462	-0.195100	-0.068079	0.764338	0.511281	0.167012
0.121400	-218.146913	-182.535673	400.682587	35.611240	618.829500	-0.261484	-0.264084	-0.293518	-0.211320	-0.142829	-0.052061	0.789654	0.528216	0.172246
0.121600	-218.146913	-182.535673	400.682587	35.611240	618.829500	-0.160965	-0.163622	-0.199766	-0.131035	-0.089125	-0.035605	0.807017	0.539830	0.175858
0.121800	-218.146913	-182.535673	400.682587	35.611240	618.829500	-0.060463	-0.063151	-0.105765	-0.049413	-0.034527	-0.018877	0.816252	0.546008	0.177814
0.122000	-218.146913	-182.535673	400.682587	35.611240	618.829500	0.040018	0.037327	-0.011471	0.032723	0.020416	-0.002043	0.817267	0.546687	0.178094
0.122200	-218.146913	-182.535673	400.682587	35.611240	618.829500	0.140479	0.137812	0.083162	0.114550	0.075151	0.014728	0.810050	0.541859	0.176696
0.122400	-218.146913	-182.535673	400.682587	35.611240	618.829500	0.240917	0.238301	0.178179	0.195243	0.129128	0.031270	0.794675	0.531575	0.173634
0.122600	-218.146913	-182.535673	400.682587	35.611240	618.829500	0.341332	0.338793	0.273621	0.273992	0.181805	0.047415	0.771295	0.515936	0.168941
0.122800	-218.146913	-182.535673	400.682587	35.611240	618.829500	0.441722	0.439285	0.369532	0.350005	0.232651	0.063004	0.740147	0.495100	0.162664
0.123000	-218.146913	-182.535673	400.682587	35.611240	618.829500	0.542087	0.539778	0.465951	0.422517	0.281156	0.077880	0.701542	0.469276	0.154867
0.123200	-218.146913	-182.535673	400.682587	35.611240	618.829500	0.642426	0.640268	0.562917	0.490801	0.326832	0.091895	0.655869	0.438725	0.145628
0.123400	-218.146913	-182.535673	400.682587	35.611240	618.829500	0.742739	0.740753	0.660467	0.554168	0.369220	0.104908	0.603586	0.403752	0.135042
0.123600	-218.146913	-182.535673	400.682587	35.611240	618.829500	0.843027	0.841233	0.758634	0.611983	0.407893	0.116791	0.545220	0.364710	0.123216
0.123800	-218.146913	-182.535673	400.682587	35.611240	618.829500	0.943289	0.941706	0.857449	0.663663	0.442463	0.127425	0.481357	0.321990	0.110269
0.124000	-218.146913	-182.535673	400.682587	35.611240	618.829500	1.043526	1.042169	0.956939	0.708689	0.472582	0.136703	0.412638	0.276023	0.096331
0.124200	-218.146913	-182.535673	400.682587	35.611240	618.829500	1.143739	1.142621	1.057125	0.746609	0.497947	0.144533	0.339755	0.227270	0.081544
0.124400	-218.146913	-182.535673	400.682587	35.611240	618.829500	1.243928	1.243061	1.158025	0.777041	0.518303	0.150839	0.263440	0.176221	0.066057
0.124600	-218.146913	-182.535673	400.682587	35.611240	618.829500	1.344094	1.343487	1.259650	0.799678	0.533445	0.155557	0.184459	0.123389	0.050026
0.124800	-218.146913	-182.535673	400.682587	35.611240	618.829500	1.444240	1.443899	1.362006	0.814294	0.543222	0.158641	0.103608	0.069306	0.033612
0.125000	-218.146913	-182.535673	400.682587	35.611240	618.829500	1.544366	1.544293	1.465091	0.820742	0.547534	0.160061	0.021698	0.014515	0.016983
0.125200	-218.146913	-182.535673	400.682587	35.611240	618.829500	1.644473	1.644671	1.568895	0.818955	0.546339	0.159804	-0.060448	-0.040434	0.000304
0.125400	-218.146913	-182.535673	400.682587	35.611240	618.829500	1.744565	1.745030	1.673401	0.808953	0.539648	0.157873	-0.142003	-0.094988	-0.016256
0.125600	-218.146913	-182.535673	400.682587	35.611240	618.829500	1.844642	1.845370	1.778582	0.790835	0.527528	0.154289	-0.222148	-0.148598	-0.032529
0.125800	-218.146913	-182.535673	400.682587	35.611240	618.829500	1.944706	1.945690	1.884404	0.764783	0.510102	0.149089	-0.300077	-0.200727	-0.048351
0.126000	-218.146913	-182.535673	400.682587	35.611240	618.829500	2.044761	2.045990	1.990821	0.731060	0.487543	0.142326	-0.375007	-0.250849	-0.063563
0.126200	-218.146913	-182.535673	400.682587	35.611240	618.829500	2.144807	2.146270	2.097782	0.690004	0.460080	0.134070	-0.446185	-0.298462	-0.078012
0.126400	-218.146913	-182.535673	400.682587	35.611240	618.829500	2.244848	2.246529	2.205225	0.642027	0.427987	0.124404	-0.512896	-0.343086	-0.091551
0.126600	-218.146913	-182.535673	400.682587	35.611240	618.829500	2.344885	2.346768	2.313081	0.587612	0.391587	0.113426	-0.574469	-0.384273	-0.104045
0.126800	-218.146913	-182.535673	400.682587	35.611240	618.829500	2.444921	2.446987	2.421274	0.527306	0.351247	0.101249	-0.630285	-0.421610	-0.115366
0.127000	-218.146913	-182.535673	400.682587	35.611240	618.829500	2.544957	2.547187	2.529721	0.461714	0.307370	0.087995	-0.679783	-0.454720	-0.125401
0.127200	-218.146913	-182.535673	400.682587	35.611240	618.829500	2.644998	2.647367	2.638336	0.391496	0.260400	0.073799	-0.722466	-0.483271	-0.134048
0.127400	-218.146913	-182.535673	400.682587	35.611240	618.829500	2.745044	2.747530	2.747029	0.317358	0.210807	0.058804	-0.757904	-0.506976	-0.141220
0.127600	-218.146913	-182.535673	400.682587	35.611240	618.829500	2.845098	2.847676	2.855709	0.240044	0.159089	0.043163	-0.785742	-0.525598	-0.146844
0.127800	-218.146913	-182.535673	400.682587	35.611240	618.829500	2.945162	2.947807	2.964285	0.160332	0.105768	0.027033	-0.805700	-0.538948	-0.150863
0.128000	-218.146913	-182.535673	400.682587	35.611240	618.829500	3.045238	3.047923	3.072669	0.079022	0.051378	0.010578	-0.817577	-0.546892	-0.153237
0.128200	-218.146913	-182.535673	400.682587	35.611240	618.829500	-3.137857	-3.135160	-3.102411	-0.003068	-0.003534	-0.006035	-0.821253	-0.549351	-0.153941
0.128400	-218.146913	-182.535673	400.682587	35.611240	618.829500	-3.037751	-3.035067	-2.994665	-0.085113	-0.058416	-0.022638	-0.816693	-0.546301	-0.152968
0.128600	-218.146913	-182.535673	400.682587	35.611240	618.829500	-2.937628	-2.934985	-2.887351	-0.166288	-0.112716	-0.039064	-0.803941	-0.537771	-0.150326
0.128800	-218.146913	-182.535673	400.682587	35.611240	618.829500	-2.837486	-2.834909	-2.780538	-0.245778	-0.165889	-0.055147	-0.783127	-0.523848	-0.146043
0.129000	-218.146913	-182.535673	400.682587	35.611240	618.829500	-2.737324	-2.734840	-2.674284	-0.322784	-0.217400	-0.070723	-0.754459	-0.504671	-0.140160
0.129200	-218.146913	-182.535673	400.682587	35.611240	618.829500	-2.637140	-2.634773	-2.568640	-0.396531	-0.266732	-0.085634	-0.718226	-0.480433	-0.132737
0.129400	-218.146913	-182.535673	400.682587	35.611240	618.829500	-2.536934	-2.534708	-2.463646	-0.466280	-0.313388	-0.099731	-0.674792	-0.451379	-0.123847
0.129600	-218.146913	-182.535673	400.682587	35.611240	618.829500	-2.436705	-2.434643	-2.359337	-0.531328	-0.356901	-0.112869	-0.624593	-0.417800	-0.113580
0.129800	-218.146913	-182.535673	400.682587	35.611240	618.829500	-2.336452	-2.334574	-2.255735	-0.591022	-0.396832	-0.124916	-0.568134	-0.380033	-0.102039
0.130000	-218.146913	-182.535673	400.682587	35.611240	618.829500	-2.236175	-2.234501	-2.152855	-0.644762	-0.432780	-0.135750	-0.505983	-0.338459	-0.089339
0.130200	-218.146913	-182.535673	400.682587	35.611240	618.829500	-2.135874	-2.134420	-2.050706	-0.692009	-0.464385	-0.145260	-0.438765	-0.293495	-0.075607
0.130400	-218.146913	-182.535673	400.682587	35.611240	618.829500	-2.035549	-2.034330	-1.949286	-0.732286	-0.491328	-0.153349	-0.367155	-0.245594	-0.060981
0.130600	-218.146913	-182.535673	400.682587	35.611240	618.829500	-1.935200	-1.934228	-1.848589	-0.765191	-0.513338	-0.159937	-0.291874	-0.195236	-0.045609
0.130800	-218.146913	-182.535673	400.682587	35.611240	618.829500	-1.834829	-1.834113	-1.748602	-0.790391	-0.530196	-0.164954	-0.213677	-0.142928	-0.029643
0.131000	-218.146913	-182.535673	400.682587	35.611240	618.829500	-1.734434	-1.733984	-1.649306	-0.807634	-0.541730	-0.168349	-0.133352	-0.089197	-0.013244
0.131200	-218.146913	-182.535673	400.682587	35.611240	618.829500	-1.634018	-1.633837	-1.550676	-0.816747	-0.547826	-0.170088	-0.051705	-0.034581	0.003423
0.131400	-218.146913	-182.535673	400.682587	35.611240	618.829500	-1.533581	-1.533671	-1.452686	-0.817638	-0.548423	-0.170151	0.030443	0.020369	0.020190
0.131600	-218.146913	-182.535673	400.682587	35.611240	618.829500	-1.433125	-1.433486	-1.355305	-0.810298	-0.543514	-0.168537	0.112265	0.075102	0.036891
0.131800	-218.146913	-182.535673	400.682587	35.611240	618.829500	-1.332651	-1.333280	-1.258496	-0.794802	-0.533148	-0.165260	0.192940	0.129068	0.053357
0.132000	-218.146913	-182.535673	400.682587	35.611240	618.829500	-1.232160	-1.233051	-1.162225	-0.771306	-0.517431	-0.160353	0.271656	0.181723	0.069422
0.132200	-218.146913	-182.535673	400.682587	35.611240	618.829500	-1.131655	-1.132799	-1.066450	-0.740044	-0.496520	-0.153864	0.347622	0.232539	0.084927
0.132400	-218.146913	-182.535673	400.682587	35.611240	618.829500	-1.031138	-1.032523	-0.971132	-0.701333	-0.470626	-0.145857	0.420075	0.281004	0.099714
0.132600	-218.146913	-182.535673	400.682587	35.611240	618.829500	-0.930609	-0.932222	-0.876228	-0.655562	-0.440008	-0.136410	0.488285	0.326632	0.113636
0.132800	-218.146913	-182.535673	400.682587	35.611240	618.829500	-0.830072	-0.831896	-0.781695	-0.603190	-0.404976	-0.125619	0.551568	0.368963	0.126553
0.133000	-218.146913	-182.535673	400.682587	35.611240	618.829500	-0.729528	-0.731546	-0.687487	-0.544744	-0.365880	-0.113590	0.609287	0.407573	0.138335
0.133200	-218.146913	-182.535673	400.682587	35.611240	618.829500	-0.628979	-0.631171	-0.593561	-0.480812	-0.323115	-0.100443	0.660862	0.442073	0.148864
0.133400	-218.146913	-182.535673	400.682587	35.611240	618.829500	-0.528428	-0.530772	-0.499871	-0.412037	-0.277110	-0.086308	0.705775	0.472116	0.158035
0.133600	-218.146913	-182.535673	400.682587	35.611240	618.829500	-0.427877	-0.430348	-0.406369	-0.339110	-0.228328	-0.071328	0.743573	0.497400	0.165755
0.133800	-218.146913	-182.535673	400.682587	35.611240	618.829500	-0.327328	-0.329903	-0.313011	-0.262764	-0.177259	-0.055651	0.773878	0.517672	0.171947
0.134000	-218.146913	-182.535673	400.682587	35.611240	618.829500	-0.226783	-0.229435	-0.219750	-0.183767	-0.124417	-0.039433	0.796384	0.532727	0.176549
0.134200	-218.146913	-182.535673	400.682587	35.611240	618.829500	-0.126244	-0.128947	-0.126539	-0.102914	-0.070333	-0.022838	0.810865	0.542414	0.179515
0.134400	-218.146913	-182.535673	400.682587	35.611240	618.829500	-0.025714	-0.028440	-0.033331	-0.021017	-0.015550	-0.006029	0.817176	0.546635	0.180815
0.134600	-218.146913	-182.535673	400.682587	35.611240	618.829500	0.074807	0.072084	0.059920	0.061100	0.039379	0.010825	0.815252	0.545349	0.180436
0.134800	-218.146913	-182.535673	400.682587	35.611240	618.829500	0.175315	0.172624	0.153261	0.142612	0.093904	0.027555	0.805114	0.538568	0.178382
0.135000	-218.146913	-182.535673	400.682587	35.611240	618.829500	0.275809	0.273177	0.246738	0.222700	0.147476	0.043995	0.786863	0.526360	0.174675
0.135200	-218.146913	-182.535673	400.682587	35.611240	618.829500	0.376288	0.373741	0.340398	0.300557	0.199556	0.059981	0.760684	0.508848	0.169350
0.135400	-218.146913	-182.535673	400.682587	35.611240	618.829500	0.476750	0.474314	0.434287	0.375402	0.249621	0.075353	0.726837	0.486207	0.162463
0.135600	-218.146913	-182.535673	400.682587	35.611240	618.829500	0.577194	0.574893	0.528450	0.446481	0.297168	0.089958	0.685665	0.458667	0.154081
0.135800	-218.146913	-182.535673	400.682587	35.611240	618.829500	0.677618	0.675477	0.622933	0.513081	0.341717	0.103651	0.637581	0.426503	0.144291
0.136000	-218.146913	-182.535673	400.682587	35.611240	618.829500	0.778023	0.776061	0.717780	0.574531	0.382822	0.116294	0.583068	0.390038	0.133189
0.136200	-218.146913	-182.535673	400.682587	35.611240	618.829500	0.878406	0.876645	0.813034	0.630213	0.420069	0.127762	0.522675	0.349640	0.120888
0.136400	-218.146913	-182.535673	400.682587	35.611240	618.829500	0.978768	0.977225	0.908739	0.679568	0.453083	0.137940	0.457008	0.305714	0.107512
0.136600	-218.146913	-182.535673	400.682587	35.611240	618.829500	1.079108	1.077798	1.004935	0.722100	0.481533	0.146728	0.386727	0.258702	0.093194
0.136800	-218.146913	-182.535673	400.682587	35.611240	618.829500	1.179426	1.178362	1.101662	0.757380	0.505132	0.154039	0.312539	0.209076	0.078079
0.137000	-218.146913	-182.535673	400.682587	35.611240	618.829500	1.279722	1.278915	1.198957	0.785054	0.523644	0.159800	0.235189	0.157335	0.062319
0.137200	-218.146913	-182.535673	400.682587	35.611240	618.829500	1.379995	1.379454	1.296855	0.804843	0.536881	0.163955	0.155456	0.104000	0.046072
0.137400	-218.146913	-182.535673	400.682587	35.611240	618.829500	1.480248	1.479977	1.395389	0.816549	0.544711	0.166462	0.074140	0.049607	0.029502
0.137600	-218.146913	-182.535673	400.682587	35.611240	618.829500	1.580479	1.580482	1.494585	0.820054	0.547055	0.167298	-0.007941	-0.005299	0.012775
0.137800	-218.146913	-182.535673	400.682587	35.611240	618.829500	1.680690	1.680966	1.594470	0.815321	0.543889	0.166456	-0.089961	-0.060164	-0.003941
0.138000	-218.146913	-182.535673	400.682587	35.611240	618.829500	1.780882	1.781428	1.695061	0.802400	0.535245	0.163945	-0.171097	-0.114437	-0.020478
0.138200	-218.146913	-182.535673	400.682587	35.611240	618.829500	1.881055	1.881866	1.796373	0.781418	0.521210	0.159792	-0.250533	-0.167573	-0.036669
0.138400	-218.146913	-182.535673	400.682587	35.611240	618.829500	1.981212	1.982279	1.898415	0.752588	0.501925	0.154039	-0.327470	-0.219038	-0.052353
0.138600	-218.146913	-182.535673	400.682587	35.611240	618.829500	2.081352	2.082666	2.001187	0.716199	0.477582	0.146746	-0.401135	-0.268313	-0.067370
0.138800	-218.146913	-182.535673	400.682587	35.611240	618.829500	2.181479	2.183025	2.104683	0.672615	0.448428	0.137988	-0.470787	-0.314905	-0.081571
0.139000	-218.146913	-182.535673	400.682587	35.611240	618.829500	2.281593	2.283357	2.208889	0.622276	0.414755	0.127852	-0.535727	-0.358344	-0.094813
0.139200	-218.146913	-182.535673	400.682587	35.611240	618.829500	2.381696	2.383659	2.313783	0.565688	0.376901	0.116443	-0.595301	-0.398195	-0.106963
0.139400	-218.146913	-182.535673	400.682587	35.611240	618.829500	2.481790	2.483933	2.419333	0.503418	0.335247	0.103877	-0.648911	-0.434055	-0.117898
0.139600	-218.146913	-182.535673	400.682587	35.611240	618.829500	2.581877	2.584178	2.525500	0.436092	0.290212	0.090280	-0.696018	-0.465565	-0.127509
0.139800	-218.146913	-182.535673	400.682587	35.611240	618.829500	2.681958	2.684395	2.632233	0.364388	0.242247	0.075791	-0.736147	-0.492409	-0.135700
0.140000	-218.146913	-182.535673	400.682587	35.611240	618.829500	2.782036	2.784584	2.739476	0.289026	0.191835	0.060556	-0.768897	-0.514315	-0.142387
0.140200	-218.146913	-182.535673	400.682587	35.611240	618.829500	2.882113	2.884747	2.847162	0.210762	0.139483	0.044730	-0.793937	-0.531065	-0.147505
0.140400	-218.146913	-182.535673	400.682587	35.611240	618.829500	2.982189	2.984883	2.955219	0.130385	0.085716	0.028473	-0.811016	-0.542489	-0.151002
0.140600	-218.146913	-182.535673	400.682587	35.611240	618.829500	3.082268	3.084995	3.063565	0.048701	0.031076	0.011950	-0.819961	-0.548472	-0.152843
0.140800	-218.146913	-182.535673	400.682587	35.611240	618.829500	-3.100834	-3.098102	-3.111067	-0.033469	-0.023890	-0.004672	-0.820684	-0.548956	-0.153009
0.141000	-218.146913	-182.535673	400.682587	35.611240	618.829500	-3.000745	-2.998034	-3.002398	-0.115298	-0.078627	-0.021225	-0.813177	-0.543934	-0.151499
0.141200	-218.146913	-182.535673	400.682587	35.611240	618.829500	-2.900647	-2.897985	-2.893702	-0.195965	-0.132587	-0.037542	-0.797516	-0.533457	-0.148329
0.141400	-218.146913	-182.535673	400.682587	35.611240	618.829500	-2.800541	-2.797953	-2.785071	-0.274658	-0.185227	-0.053456	-0.773857	-0.517631	-0.143530
0.141600	-218.146913	-182.535673	400.682587	35.611240	618.829500	-2.700423	-2.697936	-2.676595	-0.350587	-0.236018	-0.068807	-0.742438	-0.496614	-0.137152
0.141800	-218.146913	-182.535673	400.682587	35.611240	618.829500	-2.600293	-2.597932	-2.568361	-0.422988	-0.284449	-0.083440	-0.703576	-0.470618	-0.129257
0.142000	-218.146913	-182.535673	400.682587	35.611240	618.829500	-2.500149	-2.497936	-2.460451	-0.491135	-0.330034	-0.097206	-0.657661	-0.439904	-0.119926
0.142200	-218.146913	-182.535673	400.682587	35.611240	618.829500	-2.399989	-2.397948	-2.352944	-0.554342	-0.372315	-0.109966	-0.605154	-0.404780	-0.109253
0.142400	-218.146913	-182.535673	400.682587	35.611240	618.829500	-2.299813	-2.297963	-2.245908	-0.611973	-0.410867	-0.121590	-0.546583	-0.365601	-0.097346
0.142600	-218.146913	-182.535673	400.682587	35.611240	618.829500	-2.199620	-2.197980	-2.139408	-0.663451	-0.445301	-0.131960	-0.482537	-0.322759	-0.084324
0.142800	-218.146913	-182.535673	400.682587	35.611240	618.829500	-2.099408	-2.097995	-2.033496	-0.708257	-0.475273	-0.140971	-0.413660	-0.276685	-0.070319
0.143000	-218.146913	-182.535673	400.682587	35.611240	618.829500	-1.999178	-1.998005	-1.928219	-0.745941	-0.500482	-0.148532	-0.340644	-0.227843	-0.055471
0.143200	-218.146913	-182.535673	400.682587	35.611240	618.829500	-1.898928	-1.898008	-1.823612	-0.776125	-0.520673	-0.154564	-0.264223	-0.176723	-0.039931
0.143400	-218.146913	-182.535673	400.682587	35.611240	618.829500	-1.798659	-1.798000	-1.719703	-0.798506	-0.535644	-0.159006	-0.185165	-0.123839	-0.023854
0.143600	-218.146913	-182.535673	400.682587	35.611240	618.829500	-1.698369	-1.697980	-1.616512	-0.812858	-0.545244	-0.161813	-0.104265	-0.069722	-0.007403
0.143800	-218.146913	-182.535673	400.682587	35.611240	618.829500	-1.598060	-1.597943	-1.514048	-0.819037	-0.549378	-0.162955	-0.022336	-0.014918	0.009257
0.144000	-218.146913	-182.535673	400.682587	35.611240	618.829500	-1.497731	-1.497889	-1.412315	-0.816982	-0.548004	-0.162419	0.059799	0.040025	0.025958
0.144200	-218.146913	-182.535673	400.682587	35.611240	618.829500	-1.397383	-1.397814	-1.311308	-0.806713	-0.541135	-0.160210	0.141314	0.094552	0.042532
0.144400	-218.146913	-182.535673	400.682587	35.611240	618.829500	-1.297016	-1.297716	-1.211018	-0.788334	-0.528841	-0.156349	0.221390	0.148117	0.058811
0.144600	-218.146913	-182.535673	400.682587	35.611240	618.829500	-1.196631	-1.197593	-1.111426	-0.762030	-0.511246	-0.150873	0.299221	0.200180	0.074632
0.144800	-218.146913	-182.535673	400.682587	35.611240	618.829500	-1.096229	-1.097443	-1.012513	-0.728065	-0.488526	-0.143837	0.374026	0.250219	0.089835
0.145000	-218.146913	-182.535673	400.682587	35.611240	618.829500	-0.995810	-0.997266	-0.914251	-0.686780	-0.460910	-0.135309	0.445052	0.297730	0.104267
0.145200	-218.146913	-182.535673	400.682587	35.611240	618.829500	-0.895376	-0.897058	-0.816611	-0.638592	-0.428676	-0.125375	0.511585	0.342236	0.117783
0.145400	-218.146913	-182.535673	400.682587	35.611240	618.829500	-0.794928	-0.796821	-0.719560	-0.583983	-0.392148	-0.114134	0.572958	0.383290	0.130247
0.145600	-218.146913	-182.535673	400.682587	35.611240	618.829500	-0.694467	-0.696551	-0.623062	-0.523505	-0.351693	-0.101696	0.628553	0.420479	0.141532
0.145800	-218.146913	-182.535673	400.682587	35.611240	618.829500	-0.593995	-0.596250	-0.527077	-0.457764	-0.307718	-0.088187	0.677811	0.453429	0.151525
0.146000	-218.146913	-182.535673	400.682587	35.611240	618.829500	-0.493513	-0.495916	-0.431568	-0.387422	-0.260664	-0.073740	0.720237	0.481809	0.160125
0.146200	-218.146913	-182.535673	400.682587	35.611240	618.829500	-0.393023	-0.395551	-0.336490	-0.313185	-0.211006	-0.058501	0.755404	0.505334	0.167244
0.146400	-218.146913	-182.535673	400.682587	35.611240	618.829500	-0.292526	-0.295153	-0.241802	-0.235801	-0.159243	-0.042620	0.782960	0.523767	0.172813
0.146600	-218.146913	-182.535673	400.682587	35.611240	618.829500	-0.192025	-0.194724	-0.147459	-0.156047	-0.105894	-0.026257	0.802628	0.536924	0.176772
0.146800	-218.146913	-182.535673	400.682587	35.611240	618.829500	-0.091520	-0.094266	-0.053416	-0.074725	-0.051496	-0.009575	0.814209	0.544671	0.179083
0.147000	-218.146913	-182.535673	400.682587	35.611240	618.829500	0.008985	0.006222	0.040371	0.007347	0.003403	0.007259	0.817587	0.546931	0.179722
0.147200	-218.146913	-182.535673	400.682587	35.611240	618.829500	0.109491	0.106737	0.133949	0.089344	0.058253	0.024078	0.812729	0.543682	0.178682
0.147400	-218.146913	-182.535673	400.682587	35.611240	618.829500	0.209994	0.207278	0.227364	0.170442	0.112500	0.040714	0.799683	0.534955	0.175972
0.147600	-218.146913	-182.535673	400.682587	35.611240	618.829500	0.310494	0.307842	0.320662	0.249825	0.165601	0.056999	0.778580	0.520840	0.171620
0.147800	-218.146913	-182.535673	400.682587	35.611240	618.829500	0.410988	0.408428	0.413889	0.326695	0.217021	0.072772	0.749634	0.501477	0.165668
0.148000	-218.146913	-182.535673	400.682587	35.611240	618.829500	0.511475	0.509033	0.507094	0.400280	0.266243	0.087875	0.713134	0.477062	0.158177
0.148200	-218.146913	-182.535673	400.682587	35.611240	618.829500	0.611954	0.609653	0.600321	0.469839	0.312773	0.102157	0.669448	0.447840	0.149220
0.148400	-218.146913	-182.535673	400.682587	35.611240	618.829500	0.712422	0.710287	0.693619	0.534674	0.356142	0.115476	0.619015	0.414105	0.138888
0.148600	-218.146913	-182.535673	400.682587	35.611240	618.829500	0.812880	0.810931	0.787032	0.594132	0.395914	0.127699	0.562342	0.376196	0.127283
0.148800	-218.146913	-182.535673	400.682587	35.611240	618.829500	0.913324	0.911583	0.880609	0.647615	0.431690	0.138705	0.499999	0.334493	0.114522
0.149000	-218.146913	-182.535673	400.682587	35.611240	618.829500	1.013756	1.012238	0.974394	0.694586	0.463110	0.148382	0.432612	0.289417	0.100732
0.149200	-218.146913	-182.535673	400.682587	35.611240	618.829500	1.114172	1.112894	1.068434	0.734572	0.489857	0.156637	0.360859	0.241421	0.086052
0.149400	-218.146913	-182.535673	400.682587	35.611240	618.829500	1.214574	1.213547	1.162774	0.767172	0.511664	0.163385	0.285462	0.190986	0.070628
0.149600	-218.146913	-182.535673	400.682587	35.611240	618.829500	1.314959	1.314195	1.257460	0.792057	0.528310	0.168561	0.207178	0.138621	0.054616
0.149800	-218.146913	-182.535673	400.682587	35.611240	618.829500	1.415327	1.414834	1.352534	0.808978	0.539628	0.172114	0.126794	0.084851	0.038174
0.150000	-218.146913	-182.535673	400.682587	35.611240	618.829500	1.515679	1.515460	1.448040	0.817763	0.545504	0.174008	0.045119	0.030217	0.021469
0.150200	-218.146913	-182.535673	400.682587	35.611240	618.829500	1.616012	1.616072	1.544020	0.818325	0.545880	0.174226	-0.037027	-0.024732	0.004666
0.150400	-218.146913	-182.535673	400.682587	35.611240	618.829500	1.716329	1.716665	1.640514	0.810658	0.540751	0.172767	-0.118817	-0.079443	-0.012065
0.150600	-218.146913	-182.535673	400.682587	35.611240	618.829500	1.816628	1.817237	1.737561	0.794838	0.530168	0.169647	-0.199430	-0.133366	-0.028556
0.150800	-218.146913	-182.535673	400.682587	35.611240	618.829500	1.916910	1.917786	1.835195	0.771025	0.514239	0.164897	-0.278055	-0.185959	-0.044644
0.151000	-218.146913	-182.535673	400.682587	35.611240	618.829500	2.017174	2.018308	1.933452	0.739457	0.493122	0.158566	-0.353901	-0.236694	-0.060166
0.151200	-218.146913	-182.535673	400.682587	35.611240	618.829500	2.117422	2.118803	2.032360	0.700453	0.467031	0.150719	-0.426206	-0.285060	-0.074967
0.151400	-218.146913	-182.535673	400.682587	35.611240	618.829500	2.217654	2.219268	2.131945	0.654403	0.436227	0.141437	-0.494244	-0.330571	-0.088900
0.151600	-218.146913	-182.535673	400.682587	35.611240	618.829500	2.317871	2.319702	2.232230	0.601771	0.401021	0.130812	-0.557329	-0.372770	-0.101825
0.151800	-218.146913	-182.535673	400.682587	35.611240	618.829500	2.418074	2.420102	2.333230	0.543086	0.361764	0.118954	-0.614829	-0.411232	-0.113612
0.152000	-218.146913	-182.535673	400.682587	35.611240	618.829500	2.518263	2.520469	2.434957	0.478937	0.318854	0.105981	-0.666164	-0.445571	-0.124144
0.152200	-218.146913	-182.535673	400.682587	35.611240	618.829500	2.618439	2.620802	2.537414	0.409969	0.272719	0.092026	-0.710819	-0.475441	-0.133316
0.152400	-218.146913	-182.535673	400.682587	35.611240	618.829500	2.718605	2.721099	2.640599	0.336875	0.223825	0.077230	-0.748344	-0.500542	-0.141036
0.152600	-218.146913	-182.535673	400.682587	35.611240	618.829500	2.818760	2.821362	2.744502	0.260391	0.172662	0.061742	-0.778363	-0.520622	-0.147227
0.152800	-218.146913	-182.535673	400.682587	35.611240	618.829500	2.918907	2.921589	2.849102	0.181283	0.119745	0.045719	-0.800574	-0.535479	-0.151828
0.153000	-218.146913	-182.535673	400.682587	35.611240	618.829500	3.019046	3.021783	2.954373	0.100348	0.065606	0.029324	-0.814752	-0.544963	-0.154793
0.153200	-218.146913	-182.535673	400.682587	35.611240	618.829500	3.119179	3.121943	3.060279	0.018400	0.010788	0.012721	-0.820756	-0.548978	-0.156093
0.153400	-218.146913	-182.535673	400.682587	35.611240	618.829500	-3.063878	-3.061114	-3.116411	-0.063740	-0.044156	-0.003922	-0.818525	-0.547486	-0.155716
0.153600	-218.146913	-182.535673	400.682587	35.611240	618.829500	-2.963753	-2.961016	-3.009381	-0.145244	-0.098676	-0.020436	-0.808082	-0.540499	-0.153667
0.153800	-218.146913	-182.535673	400.682587	35.611240	618.829500	-2.863629	-2.860947	-2.901878	-0.225293	-0.152224	-0.036654	-0.789531	-0.528090	-0.149966
0.154000	-218.146913	-182.535673	400.682587	35.611240	618.829500	-2.763506	-2.760905	-2.793972	-0.303084	-0.204260	-0.052412	-0.763058	-0.510381	-0.144652
0.154200	-218.146913	-182.535673	400.682587	35.611240	618.829500	-2.663381	-2.660888	-2.685742	-0.377834	-0.254262	-0.067552	-0.728930	-0.487552	-0.137779
0.154400	-218.146913	-182.535673	400.682587	35.611240	618.829500	-2.563254	-2.560892	-2.577268	-0.448792	-0.301727	-0.081920	-0.687490	-0.459831	-0.129417
0.154600	-218.146913	-182.535673	400.682587	35.611240	618.829500	-2.463122	-2.460916	-2.468639	-0.515244	-0.346179	-0.095370	-0.639154	-0.427497	-0.119650
0.154800	-218.146913	-182.535673	400.682587	35.611240	618.829500	-2.362985	-2.360956	-2.359944	-0.576524	-0.387171	-0.107767	-0.584407	-0.390876	-0.108578
0.155000	-218.146913	-182.535673	400.682587	35.611240	618.829500	-2.262841	-2.261010	-2.251275	-0.632015	-0.424290	-0.118985	-0.523801	-0.350334	-0.096313
0.155200	-218.146913	-182.535673	400.682587	35.611240	618.829500	-2.162689	-2.161074	-2.142722	-0.681159	-0.457164	-0.128911	-0.457944	-0.306280	-0.082978
0.155400	-218.146913	-182.535673	400.682587	35.611240	618.829500	-2.062528	-2.061145	-2.034374	-0.723463	-0.485462	-0.137443	-0.387498	-0.259157	-0.068710
0.155600	-218.146913	-182.535673	400.682587	35.611240	618.829500	-1.962357	-1.961219	-1.926316	-0.758501	-0.508900	-0.144496	-0.313170	-0.209437	-0.053651
0.155800	-218.146913	-182.535673	400.682587	35.611240	618.829500	-1.862175	-1.861293	-1.818627	-0.785921	-0.527242	-0.149998	-0.235709	-0.157621	-0.037954
0.156000	-218.146913	-182.535673	400.682587	35.611240	618.829500	-1.761980	-1.761365	-1.711381	-0.805449	-0.540305	-0.153892	-0.155893	-0.104230	-0.021778
0.156200	-218.146913	-182.535673	400.682587	35.611240	618.829500	-1.661772	-1.661429	-1.604644	-0.816887	-0.547956	-0.156138	-0.074523	-0.049799	-0.005287
0.156400	-218.146913	-182.535673	400.682587	35.611240	618.829500	-1.561551	-1.561484	-1.498473	-0.820120	-0.550119	-0.156713	0.007582	0.005123	0.011354
0.156600	-218.146913	-182.535673	400.682587	35.611240	618.829500	-1.461316	-1.461525	-1.392917	-0.815117	-0.546773	-0.155611	0.089597	0.059985	0.027976
0.156800	-218.146913	-182.535673	400.682587	35.611240	618.829500	-1.361066	-1.361550	-1.288018	-0.801928	-0.537951	-0.152842	0.170699	0.114236	0.044410
0.157000	-218.146913	-182.535673	400.682587	35.611240	618.829500	-1.260802	-1.261556	-1.183806	-0.780685	-0.523741	-0.148432	0.250070	0.167330	0.060492
0.157200	-218.146913	-182.535673	400.682587	35.611240	618.829500	-1.160522	-1.161539	-1.080304	-0.751603	-0.504287	-0.142426	0.326915	0.218734	0.076058
0.157400	-218.146913	-182.535673	400.682587	35.611240	618.829500	-1.060227	-1.061497	-0.977526	-0.714973	-0.479785	-0.134882	0.400461	0.267931	0.090951
0.157600	-218.146913	-182.535673	400.682587	35.611240	618.829500	-0.959917	-0.961428	-0.875478	-0.671163	-0.450480	-0.125877	0.469968	0.314426	0.105021
0.157800	-218.146913	-182.535673	400.682587	35.611240	618.829500	-0.859592	-0.861328	-0.774159	-0.620615	-0.416668	-0.115499	0.534738	0.357752	0.118125
0.158000	-218.146913	-182.535673	400.682587	35.611240	618.829500	-0.759253	-0.761198	-0.673562	-0.563837	-0.378688	-0.103852	0.594119	0.397475	0.130130
0.158200	-218.146913	-182.535673	400.682587	35.611240	618.829500	-0.658899	-0.661033	-0.573671	-0.501399	-0.336922	-0.091054	0.647517	0.433194	0.140915
0.158400	-218.146913	-182.535673	400.682587	35.611240	618.829500	-0.558532	-0.560834	-0.474468	-0.433930	-0.291790	-0.077230	0.694392	0.464551	0.150371
0.158600	-218.146913	-182.535673	400.682587	35.611240	618.829500	-0.458151	-0.460600	-0.375928	-0.362106	-0.243746	-0.062521	0.734275	0.491230	0.158401
0.158800	-218.146913	-182.535673	400.682587	35.611240	618.829500	-0.357758	-0.360328	-0.278024	-0.286652	-0.193273	-0.047072	0.766765	0.512964	0.164924
0.159000	-218.146913	-182.535673	400.682587	35.611240	618.829500	-0.257354	-0.260019	-0.180723	-0.208324	-0.140878	-0.031039	0.791535	0.529533	0.169873
0.159200	-218.146913	-182.535673	400.682587	35.611240	618.829500	-0.156939	-0.159673	-0.083991	-0.127911	-0.087088	-0.014581	0.808337	0.540773	0.173199
0.159400	-218.146913	-182.535673	400.682587	35.611240	618.829500	-0.056514	-0.059291	0.012211	-0.046221	-0.032444	0.002135	0.817001	0.546569	0.174865
0.159600	-218.146913	-182.535673	400.682587	35.611240	618.829500	0.043919	0.041129	0.107921	0.035924	0.022504	0.018944	0.817441	0.546864	0.174855
0.159800	-218.146913	-182.535673	400.682587	35.611240	618.829500	0.144359	0.141583	0.203180	0.117700	0.077206	0.035677	0.809652	0.541654	0.173168
0.160000	-218.146913	-182.535673	400.682587	35.611240	618.829500	0.244806	0.242072	0.298031	0.198283	0.131109	0.052165	0.793713	0.530993	0.169820
0.160200	-218.146913	-182.535673	400.682587	35.611240	618.829500	0.345258	0.342593	0.392518	0.276864	0.183674	0.068245	0.769785	0.514987	0.164843
0.160400	-218.146913	-182.535673	400.682587	35.611240	618.829500	0.445714	0.443145	0.486685	0.352653	0.234370	0.083755	0.738107	0.493797	0.158286
0.160600	-218.146913	-182.535673	400.682587	35.611240	618.829500	0.546173	0.543726	0.580578	0.424887	0.282689	0.098540	0.698998	0.467637	0.150215
0.160800	-218.146913	-182.535673	400.682587	35.611240	618.829500	0.646633	0.644332	0.674241	0.492841	0.328145	0.112452	0.652852	0.436770	0.140709
0.161000	-218.146913	-182.535673	400.682587	35.611240	618.829500	0.747093	0.744962	0.767721	0.555831	0.370280	0.125352	0.600133	0.401506	0.129864
0.161200	-218.146913	-182.535673	400.682587	35.611240	618.829500	0.847551	0.845612	0.861064	0.613225	0.408672	0.137110	0.541371	0.362199	0.117786
0.161400	-218.146913	-182.535673	400.682587	35.611240	618.829500	0.948008	0.946280	0.954317	0.664444	0.442934	0.147609	0.477156	0.319244	0.104597
0.161600	-218.146913	-182.535673	400.682587	35.611240	618.829500	1.048460	1.046961	1.047527	0.708975	0.472721	0.156745	0.408134	0.273075	0.090428
0.161800	-218.146913	-182.535673	400.682587	35.611240	618.829500	1.148908	1.147652	1.140739	0.746369	0.497735	0.164425	0.335000	0.224154	0.075420
0.162000	-218.146913	-182.535673	400.682587	35.611240	618.829500	1.249350	1.248351	1.234001	0.776250	0.517723	0.170574	0.258487	0.172974	0.059724
0.162200	-218.146913	-182.535673	400.682587	35.611240	618.829500	1.349785	1.349052	1.327359	0.798319	0.532485	0.175130	0.179367	0.120049	0.043496
0.162400	-218.146913	-182.535673	400.682587	35.611240	618.829500	1.450213	1.449753	1.420860	0.812352	0.541872	0.178048	0.098434	0.065912	0.026898
0.162600	-218.146913	-182.535673	400.682587	35.611240	618.829500	1.550631	1.550450	1.514551	0.818210	0.545790	0.179299	0.016502	0.011106	0.010095
0.162800	-218.146913	-182.535673	400.682587	35.611240	618.829500	1.651039	1.651139	1.608476	0.815832	0.544199	0.178871	-0.065606	-0.043817	-0.006743
0.163000	-218.146913	-182.535673	400.682587	35.611240	618.829500	1.751438	1.751816	1.702682	0.805244	0.537116	0.176770	-0.147063	-0.098305	-0.023449
0.163200	-218.146913	-182.535673	400.682587	35.611240	618.829500	1.851825	1.852478	1.797213	0.786550	0.524612	0.173015	-0.227052	-0.151810	-0.039857
0.163400	-218.146913	-182.535673	400.682587	35.611240	618.829500	1.952200	1.953122	1.892115	0.759939	0.506811	0.167647	-0.304767	-0.203795	-0.055802
0.163600	-218.146913	-182.535673	400.682587	35.611240	618.829500	2.052563	2.053745	1.987430	0.725679	0.483894	0.160719	-0.379427	-0.253736	-0.071125
0.163800	-218.146913	-182.535673	400.682587	35.611240	618.829500	2.152913	2.154342	2.083201	0.684114	0.456089	0.152302	-0.450283	-0.301132	-0.085673
0.164000	-218.146913	-182.535673	400.682587	35.611240	618.829500	2.253251	2.254913	2.179469	0.635661	0.423678	0.142480	-0.516620	-0.345506	-0.099300
0.164200	-218.146913	-182.535673	400.682587	35.611240	618.829500	2.353575	2.355454	2.276273	0.580807	0.386985	0.131353	-0.577773	-0.386412	-0.111872
0.164400	-218.146913	-182.535673	400.682587	35.611240	618.829500	2.453887	2.455962	2.373650	0.520105	0.346380	0.119033	-0.633126	-0.423439	-0.123263
0.164600	-218.146913	-182.535673	400.682587	35.611240	618.829500	2.554185	2.556437	2.471634	0.454163	0.302270	0.105645	-0.682124	-0.456214	-0.133359
0.164800	-218.146913	-182.535673	400.682587	35.611240	618.829500	2.654471	2.656876	2.570258	0.383645	0.255099	0.091323	-0.724272	-0.484407	-0.142060
0.165000	-218.146913	-182.535673	400.682587	35.611240	618.829500	2.754743	2.757279	2.669548	0.309259	0.205340	0.076213	-0.759148	-0.507736	-0.149279
0.165200	-218.146913	-182.535673	400.682587	35.611240	618.829500	2.855003	2.857643	2.769529	0.231754	0.153495	0.060466	-0.786401	-0.525965	-0.154945
0.165400	-218.146913	-182.535673	400.682587	35.611240	618.829500	2.955252	2.957969	2.870219	0.151908	0.100084	0.044241	-0.805756	-0.538912	-0.159003
0.165600	-218.146913	-182.535673	400.682587	35.611240	618.829500	3.055488	3.058256	2.971631	0.070523	0.045644	0.027701	-0.817019	-0.546445	-0.161412
0.165800	-218.146913	-182.535673	400.682587	35.611240	618.829500	-3.127471	-3.124680	3.073773	-0.011581	-0.009277	0.011014	-0.820076	-0.548490	-0.162149
0.166000	-218.146913	-182.535673	400.682587	35.611240	618.829500	-3.027256	-3.024469	-3.106540	-0.093581	-0.064129	-0.005653	-0.814897	-0.545025	-0.161209
0.166200	-218.146913	-182.535673	400.682587	35.611240	618.829500	-2.927050	-2.924296	-3.002946	-0.174651	-0.118358	-0.022132	-0.801534	-0.536085	-0.158601
0.166400	-218.146913	-182.535673	400.682587	35.611240	618.829500	-2.826853	-2.824158	-2.898644	-0.253977	-0.171422	-0.038256	-0.780120	-0.521761	-0.154353
0.166600	-218.146913	-182.535673	400.682587	35.611240	618.829500	-2.726663	-2.724055	-2.793659	-0.330762	-0.222785	-0.053863	-0.750871	-0.502195	-0.148509
0.166800	-218.146913	-182.535673	400.682587	35.611240	618.829500	-2.626481	-2.623985	-2.688022	-0.404233	-0.271931	-0.068796	-0.714081	-0.477584	-0.141129
0.167000	-218.146913	-182.535673	400.682587	35.611240	618.829500	-2.526305	-2.523946	-2.581775	-0.473653	-0.318368	-0.082904	-0.670119	-0.448177	-0.132288
0.167200	-218.146913	-182.535673	400.682587	35.611240	618.829500	-2.426134	-2.423935	-2.474969	-0.538323	-0.361627	-0.096046	-0.619427	-0.414267	-0.122076
0.167400	-218.146913	-182.535673	400.682587	35.611240	618.829500	-2.325966	-2.323950	-2.367663	-0.597593	-0.401274	-0.108088	-0.562515	-0.376196	-0.110596
0.167600	-218.146913	-182.535673	400.682587	35.611240	618.829500	-2.225802	-2.223988	-2.259922	-0.650869	-0.436911	-0.118910	-0.499954	-0.334347	-0.097966
0.167800	-218.146913	-182.535673	400.682587	35.611240	618.829500	-2.125640	-2.124045	-2.151823	-0.697613	-0.468180	-0.128402	-0.432373	-0.289140	-0.084314
0.168000	-218.146913	-182.535673	400.682587	35.611240	618.829500	-2.025478	-2.024119	-2.043444	-0.737357	-0.494765	-0.136469	-0.360451	-0.241030	-0.069777
0.168200	-218.146913	-182.535673	400.682587	35.611240	618.829500	-1.925316	-1.924207	-1.934872	-0.769700	-0.516400	-0.143029	-0.284911	-0.190499	-0.054503
0.168400	-218.146913	-182.535673	400.682587	35.611240	618.829500	-1.825153	-1.824304	-1.826195	-0.794319	-0.532868	-0.148015	-0.206513	-0.138056	-0.038647
0.168600	-218.146913	-182.535673	400.682587	35.611240	618.829500	-1.724987	-1.724407	-1.717504	-0.810964	-0.544003	-0.151379	-0.126044	-0.084228	-0.022369
0.168800	-218.146913	-182.535673	400.682587	35.611240	618.829500	-1.624819	-1.624512	-1.608891	-0.819470	-0.549693	-0.153084	-0.044313	-0.029556	-0.005834
0.169000	-218.146913	-182.535673	400.682587	35.611240	618.829500	-1.524645	-1.524616	-1.500444	-0.819751	-0.549881	-0.153115	0.037859	0.025411	0.010790
0.169200	-218.146913	-182.535673	400.682587	35.611240	618.829500	-1.424467	-1.424716	-1.392251	-0.811803	-0.544564	-0.151470	0.119646	0.080121	0.027335
0.169400	-218.146913	-182.535673	400.682587	35.611240	618.829500	-1.324282	-1.324806	-1.284394	-0.795708	-0.533798	-0.148166	0.200226	0.134023	0.043635
0.169600	-218.146913	-182.535673	400.682587	35.611240	618.829500	-1.224090	-1.224885	-1.176949	-0.771625	-0.517689	-0.143235	0.278788	0.186576	0.059523
0.169800	-218.146913	-182.535673	400.682587	35.611240	618.829500	-1.123891	-1.124948	-1.069985	-0.739799	-0.496399	-0.136728	0.354544	0.237252	0.074839
0.170000	-218.146913	-182.535673	400.682587	35.611240	618.829500	-1.023682	-1.024992	-0.963563	-0.700548	-0.470144	-0.128709	0.426733	0.285540	0.089428
0.170200	-218.146913	-182.535673	400.682587	35.611240	618.829500	-0.923465	-0.925014	-0.857737	-0.654268	-0.439186	-0.119258	0.494628	0.330957	0.103142
0.170400	-218.146913	-182.535673	400.682587	35.611240	618.829500	-0.823238	-0.825011	-0.752551	-0.601423	-0.403836	-0.108471	0.557547	0.373046	0.115842
0.170600	-218.146913	-182.535673	400.682587	35.611240	618.829500	-0.723000	-0.724980	-0.648039	-0.542544	-0.364451	-0.096455	0.614858	0.411383	0.127399
0.170800	-218.146913	-182.535673	400.682587	35.611240	618.829500	-0.622751	-0.624918	-0.544228	-0.478224	-0.321427	-0.083332	0.665985	0.445584	0.137696
0.171000	-218.146913	-182.535673	400.682587	35.611240	618.829500	-0.522491	-0.524824	-0.441137	-0.409110	-0.275194	-0.069233	0.710415	0.475305	0.146628
0.171200	-218.146913	-182.535673	400.682587	35.611240	618.829500	-0.422220	-0.424696	-0.338774	-0.335895	-0.226220	-0.054300	0.747701	0.500246	0.154104
0.171400	-218.146913	-182.535673	400.682587	35.611240	618.829500	-0.321937	-0.324531	-0.237141	-0.259317	-0.174995	-0.038682	0.777467	0.520159	0.160048
0.171600	-218.146913	-182.535673	400.682587	35.611240	618.829500	-0.221642	-0.224329	-0.136233	-0.180144	-0.122034	-0.022536	0.799416	0.534841	0.164399
0.171800	-218.146913	-182.535673	400.682587	35.611240	618.829500	-0.121336	-0.124088	-0.036039	-0.099173	-0.067871	-0.006025	0.813326	0.544147	0.167112
0.172000	-218.146913	-182.535673	400.682587	35.611240	618.829500	-0.021017	-0.023808	0.063458	-0.017217	-0.013049	0.010685	0.819059	0.547982	0.168158
0.172200	-218.146913	-182.535673	400.682587	35.611240	618.829500	0.079313	0.076512	0.162280	0.064899	0.041881	0.027427	0.816556	0.546308	0.167527
0.172400	-218.146913	-182.535673	400.682587	35.611240	618.829500	0.179654	0.176870	0.260455	0.146351	0.096365	0.044033	0.805843	0.539143	0.165222
0.172600	-218.146913	-182.535673	400.682587	35.611240	618.829500	0.280007	0.277268	0.358013	0.226319	0.149858	0.060336	0.787028	0.526557	0.161266
0.172800	-218.146913	-182.535673	400.682587	35.611240	618.829500	0.380370	0.377704	0.454986	0.303999	0.201820	0.076171	0.760299	0.508679	0.155698
0.173000	-218.146913	-182.535673	400.682587	35.611240	618.829500	0.480743	0.478177	0.551413	0.378611	0.251729	0.091380	0.725927	0.485687	0.148573
0.173200	-218.146913	-182.535673	400.682587	35.611240	618.829500	0.581126	0.578685	0.647330	0.449405	0.299085	0.105810	0.684256	0.457813	0.139960
0.173400	-218.146913	-182.535673	400.682587	35.611240	618.829500	0.681518	0.679226	0.742779	0.515668	0.343410	0.119316	0.635706	0.425337	0.129945
0.173600	-218.146913	-182.535673	400.682587	35.611240	618.829500	0.781918	0.779799	0.837801	0.576736	0.384259	0.131762	0.580764	0.388586	0.118628
0.173800	-218.146913	-182.535673	400.682587	35.611240	618.829500	0.882326	0.880401	0.932440	0.631994	0.421222	0.143023	0.519984	0.347930	0.106122
0.174000	-218.146913	-182.535673	400.682587	35.611240	618.829500	0.982740	0.981030	1.026740	0.680886	0.453927	0.152986	0.453976	0.303776	0.092550
0.174200	-218.146913	-182.535673	400.682587	35.611240	618.829500	1.083161	1.081681	1.120746	0.722921	0.482046	0.161551	0.383404	0.256570	0.078048
0.174400	-218.146913	-182.535673	400.682587	35.611240	618.829500	1.183587	1.182353	1.214502	0.757677	0.505295	0.168631	0.308978	0.206785	0.062761
0.174600	-218.146913	-182.535673	400.682587	35.611240	618.829500	1.284017	1.283041	1.308056	0.784804	0.523441	0.174157	0.231446	0.154923	0.046841
0.174800	-218.146913	-182.535673	400.682587	35.611240	618.829500	1.384450	1.383742	1.401453	0.804029	0.536301	0.178071	0.151587	0.101504	0.030447
0.175000	-218.146913	-182.535673	400.682587	35.611240	618.829500	1.484885	1.484453	1.494739	0.815160	0.543747	0.180334	0.070205	0.047066	0.013742
0.175200	-218.146913	-182.535673	400.682587	35.611240	618.829500	1.585321	1.585169	1.587962	0.818085	0.545703	0.180925	-0.011883	-0.007844	-0.003106
0.175400	-218.146913	-182.535673	400.682587	35.611240	618.829500	1.685758	1.685887	1.681168	0.812773	0.542150	0.179836	-0.093851	-0.062673	-0.019930
0.175600	-218.146913	-182.535673	400.682587	35.611240	618.829500	1.786194	1.786603	1.774403	0.799278	0.533123	0.177079	-0.174875	-0.116871	-0.036561
0.175800	-218.146913	-182.535673	400.682587	35.611240	618.829500	1.886628	1.887313	1.867714	0.777737	0.518714	0.172681	-0.254141	-0.169893	-0.052834
0.176000	-218.146913	-182.535673	400.682587	35.611240	618.829500	1.987059	1.988013	1.961148	0.748365	0.499066	0.166687	-0.330850	-0.221205	-0.068586
0.176200	-218.146913	-182.535673	400.682587	35.611240	618.829500	2.087487	2.088700	2.054751	0.711458	0.474378	0.159156	-0.404233	-0.270292	-0.083660
0.176400	-218.146913	-182.535673	400.682587	35.611240	618.829500	2.187910	2.189370	2.148570	0.667387	0.444898	0.150165	-0.473551	-0.316660	-0.097906
0.176600	-218.146913	-182.535673	400.682587	35.611240	618.829500	2.288327	2.290020	2.242649	0.616595	0.410923	0.139803	-0.538108	-0.359843	-0.111181
0.176800	-218.146913	-182.535673	400.682587	35.611240	618.829500	2.388738	2.390646	2.337034	0.559593	0.372792	0.128174	-0.597254	-0.399406	-0.123354
0.177000	-218.146913	-182.535673	400.682587	35.611240	618.829500	2.489142	2.491245	2.431771	0.496952	0.330891	0.115396	-0.650394	-0.434952	-0.134303
0.177200	-218.146913	-182.535673	400.682587	35.611240	618.829500	2.589537	2.591816	2.526903	0.429305	0.285640	0.101596	-0.696995	-0.466124	-0.143920
0.177400	-218.146913	-182.535673	400.682587	35.611240	618.829500	2.689924	2.692354	2.622472	0.357329	0.237494	0.086914	-0.736587	-0.492607	-0.152108
0.177600	-218.146913	-182.535673	400.682587	35.611240	618.829500	2.790302	2.792859	2.718520	0.281749	0.186937	0.071496	-0.768773	-0.514136	-0.158787
0.177800	-218.146913	-182.535673	400.682587	35.611240	618.829500	2.890670	2.893329	2.815088	0.203324	0.134477	0.055497	-0.793228	-0.530494	-0.163891
0.178000	-218.146913	-182.535673	400.682587	35.611240	618.829500	2.991027	2.993761	2.912213	0.122844	0.080642	0.039079	-0.809707	-0.541517	-0.167369
0.178200	-218.146913	-182.535673	400.682587	35.611240	618.829500	3.091374	3.094155	3.009932	0.041116	0.025972	0.022405	-0.818045	-0.547094	-0.169188
0.178400	-218.146913	-182.535673	400.682587	35.611240	618.829500	-3.091476	-3.088675	3.108276	-0.041037	-0.028982	0.005644	-0.818156	-0.547167	-0.169331
0.178600	-218.146913	-182.535673	400.682587	35.611240	618.829500	-2.991152	-2.988360	-3.075910	-0.122790	-0.083668	-0.011037	-0.810040	-0.541738	-0.167797
0.178800	-218.146913	-182.535673	400.682587	35.611240	618.829500	-2.890840	-2.888084	-2.976230	-0.203321	-0.137537	-0.027470	-0.793778	-0.530859	-0.164603
0.179000	-218.146913	-182.535673	400.682587	35.611240	618.829500	-2.790539	-2.787847	-2.875848	-0.281821	-0.190046	-0.043490	-0.769534	-0.514641	-0.159783
0.179200	-218.146913	-182.535673	400.682587	35.611240	618.829500	-2.690251	-2.687648	-2.774749	-0.357499	-0.240669	-0.058936	-0.737550	-0.493246	-0.153385
0.179400	-218.146913	-182.535673	400.682587	35.611240	618.829500	-2.589973	-2.587487	-2.672922	-0.429596	-0.288896	-0.073654	-0.698149	-0.466889	-0.145476
0.179600	-218.146913	-182.535673	400.682587	35.611240	618.829500	-2.489708	-2.487362	-2.570365	-0.497387	-0.334243	-0.087494	-0.651726	-0.435836	-0.136135
0.179800	-218.146913	-182.535673	400.682587	35.611240	618.829500	-2.389453	-2.387272	-2.467081	-0.560189	-0.376253	-0.100320	-0.598748	-0.400397	-0.125459
0.180000	-218.146913	-182.535673	400.682587	35.611240	618.829500	-2.289210	-2.287214	-2.363083	-0.617373	-0.414504	-0.112002	-0.539748	-0.360929	-0.113556
0.180200	-218.146913	-182.535673	400.682587	35.611240	618.829500	-2.188977	-2.187186	-2.258389	-0.668363	-0.448612	-0.122422	-0.475317	-0.317829	-0.100545
0.180400	-218.146913	-182.535673	400.682587	35.611240	618.829500	-2.088754	-2.087186	-2.153029	-0.712646	-0.478234	-0.131478	-0.406103	-0.271531	-0.086560
0.180600	-218.146913	-182.535673	400.682587	35.611240	618.829500	-1.988540	-1.987210	-2.047040	-0.749777	-0.503072	-0.139076	-0.332803	-0.222498	-0.071742
0.180800	-218.146913	-182.535673	400.682587	35.611240	618.829500	-1.888336	-1.887257	-1.940469	-0.779384	-0.522876	-0.145143	-0.256153	-0.171224	-0.056241
0.181000	-218.146913	-182.535673	400.682587	35.611240	618.829500	-1.788139	-1.787322	-1.833371	-0.801167	-0.537448	-0.149616	-0.176923	-0.118225	-0.040214
0.181200	-218.146913	-182.535673	400.682587	35.611240	618.829500	-1.687950	-1.687403	-1.725809	-0.814909	-0.546640	-0.152452	-0.095909	-0.064032	-0.023823
0.181400	-218.146913	-182.535673	400.682587	35.611240	618.829500	-1.587767	-1.587495	-1.617855	-0.820471	-0.550360	-0.153623	-0.013926	-0.009191	-0.007235
0.181600	-218.146913	-182.535673	400.682587	35.611240	618.829500	-1.487590	-1.487596	-1.509586	-0.817797	-0.548572	-0.153116	0.068203	0.045747	0.009384
0.181800	-218.146913	-182.535673	400.682587	35.611240	618.829500	-1.387418	-1.387702	-1.401087	-0.806914	-0.541292	-0.150937	0.149652	0.100230	0.025864
0.182000	-218.146913	-182.535673	400.682587	35.611240	618.829500	-1.287250	-1.287808	-1.292444	-0.787932	-0.528594	-0.147109	0.229602	0.153711	0.042039
0.182200	-218.146913	-182.535673	400.682587	35.611240	618.829500	-1.187084	-1.187912	-1.183748	-0.761040	-0.510605	-0.141670	0.307250	0.205652	0.057746
0.182400	-218.146913	-182.535673	400.682587	35.611240	618.829500	-1.086920	-1.088009	-1.075091	-0.726510	-0.487507	-0.134676	0.381815	0.255531	0.072825
0.182600	-218.146913	-182.535673	400.682587	35.611240	618.829500	-0.986757	-0.988096	-0.966561	-0.684688	-0.459531	-0.126197	0.452549	0.302847	0.087123
0.182800	-218.146913	-182.535673	400.682587	35.611240	618.829500	-0.886594	-0.888170	-0.858248	-0.635995	-0.426959	-0.116319	0.518740	0.347124	0.100496
0.183000	-218.146913	-182.535673	400.682587	35.611240	618.829500	-0.786429	-0.788226	-0.750237	-0.580920	-0.390118	-0.105142	0.579723	0.387918	0.112809
0.183200	-218.146913	-182.535673	400.682587	35.611240	618.829500	-0.686262	-0.688263	-0.642604	-0.520017	-0.349379	-0.092778	0.634885	0.424818	0.123935
0.183400	-218.146913	-182.535673	400.682587	35.611240	618.829500	-0.586092	-0.588276	-0.535425	-0.453897	-0.305150	-0.079352	0.683673	0.457453	0.133763
0.183600	-218.146913	-182.535673	400.682587	35.611240	618.829500	-0.485917	-0.488264	-0.428762	-0.383226	-0.257876	-0.065000	0.725595	0.485496	0.142193
0.183800	-218.146913	-182.535673	400.682587	35.611240	618.829500	-0.385736	-0.388222	-0.322673	-0.308714	-0.208033	-0.049866	0.760230	0.508665	0.149138
0.184000	-218.146913	-182.535673	400.682587	35.611240	618.829500	-0.285549	-0.288150	-0.217205	-0.231109	-0.156121	-0.034102	0.787230	0.526727	0.154528
0.184200	-218.146913	-182.535673	400.682587	35.611240	618.829500	-0.185355	-0.188044	-0.112398	-0.151192	-0.102663	-0.017869	0.806325	0.539500	0.158308
0.184400	-218.146913	-182.535673	400.682587	35.611240	618.829500	-0.085153	-0.087904	-0.008282	-0.069766	-0.048195	-0.001329	0.817322	0.546857	0.160438
0.184600	-218.146913	-182.535673	400.682587	35.611240	618.829500	0.015059	0.012273	0.095121	0.012351	0.006735	0.015351	0.820111	0.548723	0.160896
0.184800	-218.146913	-182.535673	400.682587	35.611240	618.829500	0.115280	0.112487	0.197800	0.094332	0.061574	0.032002	0.814664	0.545080	0.159676
0.185000	-218.146913	-182.535673	400.682587	35.611240	618.829500	0.215511	0.212739	0.299748	0.175355	0.115772	0.048457	0.801036	0.535964	0.156790
0.185200	-218.146913	-182.535673	400.682587	35.611240	618.829500	0.315754	0.313030	0.400967	0.254605	0.168784	0.064550	0.779364	0.521468	0.152265
0.185400	-218.146913	-182.535673	400.682587	35.611240	618.829500	0.416008	0.413360	0.501467	0.331285	0.220078	0.080119	0.749866	0.501737	0.146146
0.185600	-218.146913	-182.535673	400.682587	35.611240	618.829500	0.516274	0.513728	0.601263	0.404625	0.269136	0.095005	0.712838	0.476969	0.138493
0.185800	-218.146913	-182.535673	400.682587	35.611240	618.829500	0.616553	0.614135	0.700374	0.473887	0.315467	0.109060	0.668654	0.447414	0.129383
0.186000	-218.146913	-182.535673	400.682587	35.611240	618.829500	0.716844	0.714578	0.798825	0.538375	0.358605	0.122142	0.617757	0.413368	0.118905
0.186200	-218.146913	-182.535673	400.682587	35.611240	618.829500	0.817148	0.815056	0.896645	0.597442	0.398116	0.134118	0.560660	0.375175	0.107164
0.186400	-218.146913	-182.535673	400.682587	35.611240	618.829500	0.917465	0.915569	0.993866	0.650492	0.433603	0.144867	0.497935	0.333218	0.094278
0.186600	-218.146913	-182.535673	400.682587	35.611240	618.829500	1.017795	1.016114	1.090524	0.696994	0.464709	0.154280	0.430214	0.287918	0.080373
0.186800	-218.146913	-182.535673	400.682587	35.611240	618.829500	1.118138	1.116688	1.186656	0.736480	0.491123	0.162264	0.358179	0.239733	0.065590
0.187000	-218.146913	-182.535673	400.682587	35.611240	618.829500	1.218493	1.217290	1.282302	0.768553	0.512577	0.168736	0.282552	0.189145	0.050076
0.187200	-218.146913	-182.535673	400.682587	35.611240	618.829500	1.318860	1.317916	1.377503	0.792891	0.528857	0.173631	0.204094	0.136663	0.033986
0.187400	-218.146913	-182.535673	400.682587	35.611240	618.829500	1.419240	1.418563	1.472302	0.809249	0.539800	0.176899	0.123595	0.082816	0.017480
0.187600	-218.146913	-182.535673	400.682587	35.611240	618.829500	1.519630	1.519229	1.566743	0.817462	0.545294	0.178506	0.041863	0.028145	0.000724
0.187800	-218.146913	-182.535673	400.682587	35.611240	618.829500	1.620031	1.619909	1.660870	0.817449	0.545286	0.178437	-0.040280	-0.026802	-0.016116
0.188000	-218.146913	-182.535673	400.682587	35.611240	618.829500	1.720442	1.720600	1.754728	0.809210	0.539774	0.176690	-0.122007	-0.081471	-0.032870
0.188200	-218.146913	-182.535673	400.682587	35.611240	618.829500	1.820863	1.821300	1.848364	0.792827	0.528815	0.173284	-0.202498	-0.135312	-0.049372
0.188400	-218.146913	-182.535673	400.682587	35.611240	618.829500	1.921291	1.922003	1.941822	0.768465	0.512520	0.168250	-0.280943	-0.187785	-0.065457
0.188600	-218.146913	-182.535673	400.682587	35.611240	618.829500	2.021727	2.022706	2.035151	0.736370	0.491050	0.161640	-0.356553	-0.238362	-0.080963
0.188800	-218.146913	-182.535673	400.682587	35.611240	618.829500	2.122170	2.123406	2.128395	0.696863	0.464624	0.153520	-0.428568	-0.286534	-0.095736
0.189000	-218.146913	-182.535673	400.682587	35.611240	618.829500	2.222618	2.224098	2.221602	0.650343	0.433506	0.143969	-0.496265	-0.331817	-0.109629
0.189200	-218.146913	-182.535673	400.682587	35.611240	618.829500	2.323070	2.324780	2.314818	0.597276	0.398009	0.133083	-0.558962	-0.373756	-0.122502
0.189400	-218.146913	-182.535673	400.682587	35.611240	618.829500	2.423525	2.425448	2.408091	0.538197	0.358490	0.120972	-0.616029	-0.411929	-0.134227
0.189600	-218.146913	-182.535673	400.682587	35.611240	618.829500	2.523982	2.526098	2.501466	0.473700	0.315346	0.107755	-0.666893	-0.445952	-0.144688
0.189800	-218.146913	-182.535673	400.682587	35.611240	618.829500	2.624439	2.626727	2.594990	0.404432	0.269011	0.093566	-0.711041	-0.475484	-0.153780
0.190000	-218.146913	-182.535673	400.682587	35.611240	618.829500	2.724896	2.727333	2.688710	0.331091	0.219952	0.078546	-0.748031	-0.500226	-0.161413
0.190200	-218.146913	-182.535673	400.682587	35.611240	618.829500	2.825351	2.827912	2.782670	0.254413	0.168661	0.062845	-0.777490	-0.519931	-0.167510
0.190400	-218.146913	-182.535673	400.682587	35.611240	618.829500	2.925803	2.928463	2.876918	0.175169	0.115653	0.046621	-0.799121	-0.534401	-0.172012
0.190600	-218.146913	-182.535673	400.682587	35.611240	618.829500	3.026251	3.028982	2.971497	0.094157	0.061462	0.030035	-0.812708	-0.543489	-0.174874
0.190800	-218.146913	-182.535673	400.682587	35.611240	618.829500	3.126694	3.129469	3.066453	0.012190	0.006633	0.013255	-0.818113	-0.547104	-0.176068
0.191000	-218.146913	-182.535673	400.682587	35.611240	618.829500	-3.056056	-3.053264	-3.121358	-0.069907	-0.048283	-0.003553	-0.815283	-0.545210	-0.175584
0.191200	-218.146913	-182.535673	400.682587	35.611240	618.829500	-2.955628	-2.952848	-3.025521	-0.151309	-0.102734	-0.020221	-0.804244	-0.537826	-0.173426
0.191400	-218.146913	-182.535673	400.682587	35.611240	618.829500	-2.855209	-2.852469	-2.929182	-0.231198	-0.156174	-0.036580	-0.785110	-0.525025	-0.169618
0.191600	-218.146913	-182.535673	400.682587	35.611240	618.829500	-2.754799	-2.752126	-2.832302	-0.308771	-0.208063	-0.052469	-0.758070	-0.506938	-0.164199
0.191800	-218.146913	-182.535673	400.682587	35.611240	618.829500	-2.654401	-2.651821	-2.734844	-0.383246	-0.257881	-0.067727	-0.723398	-0.483744	-0.157223
0.192000	-218.146913	-182.535673	400.682587	35.611240	618.829500	-2.554014	-2.551553	-2.636774	-0.453877	-0.305128	-0.082203	-0.681441	-0.455678	-0.148763
0.192200	-218.146913	-182.535673	400.682587	35.611240	618.829500	-2.453639	-2.451322	-2.538061	-0.519953	-0.349327	-0.095751	-0.632622	-0.423021	-0.138904
0.192400	-218.146913	-182.535673	400.682587	35.611240	618.829500	-2.353278	-2.351128	-2.438678	-0.580809	-0.390034	-0.108236	-0.577431	-0.386102	-0.127745
0.192600	-218.146913	-182.535673	400.682587	35.611240	618.829500	-2.252930	-2.250968	-2.338601	-0.635833	-0.426841	-0.119534	-0.516421	-0.345291	-0.115400
0.192800	-218.146913	-182.535673	400.682587	35.611240	618.829500	-2.152596	-2.150841	-2.237813	-0.684473	-0.459377	-0.129532	-0.450208	-0.300999	-0.101995
0.193000	-218.146913	-182.535673	400.682587	35.611240	618.829500	-2.052277	-2.050746	-2.136301	-0.726239	-0.487315	-0.138130	-0.379456	-0.253671	-0.087663
0.193200	-218.146913	-182.535673	400.682587	35.611240	618.829500	-1.951972	-1.950681	-2.034059	-0.760712	-0.510375	-0.145242	-0.304876	-0.203782	-0.072551
0.193400	-218.146913	-182.535673	400.682587	35.611240	618.829500	-1.851683	-1.850644	-1.931088	-0.787544	-0.528323	-0.150798	-0.227218	-0.151834	-0.056811
0.193600	-218.146913	-182.535673	400.682587	35.611240	618.829500	-1.751408	-1.750631	-1.827396	-0.806466	-0.540980	-0.154743	-0.147262	-0.098350	-0.040602
0.193800	-218.146913	-182.535673	400.682587	35.611240	618.829500	-1.651148	-1.650641	-1.722999	-0.817288	-0.548219	-0.157039	-0.065812	-0.043865	-0.024088
0.194000	-218.146913	-182.535673	400.682587	35.611240	618.829500	-1.550902	-1.550670	-1.617922	-0.819900	-0.549966	-0.157662	0.016313	0.011070	-0.007435
0.194200	-218.146913	-182.535673	400.682587	35.611240	618.829500	-1.450671	-1.450715	-1.512199	-0.814277	-0.546204	-0.156608	0.098289	0.065906	0.009187
0.194400	-218.146913	-182.535673	400.682587	35.611240	618.829500	-1.350453	-1.350773	-1.405873	-0.800474	-0.536971	-0.153888	0.179290	0.120090	0.025612
0.194600	-218.146913	-182.535673	400.682587	35.611240	618.829500	-1.250248	-1.250841	-1.298994	-0.778630	-0.522359	-0.149530	0.258503	0.173078	0.041674
0.194800	-218.146913	-182.535673	400.682587	35.611240	618.829500	-1.150056	-1.150916	-1.191624	-0.748966	-0.502515	-0.143579	0.335133	0.224338	0.057210
0.195000	-218.146913	-182.535673	400.682587	35.611240	618.829500	-1.049876	-1.050993	-1.083829	-0.711778	-0.477639	-0.136096	0.408407	0.273353	0.072063
0.195200	-218.146913	-182.535673	400.682587	35.611240	618.829500	-0.949706	-0.951070	-0.975686	-0.667440	-0.447980	-0.127157	0.477591	0.319632	0.086083
0.195400	-218.146913	-182.535673	400.682587	35.611240	618.829500	-0.849546	-0.851143	-0.867275	-0.616399	-0.413837	-0.116853	0.541989	0.362710	0.099129
0.195600	-218.146913	-182.535673	400.682587	35.611240	618.829500	-0.749394	-0.751209	-0.758683	-0.559166	-0.375553	-0.105287	0.600953	0.402153	0.111069
0.195800	-218.146913	-182.535673	400.682587	35.611240	618.829500	-0.649250	-0.651264	-0.649998	-0.496318	-0.333512	-0.092578	0.653892	0.437565	0.121781
0.196000	-218.146913	-182.535673	400.682587	35.611240	618.829500	-0.549112	-0.551305	-0.541312	-0.428485	-0.288137	-0.078854	0.700272	0.468590	0.131158
0.196200	-218.146913	-182.535673	400.682587	35.611240	618.829500	-0.448979	-0.451330	-0.432716	-0.356350	-0.239884	-0.064254	0.739628	0.494916	0.139105
0.196400	-218.146913	-182.535673	400.682587	35.611240	618.829500	-0.348850	-0.351335	-0.324298	-0.280638	-0.189238	-0.048926	0.771564	0.516280	0.145541
0.196600	-218.146913	-182.535673	400.682587	35.611240	618.829500	-0.248723	-0.251317	-0.216146	-0.202109	-0.136708	-0.033024	0.795759	0.532465	0.150400
0.196800	-218.146913	-182.535673	400.682587	35.611240	618.829500	-0.148597	-0.151275	-0.108340	-0.121552	-0.082822	-0.016710	0.811971	0.543310	0.153633
0.197000	-218.146913	-182.535673	400.682587	35.611240	618.829500	-0.048470	-0.051205	-0.000956	-0.039778	-0.028121	-0.000148	0.820036	0.548705	0.155208
0.197200	-218.146913	-182.535673	400.682587	35.611240	618.829500	0.051659	0.048894	0.105937	0.042392	0.026845	0.016493	0.819874	0.548597	0.155106
0.197400	-218.146913	-182.535673	400.682587	35.611240	618.829500	0.151792	0.149024	0.212281	0.124132	0.081522	0.033047	0.811486	0.542987	0.153330
0.197600	-218.146913	-182.535673	400.682587	35.611240	618.829500	0.251929	0.249186	0.318022	0.204620	0.135363	0.049345	0.794956	0.531930	0.149895
0.197800	-218.146913	-182.535673	400.682587	35.611240	618.829500	0.352073	0.349382	0.423119	0.283048	0.187825	0.065222	0.770451	0.515538	0.144836
0.198000	-218.146913	-182.535673	400.682587	35.611240	618.829500	0.452224	0.449613	0.527536	0.358627	0.238382	0.080519	0.738217	0.493977	0.138203
0.198200	-218.146913	-182.535673	400.682587	35.611240	618.829500	0.552385	0.549879	0.631249	0.430598	0.286525	0.095080	0.698578	0.467462	0.130063
0.198400	-218.146913	-182.535673	400.682587	35.611240	618.829500	0.652556	0.650180	0.734242	0.498237	0.331771	0.108757	0.651933	0.436261	0.120495
0.198600	-218.146913	-182.535673	400.682587	35.611240	618.829500	0.752738	0.750516	0.836505	0.560865	0.373664	0.121413	0.598751	0.400687	0.109597
0.198800	-218.146913	-182.535673	400.682587	35.611240	618.829500	0.852933	0.850887	0.938038	0.617852	0.411785	0.132919	0.539567	0.361097	0.097476
0.199000	-218.146913	-182.535673	400.682587	35.611240	618.829500	0.953141	0.951292	1.038847	0.668625	0.445748	0.143159	0.474975	0.317891	0.084254
0.199200	-218.146913	-182.535673	400.682587	35.611240	618.829500	1.053364	1.051730	1.138945	0.712675	0.475215	0.152028	0.405624	0.271501	0.070064
0.199400	-218.146913	-182.535673	400.682587	35.611240	618.829500	1.153602	1.152199	1.238348	0.749558	0.499887	0.159436	0.332213	0.222395	0.055047
0.199600	-218.146913	-182.535673	400.682587	35.611240	618.829500	1.253855	1.252699	1.337080	0.778905	0.519518	0.165308	0.255479	0.171067	0.039354
0.199800	-218.146913	-182.535673	400.682587	35.611240	618.829500	1.354125	1.353226	1.435169	0.800419	0.533910	0.169584	0.176193	0.118031	0.023142
0.200000	-218.146913	-182.535673	400.682587	35.611240	618.829500	1.454412	1.453780	1.532644	0.813886	0.542918	0.172219	0.095153	0.063822	0.006574
