#model:pConst	end_point_b=0.20
#t	l_1	l_2	l_3	l_2-l_1	l_3-l_1	phase_1	phase_2	phase_3	RePsi_1	RePsi_2	RePsi_3	ImPsi_1	ImPsi_2	ImPsi_3
0.100200	-16520.813997	-15412.363030	31933.177027	1108.450968	48453.991025	1.668406	1.933544	-2.280547	0.814522	0.517104	-0.118185	-0.079758	-0.196263	-0.101532	-0.067094	-2.932906
0.100400	-16520.813997	-15412.363030	31933.177027	1108.450968	48453.991025	1.763976	2.289456	0.123144	0.793805	0.426914	0.019053	-0.155283	-0.373422	0.153942	-0.067094	-2.932906
0.100600	-16520.813997	-15412.363030	31933.177027	1108.450968	48453.991025	1.857726	2.635296	2.561480	0.760827	0.285770	0.083997	-0.224499	-0.515358	-0.128176	-0.067094	-2.932906
0.100800	-16520.813997	-15412.363030	31933.177027	1108.450968	48453.991025	1.946605	2.967940	-1.298798	0.717769	0.106542	-0.150371	-0.283204	-0.607357	0.041940	-0.067094	-2.932906
0.101000	-16520.813997	-15412.363030	31933.177027	1108.450968	48453.991025	2.029495	-2.996987	1.110871	0.669023	-0.093323	0.138378	-0.330383	-0.640858	0.068546	-0.067094	-2.932906
0.101200	-16520.813997	-15412.363030	31933.177027	1108.450968	48453.991025	2.105597	-2.690920	-2.733626	0.616689	-0.296237	-0.061061	-0.365317	-0.612206	-0.141273	-0.067094	-2.932906
0.101400	-16520.813997	-15412.363030	31933.177027	1108.450968	48453.991025	2.171209	-2.396011	-0.316944	0.565427	-0.482616	-0.048578	-0.387172	-0.522664	0.148103	-0.067094	-2.932906
0.101600	-16520.813997	-15412.363030	31933.177027	1108.450968	48453.991025	2.226320	-2.110961	2.101059	0.518541	-0.635087	0.132964	-0.398736	-0.380832	-0.077953	-0.067094	-2.932906
0.101800	-16520.813997	-15412.363030	31933.177027	1108.450968	48453.991025	2.269034	-1.832723	-1.749088	0.477895	-0.739942	-0.152087	-0.401087	-0.198368	-0.027407	-0.067094	-2.932906
0.102000	-16520.813997	-15412.363030	31933.177027	1108.450968	48453.991025	2.297663	-1.560163	0.667479	0.446912	-0.786219	0.096106	-0.397435	0.008360	0.121937	-0.067094	-2.932906
0.102200	-16520.813997	-15412.363030	31933.177027	1108.450968	48453.991025	2.315394	-1.292076	3.091070	0.425286	-0.770144	0.007796	-0.391925	0.220391	-0.154183	-0.067094	-2.932906
0.102400	-16520.813997	-15412.363030	31933.177027	1108.450968	48453.991025	2.322818	-1.025910	-0.766842	0.413346	-0.692493	-0.107384	-0.386636	0.419714	0.111445	-0.067094	-2.932906
0.102600	-16520.813997	-15412.363030	31933.177027	1108.450968	48453.991025	2.325704	-0.760983	1.655381	0.410495	-0.559589	0.154135	-0.386196	0.587603	-0.013069	-0.067094	-2.932906
0.102800	-16520.813997	-15412.363030	31933.177027	1108.450968	48453.991025	2.330697	-0.496169	-2.204789	0.413259	-0.384101	-0.124863	-0.392705	0.709540	-0.091805	-0.067094	-2.932906
0.103000	-16520.813997	-15412.363030	31933.177027	1108.450968	48453.991025	2.341114	-0.229097	0.215733	0.420187	-0.180735	0.033062	-0.407701	0.775050	0.150870	-0.067094	-2.932906
0.103200	-16520.813997	-15412.363030	31933.177027	1108.450968	48453.991025	2.363477	0.040821	2.645494	0.427121	0.031765	0.073561	-0.433388	0.777721	-0.135910	-0.067094	-2.932906
0.103400	-16520.813997	-15412.363030	31933.177027	1108.450968	48453.991025	2.398265	0.315063	-1.220924	0.430355	0.234242	-0.146099	-0.468179	0.718712	0.053309	-0.067094	-2.932906
0.103600	-16520.813997	-15412.363030	31933.177027	1108.450968	48453.991025	2.445528	0.596279	1.201054	0.427693	0.409380	0.143413	-0.511849	0.603193	0.055582	-0.067094	-2.932906
0.103800	-16520.813997	-15412.363030	31933.177027	1108.450968	48453.991025	2.505939	0.885298	-2.648060	0.414829	0.540652	-0.073397	-0.562244	0.442143	-0.136442	-0.067094	-2.932906
0.104000	-16520.813997	-15412.363030	31933.177027	1108.450968	48453.991025	2.575814	1.184114	-0.239149	0.390819	0.617328	-0.036865	-0.615436	0.251365	0.151201	-0.067094	-2.932906
0.104200	-16520.813997	-15412.363030	31933.177027	1108.450968	48453.991025	2.654717	1.495540	2.189878	0.354388	0.632852	0.124803	-0.669438	0.047716	-0.088925	-0.067094	-2.932906
0.104400	-16520.813997	-15412.363030	31933.177027	1108.450968	48453.991025	2.740935	1.819814	-1.661305	0.304698	0.585885	-0.155002	-0.719359	-0.148988	-0.014068	-0.067094	-2.932906
0.104600	-16520.813997	-15412.363030	31933.177027	1108.450968	48453.991025	2.831403	2.157525	0.743178	0.244266	0.482367	0.105015	-0.762053	-0.320691	0.114279	-0.067094	-2.932906
0.104800	-16520.813997	-15412.363030	31933.177027	1108.450968	48453.991025	2.926331	2.508500	-3.102418	0.173848	0.331604	-0.005997	-0.795103	-0.451861	-0.153012	-0.067094	-2.932906
0.105000	-16520.813997	-15412.363030	31933.177027	1108.450968	48453.991025	3.023192	2.868047	-0.678000	0.096925	0.148533	-0.098002	-0.814794	-0.529379	0.121688	-0.067094	-2.932906
0.105200	-16520.813997	-15412.363030	31933.177027	1108.450968	48453.991025	3.120347	-3.052254	1.728390	0.017449	-0.048995	0.152548	-0.821138	-0.546964	-0.024242	-0.067094	-2.932906
0.105400	-16520.813997	-15412.363030	31933.177027	1108.450968	48453.991025	-3.065334	-2.691178	-2.112240	-0.062123	-0.242969	-0.131594	-0.813062	-0.502452	-0.079140	-0.067094	-2.932906
0.105600	-16520.813997	-15412.363030	31933.177027	1108.450968	48453.991025	-2.970520	-2.338841	0.303390	-0.136665	-0.413866	0.046724	-0.791064	-0.399746	0.149251	-0.067094	-2.932906
0.105800	-16520.813997	-15412.363030	31933.177027	1108.450968	48453.991025	-2.878959	-1.998931	2.717100	-0.203816	-0.545881	0.063355	-0.758122	-0.249121	-0.140176	-0.067094	-2.932906
0.106000	-16520.813997	-15412.363030	31933.177027	1108.450968	48453.991025	-2.791691	-1.671892	-1.125098	-0.261072	-0.626231	-0.139210	-0.715428	-0.063526	0.066509	-0.067094	-2.932906
0.106200	-16520.813997	-15412.363030	31933.177027	1108.450968	48453.991025	-2.712008	-1.358715	1.285534	-0.305718	-0.646147	0.149704	-0.667334	0.139128	0.043902	-0.067094	-2.932906
0.106400	-16520.813997	-15412.363030	31933.177027	1108.450968	48453.991025	-2.639903	-1.058042	-2.575435	-0.338608	-0.604117	-0.082421	-0.617337	0.340106	-0.129682	-0.067094	-2.932906
0.106600	-16520.813997	-15412.363030	31933.177027	1108.450968	48453.991025	-2.578029	-0.767082	-0.141395	-0.359027	-0.502552	-0.021826	-0.568149	0.521307	0.153331	-0.067094	-2.932906
0.106800	-16520.813997	-15412.363030	31933.177027	1108.450968	48453.991025	-2.528741	-0.485002	2.270645	-0.368801	-0.350364	0.118826	-0.524482	0.664845	-0.100055	-0.067094	-2.932906
0.107000	-16520.813997	-15412.363030	31933.177027	1108.450968	48453.991025	-2.491163	-0.209784	-1.585634	-0.371057	-0.161413	-0.154002	-0.487667	0.758104	-0.002285	-0.067094	-2.932906
0.107200	-16520.813997	-15412.363030	31933.177027	1108.450968	48453.991025	-2.467523	0.061119	0.840558	-0.367462	0.048458	0.115480	-0.459960	0.791855	0.103394	-0.067094	-2.932906
0.107400	-16520.813997	-15412.363030	31933.177027	1108.450968	48453.991025	-2.454952	0.328236	-3.024046	-0.362827	0.259599	-0.018156	-0.442632	0.762283	-0.153742	-0.067094	-2.932906
0.107600	-16520.813997	-15412.363030	31933.177027	1108.450968	48453.991025	-2.449220	0.593332	-0.598907	-0.359934	0.453607	-0.087182	-0.434005	0.672616	0.127732	-0.067094	-2.932906
0.107800	-16520.813997	-15412.363030	31933.177027	1108.450968	48453.991025	-2.447062	0.858469	1.823482	-0.361606	0.613409	0.149702	-0.434111	0.529730	-0.038654	-0.067094	-2.932906
0.108000	-16520.813997	-15412.363030	31933.177027	1108.450968	48453.991025	-2.439977	1.123969	-2.033876	-0.371637	0.724007	-0.138458	-0.439780	0.346906	-0.069131	-0.067094	-2.932906
0.108200	-16520.813997	-15412.363030	31933.177027	1108.450968	48453.991025	-2.424754	1.391707	0.384487	-0.390292	0.776708	0.058183	-0.447844	0.140607	0.143794	-0.067094	-2.932906
0.108400	-16520.813997	-15412.363030	31933.177027	1108.450968	48453.991025	-2.398071	1.663697	2.809505	-0.419306	0.766456	0.050198	-0.455982	-0.071410	-0.145561	-0.067094	-2.932906
0.108600	-16520.813997	-15412.363030	31933.177027	1108.450968	48453.991025	-2.357214	1.940456	-1.044821	-0.458282	0.694662	-0.134238	-0.459218	-0.269162	0.077929	-0.067094	-2.932906
0.108800	-16520.813997	-15412.363030	31933.177027	1108.450968	48453.991025	-2.304795	2.224381	1.366346	-0.504856	0.568976	0.151875	-0.455453	-0.435765	0.031491	-0.067094	-2.932906
0.109000	-16520.813997	-15412.363030	31933.177027	1108.450968	48453.991025	-2.240335	2.517777	-2.484327	-0.558135	0.400362	-0.093792	-0.441766	-0.556301	-0.121534	-0.067094	-2.932906
0.109200	-16520.813997	-15412.363030	31933.177027	1108.450968	48453.991025	-2.165899	2.821378	-0.058950	-0.613776	0.205525	-0.009185	-0.415508	-0.619746	0.155638	-0.067094	-2.932906
0.109400	-16520.813997	-15412.363030	31933.177027	1108.450968	48453.991025	-2.084437	3.137709	2.349396	-0.668674	0.002415	0.110047	-0.377232	-0.621828	-0.108561	-0.067094	-2.932906
0.109600	-16520.813997	-15412.363030	31933.177027	1108.450968	48453.991025	-1.995855	-2.814965	-1.493524	-0.719774	-0.190412	-0.153102	-0.325809	-0.562082	0.011854	-0.067094	-2.932906
0.109800	-16520.813997	-15412.363030	31933.177027	1108.450968	48453.991025	-1.903223	-2.471764	0.923675	-0.762263	-0.354071	0.124778	-0.263163	-0.447072	0.094291	-0.067094	-2.932906
0.110000	-16520.813997	-15412.363030	31933.177027	1108.450968	48453.991025	-1.807874	-2.117047	-2.947510	-0.794616	-0.474259	-0.029671	-0.191996	-0.288330	-0.150952	-0.067094	-2.932906
0.110200	-16520.813997	-15412.363030	31933.177027	1108.450968	48453.991025	-1.710092	-1.754698	-0.504101	-0.813879	-0.539231	-0.074439	-0.114109	-0.100298	0.134942	-0.067094	-2.932906
0.110400	-16520.813997	-15412.363030	31933.177027	1108.450968	48453.991025	-1.612947	-1.392064	1.904970	-0.818640	-0.542740	0.147732	-0.034527	0.098052	-0.051292	-0.067094	-2.932906
0.110600	-16520.813997	-15412.363030	31933.177027	1108.450968	48453.991025	-1.516588	-1.034445	-1.957913	-0.809943	-0.485154	-0.141962	0.043949	0.288415	-0.057876	-0.067094	-2.932906
0.110800	-16520.813997	-15412.363030	31933.177027	1108.450968	48453.991025	-1.422349	-0.686313	0.481986	-0.787306	-0.370751	0.071786	0.117740	0.452601	0.137222	-0.067094	-2.932906
0.111000	-16520.813997	-15412.363030	31933.177027	1108.450968	48453.991025	-1.333021	-0.351886	2.887643	-0.753826	-0.210804	0.039158	0.182697	0.574138	-0.150867	-0.067094	-2.932906
0.111200	-16520.813997	-15412.363030	31933.177027	1108.450968	48453.991025	-1.248416	-0.031103	-0.966989	-0.712160	-0.019979	-0.126182	0.237885	0.642139	0.087033	-0.067094	-2.932906
0.111400	-16520.813997	-15412.363030	31933.177027	1108.450968	48453.991025	-1.171393	0.277233	1.464869	-0.664841	0.184636	0.154517	0.280623	0.648846	0.016429	-0.067094	-2.932906
0.111600	-16520.813997	-15412.363030	31933.177027	1108.450968	48453.991025	-1.104028	0.573435	-2.409598	-0.616939	0.383108	-0.103699	0.310880	0.593207	-0.115411	-0.067094	-2.932906
0.111800	-16520.813997	-15412.363030	31933.177027	1108.450968	48453.991025	-1.046475	0.860163	0.022426	-0.570680	0.557883	0.003448	0.330033	0.480131	0.153726	-0.067094	-2.932906
0.112000	-16520.813997	-15412.363030	31933.177027	1108.450968	48453.991025	-1.002315	1.139667	2.446609	-0.529758	0.692293	0.099513	0.338424	0.318447	-0.119355	-0.067094	-2.932906
0.112200	-16520.813997	-15412.363030	31933.177027	1108.450968	48453.991025	-0.970900	1.412653	-1.420476	-0.497115	0.773386	-0.152935	0.340019	0.123336	0.023164	-0.067094	-2.932906
0.112400	-16520.813997	-15412.363030	31933.177027	1108.450968	48453.991025	-0.951392	1.681582	1.008480	-0.473000	0.794280	0.130640	0.337254	-0.088357	0.082327	-0.067094	-2.932906
0.112600	-16520.813997	-15412.363030	31933.177027	1108.450968	48453.991025	-0.943124	1.948147	-2.853261	-0.459355	0.751754	-0.044054	0.333287	-0.297953	-0.148531	-0.067094	-2.932906
0.112800	-16520.813997	-15412.363030	31933.177027	1108.450968	48453.991025	-0.939061	2.212799	-0.430270	-0.454689	0.649967	-0.064537	0.332731	-0.485955	0.140618	-0.067094	-2.932906
0.113000	-16520.813997	-15412.363030	31933.177027	1108.450968	48453.991025	-0.935439	2.477790	1.991449	-0.457273	0.497969	0.141319	0.337171	-0.636613	-0.063220	-0.067094	-2.932906
0.113200	-16520.813997	-15412.363030	31933.177027	1108.450968	48453.991025	-0.926171	2.744492	-1.866608	-0.465667	0.308622	-0.147600	0.350068	-0.735901	-0.044982	-0.067094	-2.932906
0.113400	-16520.813997	-15412.363030	31933.177027	1108.450968	48453.991025	-0.905560	3.013447	0.558231	-0.475264	0.099893	0.082227	0.372859	-0.775257	0.131670	-0.067094	-2.932906
0.113600	-16520.813997	-15412.363030	31933.177027	1108.450968	48453.991025	-0.873642	-2.996018	2.973493	-0.483779	-0.110275	0.025882	0.405133	-0.752153	-0.152515	-0.067094	-2.932906
0.113800	-16520.813997	-15412.363030	31933.177027	1108.450968	48453.991025	-0.827822	-2.716050	-0.876914	-0.487450	-0.302853	-0.118353	0.447751	-0.668200	0.098456	-0.067094	-2.932906
0.114000	-16520.813997	-15412.363030	31933.177027	1108.450968	48453.991025	-0.769687	-2.428867	1.543345	-0.482387	-0.460156	0.155826	0.497788	-0.532416	0.004279	-0.067094	-2.932906
0.114200	-16520.813997	-15412.363030	31933.177027	1108.450968	48453.991025	-0.701604	-2.131438	-2.325858	-0.467462	-0.569208	-0.112229	0.553186	-0.357374	-0.105618	-0.067094	-2.932906
0.114400	-16520.813997	-15412.363030	31933.177027	1108.450968	48453.991025	-0.623484	-1.822241	0.113578	-0.439633	-0.619635	0.017468	0.611296	-0.159173	0.153139	-0.067094	-2.932906
0.114600	-16520.813997	-15412.363030	31933.177027	1108.450968	48453.991025	-0.538887	-1.500620	2.525520	-0.398926	-0.607845	0.090283	0.667192	0.042726	-0.127518	-0.067094	-2.932906
0.114800	-16520.813997	-15412.363030	31933.177027	1108.450968	48453.991025	-0.448894	-1.164672	-1.338574	-0.346170	-0.535797	-0.149290	0.718655	0.230410	0.035306	-0.067094	-2.932906
0.115000	-16520.813997	-15412.363030	31933.177027	1108.450968	48453.991025	-0.354289	-0.815745	1.102091	-0.281663	-0.409942	0.138079	0.761464	0.385787	0.069915	-0.067094	-2.932906
0.115200	-16520.813997	-15412.363030	31933.177027	1108.450968	48453.991025	-0.258212	-0.457798	-2.776195	-0.209341	-0.243507	-0.055766	0.792634	0.494221	-0.145765	-0.067094	-2.932906
0.115400	-16520.813997	-15412.363030	31933.177027	1108.450968	48453.991025	-0.160566	-0.094562	-0.348291	-0.131398	-0.051813	-0.052221	0.811297	0.546293	0.143822	-0.067094	-2.932906
0.115600	-16520.813997	-15412.363030	31933.177027	1108.450968	48453.991025	-0.063084	0.267297	2.087107	-0.051482	0.146805	0.135235	0.815006	0.536079	-0.076770	-0.067094	-2.932906
0.115800	-16520.813997	-15412.363030	31933.177027	1108.450968	48453.991025	0.031909	0.620914	-1.792764	0.025697	0.332739	-0.151627	0.805028	0.465181	-0.034220	-0.067094	-2.932906
0.116000	-16520.813997	-15412.363030	31933.177027	1108.450968	48453.991025	0.124698	0.963504	0.642637	0.098068	0.489169	0.091786	0.782364	0.339922	0.122602	-0.067094	-2.932906
0.116200	-16520.813997	-15412.363030	31933.177027	1108.450968	48453.991025	0.212370	1.292800	3.069274	0.161371	0.600171	0.011266	0.748402	0.171280	-0.155514	-0.067094	-2.932906
0.116400	-16520.813997	-15412.363030	31933.177027	1108.450968	48453.991025	0.293451	1.607779	-0.805862	0.213796	0.655115	-0.111618	0.707524	-0.024239	0.107141	-0.067094	-2.932906
0.116600	-16520.813997	-15412.363030	31933.177027	1108.450968	48453.991025	0.367406	1.910812	1.631442	0.254731	0.648679	0.153460	0.661840	-0.229473	-0.009318	-0.067094	-2.932906
0.116800	-16520.813997	-15412.363030	31933.177027	1108.450968	48453.991025	0.430456	2.203306	-2.232246	0.282659	0.579867	-0.122941	0.615582	-0.425023	-0.095701	-0.067094	-2.932906
0.117000	-16520.813997	-15412.363030	31933.177027	1108.450968	48453.991025	0.482448	2.486361	0.183901	0.299924	0.455288	0.028220	0.572674	-0.592443	0.151718	-0.067094	-2.932906
0.117200	-16520.813997	-15412.363030	31933.177027	1108.450968	48453.991025	0.522010	2.762968	2.616724	0.307669	0.285230	0.077372	0.534860	-0.716985	-0.133621	-0.067094	-2.932906
0.117400	-16520.813997	-15412.363030	31933.177027	1108.450968	48453.991025	0.547421	3.034459	-1.248456	0.308358	0.084529	-0.147251	0.505868	-0.785981	0.049180	-0.067094	-2.932906
0.117600	-16520.813997	-15412.363030	31933.177027	1108.450968	48453.991025	0.562429	-2.981397	1.174110	0.306394	-0.128205	0.142468	0.486079	-0.793445	0.059679	-0.067094	-2.932906
0.117800	-16520.813997	-15412.363030	31933.177027	1108.450968	48453.991025	0.568316	-2.715691	-2.683900	0.303774	-0.335001	-0.068371	0.475691	-0.738426	-0.138802	-0.067094	-2.932906
0.118000	-16520.813997	-15412.363030	31933.177027	1108.450968	48453.991025	0.570839	-2.450749	-0.261202	0.304952	-0.516700	-0.039935	0.474890	-0.624973	0.149395	-0.067094	-2.932906
0.118200	-16520.813997	-15412.363030	31933.177027	1108.450968	48453.991025	0.577093	-2.185671	2.162074	0.312729	-0.657252	0.128705	0.480367	-0.464151	-0.086413	-0.067094	-2.932906
0.118400	-16520.813997	-15412.363030	31933.177027	1108.450968	48453.991025	0.589929	-1.918018	-1.701621	0.328482	-0.744855	-0.153193	0.490672	-0.269551	-0.020157	-0.067094	-2.932906
0.118600	-16520.813997	-15412.363030	31933.177027	1108.450968	48453.991025	0.615258	-1.647016	0.728705	0.354967	-0.771009	0.102808	0.502236	-0.058880	0.115180	-0.067094	-2.932906
0.118800	-16520.813997	-15412.363030	31933.177027	1108.450968	48453.991025	0.653425	-1.371398	-3.136629	0.391131	-0.734692	-0.000772	0.510866	0.148469	-0.155616	-0.067094	-2.932906
0.119000	-16520.813997	-15412.363030	31933.177027	1108.450968	48453.991025	0.703744	-1.088375	-0.717016	0.436674	-0.639369	-0.101132	0.514515	0.334833	0.116004	-0.067094	-2.932906
0.119200	-16520.813997	-15412.363030	31933.177027	1108.450968	48453.991025	0.766895	-0.796943	1.718746	0.490257	-0.493919	0.152992	0.508744	0.482644	-0.022802	-0.067094	-2.932906
0.119400	-16520.813997	-15412.363030	31933.177027	1108.450968	48453.991025	0.839180	-0.495384	-2.154685	0.547867	-0.313021	-0.130024	0.491893	0.579321	-0.085912	-0.067094	-2.932906
0.119600	-16520.813997	-15412.363030	31933.177027	1108.450968	48453.991025	0.919854	-0.180801	0.271123	0.607627	-0.112740	0.041047	0.462824	0.616752	0.147667	-0.067094	-2.932906
0.119800	-16520.813997	-15412.363030	31933.177027	1108.450968	48453.991025	1.007565	0.147000	2.706305	0.665013	0.087550	0.065513	0.419929	0.591282	-0.140877	-0.067094	-2.932906
0.120000	-16520.813997	-15412.363030	31933.177027	1108.450968	48453.991025	1.099095	0.487941	-1.172796	0.716268	0.269013	-0.143369	0.365374	0.506859	0.060278	-0.067094	-2.932906
0.120200	-16520.813997	-15412.363030	31933.177027	1108.450968	48453.991025	1.194613	0.841519	1.261815	0.759167	0.415384	0.145775	0.299866	0.371195	0.046532	-0.067094	-2.932906
0.120400	-16520.813997	-15412.363030	31933.177027	1108.450968	48453.991025	1.291888	1.202662	-2.592847	0.789575	0.511958	-0.081393	0.226113	0.197471	-0.133130	-0.067094	-2.932906
0.120600	-16520.813997	-15412.363030	31933.177027	1108.450968	48453.991025	1.388983	1.565425	-0.188425	0.806879	0.550421	-0.029000	0.148339	0.002957	0.152082	-0.067094	-2.932906
0.120800	-16520.813997	-15412.363030	31933.177027	1108.450968	48453.991025	1.486110	1.924845	2.252438	0.810072	0.526893	0.119066	0.068767	-0.194752	-0.096608	-0.067094	-2.932906
0.121000	-16520.813997	-15412.363030	31933.177027	1108.450968	48453.991025	1.580309	2.274569	-1.611210	0.798762	0.442909	-0.156190	-0.007599	-0.375923	-0.006316	-0.067094	-2.932906
0.121200	-16520.813997	-15412.363030	31933.177027	1108.450968	48453.991025	1.670708	2.611116	0.799495	0.775791	0.307065	0.110511	-0.077769	-0.523504	0.107438	-0.067094	-2.932906
0.121400	-16520.813997	-15412.363030	31933.177027	1108.450968	48453.991025	1.756544	2.934676	-3.042776	0.742160	0.130909	-0.015194	-0.139462	-0.623612	-0.153260	-0.067094	-2.932906
0.121600	-16520.813997	-15412.363030	31933.177027	1108.450968	48453.991025	1.834355	-3.038406	-0.629420	0.701597	-0.068910	-0.091863	-0.189316	-0.665448	0.126146	-0.067094	-2.932906
0.121800	-16520.813997	-15412.363030	31933.177027	1108.450968	48453.991025	1.904006	-2.740529	1.789848	0.658007	-0.273694	0.150162	-0.227746	-0.645433	-0.033430	-0.067094	-2.932906
0.122000	-16520.813997	-15412.363030	31933.177027	1108.450968	48453.991025	1.963187	-2.451904	-2.058351	0.613774	-0.465341	-0.136638	-0.254012	-0.564178	-0.072453	-0.067094	-2.932906
0.122200	-16520.813997	-15412.363030	31933.177027	1108.450968	48453.991025	2.009290	-2.171555	0.354973	0.573768	-0.625103	0.054019	-0.269063	-0.428352	0.145732	-0.067094	-2.932906
0.122400	-16520.813997	-15412.363030	31933.177027	1108.450968	48453.991025	2.043564	-1.897756	2.779976	0.539877	-0.738766	0.054516	-0.276122	-0.250539	-0.144128	-0.067094	-2.932906
0.122600	-16520.813997	-15412.363030	31933.177027	1108.450968	48453.991025	2.064276	-1.627860	-1.076180	0.514171	-0.795668	-0.136329	-0.276555	-0.045453	0.073527	-0.067094	-2.932906
0.122800	-16520.813997	-15412.363030	31933.177027	1108.450968	48453.991025	2.074426	-1.361271	1.342844	0.498716	-0.789678	0.150834	-0.274805	0.167922	0.034991	-0.067094	-2.932906
0.123000	-16520.813997	-15412.363030	31933.177027	1108.450968	48453.991025	2.079125	-1.096483	-2.515802	0.492054	-0.722057	-0.090612	-0.274156	0.370707	-0.125381	-0.067094	-2.932906
0.123200	-16520.813997	-15412.363030	31933.177027	1108.450968	48453.991025	2.081674	-0.831279	-0.093635	0.494358	-0.597889	-0.014454	-0.277093	0.545398	0.153914	-0.067094	-2.932906
0.123400	-16520.813997	-15412.363030	31933.177027	1108.450968	48453.991025	2.090413	-0.565279	2.332900	0.503208	-0.428519	0.111894	-0.287861	0.675547	-0.106799	-0.067094	-2.932906
0.123600	-16520.813997	-15412.363030	31933.177027	1108.450968	48453.991025	2.108485	-0.296822	-1.531858	0.515145	-0.229589	-0.155114	-0.307177	0.750640	0.006043	-0.067094	-2.932906
0.123800	-16520.813997	-15412.363030	31933.177027	1108.450968	48453.991025	2.138295	-0.023664	0.891680	0.528218	-0.018081	0.119803	-0.336710	0.763925	0.096705	-0.067094	-2.932906
0.124000	-16520.813997	-15412.363030	31933.177027	1108.450968	48453.991025	2.182388	0.254756	-2.960746	0.537499	0.186037	-0.027889	-0.376943	0.714391	-0.152531	-0.067094	-2.932906
0.124200	-16520.813997	-15412.363030	31933.177027	1108.450968	48453.991025	2.237870	0.540647	-0.549968	0.540362	0.364959	-0.081186	-0.425537	0.607950	0.132428	-0.067094	-2.932906
0.124400	-16520.813997	-15412.363030	31933.177027	1108.450968	48453.991025	2.304808	0.836577	1.880478	0.534150	0.502901	0.146124	-0.481892	0.453890	-0.046756	-0.067094	-2.932906
0.124600	-16520.813997	-15412.363030	31933.177027	1108.450968	48453.991025	2.381451	1.143231	-1.974096	0.515501	0.586916	-0.143254	-0.542221	0.267444	-0.061125	-0.067094	-2.932906
0.124800	-16520.813997	-15412.363030	31933.177027	1108.450968	48453.991025	2.464600	1.462789	0.432523	0.484647	0.610821	0.064928	-0.603021	0.066231	0.140636	-0.067094	-2.932906
0.125000	-16520.813997	-15412.363030	31933.177027	1108.450968	48453.991025	2.554382	1.796739	2.871283	0.440342	0.572280	0.040945	-0.661647	-0.131549	-0.147768	-0.067094	-2.932906
0.125200	-16520.813997	-15412.363030	31933.177027	1108.450968	48453.991025	2.647993	2.143125	-0.990876	0.383625	0.475525	-0.130771	-0.713030	-0.306361	0.085662	-0.067094	-2.932906
0.125400	-16520.813997	-15412.363030	31933.177027	1108.450968	48453.991025	2.743803	2.499959	1.417933	0.317318	0.330672	0.152365	-0.755176	-0.442615	0.023474	-0.067094	-2.932906
0.125600	-16520.813997	-15412.363030	31933.177027	1108.450968	48453.991025	2.841761	2.863179	-2.421871	0.242770	0.150719	-0.101373	-0.785278	-0.527290	-0.115647	-0.067094	-2.932906
0.125800	-16520.813997	-15412.363030	31933.177027	1108.450968	48453.991025	2.938824	-3.057995	-0.009524	0.164691	-0.046244	-0.001490	-0.801050	-0.551889	0.156443	-0.067094	-2.932906
0.126000	-16520.813997	-15412.363030	31933.177027	1108.450968	48453.991025	3.034596	-2.702604	2.406836	0.086288	-0.241767	0.102935	-0.803375	-0.514895	-0.113927	-0.067094	-2.932906
0.126200	-16520.813997	-15412.363030	31933.177027	1108.450968	48453.991025	3.128043	-2.357517	-1.434904	0.010725	-0.417534	-0.153103	-0.791462	-0.418640	0.020935	-0.067094	-2.932906
0.126400	-16520.813997	-15412.363030	31933.177027	1108.450968	48453.991025	-3.067036	-2.026405	0.972630	-0.057339	-0.555807	0.128945	-0.767642	-0.272340	0.087869	-0.067094	-2.932906
0.126600	-16520.813997	-15412.363030	31933.177027	1108.450968	48453.991025	-2.984161	-1.709053	-2.885550	-0.116645	-0.644138	-0.038846	-0.734791	-0.089628	-0.148389	-0.067094	-2.932906
0.126800	-16520.813997	-15412.363030	31933.177027	1108.450968	48453.991025	-2.909131	-1.403734	-0.451365	-0.164511	-0.673133	-0.067666	-0.694894	0.113513	0.139593	-0.067094	-2.932906
0.127000	-16520.813997	-15412.363030	31933.177027	1108.450968	48453.991025	-2.844374	-1.110016	1.957782	-0.200003	-0.639335	0.143859	-0.652983	0.317380	-0.058628	-0.067094	-2.932906
0.127200	-16520.813997	-15412.363030	31933.177027	1108.450968	48453.991025	-2.789790	-0.825452	-1.895659	-0.224516	-0.545896	-0.145726	-0.611639	0.503828	-0.049080	-0.067094	-2.932906
0.127400	-16520.813997	-15412.363030	31933.177027	1108.450968	48453.991025	-2.748767	-0.547569	0.530471	-0.237933	-0.399742	0.078550	-0.574215	0.655567	0.133919	-0.067094	-2.932906
0.127600	-16520.813997	-15412.363030	31933.177027	1108.450968	48453.991025	-2.720690	-0.275724	2.946316	-0.243684	-0.214422	0.030037	-0.544356	0.757862	-0.151858	-0.067094	-2.932906
0.127800	-16520.813997	-15412.363030	31933.177027	1108.450968	48453.991025	-2.703897	-0.007687	-0.908878	-0.244499	-0.006166	-0.121801	-0.522468	0.802102	0.094905	-0.067094	-2.932906
0.128000	-16520.813997	-15412.363030	31933.177027	1108.450968	48453.991025	-2.697480	0.258442	1.513321	-0.242984	0.207030	0.154611	-0.510669	0.783154	0.008896	-0.067094	-2.932906
0.128200	-16520.813997	-15412.363030	31933.177027	1108.450968	48453.991025	-2.694001	0.523029	-2.346688	-0.244025	0.405231	-0.110449	-0.508293	0.702805	-0.108368	-0.067094	-2.932906
0.128400	-16520.813997	-15412.363030	31933.177027	1108.450968	48453.991025	-2.689282	0.788170	0.074576	-0.249489	0.571725	0.011540	-0.513449	0.568565	0.154455	-0.067094	-2.932906
0.128600	-16520.813997	-15412.363030	31933.177027	1108.450968	48453.991025	-2.677889	1.055482	2.499283	-0.262667	0.691372	0.092395	-0.525261	0.391564	-0.123500	-0.067094	-2.932906
0.128800	-16520.813997	-15412.363030	31933.177027	1108.450968	48453.991025	-2.654274	1.325415	-1.357651	-0.285831	0.753466	-0.151669	-0.539356	0.188689	0.032826	-0.067094	-2.932906
0.129000	-16520.813997	-15412.363030	31933.177027	1108.450968	48453.991025	-2.619025	1.600394	1.056534	-0.318595	0.753691	0.134842	-0.553139	-0.022314	0.076182	-0.067094	-2.932906
0.129200	-16520.813997	-15412.363030	31933.177027	1108.450968	48453.991025	-2.570155	1.882190	-2.794637	-0.362206	0.691584	-0.052296	-0.563308	-0.222596	-0.144630	-0.067094	-2.932906
0.129400	-16520.813997	-15412.363030	31933.177027	1108.450968	48453.991025	-2.509101	2.171645	-0.371807	-0.414415	0.574017	-0.056620	-0.565416	-0.393421	0.145201	-0.067094	-2.932906
0.129600	-16520.813997	-15412.363030	31933.177027	1108.450968	48453.991025	-2.438641	2.471701	2.039730	-0.472944	0.412313	0.137696	-0.558147	-0.520546	-0.069760	-0.067094	-2.932906
0.129800	-16520.813997	-15412.363030	31933.177027	1108.450968	48453.991025	-2.358631	2.784109	-1.803976	-0.535768	0.221148	-0.149690	-0.538385	-0.592044	-0.035551	-0.067094	-2.932906
0.130000	-16520.813997	-15412.363030	31933.177027	1108.450968	48453.991025	-2.272426	3.109160	0.610814	-0.597902	0.019531	0.089651	-0.505274	-0.601994	0.128049	-0.067094	-2.932906
0.130200	-16520.813997	-15412.363030	31933.177027	1108.450968	48453.991025	-2.181408	-2.834838	3.026176	-0.656877	-0.174406	0.017692	-0.459702	-0.550606	-0.152609	-0.067094	-2.932906
0.130400	-16520.813997	-15412.363030	31933.177027	1108.450968	48453.991025	-2.086057	-2.483028	-0.814744	-0.708785	-0.342205	-0.112346	-0.401375	-0.442236	0.105939	-0.067094	-2.932906
0.130600	-16520.813997	-15412.363030	31933.177027	1108.450968	48453.991025	-1.989543	-2.123337	1.592152	-0.749894	-0.467650	0.156234	-0.333756	-0.288356	-0.003337	-0.067094	-2.932906
0.130800	-16520.813997	-15412.363030	31933.177027	1108.450968	48453.991025	-1.891947	-1.760016	-2.267269	-0.779261	-0.539828	-0.117461	-0.259235	-0.103383	-0.098230	-0.067094	-2.932906
0.131000	-16520.813997	-15412.363030	31933.177027	1108.450968	48453.991025	-1.794685	-1.399436	0.171142	-0.794126	-0.550906	0.026427	-0.180827	0.095338	0.152905	-0.067094	-2.932906
0.131200	-16520.813997	-15412.363030	31933.177027	1108.450968	48453.991025	-1.700340	-1.048344	2.574917	-0.794943	-0.500148	0.083599	-0.103560	0.287997	-0.131386	-0.067094	-2.932906
0.131400	-16520.813997	-15412.363030	31933.177027	1108.450968	48453.991025	-1.608622	-0.709125	-1.276261	-0.782823	-0.392251	-0.146536	-0.029625	0.457165	0.044453	-0.067094	-2.932906
0.131600	-16520.813997	-15412.363030	31933.177027	1108.450968	48453.991025	-1.522255	-0.383197	1.153851	-0.758429	-0.236227	0.142351	0.036844	0.585991	0.063049	-0.067094	-2.932906
0.131800	-16520.813997	-15412.363030	31933.177027	1108.450968	48453.991025	-1.443080	-0.071401	-2.722206	-0.725930	-0.047339	-0.063115	0.093220	0.661868	-0.141566	-0.067094	-2.932906
0.132000	-16520.813997	-15412.363030	31933.177027	1108.450968	48453.991025	-1.371404	0.228702	-0.286826	-0.687565	0.157781	-0.043465	0.138941	0.677828	0.147358	-0.067094	-2.932906
0.132200	-16520.813997	-15412.363030	31933.177027	1108.450968	48453.991025	-1.311007	0.518884	2.135466	-0.647021	0.360193	0.131521	0.171975	0.630722	-0.083315	-0.067094	-2.932906
0.132400	-16520.813997	-15412.363030	31933.177027	1108.450968	48453.991025	-1.262217	0.800077	-1.732971	-0.608749	0.540633	-0.152483	0.194046	0.524989	-0.024948	-0.067094	-2.932906
0.132600	-16520.813997	-15412.363030	31933.177027	1108.450968	48453.991025	-1.225835	1.075157	0.699219	-0.574487	0.683393	0.099314	0.206430	0.369480	0.118096	-0.067094	-2.932906
0.132800	-16520.813997	-15412.363030	31933.177027	1108.450968	48453.991025	-1.203540	1.345665	3.118697	-0.548065	0.774358	0.003553	0.210846	0.177338	-0.155169	-0.067094	-2.932906
0.133000	-16520.813997	-15412.363030	31933.177027	1108.450968	48453.991025	-1.191066	1.612345	-0.742685	-0.530649	0.805330	-0.104513	0.211782	-0.033479	0.113845	-0.067094	-2.932906
0.133200	-16520.813997	-15412.363030	31933.177027	1108.450968	48453.991025	-1.186389	1.877666	1.682196	-0.522305	0.773640	0.153756	0.211289	-0.245151	-0.017200	-0.067094	-2.932906
0.133400	-16520.813997	-15412.363030	31933.177027	1108.450968	48453.991025	-1.183848	2.142700	-2.177912	-0.523891	0.681090	-0.126959	0.213481	-0.438389	-0.088190	-0.067094	-2.932906
0.133600	-16520.813997	-15412.363030	31933.177027	1108.450968	48453.991025	-1.176022	2.408146	0.245863	-0.532458	0.536898	0.037738	0.221847	-0.595796	0.150385	-0.067094	-2.932906
0.133800	-16520.813997	-15412.363030	31933.177027	1108.450968	48453.991025	-1.160530	2.676457	2.664290	-0.546447	0.353470	0.071023	0.237676	-0.704317	-0.137326	-0.067094	-2.932906
0.134000	-16520.813997	-15412.363030	31933.177027	1108.450968	48453.991025	-1.132152	2.948637	-1.188323	-0.562951	0.147238	-0.143091	0.264094	-0.753574	0.057563	-0.067094	-2.932906
0.134200	-16520.813997	-15412.363030	31933.177027	1108.450968	48453.991025	-1.090623	-3.057432	1.231017	-0.577417	-0.062450	0.146779	0.300737	-0.740278	0.051885	-0.067094	-2.932906
0.134400	-16520.813997	-15412.363030	31933.177027	1108.450968	48453.991025	-1.037305	-2.772502	-2.634969	-0.587817	-0.257693	-0.074742	0.347175	-0.666189	-0.134687	-0.067094	-2.932906
0.134600	-16520.813997	-15412.363030	31933.177027	1108.450968	48453.991025	-0.971538	-2.478539	-0.197983	-0.589780	-0.420196	-0.030373	0.402849	-0.538017	0.151402	-0.067094	-2.932906
0.134800	-16520.813997	-15412.363030	31933.177027	1108.450968	48453.991025	-0.896948	-2.174107	2.213257	-0.580875	-0.535622	0.124910	0.463850	-0.369047	-0.093480	-0.067094	-2.932906
0.135000	-16520.813997	-15412.363030	31933.177027	1108.450968	48453.991025	-0.814606	-1.856310	-1.647587	-0.560075	-0.594374	-0.152904	0.528278	-0.174468	-0.011765	-0.067094	-2.932906
0.135200	-16520.813997	-15412.363030	31933.177027	1108.450968	48453.991025	-0.725519	-1.524975	0.790347	-0.525147	-0.590617	0.110181	0.592129	0.027082	0.109096	-0.067094	-2.932906
0.135400	-16520.813997	-15412.363030	31933.177027	1108.450968	48453.991025	-0.633006	-1.180886	-3.088345	-0.477722	-0.526151	-0.008293	0.651088	0.216222	-0.155598	-0.067094	-2.932906
0.135600	-16520.813997	-15412.363030	31933.177027	1108.450968	48453.991025	-0.536994	-0.824974	-0.657249	-0.418556	-0.407078	-0.093466	0.703041	0.376068	0.121116	-0.067094	-2.932906
0.135800	-16520.813997	-15412.363030	31933.177027	1108.450968	48453.991025	-0.439395	-0.462599	1.775183	-0.349540	-0.244663	0.152536	0.743637	0.490611	-0.031618	-0.067094	-2.932906
0.136000	-16520.813997	-15412.363030	31933.177027	1108.450968	48453.991025	-0.342426	-0.100326	-2.104755	-0.275024	-0.055317	-0.133575	0.771524	0.549520	-0.078975	-0.067094	-2.932906
0.136200	-16520.813997	-15412.363030	31933.177027	1108.450968	48453.991025	-0.245779	0.257087	0.333666	-0.197119	0.143878	0.050163	0.785803	0.547264	0.144717	-0.067094	-2.932906
0.136400	-16520.813997	-15412.363030	31933.177027	1108.450968	48453.991025	-0.152277	0.603990	2.757208	-0.120512	0.333307	0.058564	0.785276	0.483047	-0.144779	-0.067094	-2.932906
0.136600	-16520.813997	-15412.363030	31933.177027	1108.450968	48453.991025	-0.063131	0.937137	-1.117674	-0.048832	0.494843	-0.138859	0.772466	0.363578	0.067612	-0.067094	-2.932906
0.136800	-16520.813997	-15412.363030	31933.177027	1108.450968	48453.991025	0.021152	1.257237	1.322401	0.015831	0.613621	0.149061	0.748318	0.198971	0.037807	-0.067094	-2.932906
0.137000	-16520.813997	-15412.363030	31933.177027	1108.450968	48453.991025	0.096997	1.564351	-2.544403	0.069651	0.677042	-0.087740	0.715820	0.004364	-0.129025	-0.067094	-2.932906
0.137200	-16520.813997	-15412.363030	31933.177027	1108.450968	48453.991025	0.164075	1.859568	-0.127749	0.112451	0.679395	-0.019626	0.679199	-0.201832	0.152790	-0.067094	-2.932906
0.137400	-16520.813997	-15412.363030	31933.177027	1108.450968	48453.991025	0.220459	2.145962	2.307597	0.143562	0.619542	0.114397	0.640615	-0.401637	-0.103786	-0.067094	-2.932906
0.137600	-16520.813997	-15412.363030	31933.177027	1108.450968	48453.991025	0.263335	2.424690	-1.560668	0.163072	0.501845	-0.155454	0.604876	-0.575773	0.001575	-0.067094	-2.932906
0.137800	-16520.813997	-15412.363030	31933.177027	1108.450968	48453.991025	0.294306	2.697189	0.862580	0.174140	0.337379	0.117110	0.574514	-0.708526	0.100297	-0.067094	-2.932906
0.138000	-16520.813997	-15412.363030	31933.177027	1108.450968	48453.991025	0.312230	2.966157	-2.993085	0.177980	0.139667	-0.022904	0.551384	-0.787928	-0.153091	-0.067094	-2.932906
0.138200	-16520.813997	-15412.363030	31933.177027	1108.450968	48453.991025	0.320225	-3.050877	-0.573463	0.178494	-0.073288	-0.084010	0.538220	-0.805675	0.130073	-0.067094	-2.932906
0.138400	-16520.813997	-15412.363030	31933.177027	1108.450968	48453.991025	0.324226	-2.786298	1.850626	0.179455	-0.282339	0.148729	0.533954	-0.760938	-0.042740	-0.067094	-2.932906
0.138600	-16520.813997	-15412.363030	31933.177027	1108.450968	48453.991025	0.327550	-2.520959	-2.010816	0.183068	-0.469696	-0.139866	0.538768	-0.657041	-0.065849	-0.067094	-2.932906
0.138800	-16520.813997	-15412.363030	31933.177027	1108.450968	48453.991025	0.338222	-2.254370	0.416369	0.193828	-0.617765	0.062521	0.551058	-0.503225	0.141378	-0.067094	-2.932906
0.139000	-16520.813997	-15412.363030	31933.177027	1108.450968	48453.991025	0.359304	-1.985088	2.835183	0.213040	-0.714239	0.046855	0.567186	-0.314082	-0.148099	-0.067094	-2.932906
0.139200	-16520.813997	-15412.363030	31933.177027	1108.450968	48453.991025	0.392301	-1.710680	-1.026191	0.242227	-0.750794	-0.131714	0.585445	-0.105714	0.079780	-0.067094	-2.932906
0.139400	-16520.813997	-15412.363030	31933.177027	1108.450968	48453.991025	0.439568	-1.430481	1.406297	0.282700	-0.724042	0.152779	0.601166	0.102266	0.025361	-0.067094	-2.932906
0.139600	-16520.813997	-15412.363030	31933.177027	1108.450968	48453.991025	0.498035	-1.142495	-2.465955	0.332310	-0.637992	-0.097279	0.611141	0.291286	-0.121376	-0.067094	-2.932906
0.139800	-16520.813997	-15412.363030	31933.177027	1108.450968	48453.991025	0.567343	-0.843935	-0.038041	0.390605	-0.500254	-0.005834	0.612977	0.444867	0.153273	-0.067094	-2.932906
0.140000	-16520.813997	-15412.363030	31933.177027	1108.450968	48453.991025	0.646066	-0.534114	2.393723	0.454494	-0.324342	0.105778	0.602766	0.548378	-0.114031	-0.067094	-2.932906
0.140200	-16520.813997	-15412.363030	31933.177027	1108.450968	48453.991025	0.730814	-0.211265	-1.483912	0.520130	-0.127326	-0.154634	0.580253	0.593689	0.013469	-0.067094	-2.932906
0.140400	-16520.813997	-15412.363030	31933.177027	1108.450968	48453.991025	0.821686	0.126062	0.952609	0.585203	0.073088	0.124822	0.544201	0.576698	0.088770	-0.067094	-2.932906
0.140600	-16520.813997	-15412.363030	31933.177027	1108.450968	48453.991025	0.916183	0.475486	-2.905548	0.644601	0.257056	-0.036527	0.494738	0.499249	-0.151861	-0.067094	-2.932906
0.140800	-16520.813997	-15412.363030	31933.177027	1108.450968	48453.991025	1.012380	0.834151	-0.499347	0.695766	0.407798	-0.073989	0.434677	0.369855	0.135646	-0.067094	-2.932906
0.141000	-16520.813997	-15412.363030	31933.177027	1108.450968	48453.991025	1.110414	1.197823	1.943123	0.736099	0.511197	0.142987	0.365050	0.200025	-0.055842	-0.067094	-2.932906
0.141200	-16520.813997	-15412.363030	31933.177027	1108.450968	48453.991025	1.207323	1.558844	-1.923988	0.762550	0.556658	-0.146786	0.290054	0.006654	-0.054112	-0.067094	-2.932906
0.141400	-16520.813997	-15412.363030	31933.177027	1108.450968	48453.991025	1.302423	1.911746	0.488774	0.775679	0.540696	0.072227	0.213318	-0.191842	0.135813	-0.067094	-2.932906
0.141600	-16520.813997	-15412.363030	31933.177027	1108.450968	48453.991025	1.394971	2.253619	2.930942	0.774546	0.463769	0.032244	0.137606	-0.377202	-0.150798	-0.067094	-2.932906
0.141800	-16520.813997	-15412.363030	31933.177027	1108.450968	48453.991025	1.481774	2.581407	-0.942224	0.760613	0.332876	-0.126302	0.067891	-0.530727	0.091813	-0.067094	-2.932906
0.142000	-16520.813997	-15412.363030	31933.177027	1108.450968	48453.991025	1.562800	2.895409	1.479294	0.736906	0.160430	0.152904	0.005893	-0.638452	0.014030	-0.067094	-2.932906
0.142200	-16520.813997	-15412.363030	31933.177027	1108.450968	48453.991025	1.635721	-3.085390	-2.367968	0.704964	-0.038793	-0.108210	-0.045834	-0.689519	-0.110789	-0.067094	-2.932906
0.142400	-16520.813997	-15412.363030	31933.177027	1108.450968	48453.991025	1.697777	-2.794031	0.042177	0.669567	-0.245660	0.006556	-0.085482	-0.678118	0.155358	-0.067094	-2.932906
0.142600	-16520.813997	-15412.363030	31933.177027	1108.450968	48453.991025	1.749288	-2.511503	2.469536	0.633728	-0.441582	0.095765	-0.114332	-0.605527	-0.120367	-0.067094	-2.932906
0.142800	-16520.813997	-15412.363030	31933.177027	1108.450968	48453.991025	1.787154	-2.235151	-1.385908	0.600412	-0.608850	-0.152462	-0.131969	-0.476794	0.028514	-0.067094	-2.932906
0.143000	-16520.813997	-15412.363030	31933.177027	1108.450968	48453.991025	1.811957	-1.964339	1.030061	0.573826	-0.731194	0.132798	-0.141131	-0.303594	0.079736	-0.067094	-2.932906
0.143200	-16520.813997	-15412.363030	31933.177027	1108.450968	48453.991025	1.826206	-1.697095	-2.826169	0.554678	-0.798270	-0.047906	-0.144833	-0.101360	-0.146809	-0.067094	-2.932906
0.143400	-16520.813997	-15412.363030	31933.177027	1108.450968	48453.991025	1.831098	-1.431332	-0.403427	0.545107	-0.803182	-0.060774	-0.145186	0.112747	0.142381	-0.067094	-2.932906
0.143600	-16520.813997	-15412.363030	31933.177027	1108.450968	48453.991025	1.834349	-1.166713	2.020104	0.545321	-0.745295	0.139369	-0.147144	0.318699	-0.067204	-0.067094	-2.932906
0.143800	-16520.813997	-15412.363030	31933.177027	1108.450968	48453.991025	1.840506	-0.901335	-1.842156	0.553358	-0.630444	-0.149295	-0.152973	0.498919	-0.041537	-0.067094	-2.932906
0.144000	-16520.813997	-15412.363030	31933.177027	1108.450968	48453.991025	1.854279	-0.633341	0.581845	0.568767	-0.467994	0.084739	-0.165698	0.637381	0.128820	-0.067094	-2.932906
0.144200	-16520.813997	-15412.363030	31933.177027	1108.450968	48453.991025	1.880990	-0.362319	3.009598	0.587614	-0.273445	0.020412	-0.188354	0.721392	-0.153742	-0.067094	-2.932906
0.144400	-16520.813997	-15412.363030	31933.177027	1108.450968	48453.991025	1.919588	-0.085977	-0.860162	0.606938	-0.064195	-0.117532	-0.220719	0.744810	0.101152	-0.067094	-2.932906
0.144600	-16520.813997	-15412.363030	31933.177027	1108.450968	48453.991025	1.971440	0.197746	1.570580	0.623913	0.141299	0.153669	-0.264260	0.705209	0.000033	-0.067094	-2.932906
0.144800	-16520.813997	-15412.363030	31933.177027	1108.450968	48453.991025	2.035300	0.489611	-2.286995	0.633703	0.323551	-0.117492	-0.317530	0.607164	-0.102261	-0.067094	-2.932906
0.145000	-16520.813997	-15412.363030	31933.177027	1108.450968	48453.991025	2.108043	0.792403	0.122481	0.634662	0.467113	0.018892	-0.378064	0.460614	0.153476	-0.067094	-2.932906
0.145200	-16520.813997	-15412.363030	31933.177027	1108.450968	48453.991025	2.189818	1.108090	2.561267	0.623754	0.558733	0.084220	-0.444383	0.278709	-0.128456	-0.067094	-2.932906
0.145400	-16520.813997	-15412.363030	31933.177027	1108.450968	48453.991025	2.277528	1.436617	-1.303814	0.599228	0.590213	-0.150778	-0.511657	0.079673	0.041239	-0.067094	-2.932906
0.145600	-16520.813997	-15412.363030	31933.177027	1108.450968	48453.991025	2.369487	1.778955	1.108075	0.561930	0.559953	0.137722	-0.577071	-0.118272	0.068702	-0.067094	-2.932906
0.145800	-16520.813997	-15412.363030	31933.177027	1108.450968	48453.991025	2.465479	2.133403	-2.732060	0.511129	0.470268	-0.061349	-0.637116	-0.296545	-0.141332	-0.067094	-2.932906
0.146000	-16520.813997	-15412.363030	31933.177027	1108.450968	48453.991025	2.562357	2.494520	-0.322458	0.449631	0.330643	-0.049565	-0.687428	-0.437593	0.148344	-0.067094	-2.932906
0.146200	-16520.813997	-15412.363030	31933.177027	1108.450968	48453.991025	2.659818	2.857527	2.097151	0.380051	0.154458	0.132554	-0.726858	-0.529036	-0.077018	-0.067094	-2.932906
0.146400	-16520.813997	-15412.363030	31933.177027	1108.450968	48453.991025	2.756764	-3.066731	-1.745291	0.304784	-0.042101	-0.152470	-0.752511	-0.561330	-0.026879	-0.067094	-2.932906
0.146600	-16520.813997	-15412.363030	31933.177027	1108.450968	48453.991025	2.850390	-2.718362	0.659751	0.228974	-0.239350	0.095594	-0.763950	-0.531355	0.123235	-0.067094	-2.932906
0.146800	-16520.813997	-15412.363030	31933.177027	1108.450968	48453.991025	2.940930	-2.382596	3.088072	0.155062	-0.419355	0.008194	-0.762350	-0.442104	-0.152958	-0.067094	-2.932906
0.147000	-16520.813997	-15412.363030	31933.177027	1108.450968	48453.991025	3.025888	-2.060039	-0.761931	0.086909	-0.564600	-0.107291	-0.747767	-0.300602	0.112449	-0.067094	-2.932906
0.147200	-16520.813997	-15412.363030	31933.177027	1108.450968	48453.991025	3.103058	-1.751323	1.644990	0.027911	-0.660662	0.154825	-0.723950	-0.120580	-0.011508	-0.067094	-2.932906
0.147400	-16520.813997	-15412.363030	31933.177027	1108.450968	48453.991025	-3.110860	-1.454033	-2.205163	-0.021315	-0.698929	-0.123701	-0.693352	0.081982	-0.091022	-0.067094	-2.932906
0.147600	-16520.813997	-15412.363030	31933.177027	1108.450968	48453.991025	-3.053205	-1.166063	0.219771	-0.058405	-0.674245	0.033910	-0.659062	0.288836	0.151803	-0.067094	-2.932906
0.147800	-16520.813997	-15412.363030	31933.177027	1108.450968	48453.991025	-3.007683	-0.886600	2.633611	-0.084319	-0.588741	0.075244	-0.625907	0.480192	-0.135158	-0.067094	-2.932906
0.148000	-16520.813997	-15412.363030	31933.177027	1108.450968	48453.991025	-2.974491	-0.612945	-1.218361	-0.100489	-0.449745	-0.144758	-0.595755	0.639467	0.053241	-0.067094	-2.932906
0.148200	-16520.813997	-15412.363030	31933.177027	1108.450968	48453.991025	-2.955183	-0.343338	1.202532	-0.107946	-0.268608	0.144749	-0.572355	0.751356	0.055854	-0.067094	-2.932906
0.148400	-16520.813997	-15412.363030	31933.177027	1108.450968	48453.991025	-2.945019	-0.077202	-2.659333	-0.111062	-0.062311	-0.071707	-0.557693	0.805516	-0.136980	-0.067094	-2.932906
0.148600	-16520.813997	-15412.363030	31933.177027	1108.450968	48453.991025	-2.941207	0.187816	-0.234881	-0.112069	0.151579	-0.036009	-0.551763	0.797548	0.150476	-0.067094	-2.932906
0.148800	-16520.813997	-15412.363030	31933.177027	1108.450968	48453.991025	-2.938267	0.453015	2.188420	-0.114621	0.353929	0.125975	-0.555940	0.727083	-0.089484	-0.067094	-2.932906
0.149000	-16520.813997	-15412.363030	31933.177027	1108.450968	48453.991025	-2.928583	0.718931	-1.670269	-0.122816	0.526225	-0.154282	-0.567828	0.601278	-0.015398	-0.067094	-2.932906
0.149200	-16520.813997	-15412.363030	31933.177027	1108.450968	48453.991025	-2.910232	0.987983	0.747144	-0.137974	0.654228	0.105140	-0.585680	0.431265	0.113509	-0.067094	-2.932906
0.149400	-16520.813997	-15412.363030	31933.177027	1108.450968	48453.991025	-2.878746	1.261432	-3.105599	-0.163399	0.725911	-0.005545	-0.607271	0.232021	-0.153987	-0.067094	-2.932906
0.149600	-16520.813997	-15412.363030	31933.177027	1108.450968	48453.991025	-2.833896	1.540176	-0.684410	-0.199526	0.735688	-0.098436	-0.627855	0.022534	0.120635	-0.067094	-2.932906
0.149800	-16520.813997	-15412.363030	31933.177027	1108.450968	48453.991025	-2.777645	1.827115	1.730452	-0.245802	0.683593	0.152256	-0.645291	-0.179158	-0.024517	-0.067094	-2.932906
0.150000	-16520.813997	-15412.363030	31933.177027	1108.450968	48453.991025	-2.709385	2.123721	-2.115086	-0.302354	0.574159	-0.131878	-0.655445	-0.354334	-0.079823	-0.067094	-2.932906
0.150200	-16520.813997	-15412.363030	31933.177027	1108.450968	48453.991025	-2.632598	2.431154	0.298247	-0.365581	0.419010	0.045881	-0.655117	-0.487056	0.149246	-0.067094	-2.932906
0.150400	-16520.813997	-15412.363030	31933.177027	1108.450968	48453.991025	-2.548687	2.752212	2.717028	-0.433451	0.232371	0.063234	-0.643321	-0.566301	-0.139880	-0.067094	-2.932906
0.150600	-16520.813997	-15412.363030	31933.177027	1108.450968	48453.991025	-2.458343	3.087058	-1.126043	-0.502572	0.031892	-0.139669	-0.617371	-0.584225	0.066567	-0.067094	-2.932906
0.150800	-16520.813997	-15412.363030	31933.177027	1108.450968	48453.991025	-2.364923	-2.849003	1.279667	-0.568193	-0.162776	0.149502	-0.578200	-0.540360	0.044797	-0.067094	-2.932906
0.151000	-16520.813997	-15412.363030	31933.177027	1108.450968	48453.991025	-2.268508	-2.491056	-2.576317	-0.628191	-0.334232	-0.081969	-0.526665	-0.439171	-0.129223	-0.067094	-2.932906
0.151200	-16520.813997	-15412.363030	31933.177027	1108.450968	48453.991025	-2.170678	-2.127840	-0.140353	-0.678205	-0.465457	-0.021749	-0.463867	-0.289905	0.153942	-0.067094	-2.932906
0.151400	-16520.813997	-15412.363030	31933.177027	1108.450968	48453.991025	-2.073902	-1.766415	2.262562	-0.716077	-0.544169	0.119758	-0.394087	-0.107828	-0.099197	-0.067094	-2.932906
0.151600	-16520.813997	-15412.363030	31933.177027	1108.450968	48453.991025	-1.977835	-1.411326	-1.585274	-0.741000	-0.563232	-0.153052	-0.319456	0.090588	-0.002216	-0.067094	-2.932906
0.151800	-16520.813997	-15412.363030	31933.177027	1108.450968	48453.991025	-1.885119	-1.067421	0.842191	-0.751111	-0.519613	0.116373	-0.244186	0.286147	0.103852	-0.067094	-2.932906
0.152000	-16520.813997	-15412.363030	31933.177027	1108.450968	48453.991025	-1.797314	-0.737683	-3.034402	-0.748423	-0.417949	-0.016557	-0.172492	0.459865	-0.153874	-0.067094	-2.932906
0.152200	-16520.813997	-15412.363030	31933.177027	1108.450968	48453.991025	-1.714709	-0.421001	-0.595867	-0.733932	-0.266874	-0.086205	-0.106357	0.596001	0.127130	-0.067094	-2.932906
0.152400	-16520.813997	-15412.363030	31933.177027	1108.450968	48453.991025	-1.640927	-0.116788	1.823691	-0.709834	-0.079827	0.150997	-0.049863	0.680407	-0.039022	-0.067094	-2.932906
0.152600	-16520.813997	-15412.363030	31933.177027	1108.450968	48453.991025	-1.576535	0.175908	-2.045017	-0.680538	0.125350	-0.137245	-0.003906	0.705224	-0.070446	-0.067094	-2.932906
0.152800	-16520.813997	-15412.363030	31933.177027	1108.450968	48453.991025	-1.523051	0.460177	0.390123	-0.648105	0.330910	0.058677	0.030968	0.667603	0.142699	-0.067094	-2.932906
0.153000	-16520.813997	-15412.363030	31933.177027	1108.450968	48453.991025	-1.483424	0.737387	2.806848	-0.617089	0.517369	0.051074	0.054054	0.569596	-0.146835	-0.067094	-2.932906
0.153200	-16520.813997	-15412.363030	31933.177027	1108.450968	48453.991025	-1.455729	1.008705	-1.054617	-0.590687	0.667660	-0.134195	0.068270	0.420536	0.076155	-0.067094	-2.932906
0.153400	-16520.813997	-15412.363030	31933.177027	1108.450968	48453.991025	-1.440425	1.276825	1.373062	-0.570573	0.768614	0.151700	0.074811	0.232692	0.030393	-0.067094	-2.932906
0.153600	-16520.813997	-15412.363030	31933.177027	1108.450968	48453.991025	-1.434288	1.542621	-2.489824	-0.559978	0.809947	-0.093918	0.076920	0.022826	-0.123090	-0.067094	-2.932906
0.153800	-16520.813997	-15412.363030	31933.177027	1108.450968	48453.991025	-1.430638	1.807091	-0.065992	-0.558392	0.788649	-0.010208	0.078780	-0.189901	0.154460	-0.067094	-2.932906
0.154000	-16520.813997	-15412.363030	31933.177027	1108.450968	48453.991025	-1.426167	2.072635	2.355165	-0.565906	0.706302	0.109442	0.082422	-0.387542	-0.109217	-0.067094	-2.932906
0.154200	-16520.813997	-15412.363030	31933.177027	1108.450968	48453.991025	-1.413310	2.339904	-1.500323	-0.581741	0.569946	-0.154092	0.092381	-0.551672	0.010877	-0.067094	-2.932906
0.154400	-16520.813997	-15412.363030	31933.177027	1108.450968	48453.991025	-1.389092	2.610119	0.919225	-0.602232	0.392870	0.123578	0.110648	-0.668261	0.094251	-0.067094	-2.932906
0.154600	-16520.813997	-15412.363030	31933.177027	1108.450968	48453.991025	-1.352871	2.885863	-2.944048	-0.625780	0.190212	-0.030236	0.138574	-0.727517	-0.151065	-0.067094	-2.932906
0.154800	-16520.813997	-15412.363030	31933.177027	1108.450968	48453.991025	-1.302506	-3.115226	-0.510111	-0.648151	-0.019088	-0.075514	0.178189	-0.723786	0.134966	-0.067094	-2.932906
0.155000	-16520.813997	-15412.363030	31933.177027	1108.450968	48453.991025	-1.241143	-2.825014	1.901553	-0.665563	-0.215893	0.147298	0.227714	-0.659020	-0.050578	-0.067094	-2.932906
0.155200	-16520.813997	-15412.363030	31933.177027	1108.450968	48453.991025	-1.169572	-2.523730	-1.956619	-0.675837	-0.383169	-0.142128	0.286715	-0.539154	-0.057729	-0.067094	-2.932906
0.155400	-16520.813997	-15412.363030	31933.177027	1108.450968	48453.991025	-1.088896	-2.210642	0.478063	-0.674711	-0.504881	0.071439	0.352893	-0.375785	0.137872	-0.067094	-2.932906
0.155600	-16520.813997	-15412.363030	31933.177027	1108.450968	48453.991025	-1.002637	-1.884451	2.883272	-0.661300	-0.570947	0.039730	0.422157	-0.185194	-0.150366	-0.067094	-2.932906
0.155800	-16520.813997	-15412.363030	31933.177027	1108.450968	48453.991025	-0.910779	-1.543836	-0.966276	-0.634457	-0.575599	-0.125939	0.492422	0.015522	0.086998	-0.067094	-2.932906
0.156000	-16520.813997	-15412.363030	31933.177027	1108.450968	48453.991025	-0.815493	-1.191563	1.462750	-0.593439	-0.518295	0.155079	0.558753	0.206553	0.016821	-0.067094	-2.932906
0.156200	-16520.813997	-15412.363030	31933.177027	1108.450968	48453.991025	-0.718978	-0.831375	-2.416142	-0.540879	-0.405758	-0.102753	0.617963	0.370063	-0.115875	-0.067094	-2.932906
0.156400	-16520.813997	-15412.363030	31933.177027	1108.450968	48453.991025	-0.620967	-0.467677	0.024574	-0.477639	-0.247976	0.003766	0.667681	0.490997	0.153228	-0.067094	-2.932906
0.156600	-16520.813997	-15412.363030	31933.177027	1108.450968	48453.991025	-0.524291	-0.108002	2.444663	-0.407244	-0.060378	0.100363	0.704242	0.556867	-0.119900	-0.067094	-2.932906
0.156800	-16520.813997	-15412.363030	31933.177027	1108.450968	48453.991025	-0.429943	0.242188	-1.428862	-0.333700	0.138872	-0.152590	0.727726	0.562151	0.021804	-0.067094	-2.932906
0.157000	-16520.813997	-15412.363030	31933.177027	1108.450968	48453.991025	-0.338405	0.580716	1.013189	-0.259442	0.331714	0.130602	0.737171	0.505514	0.081446	-0.067094	-2.932906
0.157200	-16520.813997	-15412.363030	31933.177027	1108.450968	48453.991025	-0.252991	0.905188	-2.857009	-0.189537	0.498818	-0.043852	0.733131	0.391637	-0.149910	-0.067094	-2.932906
0.157400	-16520.813997	-15412.363030	31933.177027	1108.450968	48453.991025	-0.173930	1.215937	-0.438760	-0.126273	0.624775	-0.065315	0.718664	0.231507	0.139184	-0.067094	-2.932906
0.157600	-16520.813997	-15412.363030	31933.177027	1108.450968	48453.991025	-0.103238	1.515479	1.998256	-0.072006	0.697424	0.140701	0.694995	0.038619	-0.064096	-0.067094	-2.932906
0.157800	-16520.813997	-15412.363030	31933.177027	1108.450968	48453.991025	-0.043970	1.804601	-1.873296	-0.029323	0.708716	-0.148536	0.666454	-0.168788	-0.046355	-0.067094	-2.932906
0.158000	-16520.813997	-15412.363030	31933.177027	1108.450968	48453.991025	0.004374	2.085224	0.551697	0.002784	0.657939	0.080664	0.636510	-0.371858	0.131067	-0.067094	-2.932906
0.158200	-16520.813997	-15412.363030	31933.177027	1108.450968	48453.991025	0.039080	2.360133	2.980661	0.023763	0.548306	0.024830	0.607758	-0.552643	-0.152954	-0.067094	-2.932906
0.158400	-16520.813997	-15412.363030	31933.177027	1108.450968	48453.991025	0.060706	2.630015	-0.886104	0.035543	0.389422	-0.120039	0.584775	-0.693622	0.098006	-0.067094	-2.932906
0.158600	-16520.813997	-15412.363030	31933.177027	1108.450968	48453.991025	0.072611	2.896567	1.539828	0.041368	0.195723	0.154390	0.568725	-0.782735	0.004783	-0.067094	-2.932906
0.158800	-16520.813997	-15412.363030	31933.177027	1108.450968	48453.991025	0.076327	-3.121153	-2.320307	0.042952	-0.016589	-0.113288	0.561638	-0.811475	-0.105435	-0.067094	-2.932906
0.159000	-16520.813997	-15412.363030	31933.177027	1108.450968	48453.991025	0.079711	-2.856409	0.103691	0.045100	-0.227736	0.016012	0.564591	-0.776794	0.153865	-0.067094	-2.932906
0.159200	-16520.813997	-15412.363030	31933.177027	1108.450968	48453.991025	0.087624	-2.590701	2.524460	0.050573	-0.419411	0.089727	0.575677	-0.682710	-0.126450	-0.067094	-2.932906
0.159400	-16520.813997	-15412.363030	31933.177027	1108.450968	48453.991025	0.104002	-2.321952	-1.335704	0.062076	-0.574900	-0.149931	0.594723	-0.536817	0.035912	-0.067094	-2.932906
0.159600	-16520.813997	-15412.363030	31933.177027	1108.450968	48453.991025	0.133871	-2.049730	1.093550	0.083284	-0.679740	0.137652	0.618403	-0.352959	0.071182	-0.067094	-2.932906
0.159800	-16520.813997	-15412.363030	31933.177027	1108.450968	48453.991025	0.175812	-1.771914	-2.776574	0.114297	-0.725929	-0.055422	0.643393	-0.147998	-0.145030	-0.067094	-2.932906
0.160000	-16520.813997	-15412.363030	31933.177027	1108.450968	48453.991025	0.230570	-1.486168	-0.347587	0.156644	-0.709204	-0.052316	0.667296	0.060162	0.144400	-0.067094	-2.932906
0.160200	-16520.813997	-15412.363030	31933.177027	1108.450968	48453.991025	0.297115	-1.191758	2.080887	0.209761	-0.631752	0.135809	0.685096	0.251626	-0.075982	-0.067094	-2.932906
0.160400	-16520.813997	-15412.363030	31933.177027	1108.450968	48453.991025	0.372047	-0.886119	-1.794380	0.271080	-0.501969	-0.151071	0.694685	0.409821	-0.034351	-0.067094	-2.932906
0.160600	-16520.813997	-15412.363030	31933.177027	1108.450968	48453.991025	0.455467	-0.567101	0.642979	0.339548	-0.331420	0.091972	0.693215	0.520377	0.122763	-0.067094	-2.932906
0.160800	-16520.813997	-15412.363030	31933.177027	1108.450968	48453.991025	0.544578	-0.235074	3.064726	0.410703	-0.137221	0.011998	0.678097	0.572944	-0.155787	-0.067094	-2.932906
0.161000	-16520.813997	-15412.363030	31933.177027	1108.450968	48453.991025	0.637398	0.110298	-0.809625	0.481327	0.062466	-0.111662	0.649995	0.564042	0.106378	-0.067094	-2.932906
0.161200	-16520.813997	-15412.363030	31933.177027	1108.450968	48453.991025	0.733927	0.467102	1.633347	0.548338	0.249150	0.153453	0.607904	0.494027	-0.009611	-0.067094	-2.932906
0.161400	-16520.813997	-15412.363030	31933.177027	1108.450968	48453.991025	0.831095	0.829300	-2.236933	0.606909	0.404227	-0.123019	0.553829	0.370206	-0.096691	-0.067094	-2.932906
0.161600	-16520.813997	-15412.363030	31933.177027	1108.450968	48453.991025	0.928342	1.191605	0.178689	0.655540	0.513892	0.027292	0.490584	0.204773	0.151103	-0.067094	-2.932906
0.161800	-16520.813997	-15412.363030	31933.177027	1108.450968	48453.991025	1.024872	1.548530	2.620982	0.691365	0.567084	0.076836	0.420012	0.012629	-0.134006	-0.067094	-2.932906
0.162000	-16520.813997	-15412.363030	31933.177027	1108.450968	48453.991025	1.117705	1.894006	-1.255153	0.713028	0.558319	-0.148432	0.347155	-0.187012	0.048472	-0.067094	-2.932906
0.162200	-16520.813997	-15412.363030	31933.177027	1108.450968	48453.991025	1.206959	2.226275	1.169363	0.721678	0.488793	0.141104	0.274808	-0.375826	0.059896	-0.067094	-2.932906
0.162400	-16520.813997	-15412.363030	31933.177027	1108.450968	48453.991025	1.290399	2.545478	-2.678104	0.716913	0.363564	-0.069357	0.206460	-0.535876	-0.138769	-0.067094	-2.932906
0.162600	-16520.813997	-15412.363030	31933.177027	1108.450968	48453.991025	1.365468	2.851225	-0.270699	0.701874	0.194568	-0.041574	0.146175	-0.651135	0.149809	-0.067094	-2.932906
0.162800	-16520.813997	-15412.363030	31933.177027	1108.450968	48453.991025	1.432196	-3.137361	2.159697	0.679266	-0.003010	0.127710	0.094754	-0.711353	-0.085306	-0.067094	-2.932906
0.163000	-16520.813997	-15412.363030	31933.177027	1108.450968	48453.991025	1.487026	-2.851504	-1.696180	0.651588	-0.211802	-0.154156	0.054712	-0.709533	-0.019430	-0.067094	-2.932906
0.163200	-16520.813997	-15412.363030	31933.177027	1108.450968	48453.991025	1.529228	-2.573647	0.717244	0.623854	-0.411821	0.101788	0.025947	-0.645412	0.116701	-0.067094	-2.932906
0.163400	-16520.813997	-15412.363030	31933.177027	1108.450968	48453.991025	1.559241	-2.301311	-3.135960	0.598195	-0.585693	-0.000869	0.006913	-0.524690	-0.154204	-0.067094	-2.932906
0.163600	-16520.813997	-15412.363030	31933.177027	1108.450968	48453.991025	1.575724	-2.032527	-0.713788	0.578129	-0.717182	-0.101530	-0.002849	-0.356874	0.117222	-0.067094	-2.932906
0.163800	-16520.813997	-15412.363030	31933.177027	1108.450968	48453.991025	1.583835	-1.766832	1.707324	0.566440	-0.793921	0.153232	-0.007386	-0.157662	-0.021051	-0.067094	-2.932906
0.164000	-16520.813997	-15412.363030	31933.177027	1108.450968	48453.991025	1.587138	-1.502034	-2.151902	0.563156	-0.809761	-0.129352	-0.009204	0.055769	-0.084952	-0.067094	-2.932906
0.164200	-16520.813997	-15412.363030	31933.177027	1108.450968	48453.991025	1.590854	-1.236600	0.271419	0.569993	-0.762275	0.041412	-0.011434	0.264678	0.148810	-0.067094	-2.932906
0.164400	-16520.813997	-15412.363030	31933.177027	1108.450968	48453.991025	1.602656	-0.970110	2.696821	0.585267	-0.656382	0.066699	-0.018652	0.449717	-0.139940	-0.067094	-2.932906
0.164600	-16520.813997	-15412.363030	31933.177027	1108.450968	48453.991025	1.624035	-0.700228	-1.169829	0.607025	-0.501838	-0.142576	-0.032348	0.595527	0.060443	-0.067094	-2.932906
0.164800	-16520.813997	-15412.363030	31933.177027	1108.450968	48453.991025	1.658663	-0.425420	1.260068	0.633677	-0.312031	0.146580	-0.055823	0.688675	0.047071	-0.067094	-2.932906
0.165000	-16520.813997	-15412.363030	31933.177027	1108.450968	48453.991025	1.706774	-0.144919	-2.599785	0.660488	-0.105268	-0.080279	-0.090369	0.721300	-0.133378	-0.067094	-2.932906
0.165200	-16520.813997	-15412.363030	31933.177027	1108.450968	48453.991025	1.765884	0.144137	-0.187059	0.685075	0.100393	-0.028720	-0.135371	0.691678	0.151740	-0.067094	-2.932906
0.165400	-16520.813997	-15412.363030	31933.177027	1108.450968	48453.991025	1.836511	0.443494	2.250620	0.703670	0.286080	0.119686	-0.191504	0.602203	-0.096751	-0.067094	-2.932906
0.165600	-16520.813997	-15412.363030	31933.177027	1108.450968	48453.991025	1.915385	0.754049	-1.616600	0.712374	0.434464	-0.156039	-0.255677	0.462596	-0.007152	-0.067094	-2.932906
0.165800	-16520.813997	-15412.363030	31933.177027	1108.450968	48453.991025	2.000769	1.078401	0.798689	0.710122	0.533143	0.110133	-0.325654	0.286015	0.107244	-0.067094	-2.932906
0.166000	-16520.813997	-15412.363030	31933.177027	1108.450968	48453.991025	2.092256	1.416704	-3.042891	0.693968	0.572466	-0.015213	-0.398686	0.088918	-0.153629	-0.067094	-2.932906
0.166200	-16520.813997	-15412.363030	31933.177027	1108.450968	48453.991025	2.186505	1.766718	-0.635196	0.664018	0.549626	-0.092718	-0.469759	-0.109083	0.125787	-0.067094	-2.932906
0.166400	-16520.813997	-15412.363030	31933.177027	1108.450968	48453.991025	2.283236	2.126375	1.787903	0.621234	0.467405	0.149549	-0.536609	-0.290168	-0.032988	-0.067094	-2.932906
0.166600	-16520.813997	-15412.363030	31933.177027	1108.450968	48453.991025	2.381203	2.490023	-2.056327	0.566002	0.332988	-0.137202	-0.595043	-0.436600	-0.072396	-0.067094	-2.932906
0.166800	-16520.813997	-15412.363030	31933.177027	1108.450968	48453.991025	2.477719	2.850256	0.347110	0.502330	0.160209	0.053000	-0.642094	-0.534265	0.146508	-0.067094	-2.932906
0.167000	-16520.813997	-15412.363030	31933.177027	1108.450968	48453.991025	2.573106	-3.080443	2.778906	0.432479	-0.035172	0.054299	-0.676980	-0.574456	-0.143091	-0.067094	-2.932906
0.167200	-16520.813997	-15412.363030	31933.177027	1108.450968	48453.991025	2.664944	-2.739686	-1.073147	0.360078	-0.234642	-0.136836	-0.697342	-0.552043	0.074337	-0.067094	-2.932906
0.167400	-16520.813997	-15412.363030	31933.177027	1108.450968	48453.991025	2.751318	-2.413341	1.332479	0.289822	-0.418625	0.150685	-0.704519	-0.469429	0.036607	-0.067094	-2.932906
0.167600	-16520.813997	-15412.363030	31933.177027	1108.450968	48453.991025	2.832120	-2.100014	-2.514314	0.223699	-0.570591	-0.090083	-0.699614	-0.333720	-0.124260	-0.067094	-2.932906
0.167800	-16520.813997	-15412.363030	31933.177027	1108.450968	48453.991025	2.903739	-1.798611	-0.091578	0.165842	-0.675124	-0.014251	-0.684047	-0.156520	0.155181	-0.067094	-2.932906
0.168000	-16520.813997	-15412.363030	31933.177027	1108.450968	48453.991025	2.965336	-1.508296	2.321231	0.117946	-0.722242	0.112997	-0.662226	0.045199	-0.105359	-0.067094	-2.932906
0.168200	-16520.813997	-15412.363030	31933.177027	1108.450968	48453.991025	3.015827	-1.226043	-1.527534	0.080443	-0.707407	-0.154013	-0.636248	0.254026	0.006667	-0.067094	-2.932906
0.168400	-16520.813997	-15412.363030	31933.177027	1108.450968	48453.991025	3.052198	-0.950256	0.891094	0.054699	-0.630418	0.120887	-0.610249	0.450576	0.097697	-0.067094	-2.932906
0.168600	-16520.813997	-15412.363030	31933.177027	1108.450968	48453.991025	3.076672	-0.680000	-2.971611	0.038231	-0.498645	-0.026121	-0.588061	0.616630	-0.152186	-0.067094	-2.932906
0.168800	-16520.813997	-15412.363030	31933.177027	1108.450968	48453.991025	3.089556	-0.412647	-0.544068	0.029753	-0.323042	-0.080053	-0.571256	0.737907	0.132326	-0.067094	-2.932906
0.169000	-16520.813997	-15412.363030	31933.177027	1108.450968	48453.991025	3.094161	-0.147126	1.876910	0.026741	-0.118909	0.147599	-0.563368	0.802372	-0.046648	-0.067094	-2.932906
0.169200	-16520.813997	-15412.363030	31933.177027	1108.450968	48453.991025	3.097810	0.117336	-1.982483	0.024735	0.094864	-0.141900	-0.564585	0.804772	-0.061959	-0.067094	-2.932906
0.169400	-16520.813997	-15412.363030	31933.177027	1108.450968	48453.991025	3.103782	0.383157	0.437983	0.021746	0.300280	0.065595	-0.574858	0.744967	0.140065	-0.067094	-2.932906
0.169600	-16520.813997	-15412.363030	31933.177027	1108.450968	48453.991025	3.119050	0.651191	2.865983	0.013397	0.478403	0.042006	-0.594179	0.627755	-0.148533	-0.067094	-2.932906
0.169800	-16520.813997	-15412.363030	31933.177027	1108.450968	48453.991025	-3.136692	0.922453	-0.996575	-0.003034	0.613603	-0.130539	-0.619043	0.464862	0.084451	-0.067094	-2.932906
0.170000	-16520.813997	-15412.363030	31933.177027	1108.450968	48453.991025	-3.097230	1.199622	1.421362	-0.028758	0.694706	0.152454	-0.647824	0.270390	0.022953	-0.067094	-2.932906
0.170200	-16520.813997	-15412.363030	31933.177027	1108.450968	48453.991025	-3.043854	1.483730	-2.426825	-0.066367	0.713952	-0.101218	-0.676858	0.062318	-0.116630	-0.067094	-2.932906
0.170400	-16520.813997	-15412.363030	31933.177027	1108.450968	48453.991025	-2.979694	1.776305	-0.013851	-0.114633	0.671103	-0.002159	-0.701859	-0.139892	0.155880	-0.067094	-2.932906
0.170600	-16520.813997	-15412.363030	31933.177027	1108.450968	48453.991025	-2.905963	2.080404	2.408020	-0.173048	0.570420	0.102764	-0.720763	-0.318776	-0.114008	-0.067094	-2.932906
0.170800	-16520.813997	-15412.363030	31933.177027	1108.450968	48453.991025	-2.823463	2.396845	-1.437953	-0.240124	0.421452	-0.153624	-0.729161	-0.457189	0.020529	-0.067094	-2.932906
0.171000	-16520.813997	-15412.363030	31933.177027	1108.450968	48453.991025	-2.735779	2.726414	0.967680	-0.311691	0.239417	0.128317	-0.725432	-0.543140	0.088375	-0.067094	-2.932906
0.171200	-16520.813997	-15412.363030	31933.177027	1108.450968	48453.991025	-2.643036	3.070197	-2.885276	-0.385755	0.040713	-0.038797	-0.708550	-0.569274	-0.148036	-0.067094	-2.932906
0.171400	-16520.813997	-15412.363030	31933.177027	1108.450968	48453.991025	-2.547057	-2.858097	-0.452439	-0.457746	-0.155208	-0.068078	-0.676995	-0.532734	0.140059	-0.067094	-2.932906
0.171600	-16520.813997	-15412.363030	31933.177027	1108.450968	48453.991025	-2.450291	-2.496714	1.950736	-0.523856	-0.329645	0.144156	-0.633037	-0.438267	-0.057568	-0.067094	-2.932906
0.171800	-16520.813997	-15412.363030	31933.177027	1108.450968	48453.991025	-2.352402	-2.133413	-1.894250	-0.581893	-0.466727	-0.145169	-0.577496	-0.294318	-0.048664	-0.067094	-2.932906
0.172000	-16520.813997	-15412.363030	31933.177027	1108.450968	48453.991025	-2.256038	-1.775427	0.529964	-0.627773	-0.552328	0.078965	-0.513121	-0.114628	0.134783	-0.067094	-2.932906
0.172200	-16520.813997	-15412.363030	31933.177027	1108.450968	48453.991025	-2.162523	-1.428133	2.937144	-0.660945	-0.578850	0.031363	-0.444194	0.083146	-0.151258	-0.067094	-2.932906
0.172400	-16520.813997	-15412.363030	31933.177027	1108.450968	48453.991025	-2.072108	-1.093047	-0.904922	-0.680515	-0.543233	-0.120842	-0.372927	0.281261	0.094929	-0.067094	-2.932906
0.172600	-16520.813997	-15412.363030	31933.177027	1108.450968	48453.991025	-1.988173	-0.771866	1.511372	-0.686160	-0.447807	0.155896	-0.304264	0.460094	0.009275	-0.067094	-2.932906
0.172800	-16520.813997	-15412.363030	31933.177027	1108.450968	48453.991025	-1.911192	-0.464258	-2.356481	-0.680804	-0.301915	-0.108850	-0.241129	0.602910	-0.108912	-0.067094	-2.932906
0.173000	-16520.813997	-15412.363030	31933.177027	1108.450968	48453.991025	-1.842851	-0.167463	0.080965	-0.665505	-0.117720	0.012486	-0.185657	0.696379	0.153874	-0.067094	-2.932906
0.173200	-16520.813997	-15412.363030	31933.177027	1108.450968	48453.991025	-1.786453	0.119538	2.494479	-0.643978	0.087727	0.093844	-0.141072	0.730388	-0.124188	-0.067094	-2.932906
0.173400	-16520.813997	-15412.363030	31933.177027	1108.450968	48453.991025	-1.741354	0.398386	-1.365946	-0.620119	0.295522	-0.150794	-0.106803	0.702133	0.031330	-0.067094	-2.932906
0.173600	-16520.813997	-15412.363030	31933.177027	1108.450968	48453.991025	-1.709793	0.671940	1.063823	-0.596219	0.487624	0.135342	-0.083410	0.613042	0.075168	-0.067094	-2.932906
0.173800	-16520.813997	-15412.363030	31933.177027	1108.450968	48453.991025	-1.691213	0.940988	-2.802230	-0.577016	0.645577	-0.051600	-0.069820	0.470510	-0.146167	-0.067094	-2.932906
0.174000	-16520.813997	-15412.363030	31933.177027	1108.450968	48453.991025	-1.681423	1.206951	-0.377230	-0.564253	0.755654	-0.056915	-0.062677	0.287753	0.143651	-0.067094	-2.932906
0.174200	-16520.813997	-15412.363030	31933.177027	1108.450968	48453.991025	-1.678517	1.472186	2.045891	-0.559777	0.807873	0.137588	-0.060534	0.079923	-0.070774	-0.067094	-2.932906
0.174400	-16520.813997	-15412.363030	31933.177027	1108.450968	48453.991025	-1.674640	1.737144	-1.812785	-0.565456	0.796851	-0.150140	-0.058931	-0.133790	-0.037058	-0.067094	-2.932906
0.174600	-16520.813997	-15412.363030	31933.177027	1108.450968	48453.991025	-1.664680	2.003279	0.608062	-0.579610	0.724642	0.088624	-0.054576	-0.334517	0.127326	-0.067094	-2.932906
0.174800	-16520.813997	-15412.363030	31933.177027	1108.450968	48453.991025	-1.645503	2.272859	3.029865	-0.602186	0.597088	0.017191	-0.045071	-0.505029	-0.153222	-0.067094	-2.932906
0.175000	-16520.813997	-15412.363030	31933.177027	1108.450968	48453.991025	-1.612441	2.546391	-0.822665	-0.630599	0.426146	-0.113474	-0.026276	-0.629354	0.105317	-0.067094	-2.932906
0.175200	-16520.813997	-15412.363030	31933.177027	1108.450968	48453.991025	-1.567184	2.825798	1.590487	-0.661215	0.227933	0.155414	0.002389	-0.697620	-0.003061	-0.067094	-2.932906
0.175400	-16520.813997	-15412.363030	31933.177027	1108.450968	48453.991025	-1.509602	3.113663	-2.265891	-0.691980	0.019663	-0.117924	0.042398	-0.703848	-0.098341	-0.067094	-2.932906
0.175600	-16520.813997	-15412.363030	31933.177027	1108.450968	48453.991025	-1.440498	-2.872434	0.165393	-0.717912	-0.178701	0.025590	0.094076	-0.647812	0.153307	-0.067094	-2.932906
0.175800	-16520.813997	-15412.363030	31933.177027	1108.450968	48453.991025	-1.363472	-2.563838	2.572350	-0.736347	-0.349579	0.083664	0.154888	-0.536194	-0.130746	-0.067094	-2.932906
0.176000	-16520.813997	-15412.363030	31933.177027	1108.450968	48453.991025	-1.278523	-2.241453	-1.275594	-0.744679	-0.477667	-0.146609	0.224067	-0.378945	0.044582	-0.067094	-2.932906
0.176200	-16520.813997	-15412.363030	31933.177027	1108.450968	48453.991025	-1.188115	-1.905935	1.149970	-0.739599	-0.550649	0.142492	0.297707	-0.191778	0.063774	-0.067094	-2.932906
0.176400	-16520.813997	-15412.363030	31933.177027	1108.450968	48453.991025	-1.094510	-1.557670	-2.726875	-0.721425	-0.563100	-0.062279	0.372182	0.007392	-0.141463	-0.067094	-2.932906
0.176600	-16520.813997	-15412.363030	31933.177027	1108.450968	48453.991025	-0.997549	-1.198830	-0.284855	-0.689031	-0.513510	-0.043129	0.444810	0.200334	0.147289	-0.067094	-2.932906
0.176800	-16520.813997	-15412.363030	31933.177027	1108.450968	48453.991025	-0.900165	-0.835915	2.131812	-0.643535	-0.406882	0.132476	0.510504	0.367718	-0.083243	-0.067094	-2.932906
0.177000	-16520.813997	-15412.363030	31933.177027	1108.450968	48453.991025	-0.803212	-0.474683	-1.739393	-0.587864	-0.254042	-0.151659	0.567284	0.494369	-0.025814	-0.067094	-2.932906
0.177200	-16520.813997	-15412.363030	31933.177027	1108.450968	48453.991025	-0.707199	-0.120081	0.703601	-0.523422	-0.068524	0.099721	0.612425	0.567900	0.117532	-0.067094	-2.932906
0.177400	-16520.813997	-15412.363030	31933.177027	1108.450968	48453.991025	-0.615235	0.222363	3.113303	-0.454931	0.131263	0.004420	0.643704	0.580547	-0.156198	-0.067094	-2.932906
0.177600	-16520.813997	-15412.363030	31933.177027	1108.450968	48453.991025	-0.527373	0.551121	-0.749116	-0.385605	0.326754	-0.104506	0.662104	0.531610	0.112378	-0.067094	-2.932906
0.177800	-16520.813997	-15412.363030	31933.177027	1108.450968	48453.991025	-0.445564	0.867005	1.688503	-0.318523	0.499801	0.153773	0.666931	0.424226	-0.018184	-0.067094	-2.932906
0.178000	-16520.813997	-15412.363030	31933.177027	1108.450968	48453.991025	-0.372693	1.169895	-2.186150	-0.258257	0.633038	-0.127095	0.660565	0.268317	-0.089846	-0.067094	-2.932906
0.178200	-16520.813997	-15412.363030	31933.177027	1108.450968	48453.991025	-0.308630	1.461933	0.241461	-0.205940	0.714589	0.036736	0.645948	0.078101	0.149174	-0.067094	-2.932906
0.178400	-16520.813997	-15412.363030	31933.177027	1108.450968	48453.991025	-0.256706	1.745774	2.670777	-0.164075	0.735788	0.070397	0.625053	-0.130076	-0.138306	-0.067094	-2.932906
0.178600	-16520.813997	-15412.363030	31933.177027	1108.450968	48453.991025	-0.217854	2.022146	-1.198929	-0.133454	0.693954	-0.144399	0.602866	-0.336374	0.056318	-0.067094	-2.932906
0.178800	-16520.813997	-15412.363030	31933.177027	1108.450968	48453.991025	-0.190986	2.293270	1.229663	-0.112505	0.593044	0.145321	0.581896	-0.522741	0.051591	-0.067094	-2.932906
0.179000	-16520.813997	-15412.363030	31933.177027	1108.450968	48453.991025	-0.177133	2.561306	-2.630274	-0.101201	0.440706	-0.075845	0.565337	-0.672240	-0.135174	-0.067094	-2.932906
0.179200	-16520.813997	-15412.363030	31933.177027	1108.450968	48453.991025	-0.170790	2.826658	-0.209123	-0.096010	0.251064	-0.032118	0.556679	-0.770664	0.151338	-0.067094	-2.932906
0.179400	-16520.813997	-15412.363030	31933.177027	1108.450968	48453.991025	-0.167633	3.091324	2.214355	-0.094108	0.040757	0.123834	0.556121	-0.810092	-0.092887	-0.067094	-2.932906
0.179600	-16520.813997	-15412.363030	31933.177027	1108.450968	48453.991025	-0.162775	-2.926122	-1.645725	-0.092880	-0.172069	-0.153985	0.565551	-0.786176	-0.011559	-0.067094	-2.932906
0.179800	-16520.813997	-15412.363030	31933.177027	1108.450968	48453.991025	-0.148625	-2.658954	0.780714	-0.087458	-0.367550	0.109064	0.584105	-0.701473	0.110090	-0.067094	-2.932906
0.180000	-16520.813997	-15412.363030	31933.177027	1108.450968	48453.991025	-0.124083	-2.388149	-3.086592	-0.076040	-0.529282	-0.008521	0.609663	-0.564236	-0.154775	-0.067094	-2.932906
0.180200	-16520.813997	-15412.363030	31933.177027	1108.450968	48453.991025	-0.086299	-2.111893	-0.657672	-0.055471	-0.642659	-0.094041	0.641174	-0.386187	0.121755	-0.067094	-2.932906
0.180400	-16520.813997	-15412.363030	31933.177027	1108.450968	48453.991025	-0.035004	-1.829504	1.768010	-0.023607	-0.697637	0.152584	0.674128	-0.184622	-0.030488	-0.067094	-2.932906
0.180600	-16520.813997	-15412.363030	31933.177027	1108.450968	48453.991025	0.026884	-1.538216	-2.104263	0.018979	-0.690686	-0.133187	0.705805	0.022510	-0.078658	-0.067094	-2.932906
0.180800	-16520.813997	-15412.363030	31933.177027	1108.450968	48453.991025	0.099754	-1.236011	0.332780	0.073351	-0.622140	0.050200	0.732874	0.216431	0.145241	-0.067094	-2.932906
0.181000	-16520.813997	-15412.363030	31933.177027	1108.450968	48453.991025	0.180602	-0.922221	2.751819	0.137101	-0.499609	0.059354	0.750862	0.378683	-0.144488	-0.067094	-2.932906
0.181200	-16520.813997	-15412.363030	31933.177027	1108.450968	48453.991025	0.267369	-0.594553	-1.119336	0.207772	-0.335060	-0.138558	0.758490	0.495527	0.067181	-0.067094	-2.932906
0.181400	-16520.813997	-15412.363030	31933.177027	1108.450968	48453.991025	0.359885	-0.252886	1.322977	0.283230	-0.143608	0.149341	0.752728	0.555722	0.037786	-0.067094	-2.932906
0.181600	-16520.813997	-15412.363030	31933.177027	1108.450968	48453.991025	0.454884	0.099837	-2.549831	0.358400	0.055505	-0.087242	0.732786	0.554106	-0.129803	-0.067094	-2.932906
0.181800	-16520.813997	-15412.363030	31933.177027	1108.450968	48453.991025	0.551848	0.460860	-0.130853	0.430755	0.244149	-0.020007	0.699674	0.491720	0.152019	-0.067094	-2.932906
0.182000	-16520.813997	-15412.363030	31933.177027	1108.450968	48453.991025	0.649855	0.824520	2.310412	0.496407	0.404135	0.114336	0.653189	0.373690	-0.104318	-0.067094	-2.932906
0.182200	-16520.813997	-15412.363030	31933.177027	1108.450968	48453.991025	0.746044	1.183233	-1.567990	0.551640	0.519705	-0.156044	0.596861	0.212148	0.000438	-0.067094	-2.932906
0.182400	-16520.813997	-15412.363030	31933.177027	1108.450968	48453.991025	0.840653	1.532880	0.859943	0.595588	0.580599	0.116019	0.533156	0.022025	0.099894	-0.067094	-2.932906
0.182600	-16520.813997	-15412.363030	31933.177027	1108.450968	48453.991025	0.931516	1.870369	-2.988863	0.625586	0.579758	-0.023648	0.465077	-0.179069	-0.153629	-0.067094	-2.932906
0.182800	-16520.813997	-15412.363030	31933.177027	1108.450968	48453.991025	1.016371	2.193359	-0.583437	0.642161	0.517245	-0.085580	0.397633	-0.371271	0.129649	-0.067094	-2.932906
0.183000	-16520.813997	-15412.363030	31933.177027	1108.450968	48453.991025	1.095240	2.503410	1.850334	0.646537	0.398564	0.147460	0.332951	-0.537350	-0.042329	-0.067094	-2.932906
0.183200	-16520.813997	-15412.363030	31933.177027	1108.450968	48453.991025	1.164595	2.802097	-2.007084	0.639427	0.233407	-0.141088	0.275032	-0.660892	-0.065782	-0.067094	-2.932906
0.183400	-16520.813997	-15412.363030	31933.177027	1108.450968	48453.991025	1.223297	3.090168	0.404612	0.625035	0.037567	0.060906	0.226386	-0.729885	0.142223	-0.067094	-2.932906
0.183600	-16520.813997	-15412.363030	31933.177027	1108.450968	48453.991025	1.270708	-2.912667	2.837874	0.605611	-0.171987	0.046076	0.187396	-0.738108	-0.147011	-0.067094	-2.932906
0.183800	-16520.813997	-15412.363030	31933.177027	1108.450968	48453.991025	1.303837	-2.638211	-1.024789	0.584764	-0.376245	-0.132776	0.159925	-0.683210	0.080678	-0.067094	-2.932906
0.184000	-16520.813997	-15412.363030	31933.177027	1108.450968	48453.991025	1.325179	-2.368905	1.394774	0.566866	-0.556085	0.152134	0.142101	-0.570405	0.027059	-0.067094	-2.932906
0.184200	-16520.813997	-15412.363030	31933.177027	1108.450968	48453.991025	1.335868	-2.102234	-2.461245	0.553507	-0.696190	-0.097267	0.132481	-0.409255	-0.120196	-0.067094	-2.932906
0.184400	-16520.813997	-15412.363030	31933.177027	1108.450968	48453.991025	1.339293	-1.836914	-0.039659	0.548324	-0.783026	-0.006136	0.129256	-0.213440	0.154628	-0.067094	-2.932906
0.184600	-16520.813997	-15412.363030	31933.177027	1108.450968	48453.991025	1.343291	-1.572359	2.384318	0.552299	-0.809094	0.106382	0.127865	-0.001264	-0.112540	-0.067094	-2.932906
0.184800	-16520.813997	-15412.363030	31933.177027	1108.450968	48453.991025	1.351093	-1.306184	-1.479129	0.565256	-0.772523	-0.154086	0.126226	0.209328	0.014164	-0.067094	-2.932906
0.185000	-16520.813997	-15412.363030	31933.177027	1108.450968	48453.991025	1.368968	-1.037300	0.948900	0.587842	-0.675889	0.125363	0.120281	0.399196	0.089857	-0.067094	-2.932906
0.185200	-16520.813997	-15412.363030	31933.177027	1108.450968	48453.991025	1.399699	-0.764876	-2.912259	0.616914	-0.529111	-0.035349	0.106595	0.551286	-0.151427	-0.067094	-2.932906
0.185400	-16520.813997	-15412.363030	31933.177027	1108.450968	48453.991025	1.442395	-0.486186	-0.496268	0.650712	-0.345170	-0.073480	0.084014	0.653113	0.135706	-0.067094	-2.932906
0.185600	-16520.813997	-15412.363030	31933.177027	1108.450968	48453.991025	1.498686	-0.199954	1.939316	0.686218	-0.140852	0.143842	0.049569	0.695006	-0.055546	-0.067094	-2.932906
0.185800	-16520.813997	-15412.363030	31933.177027	1108.450968	48453.991025	1.565539	0.095121	-1.929033	0.718767	0.064348	-0.146103	0.003779	0.674449	-0.054700	-0.067094	-2.932906
0.186000	-16520.813997	-15412.363030	31933.177027	1108.450968	48453.991025	1.641329	0.402124	0.489593	0.746286	0.252633	0.072247	-0.052725	0.594013	0.135581	-0.067094	-2.932906
0.186200	-16520.813997	-15412.363030	31933.177027	1108.450968	48453.991025	1.725527	0.721986	2.928811	0.764420	0.406060	0.032664	-0.119232	0.461124	-0.151188	-0.067094	-2.932906
0.186400	-16520.813997	-15412.363030	31933.177027	1108.450968	48453.991025	1.814547	1.054949	-0.947546	0.770756	0.510819	-0.126706	-0.191684	0.289666	0.091080	-0.067094	-2.932906
0.186600	-16520.813997	-15412.363030	31933.177027	1108.450968	48453.991025	1.908080	1.401749	1.478900	0.764361	0.558030	0.152433	-0.268049	0.095242	0.014048	-0.067094	-2.932906
0.186800	-16520.813997	-15412.363030	31933.177027	1108.450968	48453.991025	2.004654	1.758986	-2.368002	0.743087	0.542644	-0.108594	-0.344272	-0.103343	-0.111189	-0.067094	-2.932906
0.187000	-16520.813997	-15412.363030	31933.177027	1108.450968	48453.991025	2.101604	2.121220	0.034893	0.708655	0.467268	0.005427	-0.415982	-0.286757	0.155464	-0.067094	-2.932906
0.187200	-16520.813997	-15412.363030	31933.177027	1108.450968	48453.991025	2.199276	2.483710	2.469935	0.661934	0.338778	0.095218	-0.481086	-0.438424	-0.119778	-0.067094	-2.932906
0.187400	-16520.813997	-15412.363030	31933.177027	1108.450968	48453.991025	2.295243	2.839687	-1.384989	0.604865	0.169059	-0.153315	-0.535285	-0.542855	0.028819	-0.067094	-2.932906
0.187600	-16520.813997	-15412.363030	31933.177027	1108.450968	48453.991025	2.387845	-3.099248	1.020429	0.541850	-0.025014	0.131952	-0.577282	-0.590382	0.080967	-0.067094	-2.932906
0.187800	-16520.813997	-15412.363030	31933.177027	1108.450968	48453.991025	2.477022	-2.767665	-2.823320	0.475004	-0.226123	-0.048026	-0.606294	-0.576274	-0.145767	-0.067094	-2.932906
0.188000	-16520.813997	-15412.363030	31933.177027	1108.450968	48453.991025	2.559385	-2.449739	-0.403539	0.408956	-0.414675	-0.061293	-0.621204	-0.500540	0.143553	-0.067094	-2.932906
0.188200	-16520.813997	-15412.363030	31933.177027	1108.450968	48453.991025	2.634173	-2.145152	2.009347	0.347274	-0.572776	0.139639	-0.624620	-0.370662	-0.065492	-0.067094	-2.932906
0.188400	-16520.813997	-15412.363030	31933.177027	1108.450968	48453.991025	2.700040	-1.851000	-1.836611	0.291910	-0.686042	-0.148762	-0.617566	-0.197426	-0.040502	-0.067094	-2.932906
0.188600	-16520.813997	-15412.363030	31933.177027	1108.450968	48453.991025	2.753494	-1.566009	0.579060	0.246540	-0.742512	0.085188	-0.603032	0.003555	0.130291	-0.067094	-2.932906
0.188800	-16520.813997	-15412.363030	31933.177027	1108.450968	48453.991025	2.795285	-1.288806	2.999822	0.211189	-0.737223	0.021781	-0.585254	0.213581	-0.152603	-0.067094	-2.932906
0.189000	-16520.813997	-15412.363030	31933.177027	1108.450968	48453.991025	2.823737	-1.016519	-0.853205	0.186326	-0.669854	-0.116542	-0.566321	0.414644	0.101719	-0.067094	-2.932906
0.189200	-16520.813997	-15412.363030	31933.177027	1108.450968	48453.991025	2.839435	-0.748214	1.564820	0.171724	-0.545522	0.155019	-0.550925	0.587679	0.000926	-0.067094	-2.932906
0.189400	-16520.813997	-15412.363030	31933.177027	1108.450968	48453.991025	2.847369	-0.482737	-2.294145	0.164074	-0.375978	-0.115867	-0.541466	0.717386	-0.102312	-0.067094	-2.932906
0.189600	-16520.813997	-15412.363030	31933.177027	1108.450968	48453.991025	2.849843	-0.217662	0.128829	0.162049	-0.175257	0.019876	-0.539590	0.792423	0.153425	-0.067094	-2.932906
0.189800	-16520.813997	-15412.363030	31933.177027	1108.450968	48453.991025	2.854567	0.047595	2.553822	0.161707	0.038353	0.085715	-0.547832	0.805211	-0.128637	-0.067094	-2.932906
0.190000	-16520.813997	-15412.363030	31933.177027	1108.450968	48453.991025	2.866835	0.314260	-1.308168	0.159241	0.245629	-0.149881	-0.564909	0.755710	0.040294	-0.067094	-2.932906
0.190200	-16520.813997	-15412.363030	31933.177027	1108.450968	48453.991025	2.888974	0.584745	1.112232	0.152496	0.428974	0.138296	-0.590765	0.648025	0.068271	-0.067094	-2.932906
0.190400	-16520.813997	-15412.363030	31933.177027	1108.450968	48453.991025	2.925238	0.859695	-2.739095	0.137068	0.571202	-0.060576	-0.623621	0.492060	-0.142283	-0.067094	-2.932906
0.190600	-16520.813997	-15412.363030	31933.177027	1108.450968	48453.991025	2.973765	1.140817	-0.325359	0.111759	0.660590	-0.049741	-0.659652	0.302944	0.147447	-0.067094	-2.932906
0.190800	-16520.813997	-15412.363030	31933.177027	1108.450968	48453.991025	3.034085	1.430900	2.098924	0.075225	0.689560	0.132642	-0.697021	0.097101	-0.077384	-0.067094	-2.932906
0.191000	-16520.813997	-15412.363030	31933.177027	1108.450968	48453.991025	3.105619	1.730793	-1.750363	0.026308	0.655505	-0.152699	-0.730990	-0.105783	-0.027718	-0.067094	-2.932906
0.191200	-16520.813997	-15412.363030	31933.177027	1108.450968	48453.991025	-3.098542	2.042452	0.656303	-0.032665	0.563225	0.094890	-0.758289	-0.287273	0.123202	-0.067094	-2.932906
0.191400	-16520.813997	-15412.363030	31933.177027	1108.450968	48453.991025	-3.012175	2.368221	3.088812	-0.101065	0.421044	0.008079	-0.776556	-0.431295	-0.152929	-0.067094	-2.932906
0.191600	-16520.813997	-15412.363030	31933.177027	1108.450968	48453.991025	-2.920576	2.707192	-0.764989	-0.175688	0.243020	-0.107975	-0.781923	-0.523797	0.112475	-0.067094	-2.932906
0.191800	-16520.813997	-15412.363030	31933.177027	1108.450968	48453.991025	-2.826261	3.058179	1.639536	-0.252557	0.046600	0.154553	-0.774201	-0.557365	-0.010641	-0.067094	-2.932906
0.192000	-16520.813997	-15412.363030	31933.177027	1108.450968	48453.991025	-2.728967	-2.864478	-2.203416	-0.329310	-0.150386	-0.123590	-0.752269	-0.528721	-0.090608	-0.067094	-2.932906
0.192200	-16520.813997	-15412.363030	31933.177027	1108.450968	48453.991025	-2.631447	-2.501232	0.217306	-0.400822	-0.328215	0.033714	-0.716329	-0.440495	0.152696	-0.067094	-2.932906
0.192400	-16520.813997	-15412.363030	31933.177027	1108.450968	48453.991025	-2.534862	-2.141420	2.626146	-0.464532	-0.470442	0.075993	-0.669292	-0.301952	-0.134137	-0.067094	-2.932906
0.192600	-16520.813997	-15412.363030	31933.177027	1108.450968	48453.991025	-2.439471	-1.789427	-1.214214	-0.517923	-0.563519	-0.144156	-0.612259	-0.125204	0.053699	-0.067094	-2.932906
0.192800	-16520.813997	-15412.363030	31933.177027	1108.450968	48453.991025	-2.348454	-1.450129	1.198655	-0.558009	-0.597548	0.145608	-0.549436	0.072457	0.056835	-0.067094	-2.932906
0.193000	-16520.813997	-15412.363030	31933.177027	1108.450968	48453.991025	-2.262090	-1.124861	-2.667293	-0.585449	-0.569837	-0.070189	-0.484467	0.272412	-0.136717	-0.067094	-2.932906
0.193200	-16520.813997	-15412.363030	31933.177027	1108.450968	48453.991025	-2.182031	-0.812247	-0.228472	-0.599415	-0.481670	-0.035006	-0.420045	0.456476	0.150543	-0.067094	-2.932906
0.193400	-16520.813997	-15412.363030	31933.177027	1108.450968	48453.991025	-2.111452	-0.512101	2.181748	-0.601426	-0.340783	0.127591	-0.361049	0.606245	-0.089356	-0.067094	-2.932906
0.193600	-16520.813997	-15412.363030	31933.177027	1108.450968	48453.991025	-2.050177	-0.222490	-1.676620	-0.594590	-0.160232	-0.152866	-0.309082	0.708255	-0.016237	-0.067094	-2.932906
0.193800	-16520.813997	-15412.363030	31933.177027	1108.450968	48453.991025	-2.001232	0.059430	0.754266	-0.580458	0.044764	0.106139	-0.266516	0.752335	0.112962	-0.067094	-2.932906
0.194000	-16520.813997	-15412.363030	31933.177027	1108.450968	48453.991025	-1.965740	0.334431	-3.114959	-0.563776	0.254855	-0.004130	-0.235007	0.733431	-0.155046	-0.067094	-2.932906
0.194200	-16520.813997	-15412.363030	31933.177027	1108.450968	48453.991025	-1.941956	0.604452	-0.687815	-0.547510	0.451455	-0.097917	-0.213089	0.653625	0.119168	-0.067094	-2.932906
0.194400	-16520.813997	-15412.363030	31933.177027	1108.450968	48453.991025	-1.930509	0.871813	1.736260	-0.534484	0.617127	0.152803	-0.201006	0.518727	-0.025517	-0.067094	-2.932906
0.194600	-16520.813997	-15412.363030	31933.177027	1108.450968	48453.991025	-1.925618	1.136919	-2.125527	-0.528757	0.736065	-0.131523	-0.195906	0.341036	-0.081496	-0.067094	-2.932906
0.194800	-16520.813997	-15412.363030	31933.177027	1108.450968	48453.991025	-1.922245	1.401541	0.297548	-0.530851	0.798565	0.045400	-0.194648	0.136467	0.148051	-0.067094	-2.932906
0.195000	-16520.813997	-15412.363030	31933.177027	1108.450968	48453.991025	-1.915897	1.667654	2.720196	-0.542671	0.798496	0.063150	-0.195082	-0.077583	-0.140882	-0.067094	-2.932906
0.195200	-16520.813997	-15412.363030	31933.177027	1108.450968	48453.991025	-1.899198	1.935603	-1.135455	-0.564228	0.735997	-0.140437	-0.192255	-0.281078	0.065317	-0.067094	-2.932906
0.195400	-16520.813997	-15412.363030	31933.177027	1108.450968	48453.991025	-1.871392	2.207432	1.280064	-0.593326	0.617673	0.148654	-0.183924	-0.456662	0.044479	-0.067094	-2.932906
0.195600	-16520.813997	-15412.363030	31933.177027	1108.450968	48453.991025	-1.830457	2.485225	-2.575599	-0.629323	0.453537	-0.082459	-0.167185	-0.588779	-0.129789	-0.067094	-2.932906
0.195800	-16520.813997	-15412.363030	31933.177027	1108.450968	48453.991025	-1.776069	2.769634	-0.147467	-0.668136	0.259566	-0.022845	-0.139109	-0.665353	0.153791	-0.067094	-2.932906
0.196000	-16520.813997	-15412.363030	31933.177027	1108.450968	48453.991025	-1.711489	3.063271	2.262064	-0.706659	0.053446	0.119373	-0.100083	-0.680994	-0.098778	-0.067094	-2.932906
0.196200	-16520.813997	-15412.363030	31933.177027	1108.450968	48453.991025	-1.636497	-2.914767	-1.585385	-0.742010	-0.146345	-0.153464	-0.048821	-0.634085	-0.002239	-0.067094	-2.932906
0.196400	-16520.813997	-15412.363030	31933.177027	1108.450968	48453.991025	-1.553789	-2.597643	0.837045	-0.769319	-0.320527	0.115960	0.013085	-0.529962	0.104561	-0.067094	-2.932906
0.196600	-16520.813997	-15412.363030	31933.177027	1108.450968	48453.991025	-1.465726	-2.266653	-3.036981	-0.786946	-0.454077	-0.016111	0.082990	-0.379259	-0.153445	-0.067094	-2.932906
0.196800	-16520.813997	-15412.363030	31933.177027	1108.450968	48453.991025	-1.372293	-1.921749	-0.594791	-0.791931	-0.534377	-0.086145	0.159299	-0.195640	0.127336	-0.067094	-2.932906
0.197000	-16520.813997	-15412.363030	31933.177027	1108.450968	48453.991025	-1.276623	-1.566538	1.818858	-0.782578	-0.553963	0.151668	0.237092	0.002359	-0.038414	-0.067094	-2.932906
0.197200	-16520.813997	-15412.363030	31933.177027	1108.450968	48453.991025	-1.179506	-1.204508	-2.049309	-0.759841	-0.512056	-0.136327	0.313483	0.196424	-0.070716	-0.067094	-2.932906
0.197400	-16520.813997	-15412.363030	31933.177027	1108.450968	48453.991025	-1.081557	-0.841261	0.393477	-0.723085	-0.411772	0.059203	0.384978	0.368157	0.142616	-0.067094	-2.932906
0.197600	-16520.813997	-15412.363030	31933.177027	1108.450968	48453.991025	-0.985763	-0.484374	2.800372	-0.675178	-0.263297	0.052280	0.447228	0.500390	-0.147222	-0.067094	-2.932906
0.197800	-16520.813997	-15412.363030	31933.177027	1108.450968	48453.991025	-0.892031	-0.137761	-1.058877	-0.618814	-0.080596	-0.133577	0.499148	0.581333	0.075055	-0.067094	-2.932906
0.198000	-16520.813997	-15412.363030	31933.177027	1108.450968	48453.991025	-0.802246	0.196370	1.378191	-0.556389	0.119795	0.152261	0.537950	0.602184	0.029694	-0.067094	-2.932906
0.198200	-16520.813997	-15412.363030	31933.177027	1108.450968	48453.991025	-0.718998	0.516056	-2.499018	-0.493028	0.318055	-0.093238	0.563269	0.560611	-0.124557	-0.067094	-2.932906
0.198400	-16520.813997	-15412.363030	31933.177027	1108.450968	48453.991025	-0.642189	0.822931	-0.068206	-0.431120	0.496355	-0.010455	0.576401	0.460428	0.153055	-0.067094	-2.932906
0.198600	-16520.813997	-15412.363030	31933.177027	1108.450968	48453.991025	-0.575202	1.118995	2.360314	-0.374396	0.637542	0.109483	0.577474	0.309386	-0.110389	-0.067094	-2.932906
0.198800	-16520.813997	-15412.363030	31933.177027	1108.450968	48453.991025	-0.519488	1.404956	-1.511720	-0.326133	0.727723	-0.154648	0.570280	0.121804	0.009147	-0.067094	-2.932906
0.199000	-16520.813997	-15412.363030	31933.177027	1108.450968	48453.991025	-0.475233	1.683517	0.920040	-0.286772	0.758992	0.122533	0.557308	-0.085918	0.093296	-0.067094	-2.932906
0.199200	-16520.813997	-15412.363030	31933.177027	1108.450968	48453.991025	-0.445307	1.956729	-2.940839	-0.258491	0.726981	-0.030964	0.541592	-0.295378	-0.152159	-0.067094	-2.932906
0.199400	-16520.813997	-15412.363030	31933.177027	1108.450968	48453.991025	-0.426978	2.225196	-0.521854	-0.240174	0.634602	-0.077077	0.527891	-0.486847	0.134041	-0.067094	-2.932906
0.199600	-16520.813997	-15412.363030	31933.177027	1108.450968	48453.991025	-0.418229	2.491272	1.904762	-0.230204	0.489932	0.146069	0.517953	-0.644045	-0.050680	-0.067094	-2.932906
0.199800	-16520.813997	-15412.363030	31933.177027	1108.450968	48453.991025	-0.415616	2.756462	-1.956362	-0.227431	0.304920	-0.143341	0.515338	-0.752193	-0.058179	-0.067094	-2.932906
0.200000	-16520.813997	-15412.363030	31933.177027	1108.450968	48453.991025	-0.410923	3.021211	0.468009	-0.227390	0.096967	0.069862	0.521863	-0.801602	0.138214	-0.067094	-2.932906
