#model:pConst	end_point_b=0.20
#t	l_1	l_2	l_3	l_2-l_1	l_3-l_1	phase_1	phase_2	phase_3	RePsi_1	RePsi_2	RePsi_3	ImPsi_1	ImPsi_2	ImPsi_3
0.100200	-172.339906	-168.253630	340.593537	4.086276	512.933443	1.670796	1.670823	1.671665	0.817967	0.545704	0.152199	-0.082070	-0.054768	-0.015404	-0.023711	-2.976289
0.100400	-172.339906	-168.253630	340.593537	4.086276	512.933443	1.770797	1.770850	1.772526	0.805684	0.537507	0.149894	-0.163320	-0.108988	-0.030655	-0.023711	-2.976289
0.100600	-172.339906	-168.253630	340.593537	4.086276	512.933443	1.870798	1.870876	1.873369	0.785348	0.523937	0.146076	-0.242938	-0.162119	-0.045599	-0.023711	-2.976289
0.100800	-172.339906	-168.253630	340.593537	4.086276	512.933443	1.970799	1.970903	1.974188	0.757163	0.505129	0.140786	-0.320126	-0.213628	-0.060087	-0.023711	-2.976289
0.101000	-172.339906	-168.253630	340.593537	4.086276	512.933443	2.070802	2.070930	2.074974	0.721411	0.481270	0.134075	-0.394114	-0.263003	-0.073974	-0.023711	-2.976289
0.101200	-172.339906	-168.253630	340.593537	4.086276	512.933443	2.170806	2.170956	2.175719	0.678449	0.452601	0.126010	-0.464162	-0.309747	-0.087122	-0.023711	-2.976289
0.101400	-172.339906	-168.253630	340.593537	4.086276	512.933443	2.270812	2.270983	2.276416	0.628707	0.419407	0.116673	-0.529570	-0.353395	-0.099399	-0.023711	-2.976289
0.101600	-172.339906	-168.253630	340.593537	4.086276	512.933443	2.370820	2.371010	2.377059	0.572682	0.382020	0.106157	-0.589683	-0.393511	-0.110682	-0.023711	-2.976289
0.101800	-172.339906	-168.253630	340.593537	4.086276	512.933443	2.470829	2.471038	2.477642	0.510934	0.340813	0.094566	-0.643901	-0.429692	-0.120858	-0.023711	-2.976289
0.102000	-172.339906	-168.253630	340.593537	4.086276	512.933443	2.570841	2.571065	2.578159	0.444080	0.296200	0.082016	-0.691682	-0.461577	-0.129826	-0.023711	-2.976289
0.102200	-172.339906	-168.253630	340.593537	4.086276	512.933443	2.670855	2.671092	2.678606	0.372789	0.248626	0.068634	-0.732547	-0.488848	-0.137496	-0.023711	-2.976289
0.102400	-172.339906	-168.253630	340.593537	4.086276	512.933443	2.770872	2.771120	2.778977	0.297773	0.198566	0.054553	-0.766090	-0.511231	-0.143791	-0.023711	-2.976289
0.102600	-172.339906	-168.253630	340.593537	4.086276	512.933443	2.870891	2.871148	2.879272	0.219783	0.146521	0.039913	-0.791973	-0.528504	-0.148648	-0.023711	-2.976289
0.102800	-172.339906	-168.253630	340.593537	4.086276	512.933443	2.970913	2.971175	2.979486	0.139598	0.093011	0.024862	-0.809939	-0.540493	-0.152019	-0.023711	-2.976289
0.103000	-172.339906	-168.253630	340.593537	4.086276	512.933443	3.070938	3.071203	3.079618	0.058020	0.038572	0.009548	-0.819807	-0.547078	-0.153871	-0.023711	-2.976289
0.103200	-172.339906	-168.253630	340.593537	4.086276	512.933443	-3.112219	-3.111954	-3.103518	-0.024136	-0.016253	-0.005873	-0.821480	-0.548194	-0.154184	-0.023711	-2.976289
0.103400	-172.339906	-168.253630	340.593537	4.086276	512.933443	-3.012189	-3.011925	-3.003551	-0.106049	-0.070915	-0.021249	-0.814940	-0.543830	-0.152955	-0.023711	-2.976289
0.103600	-172.339906	-168.253630	340.593537	4.086276	512.933443	-2.912156	-2.911897	-2.903666	-0.186899	-0.124868	-0.036426	-0.800252	-0.534029	-0.150197	-0.023711	-2.976289
0.103800	-172.339906	-168.253630	340.593537	4.086276	512.933443	-2.812119	-2.811868	-2.803861	-0.265878	-0.177573	-0.051251	-0.777565	-0.518889	-0.145937	-0.023711	-2.976289
0.104000	-172.339906	-168.253630	340.593537	4.086276	512.933443	-2.712081	-2.711839	-2.704134	-0.342196	-0.228502	-0.065577	-0.747104	-0.498561	-0.140218	-0.023711	-2.976289
0.104200	-172.339906	-168.253630	340.593537	4.086276	512.933443	-2.612039	-2.611810	-2.604482	-0.415091	-0.277147	-0.079260	-0.709173	-0.473250	-0.133097	-0.023711	-2.976289
0.104400	-172.339906	-168.253630	340.593537	4.086276	512.933443	-2.511995	-2.511780	-2.504901	-0.483834	-0.323021	-0.092164	-0.664153	-0.443206	-0.124645	-0.023711	-2.976289
0.104600	-172.339906	-168.253630	340.593537	4.086276	512.933443	-2.411949	-2.411751	-2.405386	-0.547738	-0.365665	-0.104159	-0.612493	-0.408732	-0.114946	-0.023711	-2.976289
0.104800	-172.339906	-168.253630	340.593537	4.086276	512.933443	-2.311901	-2.311721	-2.305933	-0.606163	-0.404654	-0.115127	-0.554710	-0.370172	-0.104099	-0.023711	-2.976289
0.105000	-172.339906	-168.253630	340.593537	4.086276	512.933443	-2.211851	-2.211692	-2.206535	-0.658526	-0.439597	-0.124956	-0.491381	-0.327911	-0.092210	-0.023711	-2.976289
0.105200	-172.339906	-168.253630	340.593537	4.086276	512.933443	-2.111799	-2.111662	-2.107187	-0.704303	-0.470145	-0.133549	-0.423140	-0.282372	-0.079399	-0.023711	-2.976289
0.105400	-172.339906	-168.253630	340.593537	4.086276	512.933443	-2.011745	-2.011632	-2.007882	-0.743036	-0.495993	-0.140819	-0.350669	-0.234010	-0.065794	-0.023711	-2.976289
0.105600	-172.339906	-168.253630	340.593537	4.086276	512.933443	-1.911690	-1.911602	-1.908612	-0.774339	-0.516882	-0.146695	-0.274691	-0.183309	-0.051531	-0.023711	-2.976289
0.105800	-172.339906	-168.253630	340.593537	4.086276	512.933443	-1.811635	-1.811571	-1.809371	-0.797898	-0.532603	-0.151117	-0.195968	-0.130775	-0.036753	-0.023711	-2.976289
0.106000	-172.339906	-168.253630	340.593537	4.086276	512.933443	-1.711578	-1.711541	-1.710152	-0.813477	-0.543000	-0.154042	-0.115286	-0.076933	-0.021607	-0.023711	-2.976289
0.106200	-172.339906	-168.253630	340.593537	4.086276	512.933443	-1.611521	-1.611511	-1.610945	-0.820922	-0.547968	-0.155439	-0.033451	-0.022322	-0.006244	-0.023711	-2.976289
0.106400	-172.339906	-168.253630	340.593537	4.086276	512.933443	-1.511464	-1.511480	-1.511744	-0.820157	-0.547458	-0.155296	0.048719	0.032511	0.009181	-0.023711	-2.976289
0.106600	-172.339906	-168.253630	340.593537	4.086276	512.933443	-1.411407	-1.411450	-1.412540	-0.811191	-0.541474	-0.153613	0.130401	0.087020	0.024515	-0.023711	-2.976289
0.106800	-172.339906	-168.253630	340.593537	4.086276	512.933443	-1.311351	-1.311419	-1.313326	-0.794112	-0.530077	-0.150407	0.210780	0.140659	0.039604	-0.023711	-2.976289
0.107000	-172.339906	-168.253630	340.593537	4.086276	512.933443	-1.211295	-1.211388	-1.214093	-0.769092	-0.513381	-0.145710	0.289051	0.192891	0.054298	-0.023711	-2.976289
0.107200	-172.339906	-168.253630	340.593537	4.086276	512.933443	-1.111240	-1.111358	-1.114835	-0.736381	-0.491552	-0.139570	0.364432	0.243195	0.068449	-0.023711	-2.976289
0.107400	-172.339906	-168.253630	340.593537	4.086276	512.933443	-1.011186	-1.011327	-1.015543	-0.696306	-0.464808	-0.132047	0.436170	0.291068	0.081916	-0.023711	-2.976289
0.107600	-172.339906	-168.253630	340.593537	4.086276	512.933443	-0.911134	-0.911297	-0.916211	-0.649266	-0.433418	-0.123217	0.503548	0.336030	0.094565	-0.023711	-2.976289
0.107800	-172.339906	-168.253630	340.593537	4.086276	512.933443	-0.811083	-0.811266	-0.816831	-0.595734	-0.397694	-0.113168	0.565891	0.377634	0.106269	-0.023711	-2.976289
0.108000	-172.339906	-168.253630	340.593537	4.086276	512.933443	-0.711034	-0.711236	-0.717398	-0.536244	-0.357995	-0.102001	0.622577	0.415461	0.116910	-0.023711	-2.976289
0.108200	-172.339906	-168.253630	340.593537	4.086276	512.933443	-0.610988	-0.611206	-0.617905	-0.471390	-0.314716	-0.089827	0.673038	0.449136	0.126384	-0.023711	-2.976289
0.108400	-172.339906	-168.253630	340.593537	4.086276	512.933443	-0.510944	-0.511176	-0.518348	-0.401821	-0.268291	-0.076768	0.716771	0.478320	0.134594	-0.023711	-2.976289
0.108600	-172.339906	-168.253630	340.593537	4.086276	512.933443	-0.410902	-0.411145	-0.418721	-0.328232	-0.219184	-0.062955	0.753338	0.502722	0.141459	-0.023711	-2.976289
0.108800	-172.339906	-168.253630	340.593537	4.086276	512.933443	-0.310862	-0.311116	-0.319021	-0.251360	-0.167885	-0.048525	0.782374	0.522098	0.146911	-0.023711	-2.976289
0.109000	-172.339906	-168.253630	340.593537	4.086276	512.933443	-0.210826	-0.211086	-0.219244	-0.171972	-0.114907	-0.033623	0.803588	0.536255	0.150894	-0.023711	-2.976289
0.109200	-172.339906	-168.253630	340.593537	4.086276	512.933443	-0.110792	-0.111056	-0.119388	-0.090863	-0.060781	-0.018398	0.816768	0.545050	0.153369	-0.023711	-2.976289
0.109400	-172.339906	-168.253630	340.593537	4.086276	512.933443	-0.010761	-0.011027	-0.019450	-0.008843	-0.006047	-0.003002	0.821782	0.548396	0.154311	-0.023711	-2.976289
0.109600	-172.339906	-168.253630	340.593537	4.086276	512.933443	0.089267	0.089003	0.080571	0.073267	0.048747	0.012412	0.818581	0.546260	0.153712	-0.023711	-2.976289
0.109800	-172.339906	-168.253630	340.593537	4.086276	512.933443	0.189293	0.189032	0.180674	0.154648	0.103055	0.027688	0.807196	0.538662	0.151576	-0.023711	-2.976289
0.110000	-172.339906	-168.253630	340.593537	4.086276	512.933443	0.289315	0.289061	0.280859	0.234485	0.156332	0.042674	0.787741	0.525680	0.147925	-0.023711	-2.976289
0.110200	-172.339906	-168.253630	340.593537	4.086276	512.933443	0.389335	0.389089	0.381125	0.311980	0.208046	0.057221	0.760410	0.507441	0.142796	-0.023711	-2.976289
0.110400	-172.339906	-168.253630	340.593537	4.086276	512.933443	0.489353	0.489118	0.481470	0.386358	0.257681	0.071183	0.725478	0.484130	0.136240	-0.023711	-2.976289
0.110600	-172.339906	-168.253630	340.593537	4.086276	512.933443	0.589367	0.589146	0.581891	0.456876	0.304739	0.084420	0.683292	0.455978	0.128322	-0.023711	-2.976289
0.110800	-172.339906	-168.253630	340.593537	4.086276	512.933443	0.689380	0.689174	0.682383	0.522829	0.348751	0.096800	0.634276	0.423268	0.119122	-0.023711	-2.976289
0.111000	-172.339906	-168.253630	340.593537	4.086276	512.933443	0.789390	0.789202	0.782944	0.583558	0.389277	0.108199	0.578918	0.386327	0.108732	-0.023711	-2.976289
0.111200	-172.339906	-168.253630	340.593537	4.086276	512.933443	0.889398	0.889230	0.883566	0.638454	0.425911	0.118504	0.517772	0.345523	0.097255	-0.023711	-2.976289
0.111400	-172.339906	-168.253630	340.593537	4.086276	512.933443	0.989404	0.989258	0.984245	0.686971	0.458287	0.127611	0.451450	0.301264	0.084807	-0.023711	-2.976289
0.111600	-172.339906	-168.253630	340.593537	4.086276	512.933443	1.089408	1.089285	1.084974	0.728621	0.486082	0.135430	0.380615	0.253994	0.071511	-0.023711	-2.976289
0.111800	-172.339906	-168.253630	340.593537	4.086276	512.933443	1.189411	1.189312	1.185746	0.762990	0.509017	0.141881	0.305974	0.204184	0.057502	-0.023711	-2.976289
0.112000	-172.339906	-168.253630	340.593537	4.086276	512.933443	1.289413	1.289339	1.286554	0.789733	0.526863	0.146901	0.228274	0.152333	0.042918	-0.023711	-2.976289
0.112200	-172.339906	-168.253630	340.593537	4.086276	512.933443	1.389414	1.389366	1.387390	0.808583	0.539443	0.150440	0.148292	0.098959	0.027905	-0.023711	-2.976289
0.112400	-172.339906	-168.253630	340.593537	4.086276	512.933443	1.489415	1.489393	1.488246	0.819352	0.546629	0.152461	0.066828	0.044596	0.012614	-0.023711	-2.976289
0.112600	-172.339906	-168.253630	340.593537	4.086276	512.933443	1.589415	1.589420	1.589113	0.821932	0.548351	0.152946	-0.015305	-0.010213	-0.002802	-0.023711	-2.976289
0.112800	-172.339906	-168.253630	340.593537	4.086276	512.933443	1.689415	1.689446	1.689983	0.816297	0.544590	0.151888	-0.097285	-0.064920	-0.018189	-0.023711	-2.976289
0.113000	-172.339906	-168.253630	340.593537	4.086276	512.933443	1.789415	1.789473	1.790847	0.802504	0.535386	0.149299	-0.178292	-0.118979	-0.033394	-0.023711	-2.976289
0.113200	-172.339906	-168.253630	340.593537	4.086276	512.933443	1.889416	1.889499	1.891697	0.780690	0.520829	0.145204	-0.257517	-0.171848	-0.048264	-0.023711	-2.976289
0.113400	-172.339906	-168.253630	340.593537	4.086276	512.933443	1.989417	1.989525	1.992526	0.751074	0.501065	0.139645	-0.334167	-0.222998	-0.062652	-0.023711	-2.976289
0.113600	-172.339906	-168.253630	340.593537	4.086276	512.933443	2.089420	2.089552	2.093324	0.713951	0.476292	0.132677	-0.407477	-0.271920	-0.076412	-0.023711	-2.976289
0.113800	-172.339906	-168.253630	340.593537	4.086276	512.933443	2.189424	2.189578	2.194084	0.669693	0.446757	0.124369	-0.476713	-0.318123	-0.089407	-0.023711	-2.976289
0.114000	-172.339906	-168.253630	340.593537	4.086276	512.933443	2.289429	2.289604	2.294799	0.618742	0.412757	0.114805	-0.541184	-0.361146	-0.101508	-0.023711	-2.976289
0.114200	-172.339906	-168.253630	340.593537	4.086276	512.933443	2.389436	2.389631	2.395462	0.561608	0.374629	0.104080	-0.600244	-0.400558	-0.112593	-0.023711	-2.976289
0.114400	-172.339906	-168.253630	340.593537	4.086276	512.933443	2.489446	2.489657	2.496067	0.498861	0.332757	0.092302	-0.653303	-0.435966	-0.122552	-0.023711	-2.976289
0.114600	-172.339906	-168.253630	340.593537	4.086276	512.933443	2.589457	2.589683	2.596608	0.431130	0.287558	0.079588	-0.699832	-0.467016	-0.131284	-0.023711	-2.976289
0.114800	-172.339906	-168.253630	340.593537	4.086276	512.933443	2.689471	2.689710	2.697079	0.359090	0.239484	0.066065	-0.739363	-0.493396	-0.138704	-0.023711	-2.976289
0.115000	-172.339906	-168.253630	340.593537	4.086276	512.933443	2.789487	2.789736	2.797478	0.283463	0.189017	0.051869	-0.771504	-0.514844	-0.144736	-0.023711	-2.976289
0.115200	-172.339906	-168.253630	340.593537	4.086276	512.933443	2.889506	2.889763	2.897800	0.205005	0.136659	0.037142	-0.795931	-0.531145	-0.149320	-0.023711	-2.976289
0.115400	-172.339906	-168.253630	340.593537	4.086276	512.933443	2.989527	2.989790	2.998042	0.124499	0.082936	0.022030	-0.812401	-0.542136	-0.152410	-0.023711	-2.976289
0.115600	-172.339906	-168.253630	340.593537	4.086276	512.933443	3.089551	3.089817	3.098203	0.042751	0.028383	0.006685	-0.820750	-0.547707	-0.153976	-0.023711	-2.976289
0.115800	-172.339906	-168.253630	340.593537	4.086276	512.933443	-3.093607	-3.093341	-3.084903	-0.039422	-0.026453	-0.008740	-0.820893	-0.547803	-0.154002	-0.023711	-2.976289
0.116000	-172.339906	-168.253630	340.593537	4.086276	512.933443	-2.993577	-2.993314	-2.984907	-0.121198	-0.081024	-0.024090	-0.812829	-0.542422	-0.152487	-0.023711	-2.976289
0.116200	-172.339906	-168.253630	340.593537	4.086276	512.933443	-2.893544	-2.893286	-2.884994	-0.201761	-0.134786	-0.039212	-0.796640	-0.531618	-0.149447	-0.023711	-2.976289
0.116400	-172.339906	-168.253630	340.593537	4.086276	512.933443	-2.793508	-2.793258	-2.785161	-0.280304	-0.187200	-0.053956	-0.772486	-0.515500	-0.144912	-0.023711	-2.976289
0.116600	-172.339906	-168.253630	340.593537	4.086276	512.933443	-2.693470	-2.693230	-2.685407	-0.356042	-0.237742	-0.068173	-0.740610	-0.494228	-0.138928	-0.023711	-2.976289
0.116800	-172.339906	-168.253630	340.593537	4.086276	512.933443	-2.593429	-2.593202	-2.585729	-0.428219	-0.285907	-0.081721	-0.701330	-0.468015	-0.131553	-0.023711	-2.976289
0.117000	-172.339906	-168.253630	340.593537	4.086276	512.933443	-2.493386	-2.493174	-2.486123	-0.496112	-0.331214	-0.094465	-0.655038	-0.437124	-0.122862	-0.023711	-2.976289
0.117200	-172.339906	-168.253630	340.593537	4.086276	512.933443	-2.393340	-2.393145	-2.386585	-0.559043	-0.373209	-0.106278	-0.602198	-0.401862	-0.112943	-0.023711	-2.976289
0.117400	-172.339906	-168.253630	340.593537	4.086276	512.933443	-2.293292	-2.293116	-2.287111	-0.616382	-0.411474	-0.117041	-0.543337	-0.362583	-0.101893	-0.023711	-2.976289
0.117600	-172.339906	-168.253630	340.593537	4.086276	512.933443	-2.193242	-2.193087	-2.187694	-0.667557	-0.445624	-0.126648	-0.479045	-0.319679	-0.089823	-0.023711	-2.976289
0.117800	-172.339906	-168.253630	340.593537	4.086276	512.933443	-2.093191	-2.093058	-2.088329	-0.712056	-0.475319	-0.135000	-0.409963	-0.273579	-0.076855	-0.023711	-2.976289
0.118000	-172.339906	-168.253630	340.593537	4.086276	512.933443	-1.993138	-1.993029	-1.989010	-0.749434	-0.500263	-0.142017	-0.336783	-0.224744	-0.063117	-0.023711	-2.976289
0.118200	-172.339906	-168.253630	340.593537	4.086276	512.933443	-1.893083	-1.892999	-1.889728	-0.779318	-0.520204	-0.147626	-0.260237	-0.173663	-0.048747	-0.023711	-2.976289
0.118400	-172.339906	-168.253630	340.593537	4.086276	512.933443	-1.793027	-1.792969	-1.790478	-0.801407	-0.534945	-0.151772	-0.181089	-0.120845	-0.033889	-0.023711	-2.976289
0.118600	-172.339906	-168.253630	340.593537	4.086276	512.933443	-1.692971	-1.692939	-1.691252	-0.815483	-0.544338	-0.154414	-0.100130	-0.066819	-0.018691	-0.023711	-2.976289
0.118800	-172.339906	-168.253630	340.593537	4.086276	512.933443	-1.592914	-1.592908	-1.592042	-0.821403	-0.548289	-0.155526	-0.018171	-0.012126	-0.003305	-0.023711	-2.976289
0.119000	-172.339906	-168.253630	340.593537	4.086276	512.933443	-1.492857	-1.492878	-1.492840	-0.819109	-0.546758	-0.155095	0.063970	0.042689	0.012115	-0.023711	-2.976289
0.119200	-172.339906	-168.253630	340.593537	4.086276	512.933443	-1.392800	-1.392847	-1.393638	-0.808624	-0.539761	-0.153127	0.145471	0.097077	0.027415	-0.023711	-2.976289
0.119400	-172.339906	-168.253630	340.593537	4.086276	512.933443	-1.292744	-1.292817	-1.294428	-0.790052	-0.527368	-0.149641	0.225518	0.150494	0.042442	-0.023711	-2.976289
0.119600	-172.339906	-168.253630	340.593537	4.086276	512.933443	-1.192688	-1.192786	-1.195203	-0.763580	-0.509702	-0.144671	0.303310	0.202407	0.057046	-0.023711	-2.976289
0.119800	-172.339906	-168.253630	340.593537	4.086276	512.933443	-1.092632	-1.092755	-1.095954	-0.729471	-0.486941	-0.138269	0.378070	0.252296	0.071080	-0.023711	-2.976289
0.120000	-172.339906	-168.253630	340.593537	4.086276	512.933443	-0.992578	-0.992724	-0.996675	-0.688068	-0.459311	-0.130496	0.449050	0.299662	0.084405	-0.023711	-2.976289
0.120200	-172.339906	-168.253630	340.593537	4.086276	512.933443	-0.892526	-0.892693	-0.897358	-0.639783	-0.427089	-0.121433	0.515540	0.344033	0.096887	-0.023711	-2.976289
0.120400	-172.339906	-168.253630	340.593537	4.086276	512.933443	-0.792475	-0.792662	-0.797996	-0.585099	-0.390598	-0.111168	0.576876	0.384964	0.108402	-0.023711	-2.976289
0.120600	-172.339906	-168.253630	340.593537	4.086276	512.933443	-0.692426	-0.692631	-0.698582	-0.524564	-0.350201	-0.099805	0.632445	0.422047	0.118834	-0.023711	-2.976289
0.120800	-172.339906	-168.253630	340.593537	4.086276	512.933443	-0.592379	-0.592599	-0.599111	-0.458782	-0.306303	-0.087456	0.681691	0.454910	0.128079	-0.023711	-2.976289
0.121000	-172.339906	-168.253630	340.593537	4.086276	512.933443	-0.492334	-0.492568	-0.499577	-0.388411	-0.259343	-0.074247	0.724121	0.483225	0.136045	-0.023711	-2.976289
0.121200	-172.339906	-168.253630	340.593537	4.086276	512.933443	-0.392292	-0.392537	-0.399975	-0.314155	-0.209790	-0.060308	0.759312	0.506708	0.142652	-0.023711	-2.976289
0.121400	-172.339906	-168.253630	340.593537	4.086276	512.933443	-0.292252	-0.292507	-0.300301	-0.236756	-0.158139	-0.045779	0.786912	0.525126	0.147834	-0.023711	-2.976289
0.121600	-172.339906	-168.253630	340.593537	4.086276	512.933443	-0.192215	-0.192476	-0.200552	-0.156987	-0.104907	-0.030806	0.806645	0.538295	0.151539	-0.023711	-2.976289
0.121800	-172.339906	-168.253630	340.593537	4.086276	512.933443	-0.092180	-0.092445	-0.100724	-0.075647	-0.050627	-0.015537	0.818313	0.546081	0.153730	-0.023711	-2.976289
0.122000	-172.339906	-168.253630	340.593537	4.086276	512.933443	0.007851	0.007585	-0.000814	0.006452	0.004160	-0.000126	0.821800	0.548408	0.154386	-0.023711	-2.976289
0.122200	-172.339906	-168.253630	340.593537	4.086276	512.933443	0.107880	0.107616	0.099177	0.088489	0.058905	0.015274	0.817071	0.545252	0.153499	-0.023711	-2.976289
0.122400	-172.339906	-168.253630	340.593537	4.086276	512.933443	0.207906	0.207646	0.199251	0.169644	0.113062	0.030507	0.804173	0.536645	0.151079	-0.023711	-2.976289
0.122600	-172.339906	-168.253630	340.593537	4.086276	512.933443	0.307929	0.307676	0.299407	0.249105	0.166088	0.045423	0.783236	0.522673	0.147150	-0.023711	-2.976289
0.122800	-172.339906	-168.253630	340.593537	4.086276	512.933443	0.407950	0.407706	0.399645	0.326078	0.217454	0.059872	0.754468	0.503476	0.141751	-0.023711	-2.976289
0.123000	-172.339906	-168.253630	340.593537	4.086276	512.933443	0.507967	0.507735	0.499963	0.399793	0.266646	0.073710	0.718157	0.479244	0.134936	-0.023711	-2.976289
0.123200	-172.339906	-168.253630	340.593537	4.086276	512.933443	0.607983	0.607764	0.600357	0.469514	0.313173	0.086797	0.674666	0.450222	0.126774	-0.023711	-2.976289
0.123400	-172.339906	-168.253630	340.593537	4.086276	512.933443	0.707995	0.707793	0.700825	0.534543	0.356568	0.099004	0.624430	0.416698	0.117345	-0.023711	-2.976289
0.123600	-172.339906	-168.253630	340.593537	4.086276	512.933443	0.808006	0.807822	0.801362	0.594231	0.396399	0.110208	0.567952	0.379009	0.106745	-0.023711	-2.976289
0.123800	-172.339906	-168.253630	340.593537	4.086276	512.933443	0.908014	0.907851	0.901963	0.647980	0.432268	0.120298	0.505795	0.337530	0.095078	-0.023711	-2.976289
0.124000	-172.339906	-168.253630	340.593537	4.086276	512.933443	1.008021	1.007879	1.002623	0.695253	0.463814	0.129172	0.438582	0.292677	0.082462	-0.023711	-2.976289
0.124200	-172.339906	-168.253630	340.593537	4.086276	512.933443	1.108025	1.107907	1.103335	0.735578	0.490724	0.136741	0.366983	0.244897	0.069024	-0.023711	-2.976289
0.124400	-172.339906	-168.253630	340.593537	4.086276	512.933443	1.208029	1.207935	1.204093	0.768552	0.512729	0.142931	0.291716	0.194670	0.054896	-0.023711	-2.976289
0.124600	-172.339906	-168.253630	340.593537	4.086276	512.933443	1.308031	1.307962	1.304889	0.793844	0.529607	0.147679	0.213532	0.142495	0.040221	-0.023711	-2.976289
0.124800	-172.339906	-168.253630	340.593537	4.086276	512.933443	1.408032	1.407989	1.405716	0.811203	0.541191	0.150937	0.133213	0.088897	0.025146	-0.023711	-2.976289
0.125000	-172.339906	-168.253630	340.593537	4.086276	512.933443	1.508033	1.508016	1.506565	0.820454	0.547364	0.152674	0.051562	0.034409	0.009820	-0.023711	-2.976289
0.125200	-172.339906	-168.253630	340.593537	4.086276	512.933443	1.608033	1.608043	1.607429	0.821505	0.548065	0.152871	-0.030604	-0.020423	-0.005603	-0.023711	-2.976289
0.125400	-172.339906	-168.253630	340.593537	4.086276	512.933443	1.708033	1.708069	1.708299	0.814345	0.543287	0.151527	-0.112465	-0.075051	-0.020968	-0.023711	-2.976289
0.125600	-172.339906	-168.253630	340.593537	4.086276	512.933443	1.808033	1.808096	1.809166	0.799046	0.533078	0.148656	-0.193201	-0.128928	-0.036122	-0.023711	-2.976289
0.125800	-172.339906	-168.253630	340.593537	4.086276	512.933443	1.908034	1.908122	1.910023	0.775762	0.517540	0.144285	-0.272007	-0.181517	-0.050913	-0.023711	-2.976289
0.126000	-172.339906	-168.253630	340.593537	4.086276	512.933443	2.008035	2.008148	2.010860	0.744724	0.496827	0.138459	-0.348093	-0.232291	-0.065195	-0.023711	-2.976289
0.126200	-172.339906	-168.253630	340.593537	4.086276	512.933443	2.108038	2.108174	2.111670	0.706243	0.471148	0.131236	-0.420699	-0.280743	-0.078822	-0.023711	-2.976289
0.126400	-172.339906	-168.253630	340.593537	4.086276	512.933443	2.208041	2.208200	2.212444	0.660704	0.440759	0.122688	-0.489100	-0.326389	-0.091661	-0.023711	-2.976289
0.126600	-172.339906	-168.253630	340.593537	4.086276	512.933443	2.308046	2.308225	2.313176	0.608562	0.405963	0.112900	-0.552611	-0.368771	-0.103582	-0.023711	-2.976289
0.126800	-172.339906	-168.253630	340.593537	4.086276	512.933443	2.408053	2.408251	2.413858	0.550338	0.367109	0.101971	-0.610597	-0.407467	-0.114465	-0.023711	-2.976289
0.127000	-172.339906	-168.253630	340.593537	4.086276	512.933443	2.508062	2.508276	2.514484	0.486615	0.324585	0.090010	-0.662479	-0.442090	-0.124203	-0.023711	-2.976289
0.127200	-172.339906	-168.253630	340.593537	4.086276	512.933443	2.608073	2.608302	2.615047	0.418029	0.278816	0.077135	-0.707739	-0.472292	-0.132698	-0.023711	-2.976289
0.127400	-172.339906	-168.253630	340.593537	4.086276	512.933443	2.708086	2.708328	2.715544	0.345267	0.230260	0.063477	-0.745923	-0.497774	-0.139864	-0.023711	-2.976289
0.127600	-172.339906	-168.253630	340.593537	4.086276	512.933443	2.808102	2.808353	2.815969	0.269055	0.179401	0.049171	-0.776650	-0.518279	-0.145631	-0.023711	-2.976289
0.127800	-172.339906	-168.253630	340.593537	4.086276	512.933443	2.908120	2.908379	2.916318	0.190155	0.126750	0.034361	-0.799613	-0.533602	-0.149940	-0.023711	-2.976289
0.128000	-172.339906	-168.253630	340.593537	4.086276	512.933443	3.008141	3.008405	3.016589	0.109357	0.072831	0.019194	-0.814582	-0.543592	-0.152749	-0.023711	-2.976289
0.128200	-172.339906	-168.253630	340.593537	4.086276	512.933443	3.108165	3.108431	3.116779	0.027468	0.018184	0.003823	-0.821408	-0.548146	-0.154029	-0.023711	-2.976289
0.128400	-172.339906	-168.253630	340.593537	4.086276	512.933443	-3.074994	-3.074728	-3.066299	-0.054693	-0.036644	-0.011600	-0.820022	-0.547221	-0.153768	-0.023711	-2.976289
0.128600	-172.339906	-168.253630	340.593537	4.086276	512.933443	-2.974964	-2.974702	-2.966274	-0.136306	-0.091106	-0.026919	-0.810438	-0.540826	-0.151968	-0.023711	-2.976289
0.128800	-172.339906	-168.253630	340.593537	4.086276	512.933443	-2.874932	-2.874676	-2.866331	-0.216553	-0.144657	-0.041982	-0.792752	-0.529023	-0.148647	-0.023711	-2.976289
0.129000	-172.339906	-168.253630	340.593537	4.086276	512.933443	-2.774897	-2.774649	-2.766470	-0.294633	-0.196762	-0.056639	-0.767140	-0.511932	-0.143838	-0.023711	-2.976289
0.129200	-172.339906	-168.253630	340.593537	4.086276	512.933443	-2.674859	-2.674622	-2.666689	-0.369765	-0.246899	-0.070742	-0.733860	-0.489723	-0.137590	-0.023711	-2.976289
0.129400	-172.339906	-168.253630	340.593537	4.086276	512.933443	-2.574819	-2.574595	-2.566984	-0.441198	-0.294569	-0.084151	-0.693243	-0.462619	-0.129964	-0.023711	-2.976289
0.129600	-172.339906	-168.253630	340.593537	4.086276	512.933443	-2.474776	-2.474567	-2.467353	-0.508218	-0.339293	-0.096731	-0.645696	-0.430889	-0.121038	-0.023711	-2.976289
0.129800	-172.339906	-168.253630	340.593537	4.086276	512.933443	-2.374731	-2.374539	-2.367792	-0.570154	-0.380624	-0.108357	-0.591693	-0.394852	-0.110900	-0.023711	-2.976289
0.130000	-172.339906	-168.253630	340.593537	4.086276	512.933443	-2.274683	-2.274511	-2.268296	-0.626389	-0.418151	-0.118913	-0.531776	-0.354868	-0.099652	-0.023711	-2.976289
0.130200	-172.339906	-168.253630	340.593537	4.086276	512.933443	-2.174634	-2.174483	-2.168860	-0.676358	-0.451497	-0.128292	-0.466542	-0.311335	-0.087405	-0.023711	-2.976289
0.130400	-172.339906	-168.253630	340.593537	4.086276	512.933443	-2.074583	-2.074454	-2.069477	-0.719564	-0.480329	-0.136402	-0.396644	-0.264691	-0.074284	-0.023711	-2.976289
0.130600	-172.339906	-168.253630	340.593537	4.086276	512.933443	-1.974530	-1.974425	-1.970143	-0.755573	-0.504359	-0.143162	-0.322782	-0.215400	-0.060418	-0.023711	-2.976289
0.130800	-172.339906	-168.253630	340.593537	4.086276	512.933443	-1.874475	-1.874396	-1.870849	-0.784027	-0.523347	-0.148503	-0.245692	-0.163957	-0.045946	-0.023711	-2.976289
0.131000	-172.339906	-168.253630	340.593537	4.086276	512.933443	-1.774420	-1.774366	-1.771589	-0.804639	-0.537102	-0.152372	-0.166146	-0.110874	-0.031013	-0.023711	-2.976289
0.131200	-172.339906	-168.253630	340.593537	4.086276	512.933443	-1.674364	-1.674337	-1.672355	-0.817206	-0.545488	-0.154730	-0.084940	-0.056683	-0.015768	-0.023711	-2.976289
0.131400	-172.339906	-168.253630	340.593537	4.086276	512.933443	-1.574307	-1.574306	-1.573140	-0.821599	-0.548420	-0.155555	-0.002885	-0.001925	-0.000365	-0.023711	-2.976289
0.131600	-172.339906	-168.253630	340.593537	4.086276	512.933443	-1.474250	-1.474276	-1.473936	-0.817777	-0.545870	-0.154837	0.079199	0.052852	0.015045	-0.023711	-2.976289
0.131800	-172.339906	-168.253630	340.593537	4.086276	512.933443	-1.374193	-1.374245	-1.374734	-0.805777	-0.537862	-0.152585	0.160491	0.107100	0.030305	-0.023711	-2.976289
0.132000	-172.339906	-168.253630	340.593537	4.086276	512.933443	-1.274137	-1.274214	-1.275528	-0.785719	-0.524476	-0.148819	0.240179	0.160277	0.045265	-0.023711	-2.976289
0.132200	-172.339906	-168.253630	340.593537	4.086276	512.933443	-1.174080	-1.174183	-1.176310	-0.757803	-0.505847	-0.143579	0.317465	0.211852	0.059773	-0.023711	-2.976289
0.132400	-172.339906	-168.253630	340.593537	4.086276	512.933443	-1.074025	-1.074152	-1.077070	-0.722309	-0.482161	-0.136916	0.391576	0.261309	0.073686	-0.023711	-2.976289
0.132600	-172.339906	-168.253630	340.593537	4.086276	512.933443	-0.973971	-0.974120	-0.977803	-0.679591	-0.453655	-0.128897	0.461773	0.308153	0.086864	-0.023711	-2.976289
0.132800	-172.339906	-168.253630	340.593537	4.086276	512.933443	-0.873918	-0.874089	-0.878499	-0.630077	-0.420613	-0.119603	0.527353	0.351916	0.099175	-0.023711	-2.976289
0.133000	-172.339906	-168.253630	340.593537	4.086276	512.933443	-0.773867	-0.774057	-0.779154	-0.574262	-0.383366	-0.109126	0.587661	0.392161	0.110497	-0.023711	-2.976289
0.133200	-172.339906	-168.253630	340.593537	4.086276	512.933443	-0.673817	-0.674025	-0.679759	-0.512703	-0.342286	-0.097570	0.642094	0.428485	0.120716	-0.023711	-2.976289
0.133400	-172.339906	-168.253630	340.593537	4.086276	512.933443	-0.573770	-0.573993	-0.580309	-0.446016	-0.297784	-0.085052	0.690107	0.460526	0.129729	-0.023711	-2.976289
0.133600	-172.339906	-168.253630	340.593537	4.086276	512.933443	-0.473725	-0.473961	-0.480798	-0.374868	-0.250305	-0.071696	0.731220	0.487962	0.137448	-0.023711	-2.976289
0.133800	-172.339906	-168.253630	340.593537	4.086276	512.933443	-0.373682	-0.373929	-0.381220	-0.299969	-0.200323	-0.057637	0.765023	0.510519	0.143794	-0.023711	-2.976289
0.134000	-172.339906	-168.253630	340.593537	4.086276	512.933443	-0.273641	-0.273898	-0.281572	-0.222070	-0.148339	-0.043014	0.791178	0.527973	0.148705	-0.023711	-2.976289
0.134200	-172.339906	-168.253630	340.593537	4.086276	512.933443	-0.173604	-0.173866	-0.181850	-0.141948	-0.094871	-0.027974	0.809422	0.540148	0.152131	-0.023711	-2.976289
0.134400	-172.339906	-168.253630	340.593537	4.086276	512.933443	-0.073569	-0.073834	-0.082049	-0.060404	-0.040455	-0.012667	0.819574	0.546923	0.154038	-0.023711	-2.976289
0.134600	-172.339906	-168.253630	340.593537	4.086276	512.933443	0.026463	0.026197	0.017831	0.021746	0.014365	0.002754	0.821533	0.548230	0.154406	-0.023711	-2.976289
0.134800	-172.339906	-168.253630	340.593537	4.086276	512.933443	0.126493	0.126229	0.117793	0.103680	0.069043	0.018134	0.815278	0.544056	0.153233	-0.023711	-2.976289
0.135000	-172.339906	-168.253630	340.593537	4.086276	512.933443	0.226519	0.226260	0.217838	0.184581	0.123030	0.033320	0.800872	0.534442	0.150530	-0.023711	-2.976289
0.135200	-172.339906	-168.253630	340.593537	4.086276	512.933443	0.326543	0.326291	0.317965	0.263638	0.175787	0.048160	0.778459	0.519486	0.146324	-0.023711	-2.976289
0.135400	-172.339906	-168.253630	340.593537	4.086276	512.933443	0.426564	0.426322	0.418175	0.340062	0.226786	0.062506	0.748263	0.499335	0.140657	-0.023711	-2.976289
0.135600	-172.339906	-168.253630	340.593537	4.086276	512.933443	0.526582	0.526352	0.518465	0.413089	0.275519	0.076214	0.710587	0.474193	0.133586	-0.023711	-2.976289
0.135800	-172.339906	-168.253630	340.593537	4.086276	512.933443	0.626598	0.626382	0.618832	0.481988	0.321497	0.089148	0.665806	0.444310	0.125181	-0.023711	-2.976289
0.136000	-172.339906	-168.253630	340.593537	4.086276	512.933443	0.726611	0.726412	0.719275	0.546071	0.364262	0.101177	0.614369	0.409984	0.115527	-0.023711	-2.976289
0.136200	-172.339906	-168.253630	340.593537	4.086276	512.933443	0.826622	0.826442	0.819788	0.604697	0.403384	0.112182	0.556789	0.371560	0.104720	-0.023711	-2.976289
0.136400	-172.339906	-168.253630	340.593537	4.086276	512.933443	0.926631	0.926471	0.920367	0.657281	0.438474	0.122053	0.493643	0.329421	0.092868	-0.023711	-2.976289
0.136600	-172.339906	-168.253630	340.593537	4.086276	512.933443	1.026638	1.026500	1.021007	0.703295	0.469181	0.130690	0.425561	0.283988	0.080089	-0.023711	-2.976289
0.136800	-172.339906	-168.253630	340.593537	4.086276	512.933443	1.126643	1.126529	1.121701	0.742280	0.495197	0.138008	0.353225	0.235716	0.066512	-0.023711	-2.976289
0.137000	-172.339906	-168.253630	340.593537	4.086276	512.933443	1.226646	1.226557	1.222444	0.773847	0.516262	0.143934	0.277357	0.185087	0.052271	-0.023711	-2.976289
0.137200	-172.339906	-168.253630	340.593537	4.086276	512.933443	1.326649	1.326585	1.323227	0.797680	0.532167	0.148408	0.198716	0.132608	0.037511	-0.023711	-2.976289
0.137400	-172.339906	-168.253630	340.593537	4.086276	512.933443	1.426650	1.426612	1.424044	0.813541	0.542751	0.151385	0.118088	0.078803	0.022377	-0.023711	-2.976289
0.137600	-172.339906	-168.253630	340.593537	4.086276	512.933443	1.526651	1.526639	1.524887	0.821270	0.547909	0.152837	0.036279	0.024210	0.007022	-0.023711	-2.976289
0.137800	-172.339906	-168.253630	340.593537	4.086276	512.933443	1.626651	1.626666	1.625747	0.820792	0.547590	0.152747	-0.045893	-0.030626	-0.008402	-0.023711	-2.976289
0.138000	-172.339906	-168.253630	340.593537	4.086276	512.933443	1.726651	1.726693	1.726615	0.812110	0.541796	0.151117	-0.127606	-0.085155	-0.023739	-0.023711	-2.976289
0.138200	-172.339906	-168.253630	340.593537	4.086276	512.933443	1.826651	1.826719	1.827484	0.795311	0.530586	0.147964	-0.208044	-0.138833	-0.038837	-0.023711	-2.976289
0.138400	-172.339906	-168.253630	340.593537	4.086276	512.933443	1.926652	1.926745	1.928346	0.770564	0.514071	0.143319	-0.286402	-0.191124	-0.053545	-0.023711	-2.976289
0.138600	-172.339906	-168.253630	340.593537	4.086276	512.933443	2.026653	2.026771	2.029190	0.738115	0.492417	0.137228	-0.361897	-0.241504	-0.067715	-0.023711	-2.976289
0.138800	-172.339906	-168.253630	340.593537	4.086276	512.933443	2.126656	2.126796	2.130011	0.698290	0.465841	0.129753	-0.433775	-0.289469	-0.081206	-0.023711	-2.976289
0.139000	-172.339906	-168.253630	340.593537	4.086276	512.933443	2.226659	2.226821	2.230798	0.651486	0.434607	0.120967	-0.501316	-0.334541	-0.093884	-0.023711	-2.976289
0.139200	-172.339906	-168.253630	340.593537	4.086276	512.933443	2.326664	2.326846	2.331546	0.598171	0.399029	0.110960	-0.563846	-0.376269	-0.105620	-0.023711	-2.976289
0.139400	-172.339906	-168.253630	340.593537	4.086276	512.933443	2.426670	2.426871	2.432246	0.538878	0.359461	0.099830	-0.620739	-0.414235	-0.116298	-0.023711	-2.976289
0.139600	-172.339906	-168.253630	340.593537	4.086276	512.933443	2.526679	2.526896	2.532893	0.474200	0.316300	0.087689	-0.671426	-0.448060	-0.125812	-0.023711	-2.976289
0.139800	-172.339906	-168.253630	340.593537	4.086276	512.933443	2.626689	2.626921	2.633479	0.404784	0.269977	0.074659	-0.715401	-0.477406	-0.134066	-0.023711	-2.976289
0.140000	-172.339906	-168.253630	340.593537	4.086276	512.933443	2.726702	2.726946	2.734000	0.331323	0.220955	0.060870	-0.752225	-0.501979	-0.140977	-0.023711	-2.976289
0.140200	-172.339906	-168.253630	340.593537	4.086276	512.933443	2.826717	2.826970	2.834450	0.254553	0.169724	0.046459	-0.781528	-0.521534	-0.146476	-0.023711	-2.976289
0.140400	-172.339906	-168.253630	340.593537	4.086276	512.933443	2.926735	2.926995	2.934827	0.175239	0.116796	0.031571	-0.803018	-0.535875	-0.150509	-0.023711	-2.976289
0.140600	-172.339906	-168.253630	340.593537	4.086276	512.933443	3.026756	3.027020	3.035125	0.094177	0.062701	0.016355	-0.816481	-0.544859	-0.153035	-0.023711	-2.976289
0.140800	-172.339906	-168.253630	340.593537	4.086276	512.933443	3.126779	3.127045	3.135344	0.012175	0.007979	0.000963	-0.821781	-0.548396	-0.154029	-0.023711	-2.976289
0.141000	-172.339906	-168.253630	340.593537	4.086276	512.933443	-3.056380	-3.056115	-3.047705	-0.069947	-0.046823	-0.014452	-0.818866	-0.546450	-0.153480	-0.023711	-2.976289
0.141200	-172.339906	-168.253630	340.593537	4.086276	512.933443	-2.956352	-2.956090	-2.947650	-0.151367	-0.101157	-0.029736	-0.807765	-0.539042	-0.151395	-0.023711	-2.976289
0.141400	-172.339906	-168.253630	340.593537	4.086276	512.933443	-2.856320	-2.856065	-2.847679	-0.231271	-0.154479	-0.044735	-0.788588	-0.526245	-0.147795	-0.023711	-2.976289
0.141600	-172.339906	-168.253630	340.593537	4.086276	512.933443	-2.756285	-2.756039	-2.747789	-0.308860	-0.206256	-0.059299	-0.761528	-0.508187	-0.142714	-0.023711	-2.976289
0.141800	-172.339906	-168.253630	340.593537	4.086276	512.933443	-2.656248	-2.656013	-2.647980	-0.383360	-0.255972	-0.073283	-0.726855	-0.485049	-0.136204	-0.023711	-2.976289
0.142000	-172.339906	-168.253630	340.593537	4.086276	512.933443	-2.556208	-2.555987	-2.548249	-0.454025	-0.303128	-0.086548	-0.684916	-0.457062	-0.128331	-0.023711	-2.976289
0.142200	-172.339906	-168.253630	340.593537	4.086276	512.933443	-2.456166	-2.455960	-2.448593	-0.520148	-0.347254	-0.098959	-0.636130	-0.424506	-0.119172	-0.023711	-2.976289
0.142400	-172.339906	-168.253630	340.593537	4.086276	512.933443	-2.356121	-2.355933	-2.349007	-0.581069	-0.387908	-0.110395	-0.580984	-0.387705	-0.108819	-0.023711	-2.976289
0.142600	-172.339906	-168.253630	340.593537	4.086276	512.933443	-2.256074	-2.255906	-2.249489	-0.636178	-0.424684	-0.120739	-0.520030	-0.347029	-0.097376	-0.023711	-2.976289
0.142800	-172.339906	-168.253630	340.593537	4.086276	512.933443	-2.156025	-2.155878	-2.150032	-0.684925	-0.457214	-0.129889	-0.453878	-0.302884	-0.084958	-0.023711	-2.976289
0.143000	-172.339906	-168.253630	340.593537	4.086276	512.933443	-2.055974	-2.055850	-2.050631	-0.726822	-0.485173	-0.137754	-0.383188	-0.255711	-0.071687	-0.023711	-2.976289
0.143200	-172.339906	-168.253630	340.593537	4.086276	512.933443	-1.955922	-1.955822	-1.951281	-0.761451	-0.508282	-0.144254	-0.308668	-0.205982	-0.057698	-0.023711	-2.976289
0.143400	-172.339906	-168.253630	340.593537	4.086276	512.933443	-1.855868	-1.855793	-1.851973	-0.788464	-0.526308	-0.149324	-0.231062	-0.154194	-0.043129	-0.023711	-2.976289
0.143600	-172.339906	-168.253630	340.593537	4.086276	512.933443	-1.755813	-1.755764	-1.752702	-0.807593	-0.539074	-0.152915	-0.151147	-0.100864	-0.028127	-0.023711	-2.976289
0.143800	-172.339906	-168.253630	340.593537	4.086276	512.933443	-1.655757	-1.655734	-1.653460	-0.818646	-0.546449	-0.154989	-0.069720	-0.046526	-0.012841	-0.023711	-2.976289
0.144000	-172.339906	-168.253630	340.593537	4.086276	512.933443	-1.555700	-1.555704	-1.554239	-0.821512	-0.548362	-0.155527	0.012403	0.008277	0.002575	-0.023711	-2.976289
0.144200	-172.339906	-168.253630	340.593537	4.086276	512.933443	-1.455643	-1.455674	-1.455032	-0.816163	-0.544792	-0.154523	0.094401	0.062996	0.017969	-0.023711	-2.976289
0.144400	-172.339906	-168.253630	340.593537	4.086276	512.933443	-1.355586	-1.355643	-1.355830	-0.802651	-0.535776	-0.151986	0.175456	0.117086	0.033185	-0.023711	-2.976289
0.144600	-172.339906	-168.253630	340.593537	4.086276	512.933443	-1.255529	-1.255612	-1.256627	-0.781114	-0.521403	-0.147943	0.254756	0.170005	0.048071	-0.023711	-2.976289
0.144800	-172.339906	-168.253630	340.593537	4.086276	512.933443	-1.155473	-1.155581	-1.157414	-0.751764	-0.501818	-0.142434	0.331509	0.221224	0.062480	-0.023711	-2.976289
0.145000	-172.339906	-168.253630	340.593537	4.086276	512.933443	-1.055418	-1.055549	-1.058182	-0.714897	-0.477215	-0.135513	0.404947	0.270232	0.076266	-0.023711	-2.976289
0.145200	-172.339906	-168.253630	340.593537	4.086276	512.933443	-0.955363	-0.955517	-0.958926	-0.670880	-0.447842	-0.127251	0.474337	0.316537	0.089293	-0.023711	-2.976289
0.145400	-172.339906	-168.253630	340.593537	4.086276	512.933443	-0.855310	-0.855485	-0.859636	-0.620154	-0.413991	-0.117729	0.538984	0.359678	0.101429	-0.023711	-2.976289
0.145600	-172.339906	-168.253630	340.593537	4.086276	512.933443	-0.755259	-0.755453	-0.760306	-0.563226	-0.376001	-0.107042	0.598243	0.399223	0.112553	-0.023711	-2.976289
0.145800	-172.339906	-168.253630	340.593537	4.086276	512.933443	-0.655209	-0.655420	-0.660929	-0.500665	-0.334252	-0.095298	0.651520	0.434776	0.122555	-0.023711	-2.976289
0.146000	-172.339906	-168.253630	340.593537	4.086276	512.933443	-0.555161	-0.555387	-0.561499	-0.433096	-0.289162	-0.082615	0.698284	0.465982	0.131335	-0.023711	-2.976289
0.146200	-172.339906	-168.253630	340.593537	4.086276	512.933443	-0.455116	-0.455355	-0.462010	-0.361195	-0.241180	-0.069118	0.738066	0.492530	0.138803	-0.023711	-2.976289
0.146400	-172.339906	-168.253630	340.593537	4.086276	512.933443	-0.355072	-0.355322	-0.362457	-0.285680	-0.190788	-0.054943	0.770469	0.514154	0.144887	-0.023711	-2.976289
0.146600	-172.339906	-168.253630	340.593537	4.086276	512.933443	-0.255031	-0.255289	-0.262834	-0.207307	-0.138487	-0.040231	0.795169	0.530637	0.149524	-0.023711	-2.976289
0.146800	-172.339906	-168.253630	340.593537	4.086276	512.933443	-0.154993	-0.155256	-0.163138	-0.126859	-0.084802	-0.025130	0.811919	0.541814	0.152670	-0.023711	-2.976289
0.147000	-172.339906	-168.253630	340.593537	4.086276	512.933443	-0.054958	-0.055223	-0.063365	-0.045141	-0.030270	-0.009790	0.820552	0.547575	0.154291	-0.023711	-2.976289
0.147200	-172.339906	-168.253630	340.593537	4.086276	512.933443	0.045075	0.044809	0.036487	0.037031	0.024566	0.005635	0.820981	0.547862	0.154373	-0.023711	-2.976289
0.147400	-172.339906	-168.253630	340.593537	4.086276	512.933443	0.145105	0.144842	0.136420	0.118835	0.079156	0.020991	0.813202	0.542671	0.152914	-0.023711	-2.976289
0.147600	-172.339906	-168.253630	340.593537	4.086276	512.933443	0.245132	0.244874	0.236435	0.199453	0.132954	0.036124	0.797293	0.532054	0.149929	-0.023711	-2.976289
0.147800	-172.339906	-168.253630	340.593537	4.086276	512.933443	0.345156	0.344906	0.336534	0.278080	0.185424	0.050884	0.773413	0.516118	0.145447	-0.023711	-2.976289
0.148000	-172.339906	-168.253630	340.593537	4.086276	512.933443	0.445178	0.444938	0.436715	0.353929	0.236040	0.065121	0.741800	0.495022	0.139514	-0.023711	-2.976289
0.148200	-172.339906	-168.253630	340.593537	4.086276	512.933443	0.545197	0.544969	0.536976	0.426242	0.284296	0.078696	0.702771	0.468977	0.132189	-0.023711	-2.976289
0.148400	-172.339906	-168.253630	340.593537	4.086276	512.933443	0.645213	0.645000	0.637317	0.494296	0.329710	0.091470	0.656716	0.438243	0.123545	-0.023711	-2.976289
0.148600	-172.339906	-168.253630	340.593537	4.086276	512.933443	0.745226	0.745031	0.737733	0.557410	0.371828	0.103318	0.604095	0.403128	0.113669	-0.023711	-2.976289
0.148800	-172.339906	-168.253630	340.593537	4.086276	512.933443	0.845238	0.845061	0.838222	0.614954	0.410229	0.114120	0.545434	0.363982	0.102658	-0.023711	-2.976289
0.149000	-172.339906	-168.253630	340.593537	4.086276	512.933443	0.945247	0.945091	0.938778	0.666353	0.444529	0.123768	0.481320	0.321197	0.090624	-0.023711	-2.976289
0.149200	-172.339906	-168.253630	340.593537	4.086276	512.933443	1.045254	1.045121	1.039397	0.711092	0.474384	0.132167	0.412394	0.275201	0.077687	-0.023711	-2.976289
0.149400	-172.339906	-168.253630	340.593537	4.086276	512.933443	1.145260	1.145150	1.140073	0.748725	0.499497	0.139231	0.339344	0.226453	0.063976	-0.023711	-2.976289
0.149600	-172.339906	-168.253630	340.593537	4.086276	512.933443	1.245264	1.245179	1.240800	0.778874	0.519617	0.144891	0.262902	0.175441	0.049628	-0.023711	-2.976289
0.149800	-172.339906	-168.253630	340.593537	4.086276	512.933443	1.345267	1.345207	1.341570	0.801239	0.534542	0.149089	0.183831	0.122675	0.034787	-0.023711	-2.976289
0.150000	-172.339906	-168.253630	340.593537	4.086276	512.933443	1.445268	1.445235	1.442376	0.815597	0.544123	0.151784	0.102922	0.068682	0.019600	-0.023711	-2.976289
0.150200	-172.339906	-168.253630	340.593537	4.086276	512.933443	1.545269	1.545262	1.543210	0.821802	0.548264	0.152950	0.020983	0.014002	0.004220	-0.023711	-2.976289
0.150400	-172.339906	-168.253630	340.593537	4.086276	512.933443	1.645269	1.645289	1.644065	0.819794	0.546924	0.152573	-0.061166	-0.040818	-0.011199	-0.023711	-2.976289
0.150600	-172.339906	-168.253630	340.593537	4.086276	512.933443	1.745270	1.745316	1.744932	0.809593	0.540116	0.150658	-0.142703	-0.095230	-0.026503	-0.023711	-2.976289
0.150800	-172.339906	-168.253630	340.593537	4.086276	512.933443	1.845270	1.845342	1.845802	0.791300	0.527909	0.147225	-0.222815	-0.148690	-0.041540	-0.023711	-2.976289
0.151000	-172.339906	-168.253630	340.593537	4.086276	512.933443	1.945270	1.945368	1.946666	0.765099	0.510424	0.142307	-0.300699	-0.200664	-0.056159	-0.023711	-2.976289
0.151200	-172.339906	-168.253630	340.593537	4.086276	512.933443	2.045272	2.045393	2.047518	0.731251	0.487837	0.135953	-0.375577	-0.250632	-0.070213	-0.023711	-2.976289
0.151400	-172.339906	-168.253630	340.593537	4.086276	512.933443	2.145274	2.145418	2.148348	0.690095	0.460372	0.128228	-0.446701	-0.298095	-0.083563	-0.023711	-2.976289
0.151600	-172.339906	-168.253630	340.593537	4.086276	512.933443	2.245277	2.245443	2.249148	0.642042	0.428305	0.119208	-0.513359	-0.342578	-0.096074	-0.023711	-2.976289
0.151800	-172.339906	-168.253630	340.593537	4.086276	512.933443	2.345281	2.345468	2.349910	0.587572	0.391956	0.108984	-0.574885	-0.383636	-0.107622	-0.023711	-2.976289
0.152000	-172.339906	-168.253630	340.593537	4.086276	512.933443	2.445288	2.445492	2.450628	0.527231	0.351689	0.097657	-0.630665	-0.420859	-0.118092	-0.023711	-2.976289
0.152200	-172.339906	-168.253630	340.593537	4.086276	512.933443	2.545296	2.545516	2.551294	0.461621	0.307905	0.085342	-0.680140	-0.453875	-0.127378	-0.023711	-2.976289
0.152400	-172.339906	-168.253630	340.593537	4.086276	512.933443	2.645306	2.645540	2.651902	0.391398	0.261044	0.072160	-0.722815	-0.482353	-0.135387	-0.023711	-2.976289
0.152600	-172.339906	-168.253630	340.593537	4.086276	512.933443	2.745318	2.745564	2.752447	0.317265	0.211573	0.058245	-0.758265	-0.506010	-0.142041	-0.023711	-2.976289
0.152800	-172.339906	-168.253630	340.593537	4.086276	512.933443	2.845333	2.845588	2.852923	0.239962	0.159987	0.043734	-0.786135	-0.524608	-0.147271	-0.023711	-2.976289
0.153000	-172.339906	-168.253630	340.593537	4.086276	512.933443	2.945350	2.945611	2.953326	0.160262	0.106801	0.028774	-0.806145	-0.537961	-0.151026	-0.023711	-2.976289
0.153200	-172.339906	-168.253630	340.593537	4.086276	512.933443	3.045370	3.045635	3.053652	0.078963	0.052548	0.013513	-0.818097	-0.545937	-0.153268	-0.023711	-2.976289
0.153400	-172.339906	-168.253630	340.593537	4.086276	512.933443	-3.137792	-3.137526	-3.129286	-0.003123	-0.002230	-0.001895	-0.821870	-0.548455	-0.153976	-0.023711	-2.976289
0.153600	-172.339906	-168.253630	340.593537	4.086276	512.933443	-3.037767	-3.037502	-3.029121	-0.085176	-0.056986	-0.017297	-0.817427	-0.545490	-0.153141	-0.023711	-2.976289
0.153800	-172.339906	-168.253630	340.593537	4.086276	512.933443	-2.937739	-2.937478	-2.929037	-0.166375	-0.111172	-0.032539	-0.804812	-0.537072	-0.150771	-0.023711	-2.976289
0.154000	-172.339906	-168.253630	340.593537	4.086276	512.933443	-2.837707	-2.837454	-2.829037	-0.245909	-0.164247	-0.047468	-0.784152	-0.523285	-0.146892	-0.023711	-2.976289
0.154200	-172.339906	-168.253630	340.593537	4.086276	512.933443	-2.737674	-2.737429	-2.729118	-0.322981	-0.215680	-0.061935	-0.755653	-0.504266	-0.141541	-0.023711	-2.976289
0.154400	-172.339906	-168.253630	340.593537	4.086276	512.933443	-2.637637	-2.637404	-2.629281	-0.396823	-0.264956	-0.075796	-0.719599	-0.480207	-0.134773	-0.023711	-2.976289
0.154600	-172.339906	-168.253630	340.593537	4.086276	512.933443	-2.537598	-2.537379	-2.529523	-0.466695	-0.311583	-0.088911	-0.676352	-0.451347	-0.126653	-0.023711	-2.976289
0.154800	-172.339906	-168.253630	340.593537	4.086276	512.933443	-2.437556	-2.437353	-2.429840	-0.531899	-0.355095	-0.101151	-0.626343	-0.417975	-0.117265	-0.023711	-2.976289
0.155000	-172.339906	-168.253630	340.593537	4.086276	512.933443	-2.337511	-2.337327	-2.330231	-0.591782	-0.395058	-0.112391	-0.570073	-0.380424	-0.106702	-0.023711	-2.976289
0.155200	-172.339906	-168.253630	340.593537	4.086276	512.933443	-2.237465	-2.237300	-2.230689	-0.645748	-0.431070	-0.122521	-0.508104	-0.339071	-0.095068	-0.023711	-2.976289
0.155400	-172.339906	-168.253630	340.593537	4.086276	512.933443	-2.137416	-2.137274	-2.131212	-0.693255	-0.462773	-0.131438	-0.441056	-0.294328	-0.082481	-0.023711	-2.976289
0.155600	-172.339906	-168.253630	340.593537	4.086276	512.933443	-2.037366	-2.037246	-2.031792	-0.733829	-0.489849	-0.139054	-0.369599	-0.246643	-0.069067	-0.023711	-2.976289
0.155800	-172.339906	-168.253630	340.593537	4.086276	512.933443	-1.937314	-1.937218	-1.932424	-0.767065	-0.512028	-0.145293	-0.294447	-0.196492	-0.054959	-0.023711	-2.976289
0.156000	-172.339906	-168.253630	340.593537	4.086276	512.933443	-1.837260	-1.837190	-1.833102	-0.792630	-0.529088	-0.150091	-0.216352	-0.144377	-0.040298	-0.023711	-2.976289
0.156200	-172.339906	-168.253630	340.593537	4.086276	512.933443	-1.737205	-1.737161	-1.733819	-0.810268	-0.540858	-0.153402	-0.136094	-0.090819	-0.025232	-0.023711	-2.976289
0.156400	-172.339906	-168.253630	340.593537	4.086276	512.933443	-1.637149	-1.637132	-1.634567	-0.819803	-0.547221	-0.155192	-0.054476	-0.036354	-0.009910	-0.023711	-2.976289
0.156600	-172.339906	-168.253630	340.593537	4.086276	512.933443	-1.537093	-1.537102	-1.535340	-0.821140	-0.548114	-0.155442	0.027686	0.018475	0.005514	-0.023711	-2.976289
0.156800	-172.339906	-168.253630	340.593537	4.086276	512.933443	-1.437036	-1.437072	-1.436129	-0.814265	-0.543526	-0.154152	0.109571	0.073119	0.020886	-0.023711	-2.976289
0.157000	-172.339906	-168.253630	340.593537	4.086276	512.933443	-1.336979	-1.337041	-1.336926	-0.799248	-0.533505	-0.151332	0.190360	0.127032	0.036052	-0.023711	-2.976289
0.157200	-172.339906	-168.253630	340.593537	4.086276	512.933443	-1.236922	-1.237010	-1.237725	-0.776238	-0.518150	-0.147013	0.269245	0.179674	0.050861	-0.023711	-2.976289
0.157400	-172.339906	-168.253630	340.593537	4.086276	512.933443	-1.136866	-1.136978	-1.138516	-0.745466	-0.497614	-0.141236	0.345439	0.230520	0.065164	-0.023711	-2.976289
0.157600	-172.339906	-168.253630	340.593537	4.086276	512.933443	-1.036811	-1.036946	-1.039291	-0.707238	-0.472104	-0.134060	0.418178	0.279061	0.078819	-0.023711	-2.976289
0.157800	-172.339906	-168.253630	340.593537	4.086276	512.933443	-0.936756	-0.936914	-0.940044	-0.661937	-0.441874	-0.125556	0.486737	0.324812	0.091690	-0.023711	-2.976289
0.158000	-172.339906	-168.253630	340.593537	4.086276	512.933443	-0.836703	-0.836881	-0.840767	-0.610017	-0.407226	-0.115810	0.550429	0.367315	0.103647	-0.023711	-2.976289
0.158200	-172.339906	-168.253630	340.593537	4.086276	512.933443	-0.736651	-0.736848	-0.741452	-0.551996	-0.368507	-0.104918	0.608617	0.406146	0.114570	-0.023711	-2.976289
0.158400	-172.339906	-168.253630	340.593537	4.086276	512.933443	-0.636601	-0.636815	-0.642093	-0.488454	-0.326104	-0.092991	0.660721	0.440916	0.124352	-0.023711	-2.976289
0.158600	-172.339906	-168.253630	340.593537	4.086276	512.933443	-0.536553	-0.536781	-0.542682	-0.420026	-0.280440	-0.080146	0.706219	0.471278	0.132894	-0.023711	-2.976289
0.158800	-172.339906	-168.253630	340.593537	4.086276	512.933443	-0.436507	-0.436748	-0.443215	-0.347397	-0.231973	-0.066512	0.744656	0.496928	0.140110	-0.023711	-2.976289
0.159000	-172.339906	-168.253630	340.593537	4.086276	512.933443	-0.336463	-0.336714	-0.343684	-0.271292	-0.181186	-0.052226	0.775648	0.517610	0.145928	-0.023711	-2.976289
0.159200	-172.339906	-168.253630	340.593537	4.086276	512.933443	-0.236422	-0.236680	-0.244087	-0.192473	-0.128588	-0.037430	0.798885	0.533116	0.150291	-0.023711	-2.976289
0.159400	-172.339906	-168.253630	340.593537	4.086276	512.933443	-0.136383	-0.136647	-0.144417	-0.111728	-0.074705	-0.022273	0.814135	0.543293	0.153155	-0.023711	-2.976289
0.159600	-172.339906	-168.253630	340.593537	4.086276	512.933443	-0.036347	-0.036613	-0.044672	-0.029863	-0.020074	-0.006906	0.821246	0.548038	0.154491	-0.023711	-2.976289
0.159800	-172.339906	-168.253630	340.593537	4.086276	512.933443	0.063686	0.063421	0.055152	0.052303	0.034757	0.008518	0.820145	0.547304	0.154285	-0.023711	-2.976289
0.160000	-172.339906	-168.253630	340.593537	4.086276	512.933443	0.163717	0.163454	0.155057	0.133948	0.089241	0.023844	0.810845	0.541098	0.152541	-0.023711	-2.976289
0.160200	-172.339906	-168.253630	340.593537	4.086276	512.933443	0.263744	0.263488	0.255043	0.214256	0.142833	0.038919	0.793439	0.529482	0.149274	-0.023711	-2.976289
0.160400	-172.339906	-168.253630	340.593537	4.086276	512.933443	0.363769	0.363521	0.355113	0.292425	0.194997	0.053592	0.768099	0.512572	0.144519	-0.023711	-2.976289
0.160600	-172.339906	-168.253630	340.593537	4.086276	512.933443	0.463791	0.463553	0.455264	0.367672	0.245211	0.067718	0.735080	0.490538	0.138322	-0.023711	-2.976289
0.160800	-172.339906	-168.253630	340.593537	4.086276	512.933443	0.563811	0.563586	0.555498	0.439246	0.292974	0.081153	0.694712	0.463599	0.130746	-0.023711	-2.976289
0.161000	-172.339906	-168.253630	340.593537	4.086276	512.933443	0.663827	0.663618	0.655811	0.506431	0.337808	0.093765	0.647398	0.432025	0.121865	-0.023711	-2.976289
0.161200	-172.339906	-168.253630	340.593537	4.086276	512.933443	0.763842	0.763650	0.756201	0.568555	0.379266	0.105427	0.593611	0.396132	0.111770	-0.023711	-2.976289
0.161400	-172.339906	-168.253630	340.593537	4.086276	512.933443	0.863854	0.863681	0.856665	0.624998	0.416931	0.116022	0.533890	0.356278	0.100561	-0.023711	-2.976289
0.161600	-172.339906	-168.253630	340.593537	4.086276	512.933443	0.963863	0.963712	0.957198	0.675194	0.450429	0.125445	0.468830	0.312862	0.088349	-0.023711	-2.976289
0.161800	-172.339906	-168.253630	340.593537	4.086276	512.933443	1.063871	1.063742	1.057795	0.718643	0.479423	0.133601	0.399083	0.266318	0.075258	-0.023711	-2.976289
0.162000	-172.339906	-168.253630	340.593537	4.086276	512.933443	1.163877	1.163772	1.158452	0.754909	0.503624	0.140409	0.325346	0.217112	0.061418	-0.023711	-2.976289
0.162200	-172.339906	-168.253630	340.593537	4.086276	512.933443	1.263881	1.263801	1.259161	0.783631	0.522791	0.145800	0.248356	0.165734	0.046967	-0.023711	-2.976289
0.162400	-172.339906	-168.253630	340.593537	4.086276	512.933443	1.363884	1.363830	1.359917	0.804521	0.536731	0.149722	0.168882	0.112699	0.032050	-0.023711	-2.976289
0.162600	-172.339906	-168.253630	340.593537	4.086276	512.933443	1.463886	1.463858	1.460711	0.817369	0.545306	0.152134	0.087720	0.058538	0.016816	-0.023711	-2.976289
0.162800	-172.339906	-168.253630	340.593537	4.086276	512.933443	1.563887	1.563885	1.561536	0.822049	0.548428	0.153013	0.005680	0.003790	0.001417	-0.023711	-2.976289
0.163000	-172.339906	-168.253630	340.593537	4.086276	512.933443	1.663888	1.663913	1.662385	0.818513	0.546068	0.152349	-0.076417	-0.050995	-0.013993	-0.023711	-2.976289
0.163200	-172.339906	-168.253630	340.593537	4.086276	512.933443	1.763888	1.763939	1.763248	0.806796	0.538249	0.150150	-0.157751	-0.105271	-0.029259	-0.023711	-2.976289
0.163400	-172.339906	-168.253630	340.593537	4.086276	512.933443	1.863888	1.863965	1.864118	0.787015	0.525049	0.146437	-0.237508	-0.158495	-0.044229	-0.023711	-2.976289
0.163600	-172.339906	-168.253630	340.593537	4.086276	512.933443	1.963889	1.963991	1.964986	0.759369	0.506600	0.141248	-0.314891	-0.210135	-0.058754	-0.023711	-2.976289
0.163800	-172.339906	-168.253630	340.593537	4.086276	512.933443	2.063890	2.064016	2.065843	0.724133	0.483086	0.134634	-0.389126	-0.259674	-0.072687	-0.023711	-2.976289
0.164000	-172.339906	-168.253630	340.593537	4.086276	512.933443	2.163892	2.164041	2.166681	0.681660	0.454743	0.126662	-0.459471	-0.306617	-0.085891	-0.023711	-2.976289
0.164200	-172.339906	-168.253630	340.593537	4.086276	512.933443	2.263895	2.264065	2.267493	0.632374	0.421854	0.117411	-0.525224	-0.350495	-0.098232	-0.023711	-2.976289
0.164400	-172.339906	-168.253630	340.593537	4.086276	512.933443	2.363899	2.364089	2.368269	0.576769	0.384747	0.106973	-0.585726	-0.390870	-0.109588	-0.023711	-2.976289
0.164600	-172.339906	-168.253630	340.593537	4.086276	512.933443	2.463905	2.464112	2.469004	0.515400	0.343794	0.095454	-0.640373	-0.427337	-0.119845	-0.023711	-2.976289
0.164800	-172.339906	-168.253630	340.593537	4.086276	512.933443	2.563913	2.564136	2.569689	0.448881	0.299404	0.082968	-0.688618	-0.459532	-0.128900	-0.023711	-2.976289
0.165000	-172.339906	-168.253630	340.593537	4.086276	512.933443	2.663923	2.664159	2.670318	0.377876	0.252020	0.069640	-0.729979	-0.487134	-0.136663	-0.023711	-2.976289
0.165200	-172.339906	-168.253630	340.593537	4.086276	512.933443	2.763935	2.764182	2.770885	0.303096	0.202118	0.055603	-0.764043	-0.509866	-0.143056	-0.023711	-2.976289
0.165400	-172.339906	-168.253630	340.593537	4.086276	512.933443	2.863949	2.864205	2.871386	0.225288	0.150194	0.040997	-0.790469	-0.527500	-0.148016	-0.023711	-2.976289
0.165600	-172.339906	-168.253630	340.593537	4.086276	512.933443	2.963966	2.964228	2.971815	0.145230	0.096769	0.025970	-0.808993	-0.539862	-0.151492	-0.023711	-2.976289
0.165800	-172.339906	-168.253630	340.593537	4.086276	512.933443	3.063985	3.064251	3.072169	0.063722	0.042377	0.010670	-0.819429	-0.546826	-0.153450	-0.023711	-2.976289
0.166000	-172.339906	-168.253630	340.593537	4.086276	512.933443	-3.119178	-3.118912	-3.110742	-0.018421	-0.012439	-0.004749	-0.821674	-0.548324	-0.153870	-0.023711	-2.976289
0.166200	-172.339906	-168.253630	340.593537	4.086276	512.933443	-3.019153	-3.018889	-3.010547	-0.100377	-0.067130	-0.020132	-0.815705	-0.544341	-0.152748	-0.023711	-2.976289
0.166400	-172.339906	-168.253630	340.593537	4.086276	512.933443	-2.919125	-2.918866	-2.910435	-0.181327	-0.121150	-0.035327	-0.801581	-0.534915	-0.150096	-0.023711	-2.976289
0.166600	-172.339906	-168.253630	340.593537	4.086276	512.933443	-2.819095	-2.818842	-2.810405	-0.260462	-0.173959	-0.050182	-0.779444	-0.520143	-0.145940	-0.023711	-2.976289
0.166800	-172.339906	-168.253630	340.593537	4.086276	512.933443	-2.719061	-2.718819	-2.710458	-0.336991	-0.225029	-0.064547	-0.749515	-0.500171	-0.140320	-0.023711	-2.976289
0.167000	-172.339906	-168.253630	340.593537	4.086276	512.933443	-2.619025	-2.618795	-2.610592	-0.410148	-0.273849	-0.078279	-0.712093	-0.475198	-0.133295	-0.023711	-2.976289
0.167200	-172.339906	-168.253630	340.593537	4.086276	512.933443	-2.518987	-2.518770	-2.510806	-0.479203	-0.319931	-0.091241	-0.667553	-0.445475	-0.124933	-0.023711	-2.976289
0.167400	-172.339906	-168.253630	340.593537	4.086276	512.933443	-2.418945	-2.418746	-2.411097	-0.543465	-0.362814	-0.103304	-0.616340	-0.411299	-0.115319	-0.023711	-2.976289
0.167600	-172.339906	-168.253630	340.593537	4.086276	512.933443	-2.318902	-2.318721	-2.311463	-0.602291	-0.402071	-0.114346	-0.558965	-0.373012	-0.104548	-0.023711	-2.976289
0.167800	-172.339906	-168.253630	340.593537	4.086276	512.933443	-2.218855	-2.218695	-2.211898	-0.655094	-0.437307	-0.124257	-0.496002	-0.330995	-0.092728	-0.023711	-2.976289
0.168000	-172.339906	-168.253630	340.593537	4.086276	512.933443	-2.118807	-2.118669	-2.112398	-0.701345	-0.468172	-0.132939	-0.428081	-0.285670	-0.079977	-0.023711	-2.976289
0.168200	-172.339906	-168.253630	340.593537	4.086276	512.933443	-2.018757	-2.018642	-2.012958	-0.740583	-0.494356	-0.140304	-0.355881	-0.237489	-0.066423	-0.023711	-2.976289
0.168400	-172.339906	-168.253630	340.593537	4.086276	512.933443	-1.918705	-1.918615	-1.913573	-0.772414	-0.515597	-0.146278	-0.280124	-0.186934	-0.052201	-0.023711	-2.976289
0.168600	-172.339906	-168.253630	340.593537	4.086276	512.933443	-1.818652	-1.818587	-1.814236	-0.796520	-0.531685	-0.150803	-0.201567	-0.134511	-0.037454	-0.023711	-2.976289
0.168800	-172.339906	-168.253630	340.593537	4.086276	512.933443	-1.718597	-1.718558	-1.714940	-0.812662	-0.542456	-0.153833	-0.120995	-0.080743	-0.022329	-0.023711	-2.976289
0.169000	-172.339906	-168.253630	340.593537	4.086276	512.933443	-1.618542	-1.618529	-1.615678	-0.820676	-0.547804	-0.155337	-0.039214	-0.026168	-0.006976	-0.023711	-2.976289
0.169200	-172.339906	-168.253630	340.593537	4.086276	512.933443	-1.518486	-1.518500	-1.516443	-0.820484	-0.547676	-0.155300	0.042959	0.028668	0.008449	-0.023711	-2.976289
0.169400	-172.339906	-168.253630	340.593537	4.086276	512.933443	-1.418429	-1.418470	-1.417227	-0.812087	-0.542072	-0.153724	0.124702	0.083217	0.023795	-0.023711	-2.976289
0.169600	-172.339906	-168.253630	340.593537	4.086276	512.933443	-1.318372	-1.318439	-1.318022	-0.795568	-0.531049	-0.150623	0.205198	0.136933	0.038906	-0.023711	-2.976289
0.169800	-172.339906	-168.253630	340.593537	4.086276	512.933443	-1.218316	-1.218408	-1.218821	-0.771094	-0.514717	-0.146028	0.283641	0.189281	0.053632	-0.023711	-2.976289
0.170000	-172.339906	-168.253630	340.593537	4.086276	512.933443	-1.118259	-1.118376	-1.119616	-0.738909	-0.493239	-0.139986	0.359249	0.239736	0.067825	-0.023711	-2.976289
0.170200	-172.339906	-168.253630	340.593537	4.086276	512.933443	-1.018204	-1.018343	-1.020398	-0.699334	-0.466829	-0.132557	0.431264	0.287793	0.081344	-0.023711	-2.976289
0.170400	-172.339906	-168.253630	340.593537	4.086276	512.933443	-0.918149	-0.918311	-0.921160	-0.652765	-0.435753	-0.123816	0.498968	0.332974	0.094054	-0.023711	-2.976289
0.170600	-172.339906	-168.253630	340.593537	4.086276	512.933443	-0.818095	-0.818277	-0.821894	-0.599669	-0.400320	-0.113848	0.561682	0.374825	0.105828	-0.023711	-2.976289
0.170800	-172.339906	-168.253630	340.593537	4.086276	512.933443	-0.718043	-0.718244	-0.722593	-0.540574	-0.360885	-0.102755	0.618781	0.412928	0.116547	-0.023711	-2.976289
0.171000	-172.339906	-168.253630	340.593537	4.086276	512.933443	-0.617993	-0.618210	-0.623250	-0.476073	-0.317842	-0.090647	0.669693	0.446903	0.126105	-0.023711	-2.976289
0.171200	-172.339906	-168.253630	340.593537	4.086276	512.933443	-0.517944	-0.518176	-0.523858	-0.406811	-0.271621	-0.077646	0.713909	0.476410	0.134406	-0.023711	-2.976289
0.171400	-172.339906	-168.253630	340.593537	4.086276	512.933443	-0.417898	-0.418141	-0.424411	-0.333479	-0.222685	-0.063880	0.750988	0.501153	0.141367	-0.023711	-2.976289
0.171600	-172.339906	-168.253630	340.593537	4.086276	512.933443	-0.317854	-0.318107	-0.324904	-0.256811	-0.171522	-0.049488	0.780558	0.520886	0.146919	-0.023711	-2.976289
0.171800	-172.339906	-168.253630	340.593537	4.086276	512.933443	-0.217812	-0.218072	-0.225330	-0.177573	-0.118645	-0.034614	0.802325	0.535412	0.151005	-0.023711	-2.976289
0.172000	-172.339906	-168.253630	340.593537	4.086276	512.933443	-0.117773	-0.118037	-0.125686	-0.096558	-0.064581	-0.019406	0.816069	0.544584	0.153587	-0.023711	-2.976289
0.172200	-172.339906	-168.253630	340.593537	4.086276	512.933443	-0.017736	-0.018003	-0.025968	-0.014575	-0.009872	-0.004016	0.821655	0.548311	0.154636	-0.023711	-2.976289
0.172400	-172.339906	-168.253630	340.593537	4.086276	512.933443	0.082297	0.082032	0.073828	0.067556	0.044936	0.011401	0.819025	0.546557	0.154144	-0.023711	-2.976289
0.172600	-172.339906	-168.253630	340.593537	4.086276	512.933443	0.182328	0.182067	0.173704	0.149014	0.099295	0.026692	0.808207	0.539337	0.152114	-0.023711	-2.976289
0.172800	-172.339906	-168.253630	340.593537	4.086276	512.933443	0.282357	0.282101	0.273661	0.228985	0.152661	0.041704	0.789309	0.526726	0.148568	-0.023711	-2.976289
0.173000	-172.339906	-168.253630	340.593537	4.086276	512.933443	0.382382	0.382135	0.373701	0.306668	0.204501	0.056286	0.762519	0.508848	0.143540	-0.023711	-2.976289
0.173200	-172.339906	-168.253630	340.593537	4.086276	512.933443	0.482405	0.482169	0.473824	0.381288	0.254297	0.070293	0.728105	0.485883	0.137081	-0.023711	-2.976289
0.173400	-172.339906	-168.253630	340.593537	4.086276	512.933443	0.582425	0.582202	0.574029	0.452098	0.301551	0.083586	0.686412	0.458060	0.129256	-0.023711	-2.976289
0.173600	-172.339906	-168.253630	340.593537	4.086276	512.933443	0.682442	0.682235	0.674314	0.518391	0.345789	0.096030	0.637856	0.425658	0.120142	-0.023711	-2.976289
0.173800	-172.339906	-168.253630	340.593537	4.086276	512.933443	0.782457	0.782268	0.774678	0.579503	0.386571	0.107502	0.582923	0.388999	0.109832	-0.023711	-2.976289
0.174000	-172.339906	-168.253630	340.593537	4.086276	512.933443	0.882469	0.882300	0.875116	0.634824	0.423489	0.117887	0.522161	0.348451	0.098427	-0.023711	-2.976289
0.174200	-172.339906	-168.253630	340.593537	4.086276	512.933443	0.982479	0.982332	0.975625	0.683801	0.456172	0.127081	0.456178	0.304419	0.086043	-0.023711	-2.976289
0.174400	-172.339906	-168.253630	340.593537	4.086276	512.933443	1.082487	1.082363	1.076201	0.725944	0.484295	0.134992	0.385635	0.257344	0.072802	-0.023711	-2.976289
0.174600	-172.339906	-168.253630	340.593537	4.086276	512.933443	1.182494	1.182393	1.176837	0.760832	0.507577	0.141541	0.311235	0.207695	0.058837	-0.023711	-2.976289
0.174800	-172.339906	-168.253630	340.593537	4.086276	512.933443	1.282498	1.282423	1.277529	0.788116	0.525784	0.146663	0.233724	0.155970	0.044288	-0.023711	-2.976289
0.175000	-172.339906	-168.253630	340.593537	4.086276	512.933443	1.382502	1.382452	1.378269	0.807523	0.538735	0.150306	0.153875	0.102685	0.029301	-0.023711	-2.976289
0.175200	-172.339906	-168.253630	340.593537	4.086276	512.933443	1.482504	1.482480	1.479050	0.818859	0.546299	0.152434	0.072488	0.048373	0.014025	-0.023711	-2.976289
0.175400	-172.339906	-168.253630	340.593537	4.086276	512.933443	1.582505	1.582508	1.579865	0.822011	0.548403	0.153026	-0.009625	-0.006423	-0.001388	-0.023711	-2.976289
0.175600	-172.339906	-168.253630	340.593537	4.086276	512.933443	1.682506	1.682536	1.680707	0.816947	0.545024	0.152076	-0.091642	-0.061155	-0.016782	-0.023711	-2.976289
0.175800	-172.339906	-168.253630	340.593537	4.086276	512.933443	1.782506	1.782562	1.781566	0.803718	0.536196	0.149593	-0.172744	-0.115276	-0.032005	-0.023711	-2.976289
0.176000	-172.339906	-168.253630	340.593537	4.086276	512.933443	1.882506	1.882588	1.882434	0.782457	0.522007	0.145602	-0.252119	-0.168245	-0.046904	-0.023711	-2.976289
0.176200	-172.339906	-168.253630	340.593537	4.086276	512.933443	1.982507	1.982614	1.983304	0.753375	0.502600	0.140144	-0.328974	-0.219533	-0.061329	-0.023711	-2.976289
0.176400	-172.339906	-168.253630	340.593537	4.086276	512.933443	2.082508	2.082639	2.084165	0.716763	0.478168	0.133272	-0.402540	-0.268625	-0.075137	-0.023711	-2.976289
0.176600	-172.339906	-168.253630	340.593537	4.086276	512.933443	2.182510	2.182663	2.185011	0.672989	0.448956	0.125055	-0.472083	-0.315033	-0.088190	-0.023711	-2.976289
0.176800	-172.339906	-168.253630	340.593537	4.086276	512.933443	2.282513	2.282687	2.285833	0.622488	0.415256	0.115576	-0.536907	-0.358292	-0.100357	-0.023711	-2.976289
0.177000	-172.339906	-168.253630	340.593537	4.086276	512.933443	2.382517	2.382710	2.386623	0.565766	0.377404	0.104929	-0.596363	-0.397969	-0.111517	-0.023711	-2.976289
0.177200	-172.339906	-168.253630	340.593537	4.086276	512.933443	2.482523	2.482733	2.487373	0.503391	0.335779	0.093221	-0.649859	-0.433667	-0.121558	-0.023711	-2.976289
0.177400	-172.339906	-168.253630	340.593537	4.086276	512.933443	2.582530	2.582756	2.588076	0.435985	0.290798	0.080568	-0.696857	-0.465031	-0.130379	-0.023711	-2.976289
0.177600	-172.339906	-168.253630	340.593537	4.086276	512.933443	2.682540	2.682778	2.688726	0.364223	0.242909	0.067098	-0.736890	-0.491746	-0.137892	-0.023711	-2.976289
0.177800	-172.339906	-168.253630	340.593537	4.086276	512.933443	2.782551	2.782800	2.789316	0.288821	0.192592	0.052945	-0.769556	-0.513545	-0.144023	-0.023711	-2.976289
0.178000	-172.339906	-168.253630	340.593537	4.086276	512.933443	2.882565	2.882822	2.889840	0.210535	0.140349	0.038250	-0.794529	-0.530210	-0.148710	-0.023711	-2.976289
0.178200	-172.339906	-168.253630	340.593537	4.086276	512.933443	2.982581	2.982844	2.990295	0.130146	0.086704	0.023160	-0.811560	-0.541575	-0.151906	-0.023711	-2.976289
0.178400	-172.339906	-168.253630	340.593537	4.086276	512.933443	3.082600	3.082866	3.090675	0.048458	0.032191	0.007827	-0.820478	-0.547526	-0.153579	-0.023711	-2.976289
0.178600	-172.339906	-168.253630	340.593537	4.086276	512.933443	-3.100563	-3.100297	-3.092207	-0.033712	-0.022643	-0.007597	-0.821193	-0.548003	-0.153712	-0.023711	-2.976289
0.178800	-172.339906	-168.253630	340.593537	4.086276	512.933443	-3.000539	-3.000275	-2.991984	-0.115543	-0.077251	-0.022958	-0.813699	-0.543003	-0.152304	-0.023711	-2.976289
0.179000	-172.339906	-168.253630	340.593537	4.086276	512.933443	-2.900512	-2.900253	-2.891842	-0.196216	-0.131086	-0.038101	-0.798072	-0.532574	-0.149369	-0.023711	-2.976289
0.179200	-172.339906	-168.253630	340.593537	4.086276	512.933443	-2.800482	-2.800231	-2.791783	-0.274925	-0.183611	-0.052875	-0.774466	-0.516821	-0.144937	-0.023711	-2.976289
0.179400	-172.339906	-168.253630	340.593537	4.086276	512.933443	-2.700449	-2.700208	-2.691807	-0.350884	-0.234300	-0.067133	-0.743117	-0.495901	-0.139052	-0.023711	-2.976289
0.179600	-172.339906	-168.253630	340.593537	4.086276	512.933443	-2.600414	-2.600185	-2.591913	-0.423332	-0.282647	-0.080732	-0.704341	-0.470025	-0.131772	-0.023711	-2.976289
0.179800	-172.339906	-168.253630	340.593537	4.086276	512.933443	-2.500375	-2.500162	-2.492099	-0.491546	-0.328168	-0.093536	-0.658523	-0.439449	-0.123170	-0.023711	-2.976289
0.180000	-172.339906	-168.253630	340.593537	4.086276	512.933443	-2.400335	-2.400138	-2.392364	-0.554844	-0.370408	-0.105417	-0.606122	-0.404481	-0.113333	-0.023711	-2.976289
0.180200	-172.339906	-168.253630	340.593537	4.086276	512.933443	-2.300291	-2.300114	-2.292703	-0.612592	-0.408945	-0.116257	-0.547663	-0.365469	-0.102358	-0.023711	-2.976289
0.180400	-172.339906	-168.253630	340.593537	4.086276	512.933443	-2.200246	-2.200089	-2.193114	-0.664214	-0.443393	-0.125947	-0.483728	-0.322804	-0.090356	-0.023711	-2.976289
0.180600	-172.339906	-168.253630	340.593537	4.086276	512.933443	-2.100198	-2.100064	-2.093592	-0.709193	-0.473409	-0.134390	-0.414958	-0.276912	-0.077446	-0.023711	-2.976289
0.180800	-172.339906	-168.253630	340.593537	4.086276	512.933443	-2.000148	-2.000038	-1.994132	-0.747080	-0.498691	-0.141501	-0.342041	-0.228253	-0.063757	-0.023711	-2.976289
0.181000	-172.339906	-168.253630	340.593537	4.086276	512.933443	-1.900097	-1.900011	-1.894728	-0.777495	-0.518989	-0.147210	-0.265704	-0.177311	-0.049427	-0.023711	-2.976289
0.181200	-172.339906	-168.253630	340.593537	4.086276	512.933443	-1.800044	-1.799984	-1.795375	-0.800136	-0.534097	-0.151459	-0.186712	-0.124598	-0.034598	-0.023711	-2.976289
0.181400	-172.339906	-168.253630	340.593537	4.086276	512.933443	-1.699990	-1.699956	-1.696065	-0.814775	-0.543866	-0.154207	-0.105853	-0.070639	-0.019419	-0.023711	-2.976289
0.181600	-172.339906	-168.253630	340.593537	4.086276	512.933443	-1.599934	-1.599927	-1.596792	-0.821266	-0.548198	-0.155425	-0.023937	-0.015974	-0.004041	-0.023711	-2.976289
0.181800	-172.339906	-168.253630	340.593537	4.086276	512.933443	-1.499878	-1.499898	-1.497548	-0.819544	-0.547049	-0.155101	0.058218	0.038850	0.011381	-0.023711	-2.976289
0.182000	-172.339906	-168.253630	340.593537	4.086276	512.933443	-1.399822	-1.399867	-1.398326	-0.809627	-0.540431	-0.153240	0.139790	0.093286	0.026694	-0.023711	-2.976289
0.182200	-172.339906	-168.253630	340.593537	4.086276	512.933443	-1.299765	-1.299837	-1.299119	-0.791613	-0.528410	-0.149858	0.219964	0.146788	0.041745	-0.023711	-2.976289
0.182400	-172.339906	-168.253630	340.593537	4.086276	512.933443	-1.199709	-1.199805	-1.199917	-0.765684	-0.511106	-0.144990	0.297939	0.198822	0.056383	-0.023711	-2.976289
0.182600	-172.339906	-168.253630	340.593537	4.086276	512.933443	-1.099652	-1.099773	-1.100714	-0.732097	-0.488693	-0.138685	0.372934	0.248869	0.070462	-0.023711	-2.976289
0.182800	-172.339906	-168.253630	340.593537	4.086276	512.933443	-0.999597	-0.999741	-1.001501	-0.691188	-0.461394	-0.131006	0.444201	0.296426	0.083840	-0.023711	-2.976289
0.183000	-172.339906	-168.253630	340.593537	4.086276	512.933443	-0.899542	-0.899707	-0.902271	-0.643368	-0.429482	-0.122029	0.511026	0.341021	0.096385	-0.023711	-2.976289
0.183200	-172.339906	-168.253630	340.593537	4.086276	512.933443	-0.799488	-0.799674	-0.803016	-0.589113	-0.393276	-0.111844	0.572741	0.382205	0.107971	-0.023711	-2.976289
0.183400	-172.339906	-168.253630	340.593537	4.086276	512.933443	-0.699436	-0.699640	-0.703728	-0.528966	-0.353139	-0.100553	0.628730	0.419568	0.118482	-0.023711	-2.976289
0.183600	-172.339906	-168.253630	340.593537	4.086276	512.933443	-0.599385	-0.599605	-0.604401	-0.463529	-0.309471	-0.088270	0.678433	0.452736	0.127813	-0.023711	-2.976289
0.183800	-172.339906	-168.253630	340.593537	4.086276	512.933443	-0.499336	-0.499570	-0.505027	-0.393455	-0.262709	-0.075116	0.721353	0.481377	0.135870	-0.023711	-2.976289
0.184000	-172.339906	-168.253630	340.593537	4.086276	512.933443	-0.399289	-0.399535	-0.405600	-0.319446	-0.213321	-0.061223	0.757060	0.505206	0.142574	-0.023711	-2.976289
0.184200	-172.339906	-168.253630	340.593537	4.086276	512.933443	-0.299245	-0.299499	-0.306115	-0.242241	-0.161800	-0.046730	0.785199	0.523983	0.147857	-0.023711	-2.976289
0.184400	-172.339906	-168.253630	340.593537	4.086276	512.933443	-0.199203	-0.199464	-0.206565	-0.162612	-0.108661	-0.031782	0.805486	0.537522	0.151666	-0.023711	-2.976289
0.184600	-172.339906	-168.253630	340.593537	4.086276	512.933443	-0.099163	-0.099428	-0.106946	-0.081355	-0.054436	-0.016529	0.817721	0.545686	0.153964	-0.023711	-2.976289
0.184800	-172.339906	-168.253630	340.593537	4.086276	512.933443	0.000874	0.000608	-0.007255	0.000718	0.000333	-0.001123	0.821779	0.548394	0.154727	-0.023711	-2.976289
0.185000	-172.339906	-168.253630	340.593537	4.086276	512.933443	0.100908	0.100643	0.092514	0.082786	0.055099	0.014283	0.817622	0.545620	0.153947	-0.023711	-2.976289
0.185200	-172.339906	-168.253630	340.593537	4.086276	512.933443	0.200940	0.200679	0.192361	0.164028	0.109314	0.029534	0.805290	0.537390	0.151634	-0.023711	-2.976289
0.185400	-172.339906	-168.253630	340.593537	4.086276	512.933443	0.300969	0.300714	0.292290	0.243633	0.162437	0.044477	0.784906	0.523788	0.147808	-0.023711	-2.976289
0.185600	-172.339906	-168.253630	340.593537	4.086276	512.933443	0.400995	0.400749	0.392301	0.320805	0.213935	0.058963	0.756675	0.504949	0.142510	-0.023711	-2.976289
0.185800	-172.339906	-168.253630	340.593537	4.086276	512.933443	0.501018	0.500784	0.492394	0.394771	0.263295	0.072848	0.720879	0.481061	0.135792	-0.023711	-2.976289
0.186000	-172.339906	-168.253630	340.593537	4.086276	512.933443	0.601038	0.600819	0.592570	0.464793	0.310022	0.085992	0.677875	0.452363	0.127721	-0.023711	-2.976289
0.186200	-172.339906	-168.253630	340.593537	4.086276	512.933443	0.701056	0.700853	0.692828	0.530171	0.353650	0.098265	0.628093	0.419143	0.118377	-0.023711	-2.976289
0.186400	-172.339906	-168.253630	340.593537	4.086276	512.933443	0.801071	0.800886	0.793164	0.590250	0.393743	0.109543	0.572032	0.381731	0.107855	-0.023711	-2.976289
0.186600	-172.339906	-168.253630	340.593537	4.086276	512.933443	0.901084	0.900919	0.893576	0.644431	0.429899	0.119714	0.510251	0.340503	0.096259	-0.023711	-2.976289
0.186800	-172.339906	-168.253630	340.593537	4.086276	512.933443	1.001095	1.000951	0.994061	0.692171	0.461757	0.128676	0.443368	0.295871	0.083705	-0.023711	-2.976289
0.187000	-172.339906	-168.253630	340.593537	4.086276	512.933443	1.101104	1.100983	1.094613	0.732994	0.489000	0.136339	0.372053	0.248280	0.070319	-0.023711	-2.976289
0.187200	-172.339906	-168.253630	340.593537	4.086276	512.933443	1.201110	1.201014	1.195229	0.766491	0.511353	0.142627	0.297017	0.198207	0.056235	-0.023711	-2.976289
0.187400	-172.339906	-168.253630	340.593537	4.086276	512.933443	1.301115	1.301045	1.295902	0.792327	0.528594	0.147477	0.219011	0.146152	0.041594	-0.023711	-2.976289
0.187600	-172.339906	-168.253630	340.593537	4.086276	512.933443	1.401119	1.401074	1.396626	0.810245	0.540551	0.150841	0.138815	0.092635	0.026541	-0.023711	-2.976289
0.187800	-172.339906	-168.253630	340.593537	4.086276	512.933443	1.501121	1.501103	1.497393	0.820064	0.547104	0.152685	0.057230	0.038191	0.011228	-0.023711	-2.976289
0.188000	-172.339906	-168.253630	340.593537	4.086276	512.933443	1.601123	1.601131	1.598198	0.821687	0.548187	0.152990	-0.024927	-0.016634	-0.004193	-0.023711	-2.976289
0.188200	-172.339906	-168.253630	340.593537	4.086276	512.933443	1.701124	1.701159	1.699031	0.815098	0.543790	0.151753	-0.106835	-0.071294	-0.019567	-0.023711	-2.976289
0.188400	-172.339906	-168.253630	340.593537	4.086276	512.933443	1.801124	1.801185	1.799884	0.800362	0.533956	0.148988	-0.187676	-0.125241	-0.034741	-0.023711	-2.976289
0.188600	-172.339906	-168.253630	340.593537	4.086276	512.933443	1.901125	1.901211	1.900750	0.777627	0.518784	0.144720	-0.266642	-0.177937	-0.049563	-0.023711	-2.976289
0.188800	-172.339906	-168.253630	340.593537	4.086276	512.933443	2.001125	2.001237	2.001620	0.747119	0.498426	0.138994	-0.342942	-0.228854	-0.063884	-0.023711	-2.976289
0.189000	-172.339906	-168.253630	340.593537	4.086276	512.933443	2.101126	2.101261	2.102486	0.709145	0.473085	0.131866	-0.415815	-0.277484	-0.077562	-0.023711	-2.976289
0.189200	-172.339906	-168.253630	340.593537	4.086276	512.933443	2.201128	2.201285	2.203338	0.664084	0.443014	0.123408	-0.484531	-0.323340	-0.090460	-0.023711	-2.976289
0.189400	-172.339906	-168.253630	340.593537	4.086276	512.933443	2.301131	2.301309	2.304170	0.612385	0.408514	0.113704	-0.548404	-0.365964	-0.102449	-0.023711	-2.976289
0.189600	-172.339906	-168.253630	340.593537	4.086276	512.933443	2.401135	2.401332	2.404972	0.554567	0.369931	0.102851	-0.606794	-0.404929	-0.113408	-0.023711	-2.976289
0.189800	-172.339906	-168.253630	340.593537	4.086276	512.933443	2.501140	2.501354	2.505737	0.491207	0.327649	0.090958	-0.659119	-0.439847	-0.123229	-0.023711	-2.976289
0.190000	-172.339906	-168.253630	340.593537	4.086276	512.933443	2.601148	2.601376	2.606457	0.422938	0.282091	0.078144	-0.704855	-0.470368	-0.131813	-0.023711	-2.976289
0.190200	-172.339906	-168.253630	340.593537	4.086276	512.933443	2.701157	2.701398	2.707126	0.350443	0.233713	0.064536	-0.743545	-0.496187	-0.139075	-0.023711	-2.976289
0.190400	-172.339906	-168.253630	340.593537	4.086276	512.933443	2.801168	2.801419	2.807738	0.274447	0.182999	0.050271	-0.774803	-0.517046	-0.144941	-0.023711	-2.976289
0.190600	-172.339906	-168.253630	340.593537	4.086276	512.933443	2.901181	2.901440	2.908286	0.195709	0.130455	0.035492	-0.798314	-0.532736	-0.149354	-0.023711	-2.976289
0.190800	-172.339906	-168.253630	340.593537	4.086276	512.933443	3.001197	3.001461	3.008766	0.115017	0.076608	0.020345	-0.813846	-0.543100	-0.152268	-0.023711	-2.976289
0.191000	-172.339906	-168.253630	340.593537	4.086276	512.933443	3.101216	3.101482	3.109173	0.033177	0.021994	0.004983	-0.821242	-0.548036	-0.153655	-0.023711	-2.976289
0.191200	-172.339906	-168.253630	340.593537	4.086276	512.933443	-3.081948	-3.081683	-3.073682	-0.048992	-0.032840	-0.010440	-0.820428	-0.547493	-0.153501	-0.023711	-2.976289
0.191400	-172.339906	-168.253630	340.593537	4.086276	512.933443	-2.981925	-2.981662	-2.973430	-0.130669	-0.087345	-0.025772	-0.811412	-0.541476	-0.151808	-0.023711	-2.976289
0.191600	-172.339906	-168.253630	340.593537	4.086276	512.933443	-2.881898	-2.881641	-2.873260	-0.211037	-0.140977	-0.040858	-0.794286	-0.530047	-0.148592	-0.023711	-2.976289
0.191800	-172.339906	-168.253630	340.593537	4.086276	512.933443	-2.781869	-2.781619	-2.773172	-0.289294	-0.193199	-0.055547	-0.769219	-0.513320	-0.143886	-0.023711	-2.976289
0.192000	-172.339906	-168.253630	340.593537	4.086276	512.933443	-2.681836	-2.681598	-2.673167	-0.364656	-0.243490	-0.069693	-0.736462	-0.491460	-0.137736	-0.023711	-2.976289
0.192200	-172.339906	-168.253630	340.593537	4.086276	512.933443	-2.581801	-2.581576	-2.573244	-0.436370	-0.291347	-0.083154	-0.696344	-0.464688	-0.130204	-0.023711	-2.976289
0.192400	-172.339906	-168.253630	340.593537	4.086276	512.933443	-2.481764	-2.481553	-2.473402	-0.503720	-0.336291	-0.095796	-0.649265	-0.433271	-0.121366	-0.023711	-2.976289
0.192600	-172.339906	-168.253630	340.593537	4.086276	512.933443	-2.381724	-2.381531	-2.373639	-0.566031	-0.377873	-0.107492	-0.595695	-0.397523	-0.111309	-0.023711	-2.976289
0.192800	-172.339906	-168.253630	340.593537	4.086276	512.933443	-2.281681	-2.281507	-2.273952	-0.622681	-0.415677	-0.118125	-0.536171	-0.357800	-0.100135	-0.023711	-2.976289
0.193000	-172.339906	-168.253630	340.593537	4.086276	512.933443	-2.181636	-2.181483	-2.174339	-0.673104	-0.449326	-0.127590	-0.471287	-0.314502	-0.087954	-0.023711	-2.976289
0.193200	-172.339906	-168.253630	340.593537	4.086276	512.933443	-2.081589	-2.081458	-2.074794	-0.716795	-0.478482	-0.135791	-0.401692	-0.268059	-0.074889	-0.023711	-2.976289
0.193400	-172.339906	-168.253630	340.593537	4.086276	512.933443	-1.981539	-1.981433	-1.975312	-0.753318	-0.502855	-0.142646	-0.328081	-0.218937	-0.061071	-0.023711	-2.976289
0.193600	-172.339906	-168.253630	340.593537	4.086276	512.933443	-1.881488	-1.881407	-1.875889	-0.782308	-0.522200	-0.148088	-0.251192	-0.167627	-0.046637	-0.023711	-2.976289
0.193800	-172.339906	-168.253630	340.593537	4.086276	512.933443	-1.781436	-1.781380	-1.776519	-0.803474	-0.536325	-0.152060	-0.171792	-0.114641	-0.031731	-0.023711	-2.976289
0.194000	-172.339906	-168.253630	340.593537	4.086276	512.933443	-1.681382	-1.681353	-1.677194	-0.816606	-0.545088	-0.154525	-0.090675	-0.060510	-0.016503	-0.023711	-2.976289
0.194200	-172.339906	-168.253630	340.593537	4.086276	512.933443	-1.581327	-1.581324	-1.577909	-0.821571	-0.548402	-0.155456	-0.008652	-0.005774	-0.001106	-0.023711	-2.976289
0.194400	-172.339906	-168.253630	340.593537	4.086276	512.933443	-1.481271	-1.481295	-1.478656	-0.818321	-0.546233	-0.154846	0.073457	0.049019	0.014308	-0.023711	-2.976289
0.194600	-172.339906	-168.253630	340.593537	4.086276	512.933443	-1.381215	-1.381265	-1.379427	-0.806887	-0.538603	-0.152699	0.154830	0.103322	0.029584	-0.023711	-2.976289
0.194800	-172.339906	-168.253630	340.593537	4.086276	512.933443	-1.281158	-1.281234	-1.280216	-0.787385	-0.525588	-0.149038	0.234655	0.156591	0.044569	-0.023711	-2.976289
0.195000	-172.339906	-168.253630	340.593537	4.086276	512.933443	-1.181102	-1.181203	-1.181013	-0.760008	-0.507319	-0.143898	0.312134	0.208295	0.059114	-0.023711	-2.976289
0.195200	-172.339906	-168.253630	340.593537	4.086276	512.933443	-1.081045	-1.081171	-1.081811	-0.725031	-0.483978	-0.137332	0.386491	0.257915	0.073073	-0.023711	-2.976289
0.195400	-172.339906	-168.253630	340.593537	4.086276	512.933443	-0.980990	-0.981138	-0.982603	-0.682803	-0.455798	-0.129405	0.456984	0.304957	0.086306	-0.023711	-2.976289
0.195600	-172.339906	-168.253630	340.593537	4.086276	512.933443	-0.880935	-0.881104	-0.883380	-0.633747	-0.423062	-0.120196	0.522907	0.348949	0.098682	-0.023711	-2.976289
0.195800	-172.339906	-168.253630	340.593537	4.086276	512.933443	-0.780881	-0.781070	-0.784134	-0.578353	-0.386096	-0.109798	0.583602	0.389453	0.110076	-0.023711	-2.976289
0.196000	-172.339906	-168.253630	340.593537	4.086276	512.933443	-0.680828	-0.681036	-0.684859	-0.517175	-0.345270	-0.098314	0.638462	0.426062	0.120375	-0.023711	-2.976289
0.196200	-172.339906	-168.253630	340.593537	4.086276	512.933443	-0.580777	-0.581000	-0.585546	-0.450824	-0.300993	-0.085858	0.686938	0.458412	0.129475	-0.023711	-2.976289
0.196400	-172.339906	-168.253630	340.593537	4.086276	512.933443	-0.480728	-0.480965	-0.486190	-0.379964	-0.253706	-0.072556	0.728547	0.486178	0.137287	-0.023711	-2.976289
0.196600	-172.339906	-168.253630	340.593537	4.086276	512.933443	-0.380681	-0.380929	-0.386782	-0.305303	-0.203883	-0.058541	0.762870	0.509083	0.143731	-0.023711	-2.976289
0.196800	-172.339906	-168.253630	340.593537	4.086276	512.933443	-0.280636	-0.280892	-0.287318	-0.227587	-0.152021	-0.043953	0.789567	0.526898	0.148743	-0.023711	-2.976289
0.197000	-172.339906	-168.253630	340.593537	4.086276	512.933443	-0.180594	-0.180856	-0.187791	-0.147594	-0.098640	-0.028937	0.808369	0.539445	0.152273	-0.023711	-2.976289
0.197200	-172.339906	-168.253630	340.593537	4.086276	512.933443	-0.080554	-0.080819	-0.088197	-0.066124	-0.044272	-0.013643	0.819089	0.546599	0.154287	-0.023711	-2.976289
0.197400	-172.339906	-168.253630	340.593537	4.086276	512.933443	0.019484	0.019218	0.011468	0.016010	0.010538	0.001775	0.821620	0.548288	0.154763	-0.023711	-2.976289
0.197600	-172.339906	-168.253630	340.593537	4.086276	512.933443	0.119519	0.119254	0.111209	0.097987	0.065243	0.017163	0.815935	0.544494	0.153697	-0.023711	-2.976289
0.197800	-172.339906	-168.253630	340.593537	4.086276	512.933443	0.219551	0.219291	0.211028	0.178985	0.119295	0.032368	0.802093	0.535257	0.151100	-0.023711	-2.976289
0.198000	-172.339906	-168.253630	340.593537	4.086276	512.933443	0.319580	0.319327	0.310928	0.258197	0.172155	0.047238	0.780232	0.520669	0.146997	-0.023711	-2.976289
0.198200	-172.339906	-168.253630	340.593537	4.086276	512.933443	0.419607	0.419363	0.410910	0.334830	0.223294	0.061623	0.750569	0.500874	0.141430	-0.023711	-2.976289
0.198400	-172.339906	-168.253630	340.593537	4.086276	512.933443	0.519631	0.519399	0.510975	0.408117	0.272201	0.075380	0.713402	0.476072	0.134454	-0.023711	-2.976289
0.198600	-172.339906	-168.253630	340.593537	4.086276	512.933443	0.619652	0.619435	0.611122	0.477327	0.318386	0.088372	0.669103	0.446509	0.126140	-0.023711	-2.976289
0.198800	-172.339906	-168.253630	340.593537	4.086276	512.933443	0.719670	0.719470	0.711351	0.541766	0.361388	0.100469	0.618113	0.412483	0.116569	-0.023711	-2.976289
0.199000	-172.339906	-168.253630	340.593537	4.086276	512.933443	0.819686	0.819504	0.811659	0.600792	0.400778	0.111549	0.560943	0.374332	0.105839	-0.023711	-2.976289
0.199200	-172.339906	-168.253630	340.593537	4.086276	512.933443	0.919699	0.919538	0.912045	0.653813	0.436160	0.121502	0.498165	0.332438	0.094056	-0.023711	-2.976289
0.199400	-172.339906	-168.253630	340.593537	4.086276	512.933443	1.019710	1.019571	1.012505	0.700301	0.467182	0.130229	0.430405	0.287220	0.081337	-0.023711	-2.976289
0.199600	-172.339906	-168.253630	340.593537	4.086276	512.933443	1.119720	1.119604	1.113034	0.739789	0.493534	0.137642	0.358342	0.239131	0.067811	-0.023711	-2.976289
0.199800	-172.339906	-168.253630	340.593537	4.086276	512.933443	1.219727	1.219635	1.213628	0.771884	0.514952	0.143667	0.282696	0.188650	0.053613	-0.023711	-2.976289
0.200000	-172.339906	-168.253630	340.593537	4.086276	512.933443	1.319732	1.319666	1.314282	0.796264	0.531221	0.148244	0.204222	0.136283	0.038883	-0.023711	-2.976289
