#model:pConst	end_point_b=0.20
#t	l_1	l_2	l_3	l_2-l_1	l_3-l_1	phase_1	phase_2	phase_3	RePsi_1	RePsi_2	RePsi_3	ImPsi_1	ImPsi_2	ImPsi_3
0.100200	-503.281098	-325.293084	828.574181	177.988014	1331.855279	1.670798	1.673453	1.757575	0.817852	0.545554	0.150941	-0.082060	-0.056202	-0.028525	-0.353655	-2.646345
0.100400	-503.281098	-325.293084	828.574181	177.988014	1331.855279	1.770810	1.776095	1.942826	0.805229	0.536909	0.144885	-0.163240	-0.111802	-0.056534	-0.353655	-2.646345
0.100600	-503.281098	-325.293084	828.574181	177.988014	1331.855279	1.870843	1.878706	2.125165	0.784347	0.522607	0.134895	-0.242667	-0.166202	-0.083518	-0.353655	-2.646345
0.100800	-503.281098	-325.293084	828.574181	177.988014	1331.855279	1.970907	1.981272	2.303472	0.755435	0.502806	0.121125	-0.319491	-0.218819	-0.108982	-0.353655	-2.646345
0.101000	-503.281098	-325.293084	828.574181	177.988014	1331.855279	2.071012	2.083778	2.476946	0.718812	0.477724	0.103787	-0.392890	-0.269092	-0.132453	-0.353655	-2.646345
0.101200	-503.281098	-325.293084	828.574181	177.988014	1331.855279	2.171168	2.186212	2.645112	0.674883	0.447638	0.083150	-0.462081	-0.316484	-0.153486	-0.353655	-2.646345
0.101400	-503.281098	-325.293084	828.574181	177.988014	1331.855279	2.271385	2.288560	2.807783	0.624132	0.412878	0.059533	-0.526328	-0.360492	-0.171671	-0.353655	-2.646345
0.101600	-503.281098	-325.293084	828.574181	177.988014	1331.855279	2.371672	2.390811	2.964998	0.567118	0.373828	0.033306	-0.584951	-0.400649	-0.186637	-0.353655	-2.646345
0.101800	-503.281098	-325.293084	828.574181	177.988014	1331.855279	2.472038	2.492955	3.116961	0.504467	0.330917	0.004880	-0.637333	-0.436533	-0.198061	-0.353655	-2.646345
0.102000	-503.281098	-325.293084	828.574181	177.988014	1331.855279	2.572492	2.594983	-3.019205	0.436869	0.284615	-0.025298	-0.682928	-0.467771	-0.205667	-0.353655	-2.646345
0.102200	-503.281098	-325.293084	828.574181	177.988014	1331.855279	2.673042	2.696887	-2.876762	0.365064	0.235431	-0.056745	-0.721266	-0.494040	-0.209238	-0.353655	-2.646345
0.102400	-503.281098	-325.293084	828.574181	177.988014	1331.855279	2.773695	2.798661	-2.738509	0.289839	0.183901	-0.088959	-0.751957	-0.515074	-0.208612	-0.353655	-2.646345
0.102600	-503.281098	-325.293084	828.574181	177.988014	1331.855279	2.874460	2.900301	-2.604060	0.212015	0.130590	-0.121415	-0.774700	-0.530665	-0.203688	-0.353655	-2.646345
0.102800	-503.281098	-325.293084	828.574181	177.988014	1331.855279	2.975341	3.001802	-2.473043	0.132441	0.076076	-0.153579	-0.789279	-0.540667	-0.194429	-0.353655	-2.646345
0.103000	-503.281098	-325.293084	828.574181	177.988014	1331.855279	3.076347	3.103165	-2.345114	0.051982	0.020953	-0.184914	-0.795573	-0.544995	-0.180861	-0.353655	-2.646345
0.103200	-503.281098	-325.293084	828.574181	177.988014	1331.855279	-3.105705	-3.078795	-2.219958	-0.028491	-0.034183	-0.214887	-0.793549	-0.543627	-0.163074	-0.353655	-2.646345
0.103400	-503.281098	-325.293084	828.574181	177.988014	1331.855279	-3.004437	-2.977707	-2.097289	-0.108109	-0.088738	-0.242973	-0.783271	-0.536606	-0.141220	-0.353655	-2.646345
0.103600	-503.281098	-325.293084	828.574181	177.988014	1331.855279	-2.903031	-2.876752	-1.976850	-0.186016	-0.142125	-0.268670	-0.764890	-0.524036	-0.115514	-0.353655	-2.646345
0.103800	-503.281098	-325.293084	828.574181	177.988014	1331.855279	-2.801484	-2.775924	-1.858413	-0.261379	-0.193774	-0.291498	-0.738651	-0.506084	-0.086231	-0.353655	-2.646345
0.104000	-503.281098	-325.293084	828.574181	177.988014	1331.855279	-2.699792	-2.675216	-1.741774	-0.333396	-0.243136	-0.311011	-0.704881	-0.482973	-0.053700	-0.353655	-2.646345
0.104200	-503.281098	-325.293084	828.574181	177.988014	1331.855279	-2.597955	-2.574620	-1.626754	-0.401307	-0.289691	-0.326801	-0.663993	-0.454985	-0.018306	-0.353655	-2.646345
0.104400	-503.281098	-325.293084	828.574181	177.988014	1331.855279	-2.495970	-2.474126	-1.513192	-0.464402	-0.332953	-0.338505	-0.616474	-0.422454	0.019521	-0.353655	-2.646345
0.104600	-503.281098	-325.293084	828.574181	177.988014	1331.855279	-2.393837	-2.373722	-1.400948	-0.522026	-0.372472	-0.345809	-0.562884	-0.385763	0.059307	-0.353655	-2.646345
0.104800	-503.281098	-325.293084	828.574181	177.988014	1331.855279	-2.291556	-2.273395	-1.289894	-0.573591	-0.407846	-0.348456	-0.503850	-0.345340	0.100540	-0.353655	-2.646345
0.105000	-503.281098	-325.293084	828.574181	177.988014	1331.855279	-2.189128	-2.173131	-1.179922	-0.618579	-0.438721	-0.346247	-0.440053	-0.301651	0.142681	-0.353655	-2.646345
0.105200	-503.281098	-325.293084	828.574181	177.988014	1331.855279	-2.086554	-2.072914	-1.070930	-0.656547	-0.464793	-0.339045	-0.372224	-0.255197	0.185162	-0.353655	-2.646345
0.105400	-503.281098	-325.293084	828.574181	177.988014	1331.855279	-1.983835	-1.972728	-0.962831	-0.687138	-0.485815	-0.326779	-0.301138	-0.206506	0.227403	-0.353655	-2.646345
0.105600	-503.281098	-325.293084	828.574181	177.988014	1331.855279	-1.880975	-1.872554	-0.855547	-0.710074	-0.501600	-0.309443	-0.227596	-0.156129	0.268813	-0.353655	-2.646345
0.105800	-503.281098	-325.293084	828.574181	177.988014	1331.855279	-1.777976	-1.772373	-0.749008	-0.725170	-0.512018	-0.287103	-0.152428	-0.104632	0.308797	-0.353655	-2.646345
0.106000	-503.281098	-325.293084	828.574181	177.988014	1331.855279	-1.674842	-1.672165	-0.643150	-0.732328	-0.517002	-0.259888	-0.076472	-0.052588	0.346771	-0.353655	-2.646345
0.106200	-503.281098	-325.293084	828.574181	177.988014	1331.855279	-1.571576	-1.571910	-0.537918	-0.731539	-0.516547	-0.227998	-0.000570	-0.000575	0.382160	-0.353655	-2.646345
0.106400	-503.281098	-325.293084	828.574181	177.988014	1331.855279	-1.468181	-1.471585	-0.433260	-0.722887	-0.510708	-0.191696	0.074440	0.050835	0.414413	-0.353655	-2.646345
0.106600	-503.281098	-325.293084	828.574181	177.988014	1331.855279	-1.364664	-1.371167	-0.329132	-0.706542	-0.499601	-0.151312	0.147740	0.101081	0.443009	-0.353655	-2.646345
0.106800	-503.281098	-325.293084	828.574181	177.988014	1331.855279	-1.261026	-1.270634	-0.225492	-0.682761	-0.483402	-0.107232	0.218534	0.149620	0.467459	-0.353655	-2.646345
0.107000	-503.281098	-325.293084	828.574181	177.988014	1331.855279	-1.157274	-1.169961	-0.122303	-0.651883	-0.462341	-0.059900	0.286063	0.195930	0.487320	-0.353655	-2.646345
0.107200	-503.281098	-325.293084	828.574181	177.988014	1331.855279	-1.053410	-1.069124	-0.019532	-0.614324	-0.436704	-0.009810	0.349610	0.239522	0.502197	-0.353655	-2.646345
0.107400	-503.281098	-325.293084	828.574181	177.988014	1331.855279	-0.949439	-0.968098	0.082853	-0.570575	-0.406826	0.042497	0.408509	0.279939	0.511748	-0.353655	-2.646345
0.107600	-503.281098	-325.293084	828.574181	177.988014	1331.855279	-0.845365	-0.866859	0.184878	-0.521192	-0.373085	0.096442	0.462153	0.316765	0.515693	-0.353655	-2.646345
0.107800	-503.281098	-325.293084	828.574181	177.988014	1331.855279	-0.741190	-0.765379	0.286569	-0.466791	-0.335905	0.151411	0.510001	0.349630	0.513815	-0.353655	-2.646345
0.108000	-503.281098	-325.293084	828.574181	177.988014	1331.855279	-0.636917	-0.663634	0.387949	-0.408040	-0.295741	0.206768	0.551582	0.378212	0.505965	-0.353655	-2.646345
0.108200	-503.281098	-325.293084	828.574181	177.988014	1331.855279	-0.532549	-0.561599	0.489039	-0.345652	-0.253080	0.261854	0.586502	0.402238	0.492065	-0.353655	-2.646345
0.108400	-503.281098	-325.293084	828.574181	177.988014	1331.855279	-0.428086	-0.459247	0.589859	-0.280375	-0.208434	0.316005	0.614445	0.421495	0.472107	-0.353655	-2.646345
0.108600	-503.281098	-325.293084	828.574181	177.988014	1331.855279	-0.323530	-0.356554	0.690425	-0.212984	-0.162333	0.368551	0.635182	0.435823	0.446160	-0.353655	-2.646345
0.108800	-503.281098	-325.293084	828.574181	177.988014	1331.855279	-0.218878	-0.253495	0.790755	-0.144269	-0.115317	0.418829	0.648567	0.445122	0.414365	-0.353655	-2.646345
0.109000	-503.281098	-325.293084	828.574181	177.988014	1331.855279	-0.114132	-0.150046	0.890864	-0.075030	-0.067934	0.466190	0.654541	0.449351	0.376938	-0.353655	-2.646345
0.109200	-503.281098	-325.293084	828.574181	177.988014	1331.855279	-0.009286	-0.046183	0.990764	-0.006065	-0.020729	0.510007	0.653133	0.448529	0.334164	-0.353655	-2.646345
0.109400	-503.281098	-325.293084	828.574181	177.988014	1331.855279	0.095662	0.058115	1.090469	0.061839	0.025759	0.549684	0.644455	0.442733	0.286400	-0.353655	-2.646345
0.109600	-503.281098	-325.293084	828.574181	177.988014	1331.855279	0.200717	0.162872	1.189991	0.127915	0.071006	0.584661	0.628706	0.432097	0.234067	-0.353655	-2.646345
0.109800	-503.281098	-325.293084	828.574181	177.988014	1331.855279	0.305887	0.268106	1.289341	0.191426	0.114507	0.614425	0.606165	0.416811	0.177649	-0.353655	-2.646345
0.110000	-503.281098	-325.293084	828.574181	177.988014	1331.855279	0.411178	0.373836	1.388528	0.251672	0.155783	0.638512	0.577185	0.397118	0.117687	-0.353655	-2.646345
0.110200	-503.281098	-325.293084	828.574181	177.988014	1331.855279	0.516601	0.480079	1.487562	0.307998	0.194386	0.656518	0.542196	0.373309	0.054771	-0.353655	-2.646345
0.110400	-503.281098	-325.293084	828.574181	177.988014	1331.855279	0.622166	0.586850	1.586452	0.359804	0.229906	0.668100	0.501691	0.345721	-0.010460	-0.353655	-2.646345
0.110600	-503.281098	-325.293084	828.574181	177.988014	1331.855279	0.727886	0.694162	1.685205	0.406549	0.261970	0.672987	0.456224	0.314733	-0.077334	-0.353655	-2.646345
0.110800	-503.281098	-325.293084	828.574181	177.988014	1331.855279	0.833775	0.802024	1.783831	0.447757	0.290254	0.670977	0.406403	0.280760	-0.145144	-0.353655	-2.646345
0.111000	-503.281098	-325.293084	828.574181	177.988014	1331.855279	0.939849	0.910445	1.882335	0.483023	0.314481	0.661945	0.352880	0.244247	-0.213162	-0.353655	-2.646345
0.111200	-503.281098	-325.293084	828.574181	177.988014	1331.855279	1.046126	1.019429	1.980724	0.512019	0.334424	0.645843	0.296346	0.205667	-0.280648	-0.353655	-2.646345
0.111400	-503.281098	-325.293084	828.574181	177.988014	1331.855279	1.152625	1.128979	2.079004	0.534495	0.349912	0.622705	0.237519	0.165509	-0.346852	-0.353655	-2.646345
0.111600	-503.281098	-325.293084	828.574181	177.988014	1331.855279	1.259367	1.239094	2.177182	0.550281	0.360830	0.592643	0.177138	0.124280	-0.411029	-0.353655	-2.646345
0.111800	-503.281098	-325.293084	828.574181	177.988014	1331.855279	1.366375	1.349769	2.275262	0.559291	0.367116	0.555848	0.115951	0.082490	-0.472444	-0.353655	-2.646345
0.112000	-503.281098	-325.293084	828.574181	177.988014	1331.855279	1.473673	1.460999	2.373251	0.561522	0.368768	0.512593	0.054709	0.040653	-0.530384	-0.353655	-2.646345
0.112200	-503.281098	-325.293084	828.574181	177.988014	1331.855279	1.581288	1.572772	2.471152	0.557052	0.365838	0.463224	-0.005845	-0.000723	-0.584161	-0.353655	-2.646345
0.112400	-503.281098	-325.293084	828.574181	177.988014	1331.855279	1.689248	1.685076	2.568970	0.546041	0.358437	0.408162	-0.064983	-0.041141	-0.633128	-0.353655	-2.646345
0.112600	-503.281098	-325.293084	828.574181	177.988014	1331.855279	1.797582	1.797894	2.666709	0.528727	0.346724	0.347897	-0.122006	-0.080122	-0.676678	-0.353655	-2.646345
0.112800	-503.281098	-325.293084	828.574181	177.988014	1331.855279	1.906321	1.911209	2.764375	0.505423	0.330914	0.282982	-0.176246	-0.117210	-0.714258	-0.353655	-2.646345
0.113000	-503.281098	-325.293084	828.574181	177.988014	1331.855279	2.015499	2.024999	2.861970	0.476511	0.311267	0.214031	-0.227076	-0.151976	-0.745373	-0.353655	-2.646345
0.113200	-503.281098	-325.293084	828.574181	177.988014	1331.855279	2.125149	2.139242	2.959497	0.442440	0.288089	0.141709	-0.273919	-0.184025	-0.769593	-0.353655	-2.646345
0.113400	-503.281098	-325.293084	828.574181	177.988014	1331.855279	2.235307	2.253914	3.056962	0.403716	0.261726	0.066727	-0.316254	-0.213001	-0.786558	-0.353655	-2.646345
0.113600	-503.281098	-325.293084	828.574181	177.988014	1331.855279	2.346010	2.368990	-3.128819	0.360900	0.232560	-0.010168	-0.353622	-0.238588	-0.795984	-0.353655	-2.646345
0.113800	-503.281098	-325.293084	828.574181	177.988014	1331.855279	2.457295	2.484443	-3.031472	0.314595	0.201003	-0.088196	-0.385630	-0.260519	-0.797665	-0.353655	-2.646345
0.114000	-503.281098	-325.293084	828.574181	177.988014	1331.855279	2.569200	2.600249	-2.934179	0.265443	0.167494	-0.166558	-0.411955	-0.278573	-0.791476	-0.353655	-2.646345
0.114200	-503.281098	-325.293084	828.574181	177.988014	1331.855279	2.681764	2.716382	-2.836938	0.214116	0.132491	-0.244442	-0.432352	-0.292580	-0.777378	-0.353655	-2.646345
0.114400	-503.281098	-325.293084	828.574181	177.988014	1331.855279	2.795026	2.832820	-2.739744	0.161305	0.096466	-0.321033	-0.446651	-0.302424	-0.755418	-0.353655	-2.646345
0.114600	-503.281098	-325.293084	828.574181	177.988014	1331.855279	2.909025	2.949540	-2.642597	0.107712	0.059899	-0.395519	-0.454762	-0.308043	-0.725725	-0.353655	-2.646345
0.114800	-503.281098	-325.293084	828.574181	177.988014	1331.855279	3.023798	3.066524	-2.545493	0.054044	0.023272	-0.467106	-0.456673	-0.309428	-0.688515	-0.353655	-2.646345
0.115000	-503.281098	-325.293084	828.574181	177.988014	1331.855279	3.139382	-3.099429	-2.448431	0.001000	-0.012936	-0.535022	-0.452453	-0.306626	-0.644088	-0.353655	-2.646345
0.115200	-503.281098	-325.293084	828.574181	177.988014	1331.855279	-3.027373	-2.981962	-2.351407	-0.050734	-0.048257	-0.598527	-0.442247	-0.299736	-0.592823	-0.353655	-2.646345
0.115400	-503.281098	-325.293084	828.574181	177.988014	1331.855279	-2.910066	-2.864269	-2.254420	-0.100497	-0.082240	-0.656921	-0.426277	-0.288907	-0.535175	-0.353655	-2.646345
0.115600	-503.281098	-325.293084	828.574181	177.988014	1331.855279	-2.791852	-2.746353	-2.157467	-0.147658	-0.114453	-0.709555	-0.404835	-0.274341	-0.471673	-0.353655	-2.646345
0.115800	-503.281098	-325.293084	828.574181	177.988014	1331.855279	-2.672706	-2.628213	-2.060548	-0.191626	-0.144493	-0.755834	-0.378284	-0.256282	-0.402911	-0.353655	-2.646345
0.116000	-503.281098	-325.293084	828.574181	177.988014	1331.855279	-2.552608	-2.509846	-1.963658	-0.231857	-0.171987	-0.795227	-0.347047	-0.235021	-0.329545	-0.353655	-2.646345
0.116200	-503.281098	-325.293084	828.574181	177.988014	1331.855279	-2.431546	-2.391240	-1.866798	-0.267860	-0.196600	-0.827273	-0.311606	-0.210886	-0.252285	-0.353655	-2.646345
0.116400	-503.281098	-325.293084	828.574181	177.988014	1331.855279	-2.309511	-2.272381	-1.769964	-0.299202	-0.218036	-0.851585	-0.272494	-0.184240	-0.171887	-0.353655	-2.646345
0.116600	-503.281098	-325.293084	828.574181	177.988014	1331.855279	-2.186504	-2.153249	-1.673155	-0.325516	-0.236043	-0.867855	-0.230285	-0.155477	-0.089144	-0.353655	-2.646345
0.116800	-503.281098	-325.293084	828.574181	177.988014	1331.855279	-2.062534	-2.033820	-1.576370	-0.346502	-0.250417	-0.875860	-0.185594	-0.125013	-0.004882	-0.353655	-2.646345
0.117000	-503.281098	-325.293084	828.574181	177.988014	1331.855279	-1.937621	-1.914065	-1.479606	-0.361933	-0.261002	-0.875462	-0.139060	-0.093287	0.080055	-0.353655	-2.646345
0.117200	-503.281098	-325.293084	828.574181	177.988014	1331.855279	-1.811793	-1.793952	-1.382863	-0.371658	-0.267695	-0.866610	-0.091344	-0.060749	0.164810	-0.353655	-2.646345
0.117400	-503.281098	-325.293084	828.574181	177.988014	1331.855279	-1.685090	-1.673445	-1.286138	-0.375599	-0.270443	-0.849345	-0.043117	-0.027858	0.248522	-0.353655	-2.646345
0.117600	-503.281098	-325.293084	828.574181	177.988014	1331.855279	-1.557562	-1.552505	-1.189430	-0.373760	-0.269246	-0.823794	0.004947	0.004925	0.330340	-0.353655	-2.646345
0.117800	-503.281098	-325.293084	828.574181	177.988014	1331.855279	-1.429270	-1.431092	-1.092738	-0.366217	-0.264158	-0.790174	0.052178	0.037146	0.409425	-0.353655	-2.646345
0.118000	-503.281098	-325.293084	828.574181	177.988014	1331.855279	-1.300286	-1.309165	-0.996059	-0.353124	-0.255282	-0.748785	0.097924	0.068357	0.484967	-0.353655	-2.646345
0.118200	-503.281098	-325.293084	828.574181	177.988014	1331.855279	-1.170692	-1.186683	-0.899393	-0.334708	-0.242774	-0.700013	0.141553	0.098127	0.556189	-0.353655	-2.646345
0.118400	-503.281098	-325.293084	828.574181	177.988014	1331.855279	-1.040577	-1.063604	-0.802738	-0.311265	-0.226836	-0.644322	0.182467	0.126048	0.622356	-0.353655	-2.646345
0.118600	-503.281098	-325.293084	828.574181	177.988014	1331.855279	-0.910039	-0.939891	-0.706093	-0.283158	-0.207714	-0.582249	0.220104	0.151736	0.682783	-0.353655	-2.646345
0.118800	-503.281098	-325.293084	828.574181	177.988014	1331.855279	-0.779181	-0.815510	-0.609457	-0.250812	-0.185699	-0.514400	0.253950	0.174839	0.736846	-0.353655	-2.646345
0.119000	-503.281098	-325.293084	828.574181	177.988014	1331.855279	-0.648108	-0.690432	-0.512827	-0.214705	-0.161118	-0.441443	0.283542	0.195043	0.783985	-0.353655	-2.646345
0.119200	-503.281098	-325.293084	828.574181	177.988014	1331.855279	-0.516929	-0.564635	-0.416203	-0.175366	-0.134332	-0.364102	0.308476	0.212072	0.823711	-0.353655	-2.646345
0.119400	-503.281098	-325.293084	828.574181	177.988014	1331.855279	-0.385751	-0.438105	-0.319583	-0.133367	-0.105729	-0.283145	0.328413	0.225692	0.855612	-0.353655	-2.646345
0.119600	-503.281098	-325.293084	828.574181	177.988014	1331.855279	-0.254678	-0.310838	-0.222966	-0.089314	-0.075725	-0.199382	0.343078	0.235718	0.879358	-0.353655	-2.646345
0.119800	-503.281098	-325.293084	828.574181	177.988014	1331.855279	-0.123810	-0.182844	-0.126351	-0.043839	-0.044750	-0.113652	0.352272	0.242012	0.894703	-0.353655	-2.646345
0.120000	-503.281098	-325.293084	828.574181	177.988014	1331.855279	0.006759	-0.054144	-0.029737	0.002405	-0.013251	-0.026815	0.355868	0.244487	0.901490	-0.353655	-2.646345
0.120200	-503.281098	-325.293084	828.574181	177.988014	1331.855279	0.136945	0.075226	0.066879	0.048758	0.018323	0.060258	0.353812	0.243109	0.899650	-0.353655	-2.646345
0.120400	-503.281098	-325.293084	828.574181	177.988014	1331.855279	0.266672	0.205216	0.163497	0.094555	0.049517	0.146692	0.346131	0.237894	0.889207	-0.353655	-2.646345
0.120600	-503.281098	-325.293084	828.574181	177.988014	1331.855279	0.395872	0.335758	0.260118	0.139141	0.079883	0.231621	0.332923	0.228911	0.870271	-0.353655	-2.646345
0.120800	-503.281098	-325.293084	828.574181	177.988014	1331.855279	0.524490	0.466770	0.356744	0.181873	0.108985	0.314195	0.314366	0.216279	0.843044	-0.353655	-2.646345
0.121000	-503.281098	-325.293084	828.574181	177.988014	1331.855279	0.652479	0.598155	0.453377	0.222135	0.136400	0.393588	0.290706	0.200167	0.807813	-0.353655	-2.646345
0.121200	-503.281098	-325.293084	828.574181	177.988014	1331.855279	0.779805	0.729803	0.550017	0.259343	0.161730	0.469011	0.262260	0.180793	0.764949	-0.353655	-2.646345
0.121400	-503.281098	-325.293084	828.574181	177.988014	1331.855279	0.906441	0.861592	0.646665	0.292950	0.184603	0.539718	0.229411	0.158416	0.714900	-0.353655	-2.646345
0.121600	-503.281098	-325.293084	828.574181	177.988014	1331.855279	1.032370	0.993391	0.743324	0.322458	0.204678	0.605011	0.192601	0.133341	0.658190	-0.353655	-2.646345
0.121800	-503.281098	-325.293084	828.574181	177.988014	1331.855279	1.157583	1.125063	0.839995	0.347421	0.221650	0.664254	0.152329	0.105905	0.595413	-0.353655	-2.646345
0.122000	-503.281098	-325.293084	828.574181	177.988014	1331.855279	1.282079	1.256469	0.936678	0.367453	0.235258	0.716875	0.109140	0.076483	0.527220	-0.353655	-2.646345
0.122200	-503.281098	-325.293084	828.574181	177.988014	1331.855279	1.405861	1.387472	1.033375	0.382233	0.245281	0.762373	0.063622	0.045477	0.454320	-0.353655	-2.646345
0.122400	-503.281098	-325.293084	828.574181	177.988014	1331.855279	1.528939	1.517936	1.130089	0.391507	0.251546	0.800324	0.016397	0.013309	0.377469	-0.353655	-2.646345
0.122600	-503.281098	-325.293084	828.574181	177.988014	1331.855279	1.651328	1.647737	1.226819	0.395095	0.253932	0.830384	-0.031887	-0.019576	0.297458	-0.353655	-2.646345
0.122800	-503.281098	-325.293084	828.574181	177.988014	1331.855279	1.773044	1.776756	1.323569	0.392891	0.252365	0.852294	-0.080563	-0.052725	0.215111	-0.353655	-2.646345
0.123000	-503.281098	-325.293084	828.574181	177.988014	1331.855279	1.894109	1.904891	1.420338	0.384865	0.246826	0.865883	-0.128957	-0.085675	0.131271	-0.353655	-2.646345
0.123200	-503.281098	-325.293084	828.574181	177.988014	1331.855279	2.014543	2.032053	1.517130	0.371066	0.237349	0.871066	-0.176392	-0.117966	0.046792	-0.353655	-2.646345
0.123400	-503.281098	-325.293084	828.574181	177.988014	1331.855279	2.134369	2.158166	1.613945	0.351617	0.224019	0.867848	-0.222200	-0.149141	-0.037470	-0.353655	-2.646345
0.123600	-503.281098	-325.293084	828.574181	177.988014	1331.855279	2.253610	2.283174	1.710785	0.326721	0.206973	0.856323	-0.265731	-0.178757	-0.120665	-0.353655	-2.646345
0.123800	-503.281098	-325.293084	828.574181	177.988014	1331.855279	2.372290	2.407032	1.807652	0.296650	0.186399	0.836670	-0.306357	-0.206384	-0.201961	-0.353655	-2.646345
0.124000	-503.281098	-325.293084	828.574181	177.988014	1331.855279	2.490431	2.529713	1.904547	0.261750	0.162532	0.809155	-0.343486	-0.231619	-0.280551	-0.353655	-2.646345
0.124200	-503.281098	-325.293084	828.574181	177.988014	1331.855279	2.608054	2.651203	2.001473	0.222430	0.135653	0.774122	-0.376566	-0.254086	-0.355663	-0.353655	-2.646345
0.124400	-503.281098	-325.293084	828.574181	177.988014	1331.855279	2.725180	2.771502	2.098432	0.179163	0.106086	0.731996	-0.405093	-0.273439	-0.426567	-0.353655	-2.646345
0.124600	-503.281098	-325.293084	828.574181	177.988014	1331.855279	2.841828	2.890619	2.195424	0.132477	0.074190	0.683270	-0.428618	-0.289374	-0.492582	-0.353655	-2.646345
0.124800	-503.281098	-325.293084	828.574181	177.988014	1331.855279	2.958015	3.008575	2.292454	0.082948	0.040360	0.628504	-0.446754	-0.301627	-0.553087	-0.353655	-2.646345
0.125000	-503.281098	-325.293084	828.574181	177.988014	1331.855279	3.073758	3.125399	2.389521	0.031196	0.005020	0.568319	-0.459181	-0.309977	-0.607521	-0.353655	-2.646345
0.125200	-503.281098	-325.293084	828.574181	177.988014	1331.855279	-3.094117	-3.042057	2.486630	-0.022124	-0.031383	0.503387	-0.465646	-0.314256	-0.655396	-0.353655	-2.646345
0.125400	-503.281098	-325.293084	828.574181	177.988014	1331.855279	-2.979225	-2.927382	2.583782	-0.076331	-0.068385	0.434423	-0.465975	-0.314343	-0.696297	-0.353655	-2.646345
0.125600	-503.281098	-325.293084	828.574181	177.988014	1331.855279	-2.864741	-2.813715	2.680979	-0.130728	-0.105507	0.362180	-0.460069	-0.310171	-0.729887	-0.353655	-2.646345
0.125800	-503.281098	-325.293084	828.574181	177.988014	1331.855279	-2.750658	-2.701005	2.778224	-0.184604	-0.142265	0.287438	-0.447908	-0.301728	-0.755910	-0.353655	-2.646345
0.126000	-503.281098	-325.293084	828.574181	177.988014	1331.855279	-2.636968	-2.589200	2.875520	-0.237251	-0.178175	0.210995	-0.429552	-0.289056	-0.774196	-0.353655	-2.646345
0.126200	-503.281098	-325.293084	828.574181	177.988014	1331.855279	-2.523664	-2.478247	2.972870	-0.287968	-0.212757	0.133660	-0.405140	-0.272250	-0.784656	-0.353655	-2.646345
0.126400	-503.281098	-325.293084	828.574181	177.988014	1331.855279	-2.410744	-2.368092	3.070276	-0.336070	-0.245546	0.056242	-0.374892	-0.251460	-0.787290	-0.353655	-2.646345
0.126600	-503.281098	-325.293084	828.574181	177.988014	1331.855279	-2.298204	-2.258679	-3.115444	-0.380900	-0.276091	-0.020458	-0.339100	-0.226887	-0.782179	-0.353655	-2.646345
0.126800	-503.281098	-325.293084	828.574181	177.988014	1331.855279	-2.186041	-2.149955	-3.017915	-0.421833	-0.303966	-0.095657	-0.298132	-0.198784	-0.769489	-0.353655	-2.646345
0.127000	-503.281098	-325.293084	828.574181	177.988014	1331.855279	-2.074254	-2.041864	-2.920320	-0.458288	-0.328775	-0.168597	-0.252426	-0.167448	-0.749464	-0.353655	-2.646345
0.127200	-503.281098	-325.293084	828.574181	177.988014	1331.855279	-1.962844	-1.934356	-2.822655	-0.489732	-0.350153	-0.238553	-0.202480	-0.133224	-0.722427	-0.353655	-2.646345
0.127400	-503.281098	-325.293084	828.574181	177.988014	1331.855279	-1.851808	-1.827379	-2.724916	-0.515690	-0.367777	-0.304845	-0.148854	-0.096492	-0.688771	-0.353655	-2.646345
0.127600	-503.281098	-325.293084	828.574181	177.988014	1331.855279	-1.741149	-1.720882	-2.627100	-0.535749	-0.381364	-0.366837	-0.092160	-0.057671	-0.648957	-0.353655	-2.646345
0.127800	-503.281098	-325.293084	828.574181	177.988014	1331.855279	-1.630866	-1.614819	-2.529201	-0.549566	-0.390682	-0.423954	-0.033052	-0.017210	-0.603506	-0.353655	-2.646345
0.128000	-503.281098	-325.293084	828.574181	177.988014	1331.855279	-1.520959	-1.509143	-2.431215	-0.556869	-0.395545	-0.475678	0.027776	0.024418	-0.552995	-0.353655	-2.646345
0.128200	-503.281098	-325.293084	828.574181	177.988014	1331.855279	-1.411429	-1.403811	-2.333138	-0.557467	-0.395823	-0.521560	0.089602	0.066718	-0.498047	-0.353655	-2.646345
0.128400	-503.281098	-325.293084	828.574181	177.988014	1331.855279	-1.302276	-1.298780	-2.234964	-0.551245	-0.391438	-0.561221	0.151684	0.109184	-0.439326	-0.353655	-2.646345
0.128600	-503.281098	-325.293084	828.574181	177.988014	1331.855279	-1.193498	-1.194011	-2.136688	-0.538172	-0.382370	-0.594358	0.213269	0.151300	-0.377528	-0.353655	-2.646345
0.128800	-503.281098	-325.293084	828.574181	177.988014	1331.855279	-1.085096	-1.089467	-2.038303	-0.518302	-0.368656	-0.620742	0.273600	0.192550	-0.313372	-0.353655	-2.646345
0.129000	-503.281098	-325.293084	828.574181	177.988014	1331.855279	-0.977067	-0.985112	-1.939804	-0.491770	-0.350390	-0.640227	0.331930	0.232422	-0.247590	-0.353655	-2.646345
0.129200	-503.281098	-325.293084	828.574181	177.988014	1331.855279	-0.869408	-0.880914	-1.841185	-0.458793	-0.327720	-0.652743	0.387526	0.270415	-0.180925	-0.353655	-2.646345
0.129400	-503.281098	-325.293084	828.574181	177.988014	1331.855279	-0.762118	-0.776842	-1.742437	-0.419670	-0.300852	-0.658302	0.439679	0.306045	-0.114114	-0.353655	-2.646345
0.129600	-503.281098	-325.293084	828.574181	177.988014	1331.855279	-0.655193	-0.672868	-1.643553	-0.374776	-0.270043	-0.656991	0.487716	0.338853	-0.047885	-0.353655	-2.646345
0.129800	-503.281098	-325.293084	828.574181	177.988014	1331.855279	-0.548627	-0.568966	-1.544525	-0.324560	-0.235600	-0.648977	0.531006	0.368407	0.017053	-0.353655	-2.646345
0.130000	-503.281098	-325.293084	828.574181	177.988014	1331.855279	-0.442415	-0.465114	-1.445344	-0.269539	-0.197878	-0.634498	0.568967	0.394309	0.080019	-0.353655	-2.646345
0.130200	-503.281098	-325.293084	828.574181	177.988014	1331.855279	-0.336551	-0.361290	-1.346001	-0.210292	-0.157273	-0.613861	0.601074	0.416203	0.140365	-0.353655	-2.646345
0.130400	-503.281098	-325.293084	828.574181	177.988014	1331.855279	-0.231028	-0.257476	-1.246486	-0.147457	-0.114222	-0.587440	0.626869	0.433773	0.197486	-0.353655	-2.646345
0.130600	-503.281098	-325.293084	828.574181	177.988014	1331.855279	-0.125838	-0.153657	-1.146787	-0.081718	-0.069192	-0.555668	0.645961	0.446755	0.250823	-0.353655	-2.646345
0.130800	-503.281098	-325.293084	828.574181	177.988014	1331.855279	-0.020973	-0.049818	-1.046892	-0.013803	-0.022683	-0.519031	0.658037	0.454934	0.299874	-0.353655	-2.646345
0.131000	-503.281098	-325.293084	828.574181	177.988014	1331.855279	0.083577	0.054051	-0.946790	0.055530	0.024788	-0.478064	0.662862	0.458150	0.344194	-0.353655	-2.646345
0.131200	-503.281098	-325.293084	828.574181	177.988014	1331.855279	0.187823	0.157959	-0.846465	0.125495	0.072682	-0.433342	0.660284	0.456300	0.383404	-0.353655	-2.646345
0.131400	-503.281098	-325.293084	828.574181	177.988014	1331.855279	0.291773	0.261912	-0.745904	0.195295	0.120455	-0.385472	0.650237	0.449341	0.417189	-0.353655	-2.646345
0.131600	-503.281098	-325.293084	828.574181	177.988014	1331.855279	0.395441	0.365913	-0.645089	0.264125	0.167554	-0.335087	0.632742	0.437286	0.445308	-0.353655	-2.646345
0.131800	-503.281098	-325.293084	828.574181	177.988014	1331.855279	0.498837	0.469964	-0.544002	0.331183	0.213433	-0.282837	0.607906	0.420210	0.467590	-0.353655	-2.646345
0.132000	-503.281098	-325.293084	828.574181	177.988014	1331.855279	0.601974	0.574064	-0.442625	0.395683	0.257553	-0.229382	0.575925	0.398247	0.483937	-0.353655	-2.646345
0.132200	-503.281098	-325.293084	828.574181	177.988014	1331.855279	0.704864	0.678211	-0.340936	0.456858	0.299391	-0.175382	0.537077	0.371588	0.494325	-0.353655	-2.646345
0.132400	-503.281098	-325.293084	828.574181	177.988014	1331.855279	0.807521	0.782398	-0.238913	0.513976	0.338445	-0.121490	0.491723	0.340482	0.498802	-0.353655	-2.646345
0.132600	-503.281098	-325.293084	828.574181	177.988014	1331.855279	0.909958	0.886620	-0.136528	0.566344	0.374242	-0.068346	0.440304	0.305229	0.497488	-0.353655	-2.646345
0.132800	-503.281098	-325.293084	828.574181	177.988014	1331.855279	1.012189	0.990867	-0.033756	0.613318	0.406341	-0.016566	0.383331	0.266181	0.490570	-0.353655	-2.646345
0.133000	-503.281098	-325.293084	828.574181	177.988014	1331.855279	1.114226	1.095129	0.069436	0.654311	0.434341	0.033265	0.321387	0.223736	0.478300	-0.353655	-2.646345
0.133200	-503.281098	-325.293084	828.574181	177.988014	1331.855279	1.216085	1.199394	0.173080	0.688799	0.457885	0.080595	0.255115	0.178336	0.460993	-0.353655	-2.646345
0.133400	-503.281098	-325.293084	828.574181	177.988014	1331.855279	1.317779	1.303650	0.277214	0.716329	0.476663	0.124918	0.185213	0.130457	0.439019	-0.353655	-2.646345
0.133600	-503.281098	-325.293084	828.574181	177.988014	1331.855279	1.419321	1.407882	0.381879	0.736525	0.490418	0.165776	0.112427	0.080611	0.412797	-0.353655	-2.646345
0.133800	-503.281098	-325.293084	828.574181	177.988014	1331.855279	1.520726	1.512075	0.487121	0.749091	0.498948	0.202764	0.037539	0.029332	0.382794	-0.353655	-2.646345
0.134000	-503.281098	-325.293084	828.574181	177.988014	1331.855279	1.622008	1.616215	0.592990	0.753816	0.502108	0.235535	-0.038638	-0.022821	0.349513	-0.353655	-2.646345
0.134200	-503.281098	-325.293084	828.574181	177.988014	1331.855279	1.723179	1.720284	0.699543	0.750575	0.499816	0.263803	-0.115268	-0.075278	0.313489	-0.353655	-2.646345
0.134400	-503.281098	-325.293084	828.574181	177.988014	1331.855279	1.824254	1.824268	0.806843	0.739336	0.492048	0.287349	-0.191509	-0.127462	0.275281	-0.353655	-2.646345
0.134600	-503.281098	-325.293084	828.574181	177.988014	1331.855279	1.925245	1.928151	0.914960	0.720154	0.478844	0.306016	-0.266513	-0.178793	0.235466	-0.353655	-2.646345
0.134800	-503.281098	-325.293084	828.574181	177.988014	1331.855279	2.026164	2.031916	1.023973	0.693177	0.460304	0.319719	-0.339444	-0.228699	0.194627	-0.353655	-2.646345
0.135000	-503.281098	-325.293084	828.574181	177.988014	1331.855279	2.127026	2.135548	1.133970	0.658640	0.436590	0.328438	-0.409483	-0.276619	0.153351	-0.353655	-2.646345
0.135200	-503.281098	-325.293084	828.574181	177.988014	1331.855279	2.227840	2.239035	1.245050	0.616866	0.407924	0.332219	-0.475838	-0.322011	0.112217	-0.353655	-2.646345
0.135400	-503.281098	-325.293084	828.574181	177.988014	1331.855279	2.328620	2.342361	1.357325	0.568260	0.374583	0.331175	-0.537754	-0.364360	0.071790	-0.353655	-2.646345
0.135600	-503.281098	-325.293084	828.574181	177.988014	1331.855279	2.429375	2.445515	1.470921	0.513307	0.336900	0.325482	-0.594523	-0.403181	0.032616	-0.353655	-2.646345
0.135800	-503.281098	-325.293084	828.574181	177.988014	1331.855279	2.530116	2.548486	1.585979	0.452566	0.295257	0.315376	-0.645490	-0.438025	-0.004789	-0.353655	-2.646345
0.136000	-503.281098	-325.293084	828.574181	177.988014	1331.855279	2.630853	2.651263	1.702659	0.386663	0.250083	0.301148	-0.690062	-0.468486	-0.039942	-0.353655	-2.646345
0.136200	-503.281098	-325.293084	828.574181	177.988014	1331.855279	2.731595	2.753839	1.821142	0.316285	0.201850	0.283142	-0.727714	-0.494208	-0.072402	-0.353655	-2.646345
0.136400	-503.281098	-325.293084	828.574181	177.988014	1331.855279	2.832351	2.856206	1.941632	0.242174	0.151064	0.261748	-0.757997	-0.514881	-0.101774	-0.353655	-2.646345
0.136600	-503.281098	-325.293084	828.574181	177.988014	1331.855279	2.933129	2.958359	2.064356	0.165114	0.098262	0.237395	-0.780542	-0.530254	-0.127711	-0.353655	-2.646345
0.136800	-503.281098	-325.293084	828.574181	177.988014	1331.855279	3.033935	3.060295	2.189572	0.085927	0.044009	0.210550	-0.795065	-0.540132	-0.149924	-0.353655	-2.646345
0.137000	-503.281098	-325.293084	828.574181	177.988014	1331.855279	3.134777	-3.121175	2.317565	0.005462	-0.011117	0.181704	-0.801370	-0.544382	-0.168181	-0.353655	-2.646345
0.137200	-503.281098	-325.293084	828.574181	177.988014	1331.855279	-3.047526	-3.019679	2.448650	-0.075415	-0.066521	0.151371	-0.799351	-0.542932	-0.182310	-0.353655	-2.646345
0.137400	-503.281098	-325.293084	828.574181	177.988014	1331.855279	-2.946597	-2.918402	2.583174	-0.155831	-0.121606	0.120077	-0.788997	-0.535774	-0.192201	-0.353655	-2.646345
0.137600	-503.281098	-325.293084	828.574181	177.988014	1331.855279	-2.845619	-2.817341	2.721504	-0.234914	-0.175775	0.088358	-0.770386	-0.522962	-0.197810	-0.353655	-2.646345
0.137800	-503.281098	-325.293084	828.574181	177.988014	1331.855279	-2.744587	-2.716492	2.864028	-0.311806	-0.228441	0.056743	-0.743690	-0.504614	-0.199155	-0.353655	-2.646345
0.138000	-503.281098	-325.293084	828.574181	177.988014	1331.855279	-2.643499	-2.615849	3.011130	-0.385669	-0.279030	0.025758	-0.709172	-0.480910	-0.196316	-0.353655	-2.646345
0.138200	-503.281098	-325.293084	828.574181	177.988014	1331.855279	-2.542353	-2.515405	-3.120010	-0.455698	-0.326992	-0.004089	-0.667180	-0.452088	-0.189435	-0.353655	-2.646345
0.138400	-503.281098	-325.293084	828.574181	177.988014	1331.855279	-2.441148	-2.415151	-2.962715	-0.521129	-0.371802	-0.032313	-0.618148	-0.418447	-0.178713	-0.353655	-2.646345
0.138600	-503.281098	-325.293084	828.574181	177.988014	1331.855279	-2.339884	-2.315077	-2.799972	-0.581246	-0.412972	-0.058457	-0.562587	-0.380335	-0.164408	-0.353655	-2.646345
0.138800	-503.281098	-325.293084	828.574181	177.988014	1331.855279	-2.238561	-2.215173	-2.631744	-0.635391	-0.450052	-0.082100	-0.501083	-0.338155	-0.146827	-0.353655	-2.646345
0.139000	-503.281098	-325.293084	828.574181	177.988014	1331.855279	-2.137180	-2.115425	-2.458223	-0.682972	-0.482634	-0.102861	-0.434287	-0.292351	-0.126326	-0.353655	-2.646345
0.139200	-503.281098	-325.293084	828.574181	177.988014	1331.855279	-2.035744	-2.015822	-2.279890	-0.723469	-0.510364	-0.120406	-0.362910	-0.243410	-0.103303	-0.353655	-2.646345
0.139400	-503.281098	-325.293084	828.574181	177.988014	1331.855279	-1.934254	-1.916347	-2.097550	-0.756437	-0.532938	-0.134453	-0.287715	-0.191855	-0.078193	-0.353655	-2.646345
0.139600	-503.281098	-325.293084	828.574181	177.988014	1331.855279	-1.832714	-1.816988	-1.912325	-0.781517	-0.550110	-0.144773	-0.209506	-0.138237	-0.051461	-0.353655	-2.646345
0.139800	-503.281098	-325.293084	828.574181	177.988014	1331.855279	-1.731127	-1.717727	-1.725598	-0.798437	-0.561693	-0.151194	-0.129122	-0.083129	-0.023594	-0.353655	-2.646345
0.140000	-503.281098	-325.293084	828.574181	177.988014	1331.855279	-1.629497	-1.618549	-1.538894	-0.807013	-0.567561	-0.153606	-0.047427	-0.027123	0.004902	-0.353655	-2.646345
0.140200	-503.281098	-325.293084	828.574181	177.988014	1331.855279	-1.527829	-1.519437	-1.353737	-0.807155	-0.567653	-0.151959	0.034703	0.029180	0.033512	-0.353655	-2.646345
0.140400	-503.281098	-325.293084	828.574181	177.988014	1331.855279	-1.426127	-1.420373	-1.171502	-0.798865	-0.561970	-0.146267	0.116384	0.085177	0.061719	-0.353655	-2.646345
0.140600	-503.281098	-325.293084	828.574181	177.988014	1331.855279	-1.324397	-1.321339	-0.993304	-0.782239	-0.550578	-0.136606	0.196741	0.140268	0.089011	-0.353655	-2.646345
0.140800	-503.281098	-325.293084	828.574181	177.988014	1331.855279	-1.222643	-1.222317	-0.819936	-0.757464	-0.533605	-0.123110	0.274912	0.193862	0.114887	-0.353655	-2.646345
0.141000	-503.281098	-325.293084	828.574181	177.988014	1331.855279	-1.120871	-1.123289	-0.651870	-0.724818	-0.511240	-0.105976	0.350060	0.245387	0.138865	-0.353655	-2.646345
0.141200	-503.281098	-325.293084	828.574181	177.988014	1331.855279	-1.019086	-1.024236	-0.489291	-0.684665	-0.483734	-0.085458	0.421384	0.294295	0.160492	-0.353655	-2.646345
0.141400	-503.281098	-325.293084	828.574181	177.988014	1331.855279	-0.917295	-0.925141	-0.332155	-0.637451	-0.451391	-0.061862	0.488125	0.340066	0.179343	-0.353655	-2.646345
0.141600	-503.281098	-325.293084	828.574181	177.988014	1331.855279	-0.815501	-0.825983	-0.180260	-0.583701	-0.414571	-0.035543	0.549576	0.382215	0.195035	-0.353655	-2.646345
0.141800	-503.281098	-325.293084	828.574181	177.988014	1331.855279	-0.713710	-0.726747	-0.033297	-0.524009	-0.373679	-0.006903	0.605091	0.420301	0.207228	-0.353655	-2.646345
0.142000	-503.281098	-325.293084	828.574181	177.988014	1331.855279	-0.611927	-0.627412	0.109099	-0.459034	-0.329168	0.023619	0.654090	0.453925	0.215630	-0.353655	-2.646345
0.142200	-503.281098	-325.293084	828.574181	177.988014	1331.855279	-0.510156	-0.527962	0.247314	-0.389494	-0.281527	0.055547	0.696067	0.482743	0.220004	-0.353655	-2.646345
0.142400	-503.281098	-325.293084	828.574181	177.988014	1331.855279	-0.408401	-0.428379	0.381735	-0.316152	-0.231281	0.088382	0.730595	0.506461	0.220170	-0.353655	-2.646345
0.142600	-503.281098	-325.293084	828.574181	177.988014	1331.855279	-0.306666	-0.328647	0.512729	-0.239813	-0.178979	0.121601	0.757331	0.524843	0.216008	-0.353655	-2.646345
0.142800	-503.281098	-325.293084	828.574181	177.988014	1331.855279	-0.204954	-0.228750	0.640641	-0.161313	-0.125194	0.154669	0.776018	0.537716	0.207459	-0.353655	-2.646345
0.143000	-503.281098	-325.293084	828.574181	177.988014	1331.855279	-0.103266	-0.128672	0.765786	-0.081508	-0.070511	0.187045	0.786493	0.544964	0.194530	-0.353655	-2.646345
0.143200	-503.281098	-325.293084	828.574181	177.988014	1331.855279	-0.001606	-0.028399	0.888447	-0.001266	-0.015525	0.218189	0.788680	0.546537	0.177290	-0.353655	-2.646345
0.143400	-503.281098	-325.293084	828.574181	177.988014	1331.855279	0.100028	0.072082	1.008881	0.078544	0.039169	0.247569	0.782598	0.542448	0.155874	-0.353655	-2.646345
0.143600	-503.281098	-325.293084	828.574181	177.988014	1331.855279	0.201633	0.172785	1.127316	0.157061	0.092982	0.274669	0.768357	0.532772	0.130478	-0.353655	-2.646345
0.143800	-503.281098	-325.293084	828.574181	177.988014	1331.855279	0.303211	0.273721	1.243954	0.233442	0.145338	0.298997	0.746159	0.517645	0.101360	-0.353655	-2.646345
0.144000	-503.281098	-325.293084	828.574181	177.988014	1331.855279	0.404764	0.374898	1.358975	0.306873	0.195678	0.320091	0.716290	0.497264	0.068835	-0.353655	-2.646345
0.144200	-503.281098	-325.293084	828.574181	177.988014	1331.855279	0.506293	0.476328	1.472539	0.376575	0.243469	0.337526	0.679124	0.471884	0.033272	-0.353655	-2.646345
0.144400	-503.281098	-325.293084	828.574181	177.988014	1331.855279	0.607802	0.578016	1.584786	0.441816	0.288211	0.350917	0.635111	0.441813	-0.004909	-0.353655	-2.646345
0.144600	-503.281098	-325.293084	828.574181	177.988014	1331.855279	0.709294	0.679968	1.695842	0.501917	0.329437	0.359932	0.584779	0.407412	-0.045244	-0.353655	-2.646345
0.144800	-503.281098	-325.293084	828.574181	177.988014	1331.855279	0.810775	0.782189	1.805818	0.556261	0.366726	0.364289	0.528721	0.369087	-0.087228	-0.353655	-2.646345
0.145000	-503.281098	-325.293084	828.574181	177.988014	1331.855279	0.912250	0.884682	1.914812	0.604297	0.399699	0.363766	0.467591	0.327284	-0.130323	-0.353655	-2.646345
0.145200	-503.281098	-325.293084	828.574181	177.988014	1331.855279	1.013727	0.987446	2.022913	0.645550	0.428033	0.358201	0.402096	0.282487	-0.173967	-0.353655	-2.646345
0.145400	-503.281098	-325.293084	828.574181	177.988014	1331.855279	1.115212	1.090482	2.130200	0.679623	0.451454	0.347500	0.332989	0.235212	-0.217576	-0.353655	-2.646345
0.145600	-503.281098	-325.293084	828.574181	177.988014	1331.855279	1.216714	1.193787	2.236741	0.706204	0.469748	0.331631	0.261057	0.185996	-0.260554	-0.353655	-2.646345
0.145800	-503.281098	-325.293084	828.574181	177.988014	1331.855279	1.318243	1.297356	2.342600	0.725066	0.482759	0.310634	0.187113	0.135397	-0.302301	-0.353655	-2.646345
0.146000	-503.281098	-325.293084	828.574181	177.988014	1331.855279	1.419808	1.401183	2.447833	0.736070	0.490392	0.284617	0.111990	0.083984	-0.342221	-0.353655	-2.646345
0.146200	-503.281098	-325.293084	828.574181	177.988014	1331.855279	1.521421	1.505260	2.552490	0.739167	0.492613	0.253755	0.036527	0.032330	-0.379727	-0.353655	-2.646345
0.146400	-503.281098	-325.293084	828.574181	177.988014	1331.855279	1.623093	1.609579	2.656618	0.734400	0.489450	0.218291	-0.038441	-0.018992	-0.414253	-0.353655	-2.646345
0.146600	-503.281098	-325.293084	828.574181	177.988014	1331.855279	1.724836	1.714127	2.760256	0.721898	0.480992	0.178532	-0.112089	-0.069417	-0.445257	-0.353655	-2.646345
0.146800	-503.281098	-325.293084	828.574181	177.988014	1331.855279	1.826665	1.818894	2.863443	0.701879	0.467386	0.134847	-0.183614	-0.118397	-0.472231	-0.353655	-2.646345
0.147000	-503.281098	-325.293084	828.574181	177.988014	1331.855279	1.928593	1.923865	2.966211	0.674642	0.448837	0.087663	-0.252241	-0.165401	-0.494708	-0.353655	-2.646345
0.147200	-503.281098	-325.293084	828.574181	177.988014	1331.855279	2.030635	2.029026	3.068592	0.640568	0.425605	0.037463	-0.317240	-0.209928	-0.512269	-0.353655	-2.646345
0.147400	-503.281098	-325.293084	828.574181	177.988014	1331.855279	2.132805	2.134362	-3.112573	0.600113	0.398001	-0.015226	-0.377922	-0.251508	-0.524544	-0.353655	-2.646345
0.147600	-503.281098	-325.293084	828.574181	177.988014	1331.855279	2.235119	2.239857	-3.010887	0.553802	0.366384	-0.069832	-0.433657	-0.289709	-0.531225	-0.353655	-2.646345
0.147800	-503.281098	-325.293084	828.574181	177.988014	1331.855279	2.337595	2.345493	-2.909513	0.502220	0.331155	-0.125747	-0.483877	-0.324142	-0.532066	-0.353655	-2.646345
0.148000	-503.281098	-325.293084	828.574181	177.988014	1331.855279	2.440248	2.451255	-2.808429	0.446012	0.292752	-0.182336	-0.528082	-0.354463	-0.526886	-0.353655	-2.646345
0.148200	-503.281098	-325.293084	828.574181	177.988014	1331.855279	2.543096	2.557127	-2.707617	0.385867	0.251648	-0.238940	-0.565844	-0.380380	-0.515577	-0.353655	-2.646345
0.148400	-503.281098	-325.293084	828.574181	177.988014	1331.855279	2.646157	2.663092	-2.607058	0.322513	0.208341	-0.294888	-0.596816	-0.401655	-0.498101	-0.353655	-2.646345
0.148600	-503.281098	-325.293084	828.574181	177.988014	1331.855279	2.749448	2.769135	-2.506736	0.256712	0.163350	-0.349504	-0.620730	-0.418104	-0.474495	-0.353655	-2.646345
0.148800	-503.281098	-325.293084	828.574181	177.988014	1331.855279	2.852988	2.875242	-2.406636	0.189242	0.117210	-0.402112	-0.637406	-0.429603	-0.444871	-0.353655	-2.646345
0.149000	-503.281098	-325.293084	828.574181	177.988014	1331.855279	2.956795	2.981400	-2.306744	0.120897	0.070461	-0.452049	-0.646747	-0.436084	-0.409415	-0.353655	-2.646345
0.149200	-503.281098	-325.293084	828.574181	177.988014	1331.855279	3.060887	3.087596	-2.207048	0.052471	0.023649	-0.498670	-0.648742	-0.437540	-0.368385	-0.353655	-2.646345
0.149400	-503.281098	-325.293084	828.574181	177.988014	1331.855279	-3.117902	-3.089363	-2.107536	-0.015247	-0.022690	-0.541358	-0.643469	-0.434023	-0.322111	-0.353655	-2.646345
0.149600	-503.281098	-325.293084	828.574181	177.988014	1331.855279	-3.013184	-2.983116	-2.008196	-0.081486	-0.068025	-0.579529	-0.631087	-0.425642	-0.270992	-0.353655	-2.646345
0.149800	-503.281098	-325.293084	828.574181	177.988014	1331.855279	-2.908124	-2.876853	-1.909018	-0.145499	-0.111847	-0.612642	-0.611840	-0.412562	-0.215489	-0.353655	-2.646345
0.150000	-503.281098	-325.293084	828.574181	177.988014	1331.855279	-2.802705	-2.770579	-1.809994	-0.206573	-0.153667	-0.640205	-0.586047	-0.395001	-0.156124	-0.353655	-2.646345
0.150200	-503.281098	-325.293084	828.574181	177.988014	1331.855279	-2.696909	-2.664293	-1.711113	-0.264039	-0.193028	-0.661782	-0.554104	-0.373228	-0.093474	-0.353655	-2.646345
0.150400	-503.281098	-325.293084	828.574181	177.988014	1331.855279	-2.590719	-2.557994	-1.612369	-0.317275	-0.229503	-0.676998	-0.516475	-0.347561	-0.028161	-0.353655	-2.646345
0.150600	-503.281098	-325.293084	828.574181	177.988014	1331.855279	-2.484116	-2.451677	-1.513753	-0.365717	-0.262708	-0.685546	-0.473684	-0.318359	0.039148	-0.353655	-2.646345
0.150800	-503.281098	-325.293084	828.574181	177.988014	1331.855279	-2.377085	-2.345335	-1.415259	-0.408866	-0.292298	-0.687189	-0.426316	-0.286018	0.107754	-0.353655	-2.646345
0.151000	-503.281098	-325.293084	828.574181	177.988014	1331.855279	-2.269610	-2.238956	-1.316878	-0.446288	-0.317979	-0.681764	-0.374998	-0.250969	0.176931	-0.353655	-2.646345
0.151200	-503.281098	-325.293084	828.574181	177.988014	1331.855279	-2.161675	-2.132528	-1.218607	-0.477625	-0.339504	-0.669189	-0.320404	-0.213672	0.245935	-0.353655	-2.646345
0.151400	-503.281098	-325.293084	828.574181	177.988014	1331.855279	-2.053266	-2.026033	-1.120437	-0.502595	-0.356679	-0.649457	-0.263236	-0.174605	0.314011	-0.353655	-2.646345
0.151600	-503.281098	-325.293084	828.574181	177.988014	1331.855279	-1.944371	-1.919452	-1.022365	-0.520997	-0.369367	-0.622646	-0.204221	-0.134267	0.380405	-0.353655	-2.646345
0.151800	-503.281098	-325.293084	828.574181	177.988014	1331.855279	-1.834976	-1.812760	-0.924384	-0.532711	-0.377485	-0.588911	-0.144099	-0.093163	0.444368	-0.353655	-2.646345
0.152000	-503.281098	-325.293084	828.574181	177.988014	1331.855279	-1.725070	-1.705931	-0.826490	-0.537700	-0.381006	-0.548491	-0.083617	-0.051803	0.505169	-0.353655	-2.646345
0.152200	-503.281098	-325.293084	828.574181	177.988014	1331.855279	-1.614644	-1.598936	-0.728678	-0.536008	-0.379960	-0.501698	-0.023518	-0.010695	0.562101	-0.353655	-2.646345
0.152400	-503.281098	-325.293084	828.574181	177.988014	1331.855279	-1.503689	-1.491740	-0.630944	-0.527761	-0.374433	-0.448923	0.035470	0.029663	0.614490	-0.353655	-2.646345
0.152600	-503.281098	-325.293084	828.574181	177.988014	1331.855279	-1.392197	-1.384308	-0.533284	-0.513165	-0.364564	-0.390628	0.092638	0.068786	0.661703	-0.353655	-2.646345
0.152800	-503.281098	-325.293084	828.574181	177.988014	1331.855279	-1.280163	-1.276599	-0.435694	-0.492501	-0.350544	-0.327341	0.147308	0.106211	0.703156	-0.353655	-2.646345
0.153000	-503.281098	-325.293084	828.574181	177.988014	1331.855279	-1.167582	-1.168572	-0.338171	-0.466122	-0.332616	-0.259653	0.198842	0.141501	0.738321	-0.353655	-2.646345
0.153200	-503.281098	-325.293084	828.574181	177.988014	1331.855279	-1.054452	-1.060179	-0.240710	-0.434447	-0.311064	-0.188209	0.246644	0.174249	0.766731	-0.353655	-2.646345
0.153400	-503.281098	-325.293084	828.574181	177.988014	1331.855279	-0.940769	-0.951370	-0.143309	-0.397959	-0.286217	-0.113705	0.290174	0.204085	0.787990	-0.353655	-2.646345
0.153600	-503.281098	-325.293084	828.574181	177.988014	1331.855279	-0.826535	-0.842095	-0.045964	-0.357193	-0.258441	-0.036878	0.328951	0.230679	0.801773	-0.353655	-2.646345
0.153800	-503.281098	-325.293084	828.574181	177.988014	1331.855279	-0.711751	-0.732298	0.051328	-0.312733	-0.228135	0.041501	0.362557	0.253747	0.807834	-0.353655	-2.646345
0.154000	-503.281098	-325.293084	828.574181	177.988014	1331.855279	-0.596417	-0.621919	0.148569	-0.265205	-0.195725	0.120636	0.390644	0.273049	0.806006	-0.353655	-2.646345
0.154200	-503.281098	-325.293084	828.574181	177.988014	1331.855279	-0.480540	-0.510900	0.245761	-0.215263	-0.161659	0.199715	0.412938	0.288398	0.796210	-0.353655	-2.646345
0.154400	-503.281098	-325.293084	828.574181	177.988014	1331.855279	-0.364122	-0.399177	0.342909	-0.163590	-0.126403	0.277916	0.429241	0.299658	0.778448	-0.353655	-2.646345
0.154600	-503.281098	-325.293084	828.574181	177.988014	1331.855279	-0.247169	-0.286685	0.440014	-0.110881	-0.090430	0.354421	0.439431	0.306744	0.752810	-0.353655	-2.646345
0.154800	-503.281098	-325.293084	828.574181	177.988014	1331.855279	-0.129687	-0.173360	0.537078	-0.057837	-0.054222	0.428419	0.443467	0.309630	0.719471	-0.353655	-2.646345
0.155000	-503.281098	-325.293084	828.574181	177.988014	1331.855279	-0.011684	-0.059132	0.634103	-0.005158	-0.018254	0.499122	0.441388	0.308339	0.678691	-0.353655	-2.646345
0.155200	-503.281098	-325.293084	828.574181	177.988014	1331.855279	0.106833	0.056062	0.731093	0.046469	0.017002	0.565767	0.433309	0.302950	0.630812	-0.353655	-2.646345
0.155400	-503.281098	-325.293084	828.574181	177.988014	1331.855279	0.225857	0.172291	0.828048	0.096374	0.051090	0.627631	0.419421	0.293594	0.576254	-0.353655	-2.646345
0.155600	-503.281098	-325.293084	828.574181	177.988014	1331.855279	0.345381	0.289616	0.924972	0.143918	0.083573	0.684035	0.399991	0.280452	0.515514	-0.353655	-2.646345
0.155800	-503.281098	-325.293084	828.574181	177.988014	1331.855279	0.465396	0.408099	1.021865	0.188497	0.114039	0.734350	0.375352	0.263751	0.449155	-0.353655	-2.646345
0.156000	-503.281098	-325.293084	828.574181	177.988014	1331.855279	0.585896	0.527794	1.118730	0.229552	0.142104	0.778013	0.345904	0.243764	0.377808	-0.353655	-2.646345
0.156200	-503.281098	-325.293084	828.574181	177.988014	1331.855279	0.706874	0.648749	1.215568	0.266572	0.167420	0.814522	0.312106	0.220803	0.302159	-0.353655	-2.646345
0.156400	-503.281098	-325.293084	828.574181	177.988014	1331.855279	0.828322	0.771004	1.312382	0.299105	0.189678	0.843451	0.274470	0.195219	0.222945	-0.353655	-2.646345
0.156600	-503.281098	-325.293084	828.574181	177.988014	1331.855279	0.950236	0.894588	1.409172	0.326761	0.208611	0.864451	0.233555	0.167392	0.140946	-0.353655	-2.646345
0.156800	-503.281098	-325.293084	828.574181	177.988014	1331.855279	1.072608	1.019515	1.505941	0.349216	0.223998	0.877254	0.189957	0.137730	0.056974	-0.353655	-2.646345
0.157000	-503.281098	-325.293084	828.574181	177.988014	1331.855279	1.195433	1.145784	1.602690	0.366216	0.235665	0.881678	0.144306	0.106662	-0.028129	-0.353655	-2.646345
0.157200	-503.281098	-325.293084	828.574181	177.988014	1331.855279	1.318708	1.273376	1.699421	0.377584	0.243490	0.877628	0.097254	0.074633	-0.113511	-0.353655	-2.646345
0.157400	-503.281098	-325.293084	828.574181	177.988014	1331.855279	1.442425	1.402252	1.796134	0.383214	0.247402	0.865098	0.049466	0.042098	-0.198307	-0.353655	-2.646345
0.157600	-503.281098	-325.293084	828.574181	177.988014	1331.855279	1.566580	1.532351	1.892832	0.383082	0.247382	0.844172	0.001615	0.009515	-0.281658	-0.353655	-2.646345
0.157800	-503.281098	-325.293084	828.574181	177.988014	1331.855279	1.691167	1.663590	1.989516	0.377236	0.243465	0.815021	-0.045629	-0.022657	-0.362716	-0.353655	-2.646345
0.158000	-503.281098	-325.293084	828.574181	177.988014	1331.855279	1.816180	1.795861	2.086188	0.365804	0.235735	0.777906	-0.091608	-0.053970	-0.440652	-0.353655	-2.646345
0.158200	-503.281098	-325.293084	828.574181	177.988014	1331.855279	1.941609	1.929036	2.182848	0.348984	0.224330	0.733170	-0.135685	-0.083988	-0.514668	-0.353655	-2.646345
0.158400	-503.281098	-325.293084	828.574181	177.988014	1331.855279	2.067446	2.062966	2.279498	0.327049	0.209435	0.681238	-0.177248	-0.112294	-0.584007	-0.353655	-2.646345
0.158600	-503.281098	-325.293084	828.574181	177.988014	1331.855279	2.193679	2.197483	2.376140	0.300337	0.191280	0.622611	-0.215723	-0.138497	-0.647956	-0.353655	-2.646345
0.158800	-503.281098	-325.293084	828.574181	177.988014	1331.855279	2.320293	2.332407	2.472774	0.269250	0.170140	0.557863	-0.250580	-0.162232	-0.705858	-0.353655	-2.646345
0.159000	-503.281098	-325.293084	828.574181	177.988014	1331.855279	2.447271	2.467550	2.569403	0.234249	0.146329	0.487632	-0.281336	-0.183173	-0.757118	-0.353655	-2.646345
0.159200	-503.281098	-325.293084	828.574181	177.988014	1331.855279	2.574590	2.602717	2.666027	0.195843	0.120195	0.412614	-0.307568	-0.201029	-0.801210	-0.353655	-2.646345
0.159400	-503.281098	-325.293084	828.574181	177.988014	1331.855279	2.702226	2.737719	2.762647	0.154591	0.092119	0.333557	-0.328913	-0.215551	-0.837681	-0.353655	-2.646345
0.159600	-503.281098	-325.293084	828.574181	177.988014	1331.855279	2.830148	2.872372	2.859265	0.111086	0.062506	0.251252	-0.345072	-0.226537	-0.866159	-0.353655	-2.646345
0.159800	-503.281098	-325.293084	828.574181	177.988014	1331.855279	2.958323	3.006505	2.955883	0.065951	0.031782	0.166524	-0.355819	-0.233833	-0.886355	-0.353655	-2.646345
0.160000	-503.281098	-325.293084	828.574181	177.988014	1331.855279	3.086709	3.139963	3.052501	0.019833	0.000387	0.080223	-0.361001	-0.237333	-0.898066	-0.353655	-2.646345
0.160200	-503.281098	-325.293084	828.574181	177.988014	1331.855279	-3.067922	-3.010572	-3.134065	-0.026609	-0.031229	-0.006784	-0.360539	-0.236983	-0.901178	-0.353655	-2.646345
0.160400	-503.281098	-325.293084	828.574181	177.988014	1331.855279	-2.939250	-2.878843	-3.037442	-0.072711	-0.062611	-0.093623	-0.354430	-0.232783	-0.895667	-0.353655	-2.646345
0.160600	-503.281098	-325.293084	828.574181	177.988014	1331.855279	-2.810513	-2.748126	-2.940815	-0.117813	-0.093310	-0.179423	-0.342747	-0.224782	-0.881600	-0.353655	-2.646345
0.160800	-503.281098	-325.293084	828.574181	177.988014	1331.855279	-2.681771	-2.618487	-2.844182	-0.161266	-0.122883	-0.263325	-0.325641	-0.213082	-0.859132	-0.353655	-2.646345
0.161000	-503.281098	-325.293084	828.574181	177.988014	1331.855279	-2.553083	-2.489970	-2.747542	-0.202444	-0.150902	-0.344491	-0.303333	-0.197834	-0.828506	-0.353655	-2.646345
0.161200	-503.281098	-325.293084	828.574181	177.988014	1331.855279	-2.424516	-2.362601	-2.650894	-0.240748	-0.176958	-0.422113	-0.276116	-0.179240	-0.790050	-0.353655	-2.646345
0.161400	-503.281098	-325.293084	828.574181	177.988014	1331.855279	-2.296136	-2.236385	-2.554236	-0.275617	-0.200669	-0.495422	-0.244351	-0.157545	-0.744175	-0.353655	-2.646345
0.161600	-503.281098	-325.293084	828.574181	177.988014	1331.855279	-2.168009	-2.111311	-2.457568	-0.306533	-0.221682	-0.563697	-0.208459	-0.133038	-0.691365	-0.353655	-2.646345
0.161800	-503.281098	-325.293084	828.574181	177.988014	1331.855279	-2.040206	-1.987355	-2.360887	-0.333031	-0.239678	-0.626272	-0.168921	-0.106046	-0.632177	-0.353655	-2.646345
0.162000	-503.281098	-325.293084	828.574181	177.988014	1331.855279	-1.912791	-1.864481	-2.264192	-0.354701	-0.254379	-0.682542	-0.126267	-0.076932	-0.567233	-0.353655	-2.646345
0.162200	-503.281098	-325.293084	828.574181	177.988014	1331.855279	-1.785830	-1.742645	-2.167481	-0.371197	-0.265548	-0.731970	-0.081073	-0.046089	-0.497213	-0.353655	-2.646345
0.162400	-503.281098	-325.293084	828.574181	177.988014	1331.855279	-1.659384	-1.621793	-2.070754	-0.382239	-0.272995	-0.774094	-0.033951	-0.013934	-0.422847	-0.353655	-2.646345
0.162600	-503.281098	-325.293084	828.574181	177.988014	1331.855279	-1.533513	-1.501870	-1.974009	-0.387620	-0.276578	-0.808530	0.014459	0.019094	-0.344907	-0.353655	-2.646345
0.162800	-503.281098	-325.293084	828.574181	177.988014	1331.855279	-1.408268	-1.382815	-1.877243	-0.387205	-0.276206	-0.834978	0.063492	0.052542	-0.264199	-0.353655	-2.646345
0.163000	-503.281098	-325.293084	828.574181	177.988014	1331.855279	-1.283698	-1.264565	-1.780456	-0.380938	-0.271841	-0.853222	0.112474	0.085950	-0.181555	-0.353655	-2.646345
0.163200	-503.281098	-325.293084	828.574181	177.988014	1331.855279	-1.159846	-1.147058	-1.683646	-0.368839	-0.263496	-0.863134	0.160726	0.118854	-0.097820	-0.353655	-2.646345
0.163400	-503.281098	-325.293084	828.574181	177.988014	1331.855279	-1.036747	-1.030232	-1.586811	-0.351003	-0.251238	-0.864673	0.207572	0.150793	-0.013849	-0.353655	-2.646345
0.163600	-503.281098	-325.293084	828.574181	177.988014	1331.855279	-0.914432	-0.914026	-1.489950	-0.327604	-0.235186	-0.857890	0.252352	0.181315	0.069509	-0.353655	-2.646345
0.163800	-503.281098	-325.293084	828.574181	177.988014	1331.855279	-0.792923	-0.798381	-1.393060	-0.298891	-0.215510	-0.842919	0.294427	0.209985	0.151415	-0.353655	-2.646345
0.164000	-503.281098	-325.293084	828.574181	177.988014	1331.855279	-0.672238	-0.683242	-1.296139	-0.265184	-0.192428	-0.819982	0.333187	0.236387	0.231053	-0.353655	-2.646345
0.164200	-503.281098	-325.293084	828.574181	177.988014	1331.855279	-0.552387	-0.568556	-1.199187	-0.226871	-0.166206	-0.789385	0.368061	0.260131	0.307636	-0.353655	-2.646345
0.164400	-503.281098	-325.293084	828.574181	177.988014	1331.855279	-0.433377	-0.454275	-1.102200	-0.184403	-0.137154	-0.751508	0.398525	0.280859	0.380415	-0.353655	-2.646345
0.164600	-503.281098	-325.293084	828.574181	177.988014	1331.855279	-0.315206	-0.340353	-1.005176	-0.138291	-0.105620	-0.706811	0.424106	0.298248	0.448688	-0.353655	-2.646345
0.164800	-503.281098	-325.293084	828.574181	177.988014	1331.855279	-0.197870	-0.226749	-0.908114	-0.089097	-0.071988	-0.655817	0.444390	0.312018	0.511807	-0.353655	-2.646345
0.165000	-503.281098	-325.293084	828.574181	177.988014	1331.855279	-0.081358	-0.113428	-0.811011	-0.037428	-0.036673	-0.599114	0.459029	0.321929	0.569184	-0.353655	-2.646345
0.165200	-503.281098	-325.293084	828.574181	177.988014	1331.855279	0.034342	-0.000358	-0.713865	0.016070	-0.000117	-0.537346	0.467743	0.327791	0.620298	-0.353655	-2.646345
0.165400	-503.281098	-325.293084	828.574181	177.988014	1331.855279	0.149249	0.112490	-0.616672	0.070722	0.037219	-0.471204	0.470326	0.329465	0.664700	-0.353655	-2.646345
0.165600	-503.281098	-325.293084	828.574181	177.988014	1331.855279	0.263384	0.225138	-0.519432	0.125831	0.074858	-0.401418	0.466649	0.326863	0.702016	-0.353655	-2.646345
0.165800	-503.281098	-325.293084	828.574181	177.988014	1331.855279	0.376768	0.337604	-0.422140	0.180687	0.112317	-0.328750	0.456661	0.319951	0.731952	-0.353655	-2.646345
0.166000	-503.281098	-325.293084	828.574181	177.988014	1331.855279	0.489428	0.449903	-0.324795	0.234576	0.149105	-0.253986	0.440390	0.308748	0.754297	-0.353655	-2.646345
0.166200	-503.281098	-325.293084	828.574181	177.988014	1331.855279	0.601391	0.562043	-0.227392	0.286788	0.184740	-0.177924	0.417947	0.293331	0.768924	-0.353655	-2.646345
0.166400	-503.281098	-325.293084	828.574181	177.988014	1331.855279	0.712686	0.674032	-0.129929	0.336627	0.218745	-0.101369	0.389520	0.273829	0.775789	-0.353655	-2.646345
0.166600	-503.281098	-325.293084	828.574181	177.988014	1331.855279	0.823340	0.785870	-0.032403	0.383419	0.250660	-0.025119	0.355374	0.250424	0.774935	-0.353655	-2.646345
0.166800	-503.281098	-325.293084	828.574181	177.988014	1331.855279	0.933386	0.897556	0.065190	0.426523	0.280048	0.050038	0.315851	0.223350	0.766486	-0.353655	-2.646345
0.167000	-503.281098	-325.293084	828.574181	177.988014	1331.855279	1.042854	1.009084	0.162853	0.465334	0.306495	0.123337	0.271363	0.192889	0.750646	-0.353655	-2.646345
0.167200	-503.281098	-325.293084	828.574181	177.988014	1331.855279	1.151774	1.120446	0.260591	0.499296	0.329622	0.194044	0.222387	0.159368	0.727699	-0.353655	-2.646345
0.167400	-503.281098	-325.293084	828.574181	177.988014	1331.855279	1.260178	1.231630	0.358408	0.527907	0.349085	0.261462	0.169463	0.123157	0.698001	-0.353655	-2.646345
0.167600	-503.281098	-325.293084	828.574181	177.988014	1331.855279	1.368096	1.342625	0.456307	0.550725	0.364585	0.324938	0.113187	0.084662	0.661979	-0.353655	-2.646345
0.167800	-503.281098	-325.293084	828.574181	177.988014	1331.855279	1.475558	1.453414	0.554294	0.567376	0.375866	0.383873	0.054200	0.044324	0.620120	-0.353655	-2.646345
0.168000	-503.281098	-325.293084	828.574181	177.988014	1331.855279	1.582595	1.563981	0.652374	0.577556	0.382720	0.437726	-0.006814	0.002608	0.572973	-0.353655	-2.646345
0.168200	-503.281098	-325.293084	828.574181	177.988014	1331.855279	1.689234	1.674307	0.750551	0.581038	0.384993	0.486021	-0.069140	-0.039994	0.521132	-0.353655	-2.646345
0.168400	-503.281098	-325.293084	828.574181	177.988014	1331.855279	1.795505	1.784375	0.848831	0.577675	0.382587	0.528349	-0.132038	-0.082978	0.465238	-0.353655	-2.646345
0.168600	-503.281098	-325.293084	828.574181	177.988014	1331.855279	1.901434	1.894166	0.947219	0.567402	0.375455	0.564374	-0.194754	-0.125827	0.405967	-0.353655	-2.646345
0.168800	-503.281098	-325.293084	828.574181	177.988014	1331.855279	2.007049	2.003661	1.045723	0.550236	0.363612	0.593835	-0.256526	-0.168022	0.344019	-0.353655	-2.646345
0.169000	-503.281098	-325.293084	828.574181	177.988014	1331.855279	2.112374	2.112842	1.144349	0.526279	0.347127	0.616551	-0.316597	-0.209045	0.280116	-0.353655	-2.646345
0.169200	-503.281098	-325.293084	828.574181	177.988014	1331.855279	2.217433	2.221692	1.243104	0.495715	0.326128	0.632417	-0.374221	-0.248385	0.214989	-0.353655	-2.646345
0.169400	-503.281098	-325.293084	828.574181	177.988014	1331.855279	2.322251	2.330195	1.341995	0.458810	0.300796	0.641407	-0.428675	-0.285548	0.149371	-0.353655	-2.646345
0.169600	-503.281098	-325.293084	828.574181	177.988014	1331.855279	2.426849	2.438336	1.441031	0.415911	0.271370	0.643576	-0.479265	-0.320061	0.083986	-0.353655	-2.646345
0.169800	-503.281098	-325.293084	828.574181	177.988014	1331.855279	2.531248	2.546103	1.540221	0.367436	0.238137	0.639052	-0.525335	-0.351475	0.019546	-0.353655	-2.646345
0.170000	-503.281098	-325.293084	828.574181	177.988014	1331.855279	2.635468	2.653486	1.639573	0.313879	0.201433	0.628040	-0.566280	-0.379376	-0.043263	-0.353655	-2.646345
0.170200	-503.281098	-325.293084	828.574181	177.988014	1331.855279	2.739526	2.760473	1.739099	0.255796	0.161641	0.610813	-0.601545	-0.403387	-0.103783	-0.353655	-2.646345
0.170400	-503.281098	-325.293084	828.574181	177.988014	1331.855279	2.843441	2.867060	1.838808	0.193803	0.119183	0.587714	-0.630639	-0.423171	-0.161398	-0.353655	-2.646345
0.170600	-503.281098	-325.293084	828.574181	177.988014	1331.855279	2.947227	2.973242	1.938714	0.128571	0.074517	0.559145	-0.653139	-0.438439	-0.215533	-0.353655	-2.646345
0.170800	-503.281098	-325.293084	828.574181	177.988014	1331.855279	3.050900	3.079015	2.038828	0.060813	0.028131	0.525564	-0.668695	-0.448955	-0.265669	-0.353655	-2.646345
0.171000	-503.281098	-325.293084	828.574181	177.988014	1331.855279	-3.128713	-3.098805	2.139165	-0.008720	-0.019460	0.487480	-0.677036	-0.454531	-0.311339	-0.353655	-2.646345
0.171200	-503.281098	-325.293084	828.574181	177.988014	1331.855279	-3.025229	-2.993846	2.239739	-0.079250	-0.067724	0.445445	-0.677973	-0.455040	-0.352140	-0.353655	-2.646345
0.171400	-503.281098	-325.293084	828.574181	177.988014	1331.855279	-2.921822	-2.889289	2.340567	-0.149977	-0.116115	0.400047	-0.671401	-0.450411	-0.387735	-0.353655	-2.646345
0.171600	-503.281098	-325.293084	828.574181	177.988014	1331.855279	-2.818483	-2.785128	2.441667	-0.220094	-0.164079	0.351900	-0.657302	-0.440632	-0.417853	-0.353655	-2.646345
0.171800	-503.281098	-325.293084	828.574181	177.988014	1331.855279	-2.715204	-2.681355	2.543057	-0.288792	-0.211064	0.301641	-0.635745	-0.425752	-0.442297	-0.353655	-2.646345
0.172000	-503.281098	-325.293084	828.574181	177.988014	1331.855279	-2.611977	-2.577960	2.644760	-0.355273	-0.256524	0.249920	-0.606889	-0.405878	-0.460939	-0.353655	-2.646345
0.172200	-503.281098	-325.293084	828.574181	177.988014	1331.855279	-2.508797	-2.474931	2.746798	-0.418756	-0.299924	0.197388	-0.570975	-0.381178	-0.473727	-0.353655	-2.646345
0.172400	-503.281098	-325.293084	828.574181	177.988014	1331.855279	-2.405660	-2.372256	2.849196	-0.478488	-0.340750	0.144696	-0.528331	-0.351876	-0.480678	-0.353655	-2.646345
0.172600	-503.281098	-325.293084	828.574181	177.988014	1331.855279	-2.302561	-2.269920	2.951982	-0.533753	-0.378512	0.092481	-0.479364	-0.318250	-0.481882	-0.353655	-2.646345
0.172800	-503.281098	-325.293084	828.574181	177.988014	1331.855279	-2.199497	-2.167908	3.055187	-0.583882	-0.412752	0.041361	-0.424556	-0.280632	-0.477498	-0.353655	-2.646345
0.173000	-503.281098	-325.293084	828.574181	177.988014	1331.855279	-2.096469	-2.066202	-3.124341	-0.628256	-0.443049	-0.008070	-0.364463	-0.239402	-0.467751	-0.353655	-2.646345
0.173200	-503.281098	-325.293084	828.574181	177.988014	1331.855279	-1.993474	-1.964785	-3.020194	-0.666320	-0.469022	-0.055257	-0.299703	-0.194984	-0.452926	-0.353655	-2.646345
0.173400	-503.281098	-325.293084	828.574181	177.988014	1331.855279	-1.890514	-1.863638	-2.915516	-0.697587	-0.490337	-0.099679	-0.230954	-0.147841	-0.433369	-0.353655	-2.646345
0.173600	-503.281098	-325.293084	828.574181	177.988014	1331.855279	-1.787589	-1.762741	-2.810261	-0.721642	-0.506714	-0.140865	-0.158944	-0.098473	-0.409476	-0.353655	-2.646345
0.173800	-503.281098	-325.293084	828.574181	177.988014	1331.855279	-1.684701	-1.662076	-2.704380	-0.738151	-0.517922	-0.178395	-0.084444	-0.047407	-0.381691	-0.353655	-2.646345
0.174000	-503.281098	-325.293084	828.574181	177.988014	1331.855279	-1.581854	-1.561621	-2.597815	-0.746861	-0.523789	-0.211903	-0.008259	0.004806	-0.350499	-0.353655	-2.646345
0.174200	-503.281098	-325.293084	828.574181	177.988014	1331.855279	-1.479050	-1.461355	-2.490504	-0.747608	-0.524205	-0.241085	0.068784	0.057600	-0.316416	-0.353655	-2.646345
0.174400	-503.281098	-325.293084	828.574181	177.988014	1331.855279	-1.376292	-1.361259	-2.382377	-0.740318	-0.519118	-0.265699	0.145839	0.110395	-0.279989	-0.353655	-2.646345
0.174600	-503.281098	-325.293084	828.574181	177.988014	1331.855279	-1.273586	-1.261310	-2.273354	-0.725004	-0.508538	-0.285567	0.222056	0.162611	-0.241781	-0.353655	-2.646345
0.174800	-503.281098	-325.293084	828.574181	177.988014	1331.855279	-1.170936	-1.161487	-2.163347	-0.701773	-0.492539	-0.300580	0.296589	0.213668	-0.202368	-0.353655	-2.646345
0.175000	-503.281098	-325.293084	828.574181	177.988014	1331.855279	-1.068346	-1.061770	-2.052258	-0.670819	-0.471254	-0.310694	0.368608	0.262998	-0.162329	-0.353655	-2.646345
0.175200	-503.281098	-325.293084	828.574181	177.988014	1331.855279	-0.965821	-0.962138	-1.939975	-0.632428	-0.444879	-0.315933	0.437302	0.310047	-0.122240	-0.353655	-2.646345
0.175400	-503.281098	-325.293084	828.574181	177.988014	1331.855279	-0.863366	-0.862569	-1.826372	-0.586966	-0.413665	-0.316385	0.501897	0.354284	-0.082668	-0.353655	-2.646345
0.175600	-503.281098	-325.293084	828.574181	177.988014	1331.855279	-0.760987	-0.763045	-1.711306	-0.534886	-0.377922	-0.312204	0.561659	0.395207	-0.044159	-0.353655	-2.646345
0.175800	-503.281098	-325.293084	828.574181	177.988014	1331.855279	-0.658688	-0.663544	-1.594619	-0.476713	-0.338011	-0.303603	0.615905	0.432350	-0.007234	-0.353655	-2.646345
0.176000	-503.281098	-325.293084	828.574181	177.988014	1331.855279	-0.556473	-0.564048	-1.476129	-0.413046	-0.294341	-0.290852	0.664010	0.465285	0.027617	-0.353655	-2.646345
0.176200	-503.281098	-325.293084	828.574181	177.988014	1331.855279	-0.454348	-0.464539	-1.355633	-0.344545	-0.247365	-0.274275	0.705415	0.493629	0.059942	-0.353655	-2.646345
0.176400	-503.281098	-325.293084	828.574181	177.988014	1331.855279	-0.352315	-0.364997	-1.232901	-0.271929	-0.197574	-0.254244	0.739633	0.517050	0.089334	-0.353655	-2.646345
0.176600	-503.281098	-325.293084	828.574181	177.988014	1331.855279	-0.250380	-0.265406	-1.107678	-0.195967	-0.145496	-0.231172	0.766257	0.535269	0.115433	-0.353655	-2.646345
0.176800	-503.281098	-325.293084	828.574181	177.988014	1331.855279	-0.148544	-0.165750	-0.979676	-0.117466	-0.091682	-0.205511	0.784960	0.548062	0.137935	-0.353655	-2.646345
0.177000	-503.281098	-325.293084	828.574181	177.988014	1331.855279	-0.046811	-0.066013	-0.848580	-0.037266	-0.036708	-0.177741	0.795505	0.555268	0.156590	-0.353655	-2.646345
0.177200	-503.281098	-325.293084	828.574181	177.988014	1331.855279	0.054817	0.033819	-0.714044	0.043774	0.018837	-0.148366	0.797743	0.556785	0.171208	-0.353655	-2.646345
0.177400	-503.281098	-325.293084	828.574181	177.988014	1331.855279	0.156339	0.133759	-0.575698	0.124779	0.074356	-0.117906	0.791618	0.552575	0.181662	-0.353655	-2.646345
0.177600	-503.281098	-325.293084	828.574181	177.988014	1331.855279	0.257754	0.233820	-0.433156	0.204875	0.129249	-0.086888	0.777166	0.542662	0.187888	-0.353655	-2.646345
0.177800	-503.281098	-325.293084	828.574181	177.988014	1331.855279	0.359062	0.334012	-0.286031	0.283194	0.182923	-0.055844	0.754516	0.527136	0.189883	-0.353655	-2.646345
0.178000	-503.281098	-325.293084	828.574181	177.988014	1331.855279	0.460263	0.434345	-0.133957	0.358886	0.234796	-0.025296	0.723887	0.506146	0.187709	-0.353655	-2.646345
0.178200	-503.281098	-325.293084	828.574181	177.988014	1331.855279	0.561358	0.534827	0.023372	0.431129	0.284305	0.004243	0.685590	0.479905	0.181490	-0.353655	-2.646345
0.178400	-503.281098	-325.293084	828.574181	177.988014	1331.855279	0.662350	0.635464	0.186156	0.499135	0.330912	0.032282	0.640017	0.448683	0.171408	-0.353655	-2.646345
0.178600	-503.281098	-325.293084	828.574181	177.988014	1331.855279	0.763241	0.736263	0.354431	0.562166	0.374109	0.058359	0.587646	0.412805	0.157702	-0.353655	-2.646345
0.178800	-503.281098	-325.293084	828.574181	177.988014	1331.855279	0.864035	0.837225	0.528004	0.619534	0.413427	0.082042	0.529028	0.372650	0.140666	-0.353655	-2.646345
0.179000	-503.281098	-325.293084	828.574181	177.988014	1331.855279	0.964734	0.938354	0.706394	0.670614	0.448438	0.102939	0.464784	0.328643	0.120639	-0.353655	-2.646345
0.179200	-503.281098	-325.293084	828.574181	177.988014	1331.855279	1.065345	1.039651	0.888792	0.714850	0.478762	0.120703	0.395599	0.281252	0.098009	-0.353655	-2.646345
0.179400	-503.281098	-325.293084	828.574181	177.988014	1331.855279	1.165873	1.141113	1.074073	0.751762	0.504070	0.135037	0.322212	0.230984	0.073197	-0.353655	-2.646345
0.179600	-503.281098	-325.293084	828.574181	177.988014	1331.855279	1.266323	1.242738	1.260851	0.780951	0.524087	0.145695	0.245409	0.178377	0.046661	-0.353655	-2.646345
0.179800	-503.281098	-325.293084	828.574181	177.988014	1331.855279	1.366703	1.344522	1.447597	0.802100	0.538600	0.152490	0.166015	0.123995	0.018882	-0.353655	-2.646345
0.180000	-503.281098	-325.293084	828.574181	177.988014	1331.855279	1.467019	1.446459	1.632784	0.814985	0.547452	0.155294	0.084882	0.068422	-0.009639	-0.353655	-2.646345
0.180200	-503.281098	-325.293084	828.574181	177.988014	1331.855279	1.567279	1.548542	1.815036	0.819471	0.550552	0.154038	0.002882	0.012254	-0.038389	-0.353655	-2.646345
0.180400	-503.281098	-325.293084	828.574181	177.988014	1331.855279	1.667492	1.650761	1.993239	0.815516	0.547871	0.148718	-0.079104	-0.043904	-0.066850	-0.353655	-2.646345
0.180600	-503.281098	-325.293084	828.574181	177.988014	1331.855279	1.767666	1.753108	2.166598	0.803172	0.539445	0.139391	-0.160195	-0.099451	-0.094506	-0.353655	-2.646345
0.180800	-503.281098	-325.293084	828.574181	177.988014	1331.855279	1.867811	1.855570	2.334646	0.782582	0.525372	0.126177	-0.239524	-0.153792	-0.120853	-0.353655	-2.646345
0.181000	-503.281098	-325.293084	828.574181	177.988014	1331.855279	1.967935	1.958136	2.497198	0.753983	0.505813	0.109253	-0.316239	-0.206345	-0.145400	-0.353655	-2.646345
0.181200	-503.281098	-325.293084	828.574181	177.988014	1331.855279	2.068050	2.060791	2.654299	0.717698	0.480988	0.088858	-0.389524	-0.256550	-0.167682	-0.353655	-2.646345
0.181400	-503.281098	-325.293084	828.574181	177.988014	1331.855279	2.168164	2.163523	2.806155	0.674133	0.451179	0.065283	-0.458599	-0.303874	-0.187266	-0.353655	-2.646345
0.181600	-503.281098	-325.293084	828.574181	177.988014	1331.855279	2.268289	2.266316	2.953076	0.623777	0.416716	0.038872	-0.522732	-0.347815	-0.203751	-0.353655	-2.646345
0.181800	-503.281098	-325.293084	828.574181	177.988014	1331.855279	2.368435	2.369155	3.095428	0.567191	0.377986	0.010015	-0.581249	-0.387912	-0.216784	-0.353655	-2.646345
0.182000	-503.281098	-325.293084	828.574181	177.988014	1331.855279	2.468613	2.472024	-3.049586	0.505003	0.335417	-0.020857	-0.633538	-0.423746	-0.226055	-0.353655	-2.646345
0.182200	-503.281098	-325.293084	828.574181	177.988014	1331.855279	2.568833	2.574909	-2.915211	0.437904	0.289483	-0.053277	-0.679059	-0.454947	-0.231308	-0.353655	-2.646345
0.182400	-503.281098	-325.293084	828.574181	177.988014	1331.855279	2.669107	2.677794	-2.784261	0.366634	0.240689	-0.086748	-0.717348	-0.481197	-0.232345	-0.353655	-2.646345
0.182600	-503.281098	-325.293084	828.574181	177.988014	1331.855279	2.769445	2.780664	-2.656393	0.291980	0.189575	-0.120750	-0.748022	-0.502234	-0.229025	-0.353655	-2.646345
0.182800	-503.281098	-325.293084	828.574181	177.988014	1331.855279	2.869858	2.883505	-2.531291	0.214761	0.136701	-0.154748	-0.770785	-0.517855	-0.221269	-0.353655	-2.646345
0.183000	-503.281098	-325.293084	828.574181	177.988014	1331.855279	2.970358	2.986302	-2.408672	0.135823	0.082646	-0.188197	-0.785430	-0.527917	-0.209063	-0.353655	-2.646345
0.183200	-503.281098	-325.293084	828.574181	177.988014	1331.855279	3.070953	3.089044	-2.288278	0.056028	0.028000	-0.220551	-0.791839	-0.532340	-0.192457	-0.353655	-2.646345
0.183400	-503.281098	-325.293084	828.574181	177.988014	1331.855279	-3.111530	-3.091468	-2.169882	-0.023757	-0.026644	-0.251270	-0.789988	-0.531106	-0.171566	-0.353655	-2.646345
0.183600	-503.281098	-325.293084	828.574181	177.988014	1331.855279	-3.010710	-2.988872	-2.053281	-0.102668	-0.080694	-0.279827	-0.779944	-0.524262	-0.146566	-0.353655	-2.646345
0.183800	-503.281098	-325.293084	828.574181	177.988014	1331.855279	-2.909765	-2.886364	-1.938295	-0.179855	-0.133569	-0.305718	-0.761865	-0.511916	-0.117698	-0.353655	-2.646345
0.184000	-503.281098	-325.293084	828.574181	177.988014	1331.855279	-2.808683	-2.783951	-1.824766	-0.254493	-0.184702	-0.328464	-0.735998	-0.494235	-0.085261	-0.353655	-2.646345
0.184200	-503.281098	-325.293084	828.574181	177.988014	1331.855279	-2.707456	-2.681640	-1.712551	-0.325786	-0.233550	-0.347621	-0.702676	-0.471448	-0.049610	-0.353655	-2.646345
0.184400	-503.281098	-325.293084	828.574181	177.988014	1331.855279	-2.606076	-2.579434	-1.601527	-0.392984	-0.279599	-0.362788	-0.662312	-0.443836	-0.011152	-0.353655	-2.646345
0.184600	-503.281098	-325.293084	828.574181	177.988014	1331.855279	-2.504535	-2.477338	-1.491580	-0.455383	-0.322367	-0.373609	-0.615398	-0.411737	0.029658	-0.353655	-2.646345
0.184800	-503.281098	-325.293084	828.574181	177.988014	1331.855279	-2.402825	-2.375351	-1.382613	-0.512339	-0.361413	-0.379781	-0.562495	-0.375532	0.072324	-0.353655	-2.646345
0.185000	-503.281098	-325.293084	828.574181	177.988014	1331.855279	-2.300939	-2.273473	-1.274538	-0.563273	-0.396340	-0.381057	-0.504227	-0.335650	0.116314	-0.353655	-2.646345
0.185200	-503.281098	-325.293084	828.574181	177.988014	1331.855279	-2.198871	-2.171702	-1.167276	-0.607675	-0.426799	-0.377251	-0.441275	-0.292556	0.161067	-0.353655	-2.646345
0.185400	-503.281098	-325.293084	828.574181	177.988014	1331.855279	-2.096615	-2.070032	-1.060758	-0.645115	-0.452494	-0.368243	-0.374369	-0.246750	0.205998	-0.353655	-2.646345
0.185600	-503.281098	-325.293084	828.574181	177.988014	1331.855279	-1.994167	-1.968458	-0.954920	-0.675242	-0.473186	-0.353976	-0.304278	-0.198757	0.250510	-0.353655	-2.646345
0.185800	-503.281098	-325.293084	828.574181	177.988014	1331.855279	-1.891522	-1.866971	-0.849707	-0.697789	-0.488692	-0.334466	-0.231802	-0.149124	0.293994	-0.353655	-2.646345
0.186000	-503.281098	-325.293084	828.574181	177.988014	1331.855279	-1.788677	-1.765562	-0.745068	-0.712580	-0.498889	-0.309793	-0.157762	-0.098414	0.335847	-0.353655	-2.646345
0.186200	-503.281098	-325.293084	828.574181	177.988014	1331.855279	-1.685628	-1.664218	-0.640957	-0.719526	-0.503716	-0.280111	-0.082990	-0.047196	0.375468	-0.353655	-2.646345
0.186400	-503.281098	-325.293084	828.574181	177.988014	1331.855279	-1.582375	-1.562927	-0.537334	-0.718625	-0.503173	-0.245639	-0.008321	0.003960	0.412277	-0.353655	-2.646345
0.186600	-503.281098	-325.293084	828.574181	177.988014	1331.855279	-1.478914	-1.461673	-0.434161	-0.709969	-0.497320	-0.206662	0.065418	0.054486	0.445713	-0.353655	-2.646345
0.186800	-503.281098	-325.293084	828.574181	177.988014	1331.855279	-1.375246	-1.360439	-0.331405	-0.693733	-0.486277	-0.163531	0.137416	0.103828	0.475250	-0.353655	-2.646345
0.187000	-503.281098	-325.293084	828.574181	177.988014	1331.855279	-1.271371	-1.259207	-0.229035	-0.670181	-0.470225	-0.116655	0.206890	0.151450	0.500397	-0.353655	-2.646345
0.187200	-503.281098	-325.293084	828.574181	177.988014	1331.855279	-1.167288	-1.157957	-0.127024	-0.639655	-0.449396	-0.066501	0.273091	0.196840	0.520708	-0.353655	-2.646345
0.187400	-503.281098	-325.293084	828.574181	177.988014	1331.855279	-1.063000	-1.056668	-0.025347	-0.602576	-0.424078	-0.013583	0.335315	0.239516	0.535790	-0.353655	-2.646345
0.187600	-503.281098	-325.293084	828.574181	177.988014	1331.855279	-0.958507	-0.955316	0.076021	-0.559436	-0.394606	0.041534	0.392910	0.279029	0.545305	-0.353655	-2.646345
0.187800	-503.281098	-325.293084	828.574181	177.988014	1331.855279	-0.853812	-0.853878	0.177099	-0.510790	-0.361362	0.098252	0.445280	0.314974	0.548976	-0.353655	-2.646345
0.188000	-503.281098	-325.293084	828.574181	177.988014	1331.855279	-0.748916	-0.752329	0.277907	-0.457256	-0.324765	0.155937	0.491898	0.346988	0.546593	-0.353655	-2.646345
0.188200	-503.281098	-325.293084	828.574181	177.988014	1331.855279	-0.643824	-0.650641	0.378462	-0.399498	-0.285272	0.213931	0.532307	0.374758	0.538015	-0.353655	-2.646345
0.188400	-503.281098	-325.293084	828.574181	177.988014	1331.855279	-0.538537	-0.548787	0.478782	-0.338227	-0.243366	0.271561	0.566124	0.398023	0.523174	-0.353655	-2.646345
0.188600	-503.281098	-325.293084	828.574181	177.988014	1331.855279	-0.433058	-0.446738	0.578881	-0.274184	-0.199556	0.328142	0.593050	0.416576	0.502076	-0.353655	-2.646345
0.188800	-503.281098	-325.293084	828.574181	177.988014	1331.855279	-0.327391	-0.344464	0.678772	-0.208137	-0.154366	0.382989	0.612866	0.430267	0.474800	-0.353655	-2.646345
0.189000	-503.281098	-325.293084	828.574181	177.988014	1331.855279	-0.221538	-0.241934	0.778469	-0.140871	-0.108332	0.435426	0.625439	0.439005	0.441502	-0.353655	-2.646345
0.189200	-503.281098	-325.293084	828.574181	177.988014	1331.855279	-0.115502	-0.139117	0.877983	-0.073175	-0.061995	0.484790	0.630723	0.442756	0.402413	-0.353655	-2.646345
0.189400	-503.281098	-325.293084	828.574181	177.988014	1331.855279	-0.009283	-0.035981	0.977325	-0.005837	-0.015894	0.530445	0.628755	0.441546	0.357835	-0.353655	-2.646345
0.189600	-503.281098	-325.293084	828.574181	177.988014	1331.855279	0.097115	0.067508	1.076505	0.060368	0.029442	0.571783	0.619659	0.435460	0.308141	-0.353655	-2.646345
0.189800	-503.281098	-325.293084	828.574181	177.988014	1331.855279	0.203693	0.171383	1.175533	0.124687	0.073497	0.608237	0.603642	0.424637	0.253769	-0.353655	-2.646345
0.190000	-503.281098	-325.293084	828.574181	177.988014	1331.855279	0.310450	0.275678	1.274418	0.186395	0.115775	0.639288	0.580989	0.409272	0.195221	-0.353655	-2.646345
0.190200	-503.281098	-325.293084	828.574181	177.988014	1331.855279	0.417387	0.380425	1.373167	0.244808	0.155808	0.664468	0.552063	0.389612	0.133056	-0.353655	-2.646345
0.190400	-503.281098	-325.293084	828.574181	177.988014	1331.855279	0.524507	0.485661	1.471787	0.299287	0.193159	0.683370	0.517295	0.365952	0.067882	-0.353655	-2.646345
0.190600	-503.281098	-325.293084	828.574181	177.988014	1331.855279	0.631813	0.591417	1.570287	0.349247	0.227428	0.695651	0.477182	0.338631	0.000354	-0.353655	-2.646345
0.190800	-503.281098	-325.293084	828.574181	177.988014	1331.855279	0.739309	0.697728	1.668673	0.394163	0.258254	0.701038	0.432280	0.308028	-0.068835	-0.353655	-2.646345
0.191000	-503.281098	-325.293084	828.574181	177.988014	1331.855279	0.847002	0.804625	1.766951	0.433578	0.285325	0.699333	0.383197	0.274559	-0.138964	-0.353655	-2.646345
0.191200	-503.281098	-325.293084	828.574181	177.988014	1331.855279	0.954900	0.912140	1.865126	0.467103	0.308374	0.690414	0.330584	0.238667	-0.209288	-0.353655	-2.646345
0.191400	-503.281098	-325.293084	828.574181	177.988014	1331.855279	1.063012	1.020303	1.963205	0.494426	0.327188	0.674239	0.275126	0.200823	-0.279050	-0.353655	-2.646345
0.191600	-503.281098	-325.293084	828.574181	177.988014	1331.855279	1.171348	1.129142	2.061192	0.515315	0.341605	0.650847	0.217537	0.161512	-0.347485	-0.353655	-2.646345
0.191800	-503.281098	-325.293084	828.574181	177.988014	1331.855279	1.279923	1.238685	2.159092	0.529616	0.351522	0.620358	0.158548	0.121235	-0.413835	-0.353655	-2.646345
0.192000	-503.281098	-325.293084	828.574181	177.988014	1331.855279	1.388752	1.348953	2.256910	0.537259	0.356889	0.582973	0.098900	0.080498	-0.477351	-0.353655	-2.646345
0.192200	-503.281098	-325.293084	828.574181	177.988014	1331.855279	1.497850	1.459970	2.354649	0.538254	0.357713	0.538972	0.039333	0.039807	-0.537309	-0.353655	-2.646345
0.192400	-503.281098	-325.293084	828.574181	177.988014	1331.855279	1.607239	1.571752	2.452315	0.532695	0.354057	0.488713	-0.019421	-0.000338	-0.593010	-0.353655	-2.646345
0.192600	-503.281098	-325.293084	828.574181	177.988014	1331.855279	1.716938	1.684312	2.549910	0.520755	0.346038	0.432628	-0.076650	-0.039450	-0.643796	-0.353655	-2.646345
0.192800	-503.281098	-325.293084	828.574181	177.988014	1331.855279	1.826972	1.797662	2.647439	0.502681	0.333825	0.371218	-0.131668	-0.077060	-0.689054	-0.353655	-2.646345
0.193000	-503.281098	-325.293084	828.574181	177.988014	1331.855279	1.937366	1.911805	2.744904	0.478799	0.317639	0.305049	-0.183821	-0.112721	-0.728221	-0.353655	-2.646345
0.193200	-503.281098	-325.293084	828.574181	177.988014	1331.855279	2.048148	2.026743	2.842310	0.449498	0.297746	0.234745	-0.232502	-0.146018	-0.760799	-0.353655	-2.646345
0.193400	-503.281098	-325.293084	828.574181	177.988014	1331.855279	2.159347	2.142469	2.939658	0.415234	0.274457	0.160986	-0.277151	-0.176567	-0.786352	-0.353655	-2.646345
0.193600	-503.281098	-325.293084	828.574181	177.988014	1331.855279	2.270996	2.258973	3.036953	0.376518	0.248122	0.084493	-0.317266	-0.204025	-0.804517	-0.353655	-2.646345
0.193800	-503.281098	-325.293084	828.574181	177.988014	1331.855279	2.383128	2.376240	3.134197	0.333915	0.219124	0.006028	-0.352405	-0.228090	-0.815006	-0.353655	-2.646345
0.194000	-503.281098	-325.293084	828.574181	177.988014	1331.855279	2.495780	2.494247	-3.051793	0.288030	0.187877	-0.073619	-0.382196	-0.248506	-0.817614	-0.353655	-2.646345
0.194200	-503.281098	-325.293084	828.574181	177.988014	1331.855279	2.608987	2.612966	-2.954644	0.239504	0.154819	-0.153637	-0.406337	-0.265068	-0.812215	-0.353655	-2.646345
0.194400	-503.281098	-325.293084	828.574181	177.988014	1331.855279	2.722790	2.732366	-2.857538	0.189006	0.120407	-0.233201	-0.424601	-0.277619	-0.798773	-0.353655	-2.646345
0.194600	-503.281098	-325.293084	828.574181	177.988014	1331.855279	2.837228	2.852408	-2.760473	0.137222	0.085109	-0.311486	-0.436839	-0.286057	-0.777333	-0.353655	-2.646345
0.194800	-503.281098	-325.293084	828.574181	177.988014	1331.855279	2.952340	2.973051	-2.663447	0.084850	0.049402	-0.387671	-0.442978	-0.290331	-0.748030	-0.353655	-2.646345
0.195000	-503.281098	-325.293084	828.574181	177.988014	1331.855279	3.068170	3.094248	-2.566458	0.032587	0.013761	-0.460951	-0.443027	-0.290448	-0.711084	-0.353655	-2.646345
0.195200	-503.281098	-325.293084	828.574181	177.988014	1331.855279	-3.098429	-3.067233	-2.469503	-0.018877	-0.021341	-0.530544	-0.437072	-0.286465	-0.666797	-0.353655	-2.646345
0.195400	-503.281098	-325.293084	828.574181	177.988014	1331.855279	-2.981046	-2.945072	-2.372581	-0.068869	-0.055445	-0.595702	-0.425275	-0.278492	-0.615553	-0.353655	-2.646345
0.195600	-503.281098	-325.293084	828.574181	177.988014	1331.855279	-2.862827	-2.822506	-2.275690	-0.116741	-0.088108	-0.655720	-0.407873	-0.266691	-0.557814	-0.353655	-2.646345
0.195800	-503.281098	-325.293084	828.574181	177.988014	1331.855279	-2.743735	-2.699586	-2.178828	-0.161877	-0.118910	-0.709939	-0.385173	-0.251271	-0.494112	-0.353655	-2.646345
0.196000	-503.281098	-325.293084	828.574181	177.988014	1331.855279	-2.623738	-2.576362	-2.081992	-0.203702	-0.147458	-0.757760	-0.357550	-0.232488	-0.425050	-0.353655	-2.646345
0.196200	-503.281098	-325.293084	828.574181	177.988014	1331.855279	-2.502807	-2.452881	-1.985182	-0.241691	-0.173392	-0.798647	-0.325440	-0.210639	-0.351289	-0.353655	-2.646345
0.196400	-503.281098	-325.293084	828.574181	177.988014	1331.855279	-2.380916	-2.329187	-1.888395	-0.275370	-0.196389	-0.832132	-0.289334	-0.186058	-0.273544	-0.353655	-2.646345
0.196600	-503.281098	-325.293084	828.574181	177.988014	1331.855279	-2.258049	-2.205321	-1.791631	-0.304328	-0.216168	-0.857827	-0.249771	-0.159114	-0.192578	-0.353655	-2.646345
0.196800	-503.281098	-325.293084	828.574181	177.988014	1331.855279	-2.134196	-2.081318	-1.694886	-0.328217	-0.232490	-0.875419	-0.207333	-0.130205	-0.109192	-0.353655	-2.646345
0.197000	-503.281098	-325.293084	828.574181	177.988014	1331.855279	-2.009356	-1.957208	-1.598161	-0.346758	-0.245166	-0.884684	-0.162637	-0.099750	-0.024215	-0.353655	-2.646345
0.197200	-503.281098	-325.293084	828.574181	177.988014	1331.855279	-1.883537	-1.833015	-1.501452	-0.359746	-0.254055	-0.885480	-0.116325	-0.068188	0.061502	-0.353655	-2.646345
0.197400	-503.281098	-325.293084	828.574181	177.988014	1331.855279	-1.756760	-1.708758	-1.404759	-0.367052	-0.259067	-0.877758	-0.069056	-0.035970	0.147094	-0.353655	-2.646345
0.197600	-503.281098	-325.293084	828.574181	177.988014	1331.855279	-1.629057	-1.584447	-1.308081	-0.368619	-0.260165	-0.861554	-0.021500	-0.003552	0.231699	-0.353655	-2.646345
0.197800	-503.281098	-325.293084	828.574181	177.988014	1331.855279	-1.500474	-1.460089	-1.211415	-0.364471	-0.257364	-0.836997	0.025673	0.028609	0.314457	-0.353655	-2.646345
0.198000	-503.281098	-325.293084	828.574181	177.988014	1331.855279	-1.371069	-1.335686	-1.114761	-0.354706	-0.250731	-0.804303	0.071802	0.060060	0.394527	-0.353655	-2.646345
0.198200	-503.281098	-325.293084	828.574181	177.988014	1331.855279	-1.240914	-1.211231	-1.018116	-0.339497	-0.240385	-0.763773	0.116242	0.090362	0.471094	-0.353655	-2.646345
0.198400	-503.281098	-325.293084	828.574181	177.988014	1331.855279	-1.110094	-1.086716	-0.921481	-0.319091	-0.226492	-0.715793	0.158373	0.119091	0.543376	-0.353655	-2.646345
0.198600	-503.281098	-325.293084	828.574181	177.988014	1331.855279	-0.978707	-0.962128	-0.824852	-0.293803	-0.209268	-0.660826	0.197607	0.145847	0.610636	-0.353655	-2.646345
0.198800	-503.281098	-325.293084	828.574181	177.988014	1331.855279	-0.846861	-0.837451	-0.728229	-0.264010	-0.188971	-0.599411	0.233399	0.170255	0.672186	-0.353655	-2.646345
0.199000	-503.281098	-325.293084	828.574181	177.988014	1331.855279	-0.714674	-0.712666	-0.631611	-0.230153	-0.165901	-0.532153	0.265249	0.191976	0.727397	-0.353655	-2.646345
0.199200	-503.281098	-325.293084	828.574181	177.988014	1331.855279	-0.582268	-0.587755	-0.534996	-0.192726	-0.140395	-0.459722	0.292712	0.210706	0.775709	-0.353655	-2.646345
0.199400	-503.281098	-325.293084	828.574181	177.988014	1331.855279	-0.449772	-0.462699	-0.438383	-0.152268	-0.112822	-0.382841	0.315402	0.226181	0.816628	-0.353655	-2.646345
0.199600	-503.281098	-325.293084	828.574181	177.988014	1331.855279	-0.317316	-0.337479	-0.341770	-0.109361	-0.083579	-0.302279	0.332999	0.238182	0.849743	-0.353655	-2.646345
0.199800	-503.281098	-325.293084	828.574181	177.988014	1331.855279	-0.185027	-0.212081	-0.245157	-0.064620	-0.053084	-0.218846	0.345251	0.246538	0.874719	-0.353655	-2.646345
0.200000	-503.281098	-325.293084	828.574181	177.988014	1331.855279	-0.053029	-0.086492	-0.148541	-0.018682	-0.021775	-0.133379	0.351976	0.251124	0.891311	-0.353655	-2.646345
