#model:pConst	end_point_b=1.00
#t	l_1	l_2	l_3	l_2-l_1	l_3-l_1	phase_1	phase_2	phase_3	RePsi_1	RePsi_2	RePsi_3	ImPsi_1	ImPsi_2	ImPsi_3
0.101800	-172.339906	-168.253630	340.593537	4.086276	512.933443	2.470829	2.471038	2.477642	0.510934	0.340813	0.094566	-0.643901	-0.429692	-0.120858
0.103600	-172.339906	-168.253630	340.593537	4.086276	512.933443	-2.912156	-2.911897	-2.903666	-0.186899	-0.124868	-0.036426	-0.800252	-0.534029	-0.150197
0.105400	-172.339906	-168.253630	340.593537	4.086276	512.933443	-2.011745	-2.011632	-2.007882	-0.743036	-0.495993	-0.140819	-0.350669	-0.234010	-0.065794
0.107200	-172.339906	-168.253630	340.593537	4.086276	512.933443	-1.111240	-1.111358	-1.114835	-0.736381	-0.491552	-0.139570	0.364432	0.243195	0.068449
0.109000	-172.339906	-168.253630	340.593537	4.086276	512.933443	-0.210826	-0.211086	-0.219244	-0.171972	-0.114907	-0.033623	0.803588	0.536255	0.150894
0.110800	-172.339906	-168.253630	340.593537	4.086276	512.933443	0.689380	0.689174	0.682383	0.522829	0.348751	0.096800	0.634276	0.423268	0.119122
0.112600	-172.339906	-168.253630	340.593537	4.086276	512.933443	1.589415	1.589420	1.589113	0.821932	0.548351	0.152946	-0.015305	-0.010213	-0.002802
0.114400	-172.339906	-168.253630	340.593537	4.086276	512.933443	2.489446	2.489657	2.496067	0.498861	0.332757	0.092302	-0.653303	-0.435966	-0.122552
0.116200	-172.339906	-168.253630	340.593537	4.086276	512.933443	-2.893544	-2.893286	-2.884994	-0.201761	-0.134786	-0.039212	-0.796640	-0.531618	-0.149447
0.118000	-172.339906	-168.253630	340.593537	4.086276	512.933443	-1.993138	-1.993029	-1.989010	-0.749434	-0.500263	-0.142017	-0.336783	-0.224744	-0.063117
0.119800	-172.339906	-168.253630	340.593537	4.086276	512.933443	-1.092632	-1.092755	-1.095954	-0.729471	-0.486941	-0.138269	0.378070	0.252296	0.071080
0.121600	-172.339906	-168.253630	340.593537	4.086276	512.933443	-0.192215	-0.192476	-0.200552	-0.156987	-0.104907	-0.030806	0.806645	0.538295	0.151539
0.123400	-172.339906	-168.253630	340.593537	4.086276	512.933443	0.707995	0.707793	0.700825	0.534543	0.356568	0.099004	0.624430	0.416698	0.117345
0.125200	-172.339906	-168.253630	340.593537	4.086276	512.933443	1.608033	1.608043	1.607429	0.821505	0.548065	0.152871	-0.030604	-0.020423	-0.005603
0.127000	-172.339906	-168.253630	340.593537	4.086276	512.933443	2.508062	2.508276	2.514484	0.486615	0.324585	0.090010	-0.662479	-0.442090	-0.124203
0.128800	-172.339906	-168.253630	340.593537	4.086276	512.933443	-2.874932	-2.874676	-2.866331	-0.216553	-0.144657	-0.041982	-0.792752	-0.529023	-0.148647
0.130600	-172.339906	-168.253630	340.593537	4.086276	512.933443	-1.974530	-1.974425	-1.970143	-0.755573	-0.504359	-0.143162	-0.322782	-0.215400	-0.060418
0.132400	-172.339906	-168.253630	340.593537	4.086276	512.933443	-1.074025	-1.074152	-1.077070	-0.722309	-0.482161	-0.136916	0.391576	0.261309	0.073686
0.134200	-172.339906	-168.253630	340.593537	4.086276	512.933443	-0.173604	-0.173866	-0.181850	-0.141948	-0.094871	-0.027974	0.809422	0.540148	0.152131
0.136000	-172.339906	-168.253630	340.593537	4.086276	512.933443	0.726611	0.726412	0.719275	0.546071	0.364262	0.101177	0.614369	0.409984	0.115527
0.137800	-172.339906	-168.253630	340.593537	4.086276	512.933443	1.626651	1.626666	1.625747	0.820792	0.547590	0.152747	-0.045893	-0.030626	-0.008402
0.139600	-172.339906	-168.253630	340.593537	4.086276	512.933443	2.526679	2.526896	2.532893	0.474200	0.316300	0.087689	-0.671426	-0.448060	-0.125812
0.141400	-172.339906	-168.253630	340.593537	4.086276	512.933443	-2.856320	-2.856065	-2.847679	-0.231271	-0.154479	-0.044735	-0.788588	-0.526245	-0.147795
0.143200	-172.339906	-168.253630	340.593537	4.086276	512.933443	-1.955922	-1.955822	-1.951281	-0.761451	-0.508282	-0.144254	-0.308668	-0.205982	-0.057698
0.145000	-172.339906	-168.253630	340.593537	4.086276	512.933443	-1.055418	-1.055549	-1.058182	-0.714897	-0.477215	-0.135513	0.404947	0.270232	0.076266
0.146800	-172.339906	-168.253630	340.593537	4.086276	512.933443	-0.154993	-0.155256	-0.163138	-0.126859	-0.084802	-0.025130	0.811919	0.541814	0.152670
0.148600	-172.339906	-168.253630	340.593537	4.086276	512.933443	0.745226	0.745031	0.737733	0.557410	0.371828	0.103318	0.604095	0.403128	0.113669
0.150400	-172.339906	-168.253630	340.593537	4.086276	512.933443	1.645269	1.645289	1.644065	0.819794	0.546924	0.152573	-0.061166	-0.040818	-0.011199
0.152200	-172.339906	-168.253630	340.593537	4.086276	512.933443	2.545296	2.545516	2.551294	0.461621	0.307905	0.085342	-0.680140	-0.453875	-0.127378
0.154000	-172.339906	-168.253630	340.593537	4.086276	512.933443	-2.837707	-2.837454	-2.829037	-0.245909	-0.164247	-0.047468	-0.784152	-0.523285	-0.146892
0.155800	-172.339906	-168.253630	340.593537	4.086276	512.933443	-1.937314	-1.937218	-1.932424	-0.767065	-0.512028	-0.145293	-0.294447	-0.196492	-0.054959
0.157600	-172.339906	-168.253630	340.593537	4.086276	512.933443	-1.036811	-1.036946	-1.039291	-0.707238	-0.472104	-0.134060	0.418178	0.279061	0.078819
0.159400	-172.339906	-168.253630	340.593537	4.086276	512.933443	-0.136383	-0.136647	-0.144417	-0.111728	-0.074705	-0.022273	0.814135	0.543293	0.153155
0.161200	-172.339906	-168.253630	340.593537	4.086276	512.933443	0.763842	0.763650	0.756201	0.568555	0.379266	0.105427	0.593611	0.396132	0.111770
0.163000	-172.339906	-168.253630	340.593537	4.086276	512.933443	1.663888	1.663913	1.662385	0.818513	0.546068	0.152349	-0.076417	-0.050995	-0.013993
0.164800	-172.339906	-168.253630	340.593537	4.086276	512.933443	2.563913	2.564136	2.569689	0.448881	0.299404	0.082968	-0.688618	-0.459532	-0.128900
0.166600	-172.339906	-168.253630	340.593537	4.086276	512.933443	-2.819095	-2.818842	-2.810405	-0.260462	-0.173959	-0.050182	-0.779444	-0.520143	-0.145940
0.168400	-172.339906	-168.253630	340.593537	4.086276	512.933443	-1.918705	-1.918615	-1.913573	-0.772414	-0.515597	-0.146278	-0.280124	-0.186934	-0.052201
0.170200	-172.339906	-168.253630	340.593537	4.086276	512.933443	-1.018204	-1.018343	-1.020398	-0.699334	-0.466829	-0.132557	0.431264	0.287793	0.081344
0.172000	-172.339906	-168.253630	340.593537	4.086276	512.933443	-0.117773	-0.118037	-0.125686	-0.096558	-0.064581	-0.019406	0.816069	0.544584	0.153587
0.173800	-172.339906	-168.253630	340.593537	4.086276	512.933443	0.782457	0.782268	0.774678	0.579503	0.386571	0.107502	0.582923	0.388999	0.109832
0.175600	-172.339906	-168.253630	340.593537	4.086276	512.933443	1.682506	1.682536	1.680707	0.816947	0.545024	0.152076	-0.091642	-0.061155	-0.016782
0.177400	-172.339906	-168.253630	340.593537	4.086276	512.933443	2.582530	2.582756	2.588076	0.435985	0.290798	0.080568	-0.696857	-0.465031	-0.130379
0.179200	-172.339906	-168.253630	340.593537	4.086276	512.933443	-2.800482	-2.800231	-2.791783	-0.274925	-0.183611	-0.052875	-0.774466	-0.516821	-0.144937
0.181000	-172.339906	-168.253630	340.593537	4.086276	512.933443	-1.900097	-1.900011	-1.894728	-0.777495	-0.518989	-0.147210	-0.265704	-0.177311	-0.049427
0.182800	-172.339906	-168.253630	340.593537	4.086276	512.933443	-0.999597	-0.999741	-1.001501	-0.691188	-0.461394	-0.131006	0.444201	0.296426	0.083840
0.184600	-172.339906	-168.253630	340.593537	4.086276	512.933443	-0.099163	-0.099428	-0.106946	-0.081355	-0.054436	-0.016529	0.817721	0.545686	0.153964
0.186400	-172.339906	-168.253630	340.593537	4.086276	512.933443	0.801071	0.800886	0.793164	0.590250	0.393743	0.109543	0.572032	0.381731	0.107855
0.188200	-172.339906	-168.253630	340.593537	4.086276	512.933443	1.701124	1.701159	1.699031	0.815098	0.543790	0.151753	-0.106835	-0.071294	-0.019567
0.190000	-172.339906	-168.253630	340.593537	4.086276	512.933443	2.601148	2.601376	2.606457	0.422938	0.282091	0.078144	-0.704855	-0.470368	-0.131813
0.191800	-172.339906	-168.253630	340.593537	4.086276	512.933443	-2.781869	-2.781619	-2.773172	-0.289294	-0.193199	-0.055547	-0.769219	-0.513320	-0.143886
0.193600	-172.339906	-168.253630	340.593537	4.086276	512.933443	-1.881488	-1.881407	-1.875889	-0.782308	-0.522200	-0.148088	-0.251192	-0.167627	-0.046637
0.195400	-172.339906	-168.253630	340.593537	4.086276	512.933443	-0.980990	-0.981138	-0.982603	-0.682803	-0.455798	-0.129405	0.456984	0.304957	0.086306
0.197200	-172.339906	-168.253630	340.593537	4.086276	512.933443	-0.080554	-0.080819	-0.088197	-0.066124	-0.044272	-0.013643	0.819089	0.546599	0.154287
0.199000	-172.339906	-168.253630	340.593537	4.086276	512.933443	0.819686	0.819504	0.811659	0.600792	0.400778	0.111549	0.560943	0.374332	0.105839
0.200800	-172.339906	-168.253630	340.593537	4.086276	512.933443	1.719742	1.719782	1.717357	0.812966	0.542367	0.151381	-0.121991	-0.081408	-0.022347
0.202600	-172.339906	-168.253630	340.593537	4.086276	512.933443	2.619765	2.619996	2.624831	0.409744	0.273286	0.075695	-0.712609	-0.475542	-0.133204
0.204400	-172.339906	-168.253630	340.593537	4.086276	512.933443	-2.763255	-2.763007	-2.754571	-0.303563	-0.202721	-0.058196	-0.763705	-0.509640	-0.142786
0.206200	-172.339906	-168.253630	340.593537	4.086276	512.933443	-1.862880	-1.862803	-1.857057	-0.786850	-0.525231	-0.148911	-0.236592	-0.157884	-0.043831
0.208000	-172.339906	-168.253630	340.593537	4.086276	512.933443	-0.962383	-0.962535	-0.963703	-0.674182	-0.450045	-0.127757	0.469609	0.313382	0.088740
0.209800	-172.339906	-168.253630	340.593537	4.086276	512.933443	-0.061944	-0.062210	-0.069440	-0.050870	-0.034093	-0.010750	0.820174	0.547323	0.154555
0.211600	-172.339906	-168.253630	340.593537	4.086276	512.933443	0.838300	0.838122	0.830164	0.611125	0.407673	0.113520	0.549660	0.366802	0.103785
0.213400	-172.339906	-168.253630	340.593537	4.086276	512.933443	1.738360	1.738405	1.735687	0.810552	0.540756	0.150959	-0.137105	-0.091494	-0.025120
0.215200	-172.339906	-168.253630	340.593537	4.086276	512.933443	2.638383	2.638617	2.643200	0.396407	0.264386	0.073224	-0.720115	-0.480552	-0.134549
0.217000	-172.339906	-168.253630	340.593537	4.086276	512.933443	-2.744641	-2.744395	-2.735980	-0.317726	-0.212173	-0.060823	-0.757927	-0.505784	-0.141638
0.218800	-172.339906	-168.253630	340.593537	4.086276	512.933443	-1.844271	-1.844199	-1.838232	-0.791120	-0.528081	-0.149680	-0.221911	-0.148087	-0.041012
0.220600	-172.339906	-168.253630	340.593537	4.086276	512.933443	-0.943776	-0.943933	-0.944801	-0.665328	-0.444137	-0.126062	0.482071	0.321698	0.091143
0.222400	-172.339906	-168.253630	340.593537	4.086276	512.933443	-0.043335	-0.043602	-0.050673	-0.035599	-0.023903	-0.007849	0.820975	0.547857	0.154768
0.224200	-172.339906	-168.253630	340.593537	4.086276	512.933443	0.856914	0.856739	0.848679	0.621247	0.414428	0.115454	0.538187	0.359146	0.101694
0.226000	-172.339906	-168.253630	340.593537	4.086276	512.933443	1.756978	1.757027	1.754020	0.807857	0.538957	0.150488	-0.152170	-0.101547	-0.027886
0.227800	-172.339906	-168.253630	340.593537	4.086276	512.933443	2.657001	2.657237	2.661562	0.382933	0.255395	0.070730	-0.727372	-0.485394	-0.135849
0.229600	-172.339906	-168.253630	340.593537	4.086276	512.933443	-2.726027	-2.725783	-2.717399	-0.331781	-0.221552	-0.063425	-0.751887	-0.501753	-0.140442
0.231400	-172.339906	-168.253630	340.593537	4.086276	512.933443	-1.825662	-1.825594	-1.819413	-0.795116	-0.530748	-0.150394	-0.207152	-0.138238	-0.038180
0.233200	-172.339906	-168.253630	340.593537	4.086276	512.933443	-0.925169	-0.925330	-0.925898	-0.656244	-0.438075	-0.124320	0.494367	0.329903	0.093512
0.235000	-172.339906	-168.253630	340.593537	4.086276	512.933443	-0.024726	-0.024993	-0.031898	-0.020317	-0.013704	-0.004943	0.821491	0.548202	0.154926
0.236800	-172.339906	-168.253630	340.593537	4.086276	512.933443	0.875528	0.875357	0.867204	0.631153	0.421038	0.117351	0.526528	0.351365	0.099566
0.238600	-172.339906	-168.253630	340.593537	4.086276	512.933443	1.775596	1.775650	1.772356	0.804882	0.536972	0.149967	-0.167183	-0.111566	-0.030643
0.240400	-172.339906	-168.253630	340.593537	4.086276	512.933443	2.675619	2.675858	2.679920	0.369326	0.246314	0.068214	-0.734377	-0.490069	-0.137104
0.242200	-172.339906	-168.253630	340.593537	4.086276	512.933443	-2.707413	-2.707171	-2.698829	-0.345720	-0.230854	-0.066003	-0.745585	-0.497548	-0.139200
0.244000	-172.339906	-168.253630	340.593537	4.086276	512.933443	-1.807052	-1.806990	-1.800602	-0.798837	-0.533231	-0.151053	-0.192322	-0.128341	-0.035337
0.245800	-172.339906	-168.253630	340.593537	4.086276	512.933443	-0.906562	-0.906727	-0.906994	-0.646933	-0.431861	-0.122533	0.506491	0.337994	0.095847
0.247600	-172.339906	-168.253630	340.593537	4.086276	512.933443	-0.006118	-0.006385	-0.013115	-0.005027	-0.003501	-0.002033	0.821723	0.548357	0.155028
0.249400	-172.339906	-168.253630	340.593537	4.086276	512.933443	0.894141	0.893974	0.885738	0.640839	0.427502	0.119210	0.514686	0.343463	0.097402
0.251200	-172.339906	-168.253630	340.593537	4.086276	512.933443	1.794214	1.794273	1.790696	0.801628	0.534800	0.149398	-0.182138	-0.121545	-0.033393
0.253000	-172.339906	-168.253630	340.593537	4.086276	512.933443	2.694237	2.694478	2.698272	0.355591	0.237148	0.065677	-0.741127	-0.494573	-0.138313
0.254800	-172.339906	-168.253630	340.593537	4.086276	512.933443	-2.688798	-2.688558	-2.680269	-0.359540	-0.240077	-0.068555	-0.739025	-0.493170	-0.137911
0.256600	-172.339906	-168.253630	340.593537	4.086276	512.933443	-1.788443	-1.788385	-1.781799	-0.802281	-0.535529	-0.151657	-0.177424	-0.118400	-0.032483
0.258400	-172.339906	-168.253630	340.593537	4.086276	512.933443	-0.887956	-0.888124	-0.888090	-0.637397	-0.425498	-0.120700	0.518440	0.345968	0.098147
0.260200	-172.339906	-168.253630	340.593537	4.086276	512.933443	0.012491	0.012223	0.005677	0.010264	0.006703	0.000880	0.821671	0.548322	0.155075
0.262000	-172.339906	-168.253630	340.593537	4.086276	512.933443	0.912755	0.912591	0.904283	0.650304	0.433818	0.121030	0.502667	0.335442	0.095202
0.263800	-172.339906	-168.253630	340.593537	4.086276	512.933443	1.812831	1.812895	1.809041	0.798095	0.532443	0.148779	-0.197029	-0.131483	-0.036132
0.265600	-172.339906	-168.253630	340.593537	4.086276	512.933443	2.712856	2.713099	2.716619	0.341732	0.227900	0.063120	-0.747620	-0.498906	-0.139477
0.267400	-172.339906	-168.253630	340.593537	4.086276	512.933443	-2.670183	-2.669945	-2.661719	-0.373236	-0.249217	-0.071081	-0.732209	-0.488622	-0.136576
0.269200	-172.339906	-168.253630	340.593537	4.086276	512.933443	-1.769833	-1.769780	-1.763003	-0.805448	-0.537643	-0.152206	-0.162465	-0.108417	-0.029621
0.271000	-172.339906	-168.253630	340.593537	4.086276	512.933443	-0.869349	-0.869522	-0.869186	-0.627642	-0.418988	-0.118823	0.530210	0.353823	0.100410
0.272800	-172.339906	-168.253630	340.593537	4.086276	512.933443	0.031099	0.030831	0.024476	0.025551	0.016904	0.003796	0.821335	0.548098	0.155066
0.274600	-172.339906	-168.253630	340.593537	4.086276	512.933443	0.931367	0.931208	0.922838	0.659543	0.439983	0.122811	0.490473	0.327305	0.092966
0.276400	-172.339906	-168.253630	340.593537	4.086276	512.933443	1.831449	1.831518	1.827390	0.794286	0.529901	0.148111	-0.211852	-0.141374	-0.038861
0.278200	-172.339906	-168.253630	340.593537	4.086276	512.933443	2.731474	2.731720	2.734961	0.327755	0.218572	0.060544	-0.753854	-0.503066	-0.140594
0.280000	-172.339906	-168.253630	340.593537	4.086276	512.933443	-2.651568	-2.651332	-2.643179	-0.386803	-0.258270	-0.073580	-0.725138	-0.483903	-0.135196
0.281800	-172.339906	-168.253630	340.593537	4.086276	512.933443	-1.751223	-1.751175	-1.744215	-0.808336	-0.539570	-0.152700	-0.147449	-0.098397	-0.026750
0.283600	-172.339906	-168.253630	340.593537	4.086276	512.933443	-0.850742	-0.850919	-0.850282	-0.617669	-0.412333	-0.116902	0.541797	0.361555	0.102637
0.285400	-172.339906	-168.253630	340.593537	4.086276	512.933443	0.049707	0.049439	0.043283	0.040829	0.027099	0.006713	0.820714	0.547683	0.155001
0.287200	-172.339906	-168.253630	340.593537	4.086276	512.933443	0.949980	0.949824	0.941402	0.668553	0.445996	0.124552	0.478110	0.319055	0.090697
0.289000	-172.339906	-168.253630	340.593537	4.086276	512.933443	1.850066	1.850140	1.845745	0.790201	0.527175	0.147394	-0.226601	-0.151217	-0.041579
0.290800	-172.339906	-168.253630	340.593537	4.086276	512.933443	2.750093	2.750341	2.753300	0.313663	0.209169	0.057949	-0.759826	-0.507051	-0.141664
0.292600	-172.339906	-168.253630	340.593537	4.086276	512.933443	-2.632953	-2.632719	-2.624649	-0.400236	-0.267235	-0.076051	-0.717817	-0.479017	-0.133772
0.294400	-172.339906	-168.253630	340.593537	4.086276	512.933443	-1.732613	-1.732570	-1.725435	-0.810945	-0.541311	-0.153138	-0.132382	-0.088342	-0.023872
0.296200	-172.339906	-168.253630	340.593537	4.086276	512.933443	-0.832136	-0.832316	-0.831379	-0.607483	-0.405536	-0.114938	0.553196	0.369162	0.104826
0.298000	-172.339906	-168.253630	340.593537	4.086276	512.933443	0.068314	0.068047	0.062098	0.056092	0.037285	0.009630	0.819809	0.547080	0.154880
0.299800	-172.339906	-168.253630	340.593537	4.086276	512.933443	0.968593	0.968441	0.959978	0.677331	0.451854	0.126252	0.465582	0.310695	0.088394
0.301600	-172.339906	-168.253630	340.593537	4.086276	512.933443	1.868684	1.868762	1.864104	0.785843	0.524266	0.146628	-0.241272	-0.161007	-0.044285
0.303400	-172.339906	-168.253630	340.593537	4.086276	512.933443	2.768712	2.768961	2.771635	0.299463	0.199692	0.055337	-0.765535	-0.510861	-0.142688
0.305200	-172.339906	-168.253630	340.593537	4.086276	512.933443	-2.614337	-2.614105	-2.606128	-0.413531	-0.276107	-0.078493	-0.710246	-0.473965	-0.132303
0.307000	-172.339906	-168.253630	340.593537	4.086276	512.933443	-1.714003	-1.713964	-1.706664	-0.813273	-0.542865	-0.153522	-0.117269	-0.078256	-0.020988
0.308800	-172.339906	-168.253630	340.593537	4.086276	512.933443	-0.813529	-0.813713	-0.812477	-0.597086	-0.398598	-0.112933	0.564404	0.376641	0.106977
0.310600	-172.339906	-168.253630	340.593537	4.086276	512.933443	0.086922	0.086655	0.080919	0.071336	0.047457	0.012546	0.818621	0.546287	0.154703
0.312400	-172.339906	-168.253630	340.593537	4.086276	512.933443	0.987205	0.987057	0.978563	0.685875	0.457555	0.127910	0.452893	0.302227	0.086057
0.314200	-172.339906	-168.253630	340.593537	4.086276	512.933443	1.887301	1.887384	1.882469	0.781212	0.521175	0.145814	-0.255858	-0.170741	-0.046977
0.316000	-172.339906	-168.253630	340.593537	4.086276	512.933443	2.787331	2.787582	2.789966	0.285159	0.190146	0.052707	-0.770978	-0.514493	-0.143665
0.317800	-172.339906	-168.253630	340.593537	4.086276	512.933443	-2.595721	-2.595492	-2.587618	-0.426683	-0.284883	-0.080906	-0.702429	-0.468749	-0.130792
0.319600	-172.339906	-168.253630	340.593537	4.086276	512.933443	-1.695392	-1.695359	-1.687902	-0.815319	-0.544230	-0.153850	-0.102114	-0.068143	-0.018099
0.321400	-172.339906	-168.253630	340.593537	4.086276	512.933443	-0.794922	-0.795110	-0.793575	-0.586483	-0.391522	-0.110886	0.575416	0.383990	0.109087
0.323200	-172.339906	-168.253630	340.593537	4.086276	512.933443	0.105529	0.105262	0.099748	0.086555	0.057613	0.015459	0.817149	0.545305	0.154469
0.325000	-172.339906	-168.253630	340.593537	4.086276	512.933443	1.005817	1.005673	0.997158	0.694180	0.463097	0.129526	0.440047	0.293655	0.083689
0.326800	-172.339906	-168.253630	340.593537	4.086276	512.933443	1.905918	1.906006	1.900841	0.776310	0.517904	0.144951	-0.270356	-0.180415	-0.049657
0.328600	-172.339906	-168.253630	340.593537	4.086276	512.933443	2.805949	2.806203	2.808294	0.270755	0.180535	0.050061	-0.776154	-0.517947	-0.144595
0.330400	-172.339906	-168.253630	340.593537	4.086276	512.933443	-2.577105	-2.576878	-2.569117	-0.439687	-0.293562	-0.083289	-0.694368	-0.463369	-0.129237
0.332200	-172.339906	-168.253630	340.593537	4.086276	512.933443	-1.676782	-1.676753	-1.669148	-0.817083	-0.545408	-0.154122	-0.086924	-0.058007	-0.015207
0.334000	-172.339906	-168.253630	340.593537	4.086276	512.933443	-0.776315	-0.776507	-0.774676	-0.575676	-0.384311	-0.108799	0.586230	0.391207	0.111158
0.335800	-172.339906	-168.253630	340.593537	4.086276	512.933443	0.124136	0.123870	0.118583	0.101743	0.067748	0.018369	0.815394	0.544134	0.154180
0.337600	-172.339906	-168.253630	340.593537	4.086276	512.933443	1.024428	1.024288	1.015764	0.702245	0.468479	0.131099	0.427049	0.284981	0.081288
0.339400	-172.339906	-168.253630	340.593537	4.086276	512.933443	1.924535	1.924627	1.919218	0.771139	0.514453	0.144040	-0.284759	-0.190027	-0.052321
0.341200	-172.339906	-168.253630	340.593537	4.086276	512.933443	2.824569	2.824824	2.826619	0.256258	0.170860	0.047400	-0.781061	-0.521222	-0.145478
0.343000	-172.339906	-168.253630	340.593537	4.086276	512.933443	-2.558489	-2.558264	-2.550626	-0.452539	-0.302138	-0.085641	-0.686066	-0.457829	-0.127641
0.344800	-172.339906	-168.253630	340.593537	4.086276	512.933443	-1.658171	-1.658147	-1.650403	-0.818564	-0.546396	-0.154340	-0.071704	-0.047850	-0.012313
0.346600	-172.339906	-168.253630	340.593537	4.086276	512.933443	-0.757709	-0.757904	-0.755778	-0.564671	-0.376967	-0.106672	0.596841	0.398288	0.113187
0.348400	-172.339906	-168.253630	340.593537	4.086276	512.933443	0.142743	0.142477	0.137425	0.116897	0.077860	0.021275	0.813358	0.542775	0.153834
0.350200	-172.339906	-168.253630	340.593537	4.086276	512.933443	1.043040	1.042904	1.034380	0.710067	0.473698	0.132629	0.413903	0.276208	0.078857
0.352000	-172.339906	-168.253630	340.593537	4.086276	512.933443	1.943152	1.943249	1.937602	0.765700	0.510824	0.143081	-0.299064	-0.199572	-0.054971
0.353800	-172.339906	-168.253630	340.593537	4.086276	512.933443	2.843188	2.843445	2.844942	0.241672	0.161126	0.044723	-0.785697	-0.524315	-0.146313
0.355600	-172.339906	-168.253630	340.593537	4.086276	512.933443	-2.539872	-2.539650	-2.532144	-0.465234	-0.310610	-0.087962	-0.677527	-0.452130	-0.126003
0.357400	-172.339906	-168.253630	340.593537	4.086276	512.933443	-1.639559	-1.639540	-1.631667	-0.819762	-0.547196	-0.154503	-0.056458	-0.037676	-0.009416
0.359200	-172.339906	-168.253630	340.593537	4.086276	512.933443	-0.739102	-0.739300	-0.736883	-0.553470	-0.369493	-0.104507	0.607246	0.405231	0.115173
0.361000	-172.339906	-168.253630	340.593537	4.086276	512.933443	0.161350	0.161084	0.156273	0.132009	0.087945	0.024174	0.811040	0.541228	0.153433
0.362800	-172.339906	-168.253630	340.593537	4.086276	512.933443	1.061651	1.061519	1.053007	0.717642	0.478753	0.134114	0.400614	0.267341	0.076395
0.364600	-172.339906	-168.253630	340.593537	4.086276	512.933443	1.961768	1.961870	1.955992	0.759997	0.507017	0.142074	-0.313264	-0.209049	-0.057604
0.366400	-172.339906	-168.253630	340.593537	4.086276	512.933443	2.861807	2.862066	2.863263	0.227002	0.151336	0.042033	-0.790060	-0.527227	-0.147100
0.368200	-172.339906	-168.253630	340.593537	4.086276	512.933443	-2.521255	-2.521035	-2.513672	-0.477769	-0.318975	-0.090251	-0.668752	-0.446275	-0.124324
0.370000	-172.339906	-168.253630	340.593537	4.086276	512.933443	-1.620948	-1.620934	-1.612941	-0.820676	-0.547806	-0.154610	-0.041193	-0.027489	-0.006520
0.371800	-172.339906	-168.253630	340.593537	4.086276	512.933443	-0.720495	-0.720697	-0.717991	-0.542078	-0.361890	-0.102304	0.617440	0.412034	0.117118
0.373600	-172.339906	-168.253630	340.593537	4.086276	512.933443	0.179957	0.179691	0.175126	0.147076	0.097999	0.027067	0.808441	0.539494	0.152975
0.375400	-172.339906	-168.253630	340.593537	4.086276	512.933443	1.080262	1.080134	1.071643	0.724968	0.483642	0.135554	0.387187	0.258381	0.073904
0.377200	-172.339906	-168.253630	340.593537	4.086276	512.933443	1.980385	1.980491	1.974390	0.754029	0.503035	0.141018	-0.327356	-0.218452	-0.060220
0.379000	-172.339906	-168.253630	340.593537	4.086276	512.933443	2.880426	2.880687	2.881582	0.212253	0.141494	0.039330	-0.794149	-0.529955	-0.147839
0.380800	-172.339906	-168.253630	340.593537	4.086276	512.933443	-2.502638	-2.502421	-2.495208	-0.490138	-0.327230	-0.092508	-0.659745	-0.440264	-0.122606
0.382600	-172.339906	-168.253630	340.593537	4.086276	512.933443	-1.602336	-1.602327	-1.594224	-0.821306	-0.548227	-0.154663	-0.025913	-0.017292	-0.003624
0.384400	-172.339906	-168.253630	340.593537	4.086276	512.933443	-0.701888	-0.702094	-0.699101	-0.530498	-0.354163	-0.100065	0.627421	0.418695	0.119018
0.386200	-172.339906	-168.253630	340.593537	4.086276	512.933443	0.198563	0.198298	0.193985	0.162091	0.108019	0.029952	0.805563	0.537573	0.152461
0.388000	-172.339906	-168.253630	340.593537	4.086276	512.933443	1.098872	1.098749	1.090290	0.732044	0.488363	0.136948	0.373627	0.249331	0.071385
0.389800	-172.339906	-168.253630	340.593537	4.086276	512.933443	1.999001	1.999112	1.992795	0.747801	0.498878	0.139916	-0.341333	-0.227780	-0.062818
0.391600	-172.339906	-168.253630	340.593537	4.086276	512.933443	2.899045	2.899307	2.899900	0.197430	0.131602	0.036614	-0.797962	-0.532500	-0.148530
0.393400	-172.339906	-168.253630	340.593537	4.086276	512.933443	-2.484021	-2.483806	-2.476754	-0.502337	-0.335371	-0.094731	-0.650509	-0.434101	-0.120848
0.395200	-172.339906	-168.253630	340.593537	4.086276	512.933443	-1.583724	-1.583720	-1.575517	-0.821651	-0.548457	-0.154660	-0.010623	-0.007088	-0.000730
0.397000	-172.339906	-168.253630	340.593537	4.086276	512.933443	-0.683281	-0.683490	-0.680215	-0.518734	-0.346313	-0.097789	0.637185	0.425211	0.120874
0.398800	-172.339906	-168.253630	340.593537	4.086276	512.933443	0.217170	0.216905	0.212850	0.177050	0.118002	0.032827	0.802406	0.535467	0.151891
0.400600	-172.339906	-168.253630	340.593537	4.086276	512.933443	1.117483	1.117363	1.108947	0.738865	0.492915	0.138296	0.359937	0.240196	0.068838
0.402400	-172.339906	-168.253630	340.593537	4.086276	512.933443	2.017617	2.017733	2.011207	0.741313	0.494549	0.138766	-0.355193	-0.237028	-0.065398
0.404200	-172.339906	-168.253630	340.593537	4.086276	512.933443	2.917665	2.917928	2.918217	0.182539	0.121665	0.033887	-0.801499	-0.534860	-0.149172
0.406000	-172.339906	-168.253630	340.593537	4.086276	512.933443	-2.465403	-2.465191	-2.458308	-0.514363	-0.343396	-0.096920	-0.641048	-0.427787	-0.119051
0.407800	-172.339906	-168.253630	340.593537	4.086276	512.933443	-1.565112	-1.565112	-1.556819	-0.821712	-0.548498	-0.154604	0.004671	0.003118	0.002161
0.409600	-172.339906	-168.253630	340.593537	4.086276	512.933443	-0.664674	-0.664886	-0.661332	-0.506791	-0.338343	-0.095479	0.646729	0.431580	0.122686
0.411400	-172.339906	-168.253630	340.593537	4.086276	512.933443	0.235776	0.235512	0.231719	0.191948	0.127943	0.035692	0.798972	0.533175	0.151266
0.413200	-172.339906	-168.253630	340.593537	4.086276	512.933443	1.136093	1.135977	1.127614	0.745430	0.497296	0.139597	0.346123	0.230977	0.066263
0.415000	-172.339906	-168.253630	340.593537	4.086276	512.933443	2.036233	2.036353	2.029628	0.734568	0.490048	0.137568	-0.368928	-0.246194	-0.067958
0.416800	-172.339906	-168.253630	340.593537	4.086276	512.933443	2.936284	2.936549	2.936534	0.167585	0.111685	0.031149	-0.804758	-0.537035	-0.149766
0.418600	-172.339906	-168.253630	340.593537	4.086276	512.933443	-2.446785	-2.446576	-2.439870	-0.526210	-0.351302	-0.099075	-0.631364	-0.421324	-0.117216
0.420400	-172.339906	-168.253630	340.593537	4.086276	512.933443	-1.546500	-1.546505	-1.538131	-0.821489	-0.548349	-0.154492	0.019963	0.013323	0.005048
0.422200	-172.339906	-168.253630	340.593537	4.086276	512.933443	-0.646067	-0.646282	-0.642454	-0.494672	-0.330256	-0.093135	0.656049	0.437799	0.124451
0.424000	-172.339906	-168.253630	340.593537	4.086276	512.933443	0.254382	0.254119	0.250593	0.206779	0.137841	0.038546	0.795261	0.530699	0.150585
0.425800	-172.339906	-168.253630	340.593537	4.086276	512.933443	1.154703	1.154592	1.146291	0.751738	0.501505	0.140851	0.332189	0.221679	0.063663
0.427600	-172.339906	-168.253630	340.593537	4.086276	512.933443	2.054849	2.054974	2.048056	0.727569	0.485377	0.136324	-0.382536	-0.255275	-0.070498
0.429400	-172.339906	-168.253630	340.593537	4.086276	512.933443	2.954904	2.955170	2.954850	0.152572	0.101667	0.028401	-0.807737	-0.539023	-0.150311
0.431200	-172.339906	-168.253630	340.593537	4.086276	512.933443	-2.428167	-2.427961	-2.421441	-0.537875	-0.359087	-0.101195	-0.621461	-0.414715	-0.115343
0.433000	-172.339906	-168.253630	340.593537	4.086276	512.933443	-1.527887	-1.527897	-1.519453	-0.820981	-0.548010	-0.154327	0.035249	0.023524	0.007931
0.434800	-172.339906	-168.253630	340.593537	4.086276	512.933443	-0.627460	-0.627678	-0.623580	-0.482382	-0.322055	-0.090758	0.665142	0.443868	0.126171
0.436600	-172.339906	-168.253630	340.593537	4.086276	512.933443	0.272988	0.272726	0.269471	0.221539	0.147690	0.041387	0.791275	0.528039	0.149849
0.438400	-172.339906	-168.253630	340.593537	4.086276	512.933443	1.173312	1.173205	1.164978	0.757784	0.505540	0.142056	0.318141	0.212305	0.061037
0.440200	-172.339906	-168.253630	340.593537	4.086276	512.933443	2.073465	2.073594	2.066493	0.720317	0.480537	0.135033	-0.396010	-0.264267	-0.073016
0.442000	-172.339906	-168.253630	340.593537	4.086276	512.933443	2.973523	2.973790	2.973166	0.137507	0.091613	0.025643	-0.810437	-0.540824	-0.150808
0.443800	-172.339906	-168.253630	340.593537	4.086276	512.933443	-2.409549	-2.409346	-2.403020	-0.549354	-0.366747	-0.103279	-0.611342	-0.407963	-0.113434
0.445600	-172.339906	-168.253630	340.593537	4.086276	512.933443	-1.509274	-1.509289	-1.500786	-0.820188	-0.547482	-0.154108	0.050523	0.033717	0.010807
0.447400	-172.339906	-168.253630	340.593537	4.086276	512.933443	-0.608852	-0.609074	-0.604710	-0.469925	-0.313742	-0.088349	0.674005	0.449782	0.127843
0.449200	-172.339906	-168.253630	340.593537	4.086276	512.933443	0.291593	0.291332	0.288354	0.236222	0.157488	0.044213	0.787015	0.525197	0.149057
0.451000	-172.339906	-168.253630	340.593537	4.086276	512.933443	1.191922	1.191819	1.183675	0.763568	0.509400	0.143213	0.303983	0.202857	0.058387
0.452800	-172.339906	-168.253630	340.593537	4.086276	512.933443	2.092080	2.092213	2.084938	0.712817	0.475532	0.133696	-0.409347	-0.273167	-0.075513
0.454600	-172.339906	-168.253630	340.593537	4.086276	512.933443	2.992143	2.992411	2.991483	0.122394	0.081527	0.022877	-0.812855	-0.542438	-0.151255
0.456400	-172.339906	-168.253630	340.593537	4.086276	512.933443	-2.390931	-2.390730	-2.384607	-0.560643	-0.374281	-0.105327	-0.601011	-0.401068	-0.111489
0.458200	-172.339906	-168.253630	340.593537	4.086276	512.933443	-1.490661	-1.490681	-1.482128	-0.819112	-0.546763	-0.153835	0.065780	0.043898	0.013676
0.460000	-172.339906	-168.253630	340.593537	4.086276	512.933443	-0.590245	-0.590470	-0.585845	-0.457305	-0.305320	-0.085909	0.682636	0.455542	0.129468
0.461800	-172.339906	-168.253630	340.593537	4.086276	512.933443	0.310199	0.309939	0.307239	0.250823	0.167231	0.047025	0.782483	0.522172	0.148211
0.463600	-172.339906	-168.253630	340.593537	4.086276	512.933443	1.210531	1.210432	1.202381	0.769088	0.513083	0.144320	0.289720	0.193339	0.055713
0.465400	-172.339906	-168.253630	340.593537	4.086276	512.933443	2.110695	2.110833	2.103392	0.705069	0.470361	0.132313	-0.422542	-0.281972	-0.077986
0.467200	-172.339906	-168.253630	340.593537	4.086276	512.933443	3.010762	3.011032	3.009801	0.107238	0.071414	0.020103	-0.814991	-0.543863	-0.151654
0.469000	-172.339906	-168.253630	340.593537	4.086276	512.933443	-2.372312	-2.372115	-2.366201	-0.571737	-0.381684	-0.107338	-0.590471	-0.394035	-0.109509
0.470800	-172.339906	-168.253630	340.593537	4.086276	512.933443	-1.472048	-1.472072	-1.463480	-0.817751	-0.545856	-0.153508	0.081015	0.054065	0.016537
0.472600	-172.339906	-168.253630	340.593537	4.086276	512.933443	-0.571637	-0.571865	-0.566985	-0.444526	-0.296793	-0.083439	0.691030	0.461143	0.131044
0.474400	-172.339906	-168.253630	340.593537	4.086276	512.933443	0.328805	0.328546	0.326129	0.265337	0.176917	0.049821	0.777681	0.518968	0.147310
0.476200	-172.339906	-168.253630	340.593537	4.086276	512.933443	1.229140	1.229046	1.221097	0.774341	0.516588	0.145377	0.275357	0.183755	0.053017
0.478000	-172.339906	-168.253630	340.593537	4.086276	512.933443	2.129310	2.129452	2.121855	0.697077	0.465028	0.130884	-0.435590	-0.290679	-0.080436
0.479800	-172.339906	-168.253630	340.593537	4.086276	512.933443	3.029381	3.029652	3.028120	0.092046	0.061275	0.017323	-0.816844	-0.545099	-0.152003
0.481600	-172.339906	-168.253630	340.593537	4.086276	512.933443	-2.353693	-2.353499	-2.347803	-0.582634	-0.388956	-0.109313	-0.579726	-0.386865	-0.107493
0.483400	-172.339906	-168.253630	340.593537	4.086276	512.933443	-1.453434	-1.453463	-1.444843	-0.816107	-0.544759	-0.153128	0.096222	0.064213	0.019390
0.485200	-172.339906	-168.253630	340.593537	4.086276	512.933443	-0.553030	-0.553260	-0.548131	-0.431594	-0.288163	-0.080940	0.699185	0.466586	0.132572
0.487000	-172.339906	-168.253630	340.593537	4.086276	512.933443	0.347410	0.347152	0.345021	0.279759	0.186541	0.052599	0.772609	0.515584	0.146354
0.488800	-172.339906	-168.253630	340.593537	4.086276	512.933443	1.247748	1.247659	1.239823	0.779326	0.519915	0.146384	0.260899	0.174107	0.050299
0.490600	-172.339906	-168.253630	340.593537	4.086276	512.933443	2.147925	2.148071	2.140326	0.688843	0.459533	0.129410	-0.448487	-0.299285	-0.082862
0.492400	-172.339906	-168.253630	340.593537	4.086276	512.933443	3.048001	3.048272	3.046440	0.076821	0.051115	0.014536	-0.818414	-0.546147	-0.152302
0.494200	-172.339906	-168.253630	340.593537	4.086276	512.933443	-2.335074	-2.334883	-2.329412	-0.593328	-0.396093	-0.111249	-0.568781	-0.379560	-0.105444
0.496000	-172.339906	-168.253630	340.593537	4.086276	512.933443	-1.434821	-1.434854	-1.426215	-0.814181	-0.543474	-0.152696	0.111396	0.074339	0.022232
0.497800	-172.339906	-168.253630	340.593537	4.086276	512.933443	-0.534422	-0.534655	-0.529283	-0.418512	-0.279434	-0.078414	0.707098	0.471867	0.134051
0.499600	-172.339906	-168.253630	340.593537	4.086276	512.933443	0.366015	0.365759	0.363916	0.294084	0.196100	0.055359	0.767270	0.512021	0.145345
0.501400	-172.339906	-168.253630	340.593537	4.086276	512.933443	1.266357	1.266271	1.258558	0.784041	0.523061	0.147340	0.246352	0.164399	0.047561
0.503200	-172.339906	-168.253630	340.593537	4.086276	512.933443	2.166540	2.166690	2.158807	0.680371	0.453879	0.127890	-0.461228	-0.307787	-0.085261
0.505000	-172.339906	-168.253630	340.593537	4.086276	512.933443	3.066620	3.066892	3.064763	0.061570	0.040938	0.011744	-0.819700	-0.547005	-0.152553
0.506800	-172.339906	-168.253630	340.593537	4.086276	512.933443	-2.316455	-2.316267	-2.311028	-0.603817	-0.403093	-0.113147	-0.557637	-0.372124	-0.103362
0.508600	-172.339906	-168.253630	340.593537	4.086276	512.933443	-1.416207	-1.416245	-1.407598	-0.811972	-0.542000	-0.152211	0.126532	0.084440	0.025063
0.510400	-172.339906	-168.253630	340.593537	4.086276	512.933443	-0.515814	-0.516050	-0.510441	-0.405285	-0.270607	-0.075861	0.714767	0.476984	0.135480
0.512200	-172.339906	-168.253630	340.593537	4.086276	512.933443	0.384621	0.384366	0.382813	0.308308	0.205592	0.058099	0.761666	0.508282	0.144282
0.514000	-172.339906	-168.253630	340.593537	4.086276	512.933443	1.284965	1.284884	1.277302	0.788484	0.526026	0.148244	0.231719	0.154634	0.044803
0.515800	-172.339906	-168.253630	340.593537	4.086276	512.933443	2.185154	2.185308	2.177298	0.671663	0.448068	0.126326	-0.473808	-0.316182	-0.087635
0.517600	-172.339906	-168.253630	340.593537	4.086276	512.933443	3.085240	3.085513	3.083088	0.046298	0.030746	0.008947	-0.820702	-0.547673	-0.152753
0.519400	-172.339906	-168.253630	340.593537	4.086276	512.933443	-2.297836	-2.297651	-2.292650	-0.614097	-0.409953	-0.115007	-0.546300	-0.364558	-0.101247
0.521200	-172.339906	-168.253630	340.593537	4.086276	512.933443	-1.397592	-1.397635	-1.388992	-0.809483	-0.540338	-0.151673	0.141625	0.094512	0.027883
0.523000	-172.339906	-168.253630	340.593537	4.086276	512.933443	-0.497206	-0.497445	-0.491605	-0.391918	-0.261687	-0.073282	0.722189	0.481937	0.136859
0.524800	-172.339906	-168.253630	340.593537	4.086276	512.933443	0.403226	0.402972	0.401713	0.322424	0.215012	0.060819	0.755799	0.504366	0.143166
0.526600	-172.339906	-168.253630	340.593537	4.086276	512.933443	1.303573	1.303496	1.296055	0.792655	0.528809	0.149097	0.217006	0.144816	0.042026
0.528400	-172.339906	-168.253630	340.593537	4.086276	512.933443	2.203768	2.203927	2.195798	0.662723	0.442102	0.124717	-0.486224	-0.324468	-0.089981
0.530200	-172.339906	-168.253630	340.593537	4.086276	512.933443	3.103859	3.104133	3.101416	0.031010	0.020543	0.006146	-0.821419	-0.548151	-0.152904
0.532000	-172.339906	-168.253630	340.593537	4.086276	512.933443	-2.279216	-2.279034	-2.274278	-0.624164	-0.416671	-0.116828	-0.534774	-0.356866	-0.099100
0.533800	-172.339906	-168.253630	340.593537	4.086276	512.933443	-1.378978	-1.379025	-1.370395	-0.806712	-0.538490	-0.151084	0.156669	0.104552	0.030689
0.535600	-172.339906	-168.253630	340.593537	4.086276	512.933443	-0.478598	-0.478839	-0.472776	-0.378414	-0.252676	-0.070678	0.729360	0.486723	0.138188
0.537400	-172.339906	-168.253630	340.593537	4.086276	512.933443	0.421831	0.421579	0.420614	0.336430	0.224358	0.063517	0.749670	0.500276	0.141997
0.539200	-172.339906	-168.253630	340.593537	4.086276	512.933443	1.322180	1.322108	1.314816	0.796551	0.531408	0.149897	0.202219	0.134948	0.039231
0.541000	-172.339906	-168.253630	340.593537	4.086276	512.933443	2.222382	2.222545	2.214307	0.653553	0.435982	0.123064	-0.498472	-0.332640	-0.092300
0.542800	-172.339906	-168.253630	340.593537	4.086276	512.933443	3.122478	3.122752	3.119747	0.015711	0.010334	0.003343	-0.821851	-0.548439	-0.153005
0.544600	-172.339906	-168.253630	340.593537	4.086276	512.933443	-2.260596	-2.260418	-2.255912	-0.634014	-0.423244	-0.118608	-0.523062	-0.349050	-0.096922
0.546400	-172.339906	-168.253630	340.593537	4.086276	512.933443	-1.360363	-1.360415	-1.351809	-0.803662	-0.536455	-0.150444	0.171659	0.114555	0.033482
0.548200	-172.339906	-168.253630	340.593537	4.086276	512.933443	-0.459990	-0.460233	-0.453953	-0.364780	-0.243577	-0.068051	0.736280	0.491341	0.139465
0.550000	-172.339906	-168.253630	340.593537	4.086276	512.933443	0.440436	0.440185	0.439516	0.350318	0.233626	0.066191	0.743281	0.496014	0.140776
0.551800	-172.339906	-168.253630	340.593537	4.086276	512.933443	1.340788	1.340720	1.333587	0.800171	0.533824	0.150644	0.187362	0.125034	0.036420
0.553600	-172.339906	-168.253630	340.593537	4.086276	512.933443	2.240996	2.241162	2.232826	0.644157	0.429712	0.121368	-0.510546	-0.340697	-0.094589
0.555400	-172.339906	-168.253630	340.593537	4.086276	512.933443	3.141098	3.141372	3.138081	0.000407	0.000121	0.000537	-0.821998	-0.548537	-0.153056
0.557200	-172.339906	-168.253630	340.593537	4.086276	512.933443	-2.241977	-2.241802	-2.237552	-0.643644	-0.429671	-0.120349	-0.511168	-0.341112	-0.094713
0.559000	-172.339906	-168.253630	340.593537	4.086276	512.933443	-1.341748	-1.341805	-1.333233	-0.800333	-0.534233	-0.149752	0.186590	0.124519	0.036260
0.560800	-172.339906	-168.253630	340.593537	4.086276	512.933443	-0.441381	-0.441627	-0.435138	-0.351018	-0.234394	-0.065401	0.742945	0.495789	0.140691
0.562600	-172.339906	-168.253630	340.593537	4.086276	512.933443	0.459041	0.458792	0.458419	0.364086	0.242813	0.068842	0.736636	0.491579	0.139503
0.564400	-172.339906	-168.253630	340.593537	4.086276	512.933443	1.359395	1.359332	1.352366	0.803514	0.536055	0.151337	0.172440	0.115077	0.033593
0.566200	-172.339906	-168.253630	340.593537	4.086276	512.933443	2.259610	2.259780	2.251355	0.634538	0.423293	0.119628	-0.522443	-0.348636	-0.096849
0.568000	-172.339906	-168.253630	340.593537	4.086276	512.933443	-3.123468	-3.123194	-3.126766	-0.014897	-0.010092	-0.002270	-0.821859	-0.548445	-0.153057
0.569800	-172.339906	-168.253630	340.593537	4.086276	512.933443	-2.223357	-2.223185	-2.219198	-0.653052	-0.435949	-0.122050	-0.499096	-0.333057	-0.092475
0.571600	-172.339906	-168.253630	340.593537	4.086276	512.933443	-1.323133	-1.323194	-1.314667	-0.796727	-0.531827	-0.149010	0.201456	0.134440	0.039023
0.573400	-172.339906	-168.253630	340.593537	4.086276	512.933443	-0.422773	-0.423021	-0.416331	-0.337135	-0.225130	-0.062730	0.749353	0.500066	0.141865
0.575200	-172.339906	-168.253630	340.593537	4.086276	512.933443	0.477646	0.477399	0.477323	0.377728	0.251916	0.071468	0.729736	0.486975	0.138179
0.577000	-172.339906	-168.253630	340.593537	4.086276	512.933443	1.378002	1.377943	1.371153	0.806579	0.538100	0.151978	0.157460	0.105080	0.030751
0.578800	-172.339906	-168.253630	340.593537	4.086276	512.933443	2.278223	2.278397	2.269895	0.624700	0.416727	0.117846	-0.534158	-0.356454	-0.099079
0.580600	-172.339906	-168.253630	340.593537	4.086276	512.933443	-3.104849	-3.104574	-3.108424	-0.030196	-0.020301	-0.005077	-0.821436	-0.548162	-0.153009
0.582400	-172.339906	-168.253630	340.593537	4.086276	512.933443	-2.204736	-2.204568	-2.200848	-0.662233	-0.442076	-0.123709	-0.486852	-0.324885	-0.090208
0.584200	-172.339906	-168.253630	340.593537	4.086276	512.933443	-1.304517	-1.304583	-1.296112	-0.792845	-0.529237	-0.148217	0.216254	0.144315	0.041769
0.586000	-172.339906	-168.253630	340.593537	4.086276	512.933443	-0.404164	-0.404414	-0.397530	-0.323136	-0.215788	-0.060038	0.755502	0.504169	0.142987
0.587800	-172.339906	-168.253630	340.593537	4.086276	512.933443	0.496251	0.496006	0.496227	0.391239	0.260933	0.074067	0.722583	0.482202	0.136803
0.589600	-172.339906	-168.253630	340.593537	4.086276	512.933443	1.396609	1.396555	1.389948	0.809365	0.539959	0.152563	0.142425	0.095047	0.027896
0.591400	-172.339906	-168.253630	340.593537	4.086276	512.933443	2.296836	2.297014	2.288444	0.614645	0.410017	0.116021	-0.545688	-0.364148	-0.101276
0.593200	-172.339906	-168.253630	340.593537	4.086276	512.933443	-3.086230	-3.085955	-3.090077	-0.045484	-0.030504	-0.007884	-0.820728	-0.547689	-0.152910
0.595000	-172.339906	-168.253630	340.593537	4.086276	512.933443	-2.186116	-2.185952	-2.182503	-0.671184	-0.448050	-0.125327	-0.474438	-0.316601	-0.087912
0.596800	-172.339906	-168.253630	340.593537	4.086276	512.933443	-1.285901	-1.285972	-1.277566	-0.788688	-0.526463	-0.147375	0.230976	0.154140	0.044497
0.598600	-172.339906	-168.253630	340.593537	4.086276	512.933443	-0.385555	-0.385807	-0.378738	-0.309023	-0.206370	-0.057328	0.761389	0.508098	0.144057
0.600400	-172.339906	-168.253630	340.593537	4.086276	512.933443	0.514856	0.514612	0.515132	0.404614	0.269858	0.076639	0.715181	0.477262	0.135378
0.602200	-172.339906	-168.253630	340.593537	4.086276	512.933443	1.415216	1.415166	1.408751	0.811871	0.541631	0.153095	0.127340	0.084981	0.025028
0.604000	-172.339906	-168.253630	340.593537	4.086276	512.933443	2.315449	2.315631	2.307003	0.604377	0.403165	0.114155	-0.557029	-0.371716	-0.103442
0.605800	-172.339906	-168.253630	340.593537	4.086276	512.933443	-3.067611	-3.067336	-3.071725	-0.060756	-0.040695	-0.010690	-0.819735	-0.547026	-0.152761
0.607600	-172.339906	-168.253630	340.593537	4.086276	512.933443	-2.167496	-2.167335	-2.164162	-0.679903	-0.453868	-0.126903	-0.461860	-0.308207	-0.085589
0.609400	-172.339906	-168.253630	340.593537	4.086276	512.933443	-1.267285	-1.267361	-1.259031	-0.784257	-0.523506	-0.146483	0.245620	0.163912	0.047208
0.611200	-172.339906	-168.253630	340.593537	4.086276	512.933443	-0.366946	-0.367200	-0.359954	-0.294804	-0.196882	-0.054599	0.767013	0.511851	0.145074
0.613000	-172.339906	-168.253630	340.593537	4.086276	512.933443	0.533461	0.533219	0.534035	0.417850	0.278691	0.079183	0.707531	0.472158	0.133903
0.614800	-172.339906	-168.253630	340.593537	4.086276	512.933443	1.433822	1.433777	1.427561	0.814095	0.543115	0.153572	0.112213	0.074887	0.022149
0.616600	-172.339906	-168.253630	340.593537	4.086276	512.933443	2.334062	2.334247	2.325572	0.593901	0.396174	0.112247	-0.568176	-0.379155	-0.105575
0.618400	-172.339906	-168.253630	340.593537	4.086276	512.933443	-3.048992	-3.048717	-3.053369	-0.076007	-0.050873	-0.013495	-0.818457	-0.546173	-0.152561
0.620200	-172.339906	-168.253630	340.593537	4.086276	512.933443	-2.148875	-2.148718	-2.145825	-0.688386	-0.459529	-0.128437	-0.449121	-0.299706	-0.083239
0.622000	-172.339906	-168.253630	340.593537	4.086276	512.933443	-1.248669	-1.248749	-1.240505	-0.779555	-0.520368	-0.145543	0.260178	0.173628	0.049899
0.623800	-172.339906	-168.253630	340.593537	4.086276	512.933443	-0.348336	-0.348593	-0.341178	-0.280482	-0.187324	-0.051853	0.772372	0.515428	0.146038
0.625600	-172.339906	-168.253630	340.593537	4.086276	512.933443	0.552065	0.551826	0.552938	0.430941	0.287427	0.081698	0.699636	0.466890	0.132378
0.627400	-172.339906	-168.253630	340.593537	4.086276	512.933443	1.452428	1.452388	1.446379	0.816038	0.544412	0.153993	0.097046	0.064766	0.019259
0.629200	-172.339906	-168.253630	340.593537	4.086276	512.933443	2.352674	2.352863	2.344152	0.583219	0.389045	0.110298	-0.579127	-0.386462	-0.107673
0.631000	-172.339906	-168.253630	340.593537	4.086276	512.933443	-3.030374	-3.030098	-3.035007	-0.091231	-0.061032	-0.016296	-0.816896	-0.545131	-0.152312
0.632800	-172.339906	-168.253630	340.593537	4.086276	512.933443	-2.130255	-2.130101	-2.127492	-0.696630	-0.465031	-0.129929	-0.436227	-0.291101	-0.080862
0.634600	-172.339906	-168.253630	340.593537	4.086276	512.933443	-1.230053	-1.230137	-1.221990	-0.774582	-0.517050	-0.144554	0.274646	0.183283	0.052571
0.636400	-172.339906	-168.253630	340.593537	4.086276	512.933443	-0.329727	-0.329985	-0.322411	-0.266063	-0.177702	-0.049091	0.777463	0.518826	0.146949
0.638200	-172.339906	-168.253630	340.593537	4.086276	512.933443	0.570670	0.570433	0.571840	0.443884	0.296063	0.084182	0.691499	0.461460	0.130806
0.640000	-172.339906	-168.253630	340.593537	4.086276	512.933443	1.471034	1.470998	1.465204	0.817699	0.545520	0.154360	0.081847	0.054623	0.016360
0.641800	-172.339906	-168.253630	340.593537	4.086276	512.933443	2.371286	2.371479	2.362742	0.572335	0.381782	0.108309	-0.589876	-0.393635	-0.109737
0.643600	-172.339906	-168.253630	340.593537	4.086276	512.933443	-3.011755	-3.011480	-3.016639	-0.106423	-0.071170	-0.019094	-0.815052	-0.543900	-0.152012
0.645400	-172.339906	-168.253630	340.593537	4.086276	512.933443	-2.111634	-2.111484	-2.109163	-0.704632	-0.470371	-0.131378	-0.423181	-0.282394	-0.078460
0.647200	-172.339906	-168.253630	340.593537	4.086276	512.933443	-1.211436	-1.211525	-1.203484	-0.769340	-0.513552	-0.143517	0.289020	0.192876	0.055222
0.649000	-172.339906	-168.253630	340.593537	4.086276	512.933443	-0.311117	-0.311378	-0.303652	-0.251551	-0.168018	-0.046314	0.782285	0.522044	0.147806
0.650800	-172.339906	-168.253630	340.593537	4.086276	512.933443	0.589275	0.589040	0.590741	0.456673	0.304598	0.086635	0.683123	0.455871	0.129185
0.652600	-172.339906	-168.253630	340.593537	4.086276	512.933443	1.489640	1.489609	1.484036	0.819076	0.546439	0.154670	0.066619	0.044462	0.013453
0.654400	-172.339906	-168.253630	340.593537	4.086276	512.933443	2.389898	2.390094	2.381342	0.561253	0.374387	0.106281	-0.600421	-0.400671	-0.111766
0.656200	-172.339906	-168.253630	340.593537	4.086276	512.933443	-2.993136	-2.992861	-2.998265	-0.121578	-0.081284	-0.021887	-0.812925	-0.542480	-0.151662
0.658000	-172.339906	-168.253630	340.593537	4.086276	512.933443	-2.093014	-2.092867	-2.090836	-0.712390	-0.475548	-0.132783	-0.409988	-0.273590	-0.076033
0.659800	-172.339906	-168.253630	340.593537	4.086276	512.933443	-1.192819	-1.192912	-1.184987	-0.763832	-0.509876	-0.142432	0.303294	0.202401	0.057851
0.661600	-172.339906	-168.253630	340.593537	4.086276	512.933443	-0.292507	-0.292769	-0.284903	-0.236952	-0.158276	-0.043523	0.786837	0.525082	0.148610
0.663400	-172.339906	-168.253630	340.593537	4.086276	512.933443	0.607880	0.607647	0.609639	0.469304	0.313026	0.089056	0.674511	0.450124	0.127518
0.665200	-172.339906	-168.253630	340.593537	4.086276	512.933443	1.508246	1.508219	1.502874	0.820170	0.547169	0.154925	0.051369	0.034285	0.010539
0.667000	-172.339906	-168.253630	340.593537	4.086276	512.933443	2.408510	2.408709	2.399953	0.549977	0.366862	0.104213	-0.610757	-0.407568	-0.113757
0.668800	-172.339906	-168.253630	340.593537	4.086276	512.933443	-2.974518	-2.974243	-2.979885	-0.136691	-0.091369	-0.024676	-0.810515	-0.540872	-0.151262
0.670600	-172.339906	-168.253630	340.593537	4.086276	512.933443	-2.074393	-2.074250	-2.072512	-0.719901	-0.480561	-0.134145	-0.396652	-0.264691	-0.073583
0.672400	-172.339906	-168.253630	340.593537	4.086276	512.933443	-1.174202	-1.174299	-1.166500	-0.758058	-0.506024	-0.141301	0.317463	0.211857	0.060458
0.674200	-172.339906	-168.253630	340.593537	4.086276	512.933443	-0.273897	-0.274161	-0.266162	-0.222271	-0.148479	-0.040720	0.791116	0.527938	0.149360
0.676000	-172.339906	-168.253630	340.593537	4.086276	512.933443	0.626485	0.626255	0.628536	0.481772	0.321347	0.091444	0.665665	0.444221	0.125804
0.677800	-172.339906	-168.253630	340.593537	4.086276	512.933443	1.526852	1.526829	1.521719	0.820981	0.547709	0.155124	0.036101	0.024097	0.007619
0.679600	-172.339906	-168.253630	340.593537	4.086276	512.933443	2.427121	2.427324	2.418573	0.538511	0.359210	0.102107	-0.620881	-0.414324	-0.115712
0.681400	-172.339906	-168.253630	340.593537	4.086276	512.933443	-2.955900	-2.955625	-2.961498	-0.151756	-0.101422	-0.027458	-0.807825	-0.539077	-0.150812
0.683200	-172.339906	-168.253630	340.593537	4.086276	512.933443	-2.055772	-2.055633	-2.054190	-0.727163	-0.485406	-0.135462	-0.383179	-0.255700	-0.071109
0.685000	-172.339906	-168.253630	340.593537	4.086276	512.933443	-1.155584	-1.155686	-1.148023	-0.752022	-0.501996	-0.140123	0.331523	0.221239	0.063042
0.686800	-172.339906	-168.253630	340.593537	4.086276	512.933443	-0.255287	-0.255552	-0.247430	-0.207512	-0.138630	-0.037905	0.795122	0.530611	0.150057
0.688600	-172.339906	-168.253630	340.593537	4.086276	512.933443	0.645090	0.644862	0.647430	0.494074	0.329556	0.093797	0.656589	0.438165	0.124044
0.690400	-172.339906	-168.253630	340.593537	4.086276	512.933443	1.545457	1.545439	1.540569	0.821507	0.548060	0.155266	0.020821	0.013900	0.004695
0.692200	-172.339906	-168.253630	340.593537	4.086276	512.933443	2.445733	2.445938	2.437204	0.526859	0.351434	0.099963	-0.630791	-0.420937	-0.117629
0.694000	-172.339906	-168.253630	340.593537	4.086276	512.933443	-2.937282	-2.937008	-2.943104	-0.166768	-0.111440	-0.030233	-0.804855	-0.537094	-0.150311
0.695800	-172.339906	-168.253630	340.593537	4.086276	512.933443	-2.037151	-2.037016	-2.035870	-0.734172	-0.490084	-0.136736	-0.369573	-0.246620	-0.068612
0.697600	-172.339906	-168.253630	340.593537	4.086276	512.933443	-1.136967	-1.137073	-1.129554	-0.745725	-0.497794	-0.138899	0.345468	0.230546	0.065602
0.699400	-172.339906	-168.253630	340.593537	4.086276	512.933443	-0.236676	-0.236943	-0.228708	-0.192681	-0.128733	-0.035080	0.798852	0.533101	0.150699
0.701200	-172.339906	-168.253630	340.593537	4.086276	512.933443	0.663695	0.663470	0.666321	0.506206	0.337652	0.096115	0.647286	0.431957	0.122240
0.703000	-172.339906	-168.253630	340.593537	4.086276	512.933443	1.564062	1.564049	1.559425	0.821749	0.548222	0.155352	0.005534	0.003699	0.001767
0.704800	-172.339906	-168.253630	340.593537	4.086276	512.933443	2.464344	2.464553	2.455846	0.515024	0.343537	0.097782	-0.640481	-0.427403	-0.119507
0.706600	-172.339906	-168.253630	340.593537	4.086276	512.933443	-2.918664	-2.918390	-2.924703	-0.181722	-0.121420	-0.033001	-0.801606	-0.534926	-0.149760
0.708400	-172.339906	-168.253630	340.593537	4.086276	512.933443	-2.018530	-2.018399	-2.017551	-0.740926	-0.494591	-0.137964	-0.355839	-0.237454	-0.066093
0.710200	-172.339906	-168.253630	340.593537	4.086276	512.933443	-1.118349	-1.118460	-1.111095	-0.739169	-0.493419	-0.137629	0.359293	0.239772	0.068137
0.712000	-172.339906	-168.253630	340.593537	4.086276	512.933443	-0.218066	-0.218334	-0.209996	-0.177782	-0.118791	-0.032245	0.802306	0.535406	0.151287
0.713800	-172.339906	-168.253630	340.593537	4.086276	512.933443	0.682300	0.682077	0.685209	0.518162	0.345631	0.098397	0.637759	0.425600	0.120391
0.715600	-172.339906	-168.253630	340.593537	4.086276	512.933443	1.582668	1.582659	1.578287	0.821707	0.548194	0.155381	-0.009755	-0.006503	-0.001164
0.717400	-172.339906	-168.253630	340.593537	4.086276	512.933443	2.482955	2.483167	2.474497	0.503012	0.335520	0.095564	-0.649949	-0.433721	-0.121345
0.719200	-172.339906	-168.253630	340.593537	4.086276	512.933443	-2.900046	-2.899773	-2.906295	-0.196612	-0.131357	-0.035759	-0.798079	-0.532572	-0.149159
0.721000	-172.339906	-168.253630	340.593537	4.086276	512.933443	-1.999909	-1.999782	-1.999234	-0.747423	-0.498927	-0.139148	-0.341981	-0.228206	-0.063553
0.722800	-172.339906	-168.253630	340.593537	4.086276	512.933443	-1.099731	-1.099846	-1.092644	-0.732357	-0.488873	-0.136315	0.372994	0.248915	0.070647
0.724600	-172.339906	-168.253630	340.593537	4.086276	512.933443	-0.199455	-0.199724	-0.191293	-0.162822	-0.108808	-0.029402	0.805482	0.537526	0.151821
0.726400	-172.339906	-168.253630	340.593537	4.086276	512.933443	0.700906	0.700685	0.704094	0.529939	0.353490	0.100643	0.628011	0.419095	0.118499
0.728200	-172.339906	-168.253630	340.593537	4.086276	512.933443	1.601273	1.601268	1.597153	0.821380	0.547976	0.155354	-0.025040	-0.016703	-0.004096
0.730000	-172.339906	-168.253630	340.593537	4.086276	512.933443	2.501565	2.501780	2.493159	0.490826	0.327388	0.093310	-0.659192	-0.439889	-0.123143
0.731800	-172.339906	-168.253630	340.593537	4.086276	512.933443	-2.881428	-2.881156	-2.887879	-0.211434	-0.141248	-0.038508	-0.794275	-0.530033	-0.148508
0.733600	-172.339906	-168.253630	340.593537	4.086276	512.933443	-1.981288	-1.981165	-1.980917	-0.753661	-0.503090	-0.140286	-0.328005	-0.218879	-0.060993
0.735400	-172.339906	-168.253630	340.593537	4.086276	512.933443	-1.081113	-1.081232	-1.074202	-0.725291	-0.484157	-0.134957	0.386566	0.257973	0.073131
0.737200	-172.339906	-168.253630	340.593537	4.086276	512.933443	-0.180844	-0.181115	-0.172600	-0.147805	-0.098786	-0.026551	0.808380	0.539460	0.152302
0.739000	-172.339906	-168.253630	340.593537	4.086276	512.933443	0.719511	0.719293	0.722975	0.541533	0.361227	0.102850	0.618046	0.412445	0.116564
0.740800	-172.339906	-168.253630	340.593537	4.086276	512.933443	1.619878	1.619878	1.616025	0.820769	0.547568	0.155270	-0.040317	-0.026897	-0.007027
0.742600	-172.339906	-168.253630	340.593537	4.086276	512.933443	2.520175	2.520394	2.511830	0.478470	0.319143	0.091020	-0.668207	-0.445904	-0.124899
0.744400	-172.339906	-168.253630	340.593537	4.086276	512.933443	-2.862811	-2.862540	-2.869455	-0.226183	-0.151090	-0.041247	-0.790195	-0.527310	-0.147807
0.746200	-172.339906	-168.253630	340.593537	4.086276	512.933443	-1.962667	-1.962548	-1.962601	-0.759637	-0.507078	-0.141379	-0.313915	-0.209476	-0.058413
0.748000	-172.339906	-168.253630	340.593537	4.086276	512.933443	-1.062495	-1.062618	-1.055769	-0.717973	-0.479274	-0.133554	0.400005	0.266941	0.075589
0.749800	-172.339906	-168.253630	340.593537	4.086276	512.933443	-0.162232	-0.162504	-0.153916	-0.132736	-0.088731	-0.023695	0.810997	0.541207	0.152728
0.751600	-172.339906	-168.253630	340.593537	4.086276	512.933443	0.738116	0.737901	0.741851	0.552940	0.368839	0.105019	0.607866	0.405653	0.114588
0.753400	-172.339906	-168.253630	340.593537	4.086276	512.933443	1.638482	1.638487	1.634901	0.819875	0.546971	0.155129	-0.055579	-0.037082	-0.009958
0.755200	-172.339906	-168.253630	340.593537	4.086276	512.933443	2.538786	2.539007	2.530512	0.465948	0.310787	0.088697	-0.676989	-0.451764	-0.126614
0.757000	-172.339906	-168.253630	340.593537	4.086276	512.933443	-2.844193	-2.843923	-2.851023	-0.240852	-0.160879	-0.043975	-0.785842	-0.524405	-0.147056
0.758800	-172.339906	-168.253630	340.593537	4.086276	512.933443	-1.944046	-1.943931	-1.944285	-0.765350	-0.510890	-0.142426	-0.299716	-0.200000	-0.055814
0.760600	-172.339906	-168.253630	340.593537	4.086276	512.933443	-1.043876	-1.044004	-1.037343	-0.710405	-0.474224	-0.132109	0.413305	0.275817	0.078019
0.762400	-172.339906	-168.253630	340.593537	4.086276	512.933443	-0.143621	-0.143894	-0.135243	-0.117621	-0.078644	-0.020833	0.813334	0.542766	0.153099
0.764200	-172.339906	-168.253630	340.593537	4.086276	512.933443	0.756722	0.756509	0.760724	0.564156	0.376323	0.107148	0.597477	0.398720	0.112571
0.766000	-172.339906	-168.253630	340.593537	4.086276	512.933443	1.657087	1.657096	1.653781	0.818696	0.546185	0.154932	-0.070822	-0.047253	-0.012887
0.767800	-172.339906	-168.253630	340.593537	4.086276	512.933443	2.557396	2.557619	2.549203	0.453266	0.302324	0.086339	-0.685537	-0.457468	-0.128286
0.769600	-172.339906	-168.253630	340.593537	4.086276	512.933443	-2.825576	-2.825307	-2.832582	-0.255438	-0.170613	-0.046690	-0.781217	-0.521318	-0.146256
0.771400	-172.339906	-168.253630	340.593537	4.086276	512.933443	-1.925425	-1.925314	-1.925968	-0.770798	-0.514526	-0.143426	-0.285413	-0.190455	-0.053197
0.773200	-172.339906	-168.253630	340.593537	4.086276	512.933443	-1.025258	-1.025389	-1.018926	-0.702592	-0.469010	-0.130621	0.426462	0.284597	0.080421
0.775000	-172.339906	-168.253630	340.593537	4.086276	512.933443	-0.125009	-0.125283	-0.116579	-0.102465	-0.068530	-0.017967	0.815389	0.544138	0.153417
0.776800	-172.339906	-168.253630	340.593537	4.086276	512.933443	0.775327	0.775118	0.779591	0.575177	0.383678	0.109237	0.586880	0.391649	0.110514
0.778600	-172.339906	-168.253630	340.593537	4.086276	512.933443	1.675692	1.675706	1.672665	0.817235	0.545209	0.154677	-0.086040	-0.057408	-0.015811
0.780400	-172.339906	-168.253630	340.593537	4.086276	512.933443	2.576005	2.576232	2.567904	0.440427	0.293756	0.083949	-0.693848	-0.463014	-0.129914
0.782200	-172.339906	-168.253630	340.593537	4.086276	512.933443	-2.806959	-2.806691	-2.814133	-0.269935	-0.180287	-0.049392	-0.776321	-0.518050	-0.145405
0.784000	-172.339906	-168.253630	340.593537	4.086276	512.933443	-1.906804	-1.906697	-1.907651	-0.775977	-0.517982	-0.144380	-0.271011	-0.180844	-0.050562
0.785800	-172.339906	-168.253630	340.593537	4.086276	512.933443	-1.006639	-1.006774	-1.000516	-0.694534	-0.463633	-0.129090	0.439471	0.293279	0.082794
0.787600	-172.339906	-168.253630	340.593537	4.086276	512.933443	-0.106397	-0.106672	-0.097926	-0.087273	-0.058392	-0.015098	0.817161	0.545321	0.153681
0.789400	-172.339906	-168.253630	340.593537	4.086276	512.933443	0.793933	0.793726	0.798454	0.585999	0.390899	0.111286	0.576081	0.384442	0.108417
0.791200	-172.339906	-168.253630	340.593537	4.086276	512.933443	1.694296	1.694315	1.691552	0.815491	0.544045	0.154366	-0.101228	-0.067543	-0.018732
0.793000	-172.339906	-168.253630	340.593537	4.086276	512.933443	2.594615	2.594844	2.586615	0.427436	0.285086	0.081526	-0.701918	-0.468399	-0.131498
0.794800	-172.339906	-168.253630	340.593537	4.086276	512.933443	-2.788342	-2.788075	-2.795676	-0.284338	-0.189898	-0.052081	-0.771155	-0.514603	-0.144505
0.796600	-172.339906	-168.253630	340.593537	4.086276	512.933443	-1.888182	-1.888080	-1.889333	-0.780888	-0.521259	-0.145287	-0.256515	-0.171170	-0.047911
0.798400	-172.339906	-168.253630	340.593537	4.086276	512.933443	-0.988020	-0.988159	-0.982114	-0.686236	-0.458095	-0.127518	0.452328	0.301859	0.085137
0.800200	-172.339906	-168.253630	340.593537	4.086276	512.933443	-0.087785	-0.088060	-0.079283	-0.072050	-0.048234	-0.012227	0.818651	0.546316	0.153891
0.802000	-172.339906	-168.253630	340.593537	4.086276	512.933443	0.812539	0.812335	0.817311	0.596618	0.397986	0.113292	0.565081	0.377102	0.106282
0.803800	-172.339906	-168.253630	340.593537	4.086276	512.933443	1.712901	1.712924	1.710443	0.813465	0.542693	0.153998	-0.116381	-0.077655	-0.021646
0.805600	-172.339906	-168.253630	340.593537	4.086276	512.933443	2.613224	2.613456	2.605335	0.414297	0.276319	0.079071	-0.709744	-0.473621	-0.133038
0.807400	-172.339906	-168.253630	340.593537	4.086276	512.933443	-2.769725	-2.769460	-2.777209	-0.298642	-0.199444	-0.054754	-0.765723	-0.510977	-0.143556
0.809200	-172.339906	-168.253630	340.593537	4.086276	512.933443	-1.869561	-1.869463	-1.871013	-0.785528	-0.524355	-0.146147	-0.241930	-0.161437	-0.045243
0.811000	-172.339906	-168.253630	340.593537	4.086276	512.933443	-0.969401	-0.969544	-0.963719	-0.677699	-0.452399	-0.125905	0.465029	0.310335	0.087451
0.812800	-172.339906	-168.253630	340.593537	4.086276	512.933443	-0.069172	-0.069449	-0.060650	-0.056802	-0.038058	-0.009354	0.819857	0.547121	0.154047
0.814600	-172.339906	-168.253630	340.593537	4.086276	512.933443	0.831144	0.830944	0.836163	0.607031	0.404935	0.115256	0.553886	0.369632	0.104111
0.816400	-172.339906	-168.253630	340.593537	4.086276	512.933443	1.731505	1.731532	1.729337	0.811157	0.541153	0.153574	-0.131494	-0.087740	-0.024554
0.818200	-172.339906	-168.253630	340.593537	4.086276	512.933443	2.631833	2.632068	2.624065	0.401016	0.267455	0.076586	-0.717325	-0.478680	-0.134531
0.820000	-172.339906	-168.253630	340.593537	4.086276	512.933443	-2.751109	-2.750845	-2.758733	-0.312842	-0.208920	-0.057412	-0.760025	-0.507175	-0.142557
0.821800	-172.339906	-168.253630	340.593537	4.086276	512.933443	-1.850940	-1.850847	-1.852692	-0.789895	-0.527270	-0.146960	-0.227261	-0.151647	-0.042561
0.823600	-172.339906	-168.253630	340.593537	4.086276	512.933443	-0.950781	-0.950928	-0.945331	-0.668927	-0.446545	-0.124252	0.477568	0.318703	0.089734
0.825400	-172.339906	-168.253630	340.593537	4.086276	512.933443	-0.050560	-0.050837	-0.042028	-0.041534	-0.027869	-0.006482	0.820779	0.547737	0.154149
0.827200	-172.339906	-168.253630	340.593537	4.086276	512.933443	0.849750	0.849553	0.855008	0.617234	0.411744	0.117177	0.542500	0.362034	0.101902
0.829000	-172.339906	-168.253630	340.593537	4.086276	512.933443	1.750109	1.750141	1.748233	0.808569	0.539426	0.153093	-0.146561	-0.097794	-0.027453
0.830800	-172.339906	-168.253630	340.593537	4.086276	512.933443	2.650442	2.650679	2.642804	0.387595	0.258500	0.074072	-0.724657	-0.483573	-0.135979
0.832600	-172.339906	-168.253630	340.593537	4.086276	512.933443	-2.732493	-2.732230	-2.740248	-0.326933	-0.218323	-0.060053	-0.754064	-0.503196	-0.141509
0.834400	-172.339906	-168.253630	340.593537	4.086276	512.933443	-1.832319	-1.832230	-1.834368	-0.793988	-0.530001	-0.147725	-0.212513	-0.141806	-0.039864
0.836200	-172.339906	-168.253630	340.593537	4.086276	512.933443	-0.932162	-0.932313	-0.926949	-0.659923	-0.440536	-0.122559	0.489942	0.326961	0.091986
0.838000	-172.339906	-168.253630	340.593537	4.086276	512.933443	-0.031947	-0.032224	-0.023415	-0.026250	-0.017670	-0.003611	0.821417	0.548163	0.154197
0.839800	-172.339906	-168.253630	340.593537	4.086276	512.933443	0.868357	0.868163	0.873848	0.627224	0.418410	0.119054	0.530925	0.354310	0.099658
0.841600	-172.339906	-168.253630	340.593537	4.086276	512.933443	1.768714	1.768750	1.767131	0.805701	0.537513	0.152556	-0.161577	-0.107815	-0.030343
0.843400	-172.339906	-168.253630	340.593537	4.086276	512.933443	2.669051	2.669290	2.661552	0.374041	0.249455	0.071528	-0.731739	-0.488298	-0.137379
0.845200	-172.339906	-168.253630	340.593537	4.086276	512.933443	-2.713877	-2.713616	-2.721753	-0.340911	-0.227651	-0.062677	-0.747841	-0.499043	-0.140412
0.847000	-172.339906	-168.253630	340.593537	4.086276	512.933443	-1.813699	-1.813613	-1.816042	-0.797805	-0.532548	-0.148442	-0.197692	-0.131915	-0.037153
0.848800	-172.339906	-168.253630	340.593537	4.086276	512.933443	-0.913542	-0.913697	-0.908574	-0.650690	-0.434375	-0.120827	0.502147	0.335106	0.094205
0.850600	-172.339906	-168.253630	340.593537	4.086276	512.933443	-0.013334	-0.013612	-0.004813	-0.010958	-0.007465	-0.000742	0.821771	0.548399	0.154192
0.852400	-172.339906	-168.253630	340.593537	4.086276	512.933443	0.886963	0.886772	0.892681	0.636997	0.424932	0.120886	0.519166	0.346464	0.097380
0.854200	-172.339906	-168.253630	340.593537	4.086276	512.933443	1.787318	1.787359	1.786031	0.802555	0.535413	0.151963	-0.176538	-0.117798	-0.033222
0.856000	-172.339906	-168.253630	340.593537	4.086276	512.933443	2.687659	2.687901	2.680309	0.360358	0.240324	0.068956	-0.738566	-0.492854	-0.138732
0.857800	-172.339906	-168.253630	340.593537	4.086276	512.933443	-2.695261	-2.695001	-2.703249	-0.354770	-0.236899	-0.065282	-0.741360	-0.494718	-0.139266
0.859600	-172.339906	-168.253630	340.593537	4.086276	512.933443	-1.795078	-1.794997	-1.797713	-0.801346	-0.534911	-0.149111	-0.182802	-0.121978	-0.034429
0.861400	-172.339906	-168.253630	340.593537	4.086276	512.933443	-0.894922	-0.895081	-0.890206	-0.641231	-0.428062	-0.119056	0.514177	0.343134	0.096393
0.863200	-172.339906	-168.253630	340.593537	4.086276	512.933443	0.005280	0.005001	0.013779	0.004339	0.002743	0.002124	0.821839	0.548445	0.154134
0.865000	-172.339906	-168.253630	340.593537	4.086276	512.933443	0.905569	0.905382	0.911507	0.646550	0.431307	0.122674	0.507228	0.338497	0.095068
0.866800	-172.339906	-168.253630	340.593537	4.086276	512.933443	1.805922	1.805967	1.804933	0.799131	0.533128	0.151314	-0.191437	-0.127740	-0.036090
0.868600	-172.339906	-168.253630	340.593537	4.086276	512.933443	2.706267	2.706511	2.699075	0.346551	0.231109	0.066358	-0.745138	-0.497239	-0.140036
0.870400	-172.339906	-168.253630	340.593537	4.086276	512.933443	-2.676645	-2.676388	-2.684735	-0.368505	-0.246066	-0.067868	-0.734622	-0.490221	-0.138072
0.872200	-172.339906	-168.253630	340.593537	4.086276	512.933443	-1.776457	-1.776380	-1.779380	-0.804609	-0.537088	-0.149731	-0.167849	-0.111999	-0.031693
0.874000	-172.339906	-168.253630	340.593537	4.086276	512.933443	-0.876303	-0.876465	-0.871842	-0.631549	-0.421602	-0.117248	0.526030	0.351044	0.098547
0.875800	-172.339906	-168.253630	340.593537	4.086276	512.933443	0.023893	0.023615	0.032360	0.019635	0.012950	0.004986	0.821623	0.548301	0.154023
0.877600	-172.339906	-168.253630	340.593537	4.086276	512.933443	0.924176	0.923992	0.930326	0.655879	0.437533	0.124415	0.495114	0.330413	0.092723
0.879400	-172.339906	-168.253630	340.593537	4.086276	512.933443	1.824526	1.824576	1.823836	0.795431	0.530659	0.150609	-0.206270	-0.137638	-0.038945
0.881200	-172.339906	-168.253630	340.593537	4.086276	512.933443	2.724875	2.725121	2.717849	0.332623	0.221816	0.063733	-0.751452	-0.501452	-0.141292
0.883000	-172.339906	-168.253630	340.593537	4.086276	512.933443	-2.658030	-2.657774	-2.666211	-0.382113	-0.255146	-0.070434	-0.727629	-0.485554	-0.136830
0.884800	-172.339906	-168.253630	340.593537	4.086276	512.933443	-1.757836	-1.757764	-1.761044	-0.807592	-0.539079	-0.150303	-0.152838	-0.101981	-0.028945
0.886600	-172.339906	-168.253630	340.593537	4.086276	512.933443	-0.857683	-0.857849	-0.853485	-0.621649	-0.414994	-0.115402	0.537699	0.358832	0.100667
0.888400	-172.339906	-168.253630	340.593537	4.086276	512.933443	0.042507	0.042228	0.050932	0.034925	0.023154	0.007843	0.821122	0.547967	0.153859
0.890200	-172.339906	-168.253630	340.593537	4.086276	512.933443	0.942783	0.942602	0.949138	0.664982	0.443607	0.126110	0.482828	0.322215	0.090347
0.892000	-172.339906	-168.253630	340.593537	4.086276	512.933443	1.843130	1.843185	1.842739	0.791455	0.528006	0.149849	-0.221032	-0.147488	-0.041785
0.893800	-172.339906	-168.253630	340.593537	4.086276	512.933443	2.743483	2.743731	2.736632	0.318581	0.212445	0.061082	-0.757506	-0.505491	-0.142498
0.895600	-172.339906	-168.253630	340.593537	4.086276	512.933443	-2.639415	-2.639161	-2.647678	-0.395588	-0.264138	-0.072978	-0.720384	-0.480719	-0.135540
0.897400	-172.339906	-168.253630	340.593537	4.086276	512.933443	-1.739216	-1.739148	-1.742704	-0.810295	-0.540883	-0.150826	-0.137774	-0.091929	-0.026187
0.899200	-172.339906	-168.253630	340.593537	4.086276	512.933443	-0.839062	-0.839232	-0.835132	-0.611532	-0.408243	-0.113519	0.549183	0.366496	0.102754
0.901000	-172.339906	-168.253630	340.593537	4.086276	512.933443	0.061121	0.060842	0.069493	0.050202	0.033349	0.010694	0.820337	0.547444	0.153643
0.902800	-172.339906	-168.253630	340.593537	4.086276	512.933443	0.961389	0.961212	0.967942	0.673854	0.449528	0.127759	0.470375	0.313905	0.087941
0.904600	-172.339906	-168.253630	340.593537	4.086276	512.933443	1.861734	1.861793	1.861643	0.787206	0.525170	0.149033	-0.235717	-0.157288	-0.044611
0.906400	-172.339906	-168.253630	340.593537	4.086276	512.933443	2.762091	2.762341	2.755423	0.304429	0.203001	0.058407	-0.763297	-0.509356	-0.143654
0.908200	-172.339906	-168.253630	340.593537	4.086276	512.933443	-2.620800	-2.620548	-2.629134	-0.408925	-0.273038	-0.075501	-0.712890	-0.475718	-0.134202
0.910000	-172.339906	-168.253630	340.593537	4.086276	512.933443	-1.720595	-1.720532	-1.724360	-0.812717	-0.542500	-0.151300	-0.122663	-0.081844	-0.023419
0.911800	-172.339906	-168.253630	340.593537	4.086276	512.933443	-0.820442	-0.820615	-0.816785	-0.601203	-0.401351	-0.111600	0.560476	0.374032	0.104805
0.913600	-172.339906	-168.253630	340.593537	4.086276	512.933443	0.079735	0.079457	0.088044	0.065463	0.043533	0.013539	0.819267	0.546730	0.153374
0.915400	-172.339906	-168.253630	340.593537	4.086276	512.933443	0.979997	0.979823	0.986739	0.682494	0.455293	0.129359	0.457759	0.305486	0.085504
0.917200	-172.339906	-168.253630	340.593537	4.086276	512.933443	1.880339	1.880402	1.880548	0.782684	0.522153	0.148163	-0.250320	-0.167033	-0.047420
0.919000	-172.339906	-168.253630	340.593537	4.086276	512.933443	2.780699	2.780951	2.774221	0.290173	0.193487	0.055709	-0.768824	-0.513043	-0.144759
0.920800	-172.339906	-168.253630	340.593537	4.086276	512.933443	-2.602185	-2.601935	-2.610580	-0.422120	-0.281844	-0.078000	-0.705149	-0.470552	-0.132816
0.922600	-172.339906	-168.253630	340.593537	4.086276	512.933443	-1.701975	-1.701916	-1.706011	-0.814857	-0.543928	-0.151725	-0.107509	-0.071731	-0.020641
0.924400	-172.339906	-168.253630	340.593537	4.086276	512.933443	-0.801822	-0.801999	-0.798442	-0.590665	-0.394319	-0.109645	0.571575	0.381439	0.106821
0.926200	-172.339906	-168.253630	340.593537	4.086276	512.933443	0.098350	0.098071	0.106585	0.080702	0.053702	0.016375	0.817914	0.545827	0.153052
0.928000	-172.339906	-168.253630	340.593537	4.086276	512.933443	0.998604	0.998434	1.005527	0.690898	0.460901	0.130912	0.444984	0.296962	0.083040
0.929800	-172.339906	-168.253630	340.593537	4.086276	512.933443	1.898943	1.899010	1.899452	0.777892	0.518955	0.147239	-0.264837	-0.176720	-0.050212
0.931600	-172.339906	-168.253630	340.593537	4.086276	512.933443	2.799306	2.799560	2.793028	0.275815	0.183906	0.052989	-0.774085	-0.516554	-0.145813
0.933400	-172.339906	-168.253630	340.593537	4.086276	512.933443	-2.583570	-2.583322	-2.592017	-0.435169	-0.290551	-0.080475	-0.697164	-0.465223	-0.131384
0.935200	-172.339906	-168.253630	340.593537	4.086276	512.933443	-1.683354	-1.683300	-1.687657	-0.816715	-0.545167	-0.152100	-0.092318	-0.061593	-0.017856
0.937000	-172.339906	-168.253630	340.593537	4.086276	512.933443	-0.783202	-0.783382	-0.780103	-0.579923	-0.387150	-0.107655	0.582476	0.388714	0.108802
0.938800	-172.339906	-168.253630	340.593537	4.086276	512.933443	0.116964	0.116686	0.125116	0.095913	0.063853	0.019203	0.816276	0.544735	0.152680
0.940600	-172.339906	-168.253630	340.593537	4.086276	512.933443	1.017211	1.017045	1.024308	0.699062	0.466350	0.132417	0.432055	0.288334	0.080547
0.942400	-172.339906	-168.253630	340.593537	4.086276	512.933443	1.917547	1.917619	1.918355	0.772831	0.515578	0.146260	-0.279263	-0.186346	-0.052985
0.944200	-172.339906	-168.253630	340.593537	4.086276	512.933443	2.817913	2.818169	2.811842	0.261363	0.174262	0.050247	-0.779078	-0.519885	-0.146815
0.946000	-172.339906	-168.253630	340.593537	4.086276	512.933443	-2.564956	-2.564710	-2.573443	-0.448066	-0.299158	-0.082926	-0.688938	-0.459733	-0.129904
0.947800	-172.339906	-168.253630	340.593537	4.086276	512.933443	-1.664734	-1.664684	-1.669298	-0.818289	-0.546217	-0.152426	-0.077095	-0.051434	-0.015063
0.949600	-172.339906	-168.253630	340.593537	4.086276	512.933443	-0.764581	-0.764765	-0.761768	-0.568979	-0.379846	-0.105632	0.593175	0.395854	0.110746
0.951400	-172.339906	-168.253630	340.593537	4.086276	512.933443	0.135579	0.135301	0.143637	0.111091	0.073982	0.022021	0.814356	0.543454	0.152255
0.953200	-172.339906	-168.253630	340.593537	4.086276	512.933443	1.035819	1.035657	1.043080	0.706985	0.471637	0.133873	0.418975	0.279606	0.078028
0.955000	-172.339906	-168.253630	340.593537	4.086276	512.933443	1.936151	1.936227	1.937258	0.767502	0.512022	0.145228	-0.293592	-0.195908	-0.055738
0.956800	-172.339906	-168.253630	340.593537	4.086276	512.933443	2.836520	2.836777	2.830663	0.246821	0.164558	0.047485	-0.783801	-0.523037	-0.147765
0.958600	-172.339906	-168.253630	340.593537	4.086276	512.933443	-2.546342	-2.546098	-2.554858	-0.460808	-0.307661	-0.085351	-0.680473	-0.454084	-0.128378
0.960400	-172.339906	-168.253630	340.593537	4.086276	512.933443	-1.646114	-1.646068	-1.650934	-0.819579	-0.547078	-0.152701	-0.061846	-0.041258	-0.012263
0.962200	-172.339906	-168.253630	340.593537	4.086276	512.933443	-0.745961	-0.746147	-0.743437	-0.557838	-0.372411	-0.103574	0.603668	0.402857	0.112653
0.964000	-172.339906	-168.253630	340.593537	4.086276	512.933443	0.154194	0.153917	0.162148	0.126232	0.084086	0.024829	0.812154	0.541985	0.151779
0.965800	-172.339906	-168.253630	340.593537	4.086276	512.933443	1.054427	1.054268	1.061843	0.714663	0.476761	0.135279	0.405751	0.270782	0.075484
0.967600	-172.339906	-168.253630	340.593537	4.086276	512.933443	1.954755	1.954836	1.956159	0.761908	0.508289	0.144142	-0.307819	-0.205402	-0.058471
0.969400	-172.339906	-168.253630	340.593537	4.086276	512.933443	2.855127	2.855386	2.849491	0.232194	0.154797	0.044703	-0.788252	-0.526007	-0.148662
0.971200	-172.339906	-168.253630	340.593537	4.086276	512.933443	-2.527728	-2.527487	-2.536264	-0.473390	-0.316057	-0.087749	-0.671773	-0.448277	-0.126806
0.973000	-172.339906	-168.253630	340.593537	4.086276	512.933443	-1.627494	-1.627453	-1.632563	-0.820585	-0.547749	-0.152927	-0.046575	-0.031067	-0.009458
0.974800	-172.339906	-168.253630	340.593537	4.086276	512.933443	-0.727340	-0.727530	-0.725108	-0.546503	-0.364847	-0.101484	0.613952	0.409720	0.114522
0.976600	-172.339906	-168.253630	340.593537	4.086276	512.933443	0.172810	0.172532	0.180650	0.141328	0.094160	0.027625	0.809670	0.540328	0.151253
0.978400	-172.339906	-168.253630	340.593537	4.086276	512.933443	1.073035	1.072880	1.080598	0.722095	0.481720	0.136636	0.392386	0.261863	0.072915
0.980200	-172.339906	-168.253630	340.593537	4.086276	512.933443	1.973360	1.973444	1.975059	0.756051	0.504380	0.143004	-0.321940	-0.214825	-0.061181
0.982000	-172.339906	-168.253630	340.593537	4.086276	512.933443	2.873734	2.873994	2.868325	0.217486	0.144982	0.041903	-0.792431	-0.528796	-0.149506
0.983800	-172.339906	-168.253630	340.593537	4.086276	512.933443	-2.509114	-2.508876	-2.517659	-0.485807	-0.324343	-0.090119	-0.662840	-0.442316	-0.125189
0.985600	-172.339906	-168.253630	340.593537	4.086276	512.933443	-1.608874	-1.608838	-1.614187	-0.821306	-0.548231	-0.153102	-0.031289	-0.020866	-0.006647
0.987400	-172.339906	-168.253630	340.593537	4.086276	512.933443	-0.708720	-0.708913	-0.706783	-0.534978	-0.357156	-0.099361	0.624023	0.416441	0.116354
0.989200	-172.339906	-168.253630	340.593537	4.086276	512.933443	0.191425	0.191148	0.199142	0.156377	0.104202	0.030409	0.806905	0.538483	0.150675
0.991000	-172.339906	-168.253630	340.593537	4.086276	512.933443	1.091643	1.091492	1.099343	0.729276	0.486513	0.137943	0.378884	0.252854	0.070323
0.992800	-172.339906	-168.253630	340.593537	4.086276	512.933443	1.991964	1.992053	1.993956	0.749931	0.500297	0.141814	-0.335950	-0.224173	-0.063868
0.994600	-172.339906	-168.253630	340.593537	4.086276	512.933443	2.892341	2.892602	2.887166	0.202704	0.135118	0.039086	-0.796336	-0.531401	-0.150297
0.996400	-172.339906	-168.253630	340.593537	4.086276	512.933443	-2.490501	-2.490265	-2.499044	-0.498056	-0.332517	-0.092461	-0.653677	-0.436201	-0.123526
0.998200	-172.339906	-168.253630	340.593537	4.086276	512.933443	-1.590255	-1.590223	-1.595803	-0.821743	-0.548522	-0.153227	-0.015992	-0.010657	-0.003833
1.000000	-172.339906	-168.253630	340.593537	4.086276	512.933443	-0.690099	-0.690295	-0.688460	-0.523267	-0.349341	-0.097206	0.633877	0.423017	0.118148
