#model:pConst	end_point_b=1.00
#t	l_1	l_2	l_3	l_2-l_1	l_3-l_1	phase_1	phase_2	phase_3	RePsi_1	RePsi_2	RePsi_3	ImPsi_1	ImPsi_2	ImPsi_3
0.101800	-2084.729665	-1745.793992	3830.523657	338.935674	5915.253322	2.456158	2.663855	-3.066706	0.503880	0.268760	-0.011752	-0.616223	-0.519103	-0.156640	-0.162580	-2.837420
0.103600	-2084.729665	-1745.793992	3830.523657	338.935674	5915.253322	-2.900863	-2.626417	-1.456261	-0.174193	-0.326162	-0.165971	-0.709573	-0.576082	0.019093	-0.162580	-2.837420
0.105400	-2084.729665	-1745.793992	3830.523657	338.935674	5915.253322	-1.899352	-1.724939	0.111956	-0.627268	-0.718716	0.019917	-0.213843	-0.111671	0.177160	-0.162580	-2.837420
0.107200	-2084.729665	-1745.793992	3830.523657	338.935674	5915.253322	-0.832101	-0.865656	1.649247	-0.472371	-0.568251	0.186453	0.430189	0.483647	-0.014658	-0.162580	-2.837420
0.109000	-2084.729665	-1745.793992	3830.523657	338.935674	5915.253322	0.220521	-0.000280	-3.114183	0.148206	-0.000199	-0.005239	0.661143	0.710197	-0.191096	-0.162580	-2.837420
0.110800	-2084.729665	-1745.793992	3830.523657	338.935674	5915.253322	1.195242	0.920743	-1.599065	0.695992	0.506232	-0.189372	0.274406	0.384882	-0.005355	-0.162580	-2.837420
0.112600	-2084.729665	-1745.793992	3830.523657	338.935674	5915.253322	2.102049	1.943346	-0.072556	0.693886	0.526246	-0.013179	-0.407728	-0.205657	0.181321	-0.162580	-2.837420
0.114400	-2084.729665	-1745.793992	3830.523657	338.935674	5915.253322	2.980579	3.048951	1.484450	0.131074	0.050884	0.169691	-0.807008	-0.547685	0.014689	-0.162580	-2.837420
0.116200	-2084.729665	-1745.793992	3830.523657	338.935674	5915.253322	-2.410692	-2.165447	3.085395	-0.520867	-0.500964	0.008953	-0.580974	-0.338809	-0.159153	-0.162580	-2.837420
0.118000	-2084.729665	-1745.793992	3830.523657	338.935674	5915.253322	-1.464530	-1.202393	-1.559835	-0.707749	-0.639403	-0.153718	0.075495	0.246827	0.001685	-0.162580	-2.837420
0.119800	-2084.729665	-1745.793992	3830.523657	338.935674	5915.253322	-0.437178	-0.316250	0.085690	-0.276618	-0.230433	0.013302	0.591900	0.704187	0.154855	-0.162580	-2.837420
0.121600	-2084.729665	-1745.793992	3830.523657	338.935674	5915.253322	0.638862	0.542526	1.708220	0.386482	0.384024	0.161747	0.520320	0.636994	-0.022369	-0.162580	-2.837420
0.123400	-2084.729665	-1745.793992	3830.523657	338.935674	5915.253322	1.674539	1.420945	-2.989953	0.696023	0.685007	-0.026325	-0.072467	0.103424	-0.172269	-0.162580	-2.837420
0.125200	-2084.729665	-1745.793992	3830.523657	338.935674	5915.253322	2.627541	2.368840	-1.442116	0.377910	0.427612	-0.183180	-0.669235	-0.438565	0.023703	-0.162580	-2.837420
0.127000	-2084.729665	-1745.793992	3830.523657	338.935674	5915.253322	-2.762052	-2.860722	0.079110	-0.300828	-0.152891	0.015095	-0.754182	-0.529957	0.190406	-0.162580	-2.837420
0.128800	-2084.729665	-1745.793992	3830.523657	338.935674	5915.253322	-1.886334	-1.753665	1.591042	-0.768025	-0.548248	0.190807	-0.250717	-0.101390	-0.003863	-0.162580	-2.837420
0.130600	-2084.729665	-1745.793992	3830.523657	338.935674	5915.253322	-0.986147	-0.716644	3.113245	-0.632380	-0.410710	0.005224	0.418530	0.471458	-0.184243	-0.162580	-2.837420
0.132400	-2084.729665	-1745.793992	3830.523657	338.935674	5915.253322	-0.020757	0.216820	-1.620662	-0.014301	0.151354	-0.173605	0.688900	0.687088	-0.008664	-0.162580	-2.837420
0.134200	-2084.729665	-1745.793992	3830.523657	338.935674	5915.253322	1.026147	1.088825	-0.034268	0.551209	0.661978	-0.005582	0.333905	0.346293	0.162820	-0.162580	-2.837420
0.136000	-2084.729665	-1745.793992	3830.523657	338.935674	5915.253322	2.099939	1.948695	1.589430	0.569558	0.683367	0.155191	-0.333058	-0.271282	-0.002892	-0.162580	-2.837420
0.137800	-2084.729665	-1745.793992	3830.523657	338.935674	5915.253322	3.114500	2.843622	-3.047660	0.019591	0.197674	-0.014424	-0.722916	-0.643649	-0.153106	-0.162580	-2.837420
0.139600	-2084.729665	-1745.793992	3830.523657	338.935674	5915.253322	-2.233514	-2.460218	-1.410543	-0.622107	-0.373541	-0.157721	-0.485535	-0.460629	0.025494	-0.162580	-2.837420
0.141400	-2084.729665	-1745.793992	3830.523657	338.935674	5915.253322	-1.346305	-1.377658	0.188421	-0.798671	-0.537251	0.032000	0.182368	0.105074	0.167820	-0.162580	-2.837420
0.143200	-2084.729665	-1745.793992	3830.523657	338.935674	5915.253322	-0.465942	-0.278625	1.743658	-0.358719	-0.157818	0.179500	0.713342	0.551684	-0.031341	-0.162580	-2.837420
0.145000	-2084.729665	-1745.793992	3830.523657	338.935674	5915.253322	0.449278	0.726431	-3.013766	0.320056	0.430964	-0.024171	0.663790	0.485041	-0.188064	-0.162580	-2.837420
0.146800	-2084.729665	-1745.793992	3830.523657	338.935674	5915.253322	1.437170	1.635232	-1.498537	0.662128	0.717639	-0.190589	0.089008	-0.046306	0.013796	-0.162580	-2.837420
0.148600	-2084.729665	-1745.793992	3830.523657	338.935674	5915.253322	2.498122	2.496419	0.021699	0.382912	0.449115	0.004052	-0.510582	-0.596738	0.186728	-0.162580	-2.837420
0.150400	-2084.729665	-1745.793992	3830.523657	338.935674	5915.253322	-2.724348	-2.924232	1.559758	-0.272085	-0.155145	0.177869	-0.613811	-0.702492	0.001963	-0.162580	-2.837420
0.152200	-2084.729665	-1745.793992	3830.523657	338.935674	5915.253322	-1.736074	-2.011574	3.129409	-0.731999	-0.587187	0.002030	-0.122097	-0.276994	-0.166587	-0.162580	-2.837420
0.154000	-2084.729665	-1745.793992	3830.523657	338.935674	5915.253322	-0.819153	-1.001247	-1.541362	-0.586822	-0.483948	-0.156673	0.548485	0.309888	0.004613	-0.162580	-2.837420
0.155800	-2084.729665	-1745.793992	3830.523657	338.935674	5915.253322	0.063471	0.100964	0.105314	0.052101	0.055378	0.016081	0.819761	0.546632	0.152133	-0.162580	-2.837420
0.157600	-2084.729665	-1745.793992	3830.523657	338.935674	5915.253322	0.952605	1.182101	1.749899	0.641972	0.551095	0.154912	0.456559	0.225690	-0.028046	-0.162580	-2.837420
0.159400	-2084.729665	-1745.793992	3830.523657	338.935674	5915.253322	1.888962	2.158069	-2.924783	0.682994	0.561431	-0.036038	-0.224947	-0.373695	-0.163605	-0.162580	-2.837420
0.161200	-2084.729665	-1745.793992	3830.523657	338.935674	5915.253322	2.903587	3.049658	-1.357938	0.154467	0.067389	-0.174633	-0.636704	-0.730948	0.037744	-0.162580	-2.837420
0.163000	-2084.729665	-1745.793992	3830.523657	338.935674	5915.253322	-2.308073	-2.376318	0.178590	-0.474722	-0.515479	0.033269	-0.431100	-0.536655	0.184304	-0.162580	-2.837420
0.164800	-2084.729665	-1745.793992	3830.523657	338.935674	5915.253322	-1.265504	-1.505541	1.697841	-0.656012	-0.698748	0.189701	0.206738	0.045662	-0.024231	-0.162580	-2.837420
0.166600	-2084.729665	-1745.793992	3830.523657	338.935674	5915.253322	-0.303585	-0.571045	-3.070313	-0.226879	-0.336766	-0.013480	0.724231	0.524195	-0.188791	-0.162580	-2.837420
0.168400	-2084.729665	-1745.793992	3830.523657	338.935674	5915.253322	0.595830	0.468833	-1.542982	0.454573	0.251979	-0.181301	0.670430	0.497492	0.005044	-0.162580	-2.837420
0.170200	-2084.729665	-1745.793992	3830.523657	338.935674	5915.253322	1.473557	1.577541	0.015841	0.810799	0.554526	0.002690	0.079091	-0.003740	0.169790	-0.162580	-2.837420
0.172000	-2084.729665	-1745.793992	3830.523657	338.935674	5915.253322	2.371216	2.630795	1.618712	0.536649	0.301710	0.158873	-0.553019	-0.538378	-0.007618	-0.162580	-2.837420
0.173800	-2084.729665	-1745.793992	3830.523657	338.935674	5915.253322	-2.954019	-2.704688	-3.025769	-0.130646	-0.294843	-0.017760	-0.688317	-0.631349	-0.152652	-0.162580	-2.837420
0.175600	-2084.729665	-1745.793992	3830.523657	338.935674	5915.253322	-1.914622	-1.826054	-1.380823	-0.610392	-0.721127	-0.152837	-0.218549	-0.188178	0.029389	-0.162580	-2.837420
0.177400	-2084.729665	-1745.793992	3830.523657	338.935674	5915.253322	-0.838845	-0.967212	0.240556	-0.486027	-0.608532	0.038991	0.436665	0.419529	0.158949	-0.162580	-2.837420
0.179200	-2084.729665	-1745.793992	3830.523657	338.935674	5915.253322	0.184557	-0.081122	1.824155	0.130466	-0.055200	0.169145	0.698871	0.678957	-0.043795	-0.162580	-2.837420
0.181000	-2084.729665	-1745.793992	3830.523657	338.935674	5915.253322	1.125869	0.882285	-2.912656	0.702348	0.463507	-0.042005	0.334889	0.381391	-0.180263	-0.162580	-2.837420
0.182800	-2084.729665	-1745.793992	3830.523657	338.935674	5915.253322	2.013908	1.951246	-1.392364	0.736074	0.508242	-0.188111	-0.349332	-0.203263	0.033926	-0.162580	-2.837420
0.184600	-2084.729665	-1745.793992	3830.523657	338.935674	5915.253322	2.890654	3.054684	0.119641	0.199309	0.049055	0.022758	-0.777512	-0.563018	0.189309	-0.162580	-2.837420
0.186400	-2084.729665	-1745.793992	3830.523657	338.935674	5915.253322	-2.484717	-2.208787	1.642857	-0.456494	-0.512680	0.183446	-0.591995	-0.380114	-0.013242	-0.162580	-2.837420
0.188200	-2084.729665	-1745.793992	3830.523657	338.935674	5915.253322	-1.506403	-1.288558	-3.089636	-0.677531	-0.685203	-0.009004	0.043689	0.198695	-0.173144	-0.162580	-2.837420
0.190000	-2084.729665	-1745.793992	3830.523657	338.935674	5915.253322	-0.449693	-0.421734	-1.501886	-0.279235	-0.306579	-0.162163	0.578513	0.683329	0.011192	-0.162580	-2.837420
0.191800	-2084.729665	-1745.793992	3830.523657	338.935674	5915.253322	0.619437	0.440396	0.123001	0.387546	0.310463	0.019019	0.543498	0.658788	0.153843	-0.162580	-2.837420
0.193600	-2084.729665	-1745.793992	3830.523657	338.935674	5915.253322	1.620813	1.345394	1.769651	0.733743	0.644043	0.150823	-0.036730	0.147678	-0.030394	-0.162580	-2.837420
0.195400	-2084.729665	-1745.793992	3830.523657	338.935674	5915.253322	2.545885	2.341743	-2.877350	0.447251	0.417595	-0.041827	-0.659805	-0.405697	-0.154589	-0.162580	-2.837420
0.197200	-2084.729665	-1745.793992	3830.523657	338.935674	5915.253322	-2.853758	-2.847445	-1.280412	-0.232654	-0.158521	-0.164188	-0.785845	-0.523283	0.049064	-0.162580	-2.837420
0.199000	-2084.729665	-1745.793992	3830.523657	338.935674	5915.253322	-1.970529	-1.758127	0.273109	-0.728669	-0.573671	0.049257	-0.307847	-0.108741	0.175850	-0.162580	-2.837420
0.200800	-2084.729665	-1745.793992	3830.523657	338.935674	5915.253322	-1.045903	-0.770450	1.798193	-0.627806	-0.460760	0.184876	0.363548	0.474746	-0.042780	-0.162580	-2.837420
0.202600	-2084.729665	-1745.793992	3830.523657	338.935674	5915.253322	-0.044717	0.127415	-2.969635	-0.029486	0.092372	-0.032683	0.658949	0.721042	-0.188185	-0.162580	-2.837420
0.204400	-2084.729665	-1745.793992	3830.523657	338.935674	5915.253322	1.022523	0.985605	-1.448940	0.545513	0.621935	-0.185129	0.333162	0.412103	0.022672	-0.162580	-2.837420
0.206200	-2084.729665	-1745.793992	3830.523657	338.935674	5915.253322	2.074703	1.852582	0.089898	0.596418	0.682363	0.015933	-0.328856	-0.197536	0.176761	-0.162580	-2.837420
0.208000	-2084.729665	-1745.793992	3830.523657	338.935674	5915.253322	3.049901	2.777699	1.661049	0.068976	0.226480	0.165453	-0.750150	-0.594664	-0.014973	-0.162580	-2.837420
0.209800	-2084.729665	-1745.793992	3830.523657	338.935674	5915.253322	-2.324612	-2.477652	-3.007735	-0.590105	-0.348828	-0.020875	-0.553961	-0.445823	-0.155014	-0.162580	-2.837420
0.211600	-2084.729665	-1745.793992	3830.523657	338.935674	5915.253322	-1.443694	-1.369492	-1.360178	-0.812835	-0.541202	-0.149631	0.103874	0.110442	0.031989	-0.162580	-2.837420
0.213400	-2084.729665	-1745.793992	3830.523657	338.935674	5915.253322	-0.549747	-0.302511	0.283213	-0.406809	-0.180934	0.044093	0.663899	0.579750	0.151503	-0.162580	-2.837420
0.215200	-2084.729665	-1745.793992	3830.523657	338.935674	5915.253322	0.397682	0.657267	1.889810	0.274052	0.419314	0.159509	0.652406	0.543340	-0.052685	-0.162580	-2.837420
0.217000	-2084.729665	-1745.793992	3830.523657	338.935674	5915.253322	1.424972	1.540254	-2.827846	0.642056	0.739124	-0.055259	0.094296	0.022581	-0.170308	-0.162580	-2.837420
0.218800	-2084.729665	-1745.793992	3830.523657	338.935674	5915.253322	2.498327	2.396553	-1.292084	0.387006	0.502147	-0.180299	-0.516262	-0.544407	0.051594	-0.162580	-2.837420
0.220600	-2084.729665	-1745.793992	3830.523657	338.935674	5915.253322	-2.753703	-3.009218	0.226645	-0.264266	-0.090990	0.042989	-0.646775	-0.683349	0.186419	-0.162580	-2.837420
0.222400	-2084.729665	-1745.793992	3830.523657	338.935674	5915.253322	-1.804019	-2.060068	1.741619	-0.748350	-0.538808	0.186328	-0.177767	-0.286890	-0.032142	-0.162580	-2.837420
0.224200	-2084.729665	-1745.793992	3830.523657	338.935674	5915.253322	-0.910959	-1.003701	-3.013337	-0.643126	-0.465580	-0.023142	0.498965	0.296517	-0.179445	-0.162580	-2.837420
0.226000	-2084.729665	-1745.793992	3830.523657	338.935674	5915.253322	-0.033007	0.104486	-1.452658	-0.026746	0.058489	-0.168120	0.810017	0.557740	0.019954	-0.162580	-2.837420
0.227800	-2084.729665	-1745.793992	3830.523657	338.935674	5915.253322	0.871436	1.141031	0.152079	0.581782	0.572661	0.024045	0.489393	0.262472	0.156891	-0.162580	-2.837420
0.229600	-2084.729665	-1745.793992	3830.523657	338.935674	5915.253322	1.841842	2.074481	1.791449	0.664722	0.619550	0.149922	-0.184715	-0.341432	-0.033628	-0.162580	-2.837420
0.231400	-2084.729665	-1745.793992	3830.523657	338.935674	5915.253322	2.892170	2.946856	-2.847370	0.159184	0.144788	-0.045196	-0.624920	-0.734086	-0.149154	-0.162580	-2.837420
0.233200	-2084.729665	-1745.793992	3830.523657	338.935674	5915.253322	-2.318004	-2.476262	-1.227132	-0.484171	-0.452578	-0.154450	-0.448533	-0.576766	0.055272	-0.162580	-2.837420
0.235000	-2084.729665	-1745.793992	3830.523657	338.935674	5915.253322	-1.307555	-1.581222	0.355018	-0.697443	-0.668960	0.060894	0.187958	-0.006974	0.164257	-0.162580	-2.837420
0.236800	-2084.729665	-1745.793992	3830.523657	338.935674	5915.253322	-0.377116	-0.601388	1.899913	-0.289738	-0.333055	0.175518	0.731529	0.485378	-0.059946	-0.162580	-2.837420
0.238600	-2084.729665	-1745.793992	3830.523657	338.935674	5915.253322	0.506413	0.481057	-2.863868	0.395926	0.252221	-0.052440	0.713820	0.483223	-0.183942	-0.162580	-2.837420
0.240400	-2084.729665	-1745.793992	3830.523657	338.935674	5915.253322	1.385217	1.577442	-1.351715	0.782574	0.574189	-0.185932	0.146920	-0.003816	0.041399	-0.162580	-2.837420
0.242200	-2084.729665	-1745.793992	3830.523657	338.935674	5915.253322	2.301675	2.579650	0.172542	0.548309	0.346972	0.031509	-0.491560	-0.551047	0.180803	-0.162580	-2.837420
0.244000	-2084.729665	-1745.793992	3830.523657	338.935674	5915.253322	-2.989943	-2.795282	1.724618	-0.101164	-0.245156	0.170899	-0.661968	-0.679378	-0.026497	-0.162580	-2.837420
0.245800	-2084.729665	-1745.793992	3830.523657	338.935674	5915.253322	-1.925201	-1.932431	-2.969479	-0.602071	-0.700913	-0.027777	-0.222783	-0.265134	-0.159788	-0.162580	-2.837420
0.247600	-2084.729665	-1745.793992	3830.523657	338.935674	5915.253322	-0.862954	-1.066863	-1.343376	-0.513881	-0.630595	-0.150828	0.439771	0.347723	0.034905	-0.162580	-2.837420
0.249400	-2084.729665	-1745.793992	3830.523657	338.935674	5915.253322	0.125164	-0.150501	0.303803	0.093131	-0.097141	0.046051	0.740181	0.640566	0.146890	-0.162580	-2.837420
0.251200	-2084.729665	-1745.793992	3830.523657	338.935674	5915.253322	1.041091	0.863259	1.938953	0.693845	0.435081	0.149784	0.406261	0.372105	-0.057778	-0.162580	-2.837420
0.253000	-2084.729665	-1745.793992	3830.523657	338.935674	5915.253322	1.922001	1.965836	-2.749357	0.768614	0.505860	-0.065702	-0.281616	-0.210923	-0.158827	-0.162580	-2.837420
0.254800	-2084.729665	-1745.793992	3830.523657	338.935674	5915.253322	2.809134	3.042756	-1.197492	0.255421	0.058711	-0.170404	-0.739762	-0.592092	0.066742	-0.162580	-2.837420
0.256600	-2084.729665	-1745.793992	3830.523657	338.935674	5915.253322	-2.539077	-2.269605	0.326985	-0.404614	-0.515977	0.060993	-0.588241	-0.433551	0.179837	-0.162580	-2.837420
0.258400	-2084.729665	-1745.793992	3830.523657	338.935674	5915.253322	-1.524762	-1.381380	1.842479	-0.651615	-0.720399	0.183911	0.030018	0.138111	-0.051232	-0.162580	-2.837420
0.260200	-2084.729665	-1745.793992	3830.523657	338.935674	5915.253322	-0.453532	-0.525014	-2.919574	-0.281223	-0.372845	-0.041012	0.576964	0.643680	-0.181679	-0.162580	-2.837420
0.262000	-2084.729665	-1745.793992	3830.523657	338.935674	5915.253322	0.588441	0.347621	-1.379938	0.383832	0.238576	-0.173851	0.575201	0.658442	0.033590	-0.162580	-2.837420
0.263800	-2084.729665	-1745.793992	3830.523657	338.935674	5915.253322	1.550962	1.286435	0.192780	0.763931	0.598450	0.031738	0.015154	0.174916	0.162586	-0.162580	-2.837420
0.265600	-2084.729665	-1745.793992	3830.523657	338.935674	5915.253322	2.452409	2.331418	1.809177	0.517850	0.404938	0.151685	-0.628485	-0.385353	-0.036860	-0.162580	-2.837420
0.267400	-2084.729665	-1745.793992	3830.523657	338.935674	5915.253322	-2.950535	-2.841159	-2.825693	-0.154992	-0.164879	-0.047553	-0.801335	-0.532190	-0.145490	-0.162580	-2.837420
0.269200	-2084.729665	-1745.793992	3830.523657	338.935674	5915.253322	-2.050735	-1.789989	-1.183579	-0.681859	-0.604913	-0.146446	-0.354930	-0.134758	0.059721	-0.162580	-2.837420
0.271000	-2084.729665	-1745.793992	3830.523657	338.935674	5915.253322	-1.091453	-0.845430	0.421155	-0.617980	-0.521935	0.068859	0.321212	0.462751	0.153717	-0.162580	-2.837420
0.272800	-2084.729665	-1745.793992	3830.523657	338.935674	5915.253322	-0.052304	0.030224	1.985419	-0.033677	0.022470	0.164225	0.643289	0.743200	-0.072282	-0.162580	-2.837420
0.274600	-2084.729665	-1745.793992	3830.523657	338.935674	5915.253322	1.020358	0.886771	-2.762779	0.554572	0.570244	-0.069447	0.340346	0.464943	-0.174474	-0.162580	-2.837420
0.276400	-2084.729665	-1745.793992	3830.523657	338.935674	5915.253322	2.039112	1.772086	-1.244589	0.633502	0.664077	-0.181280	-0.320456	-0.135507	0.061326	-0.162580	-2.837420
0.278200	-2084.729665	-1745.793992	3830.523657	338.935674	5915.253322	2.977283	2.736949	0.270367	0.127374	0.235540	0.050445	-0.768216	-0.549970	0.182013	-0.162580	-2.837420
0.280000	-2084.729665	-1745.793992	3830.523657	338.935674	5915.253322	-2.418154	-2.474734	1.799571	-0.540631	-0.339015	0.175778	-0.612148	-0.430684	-0.040930	-0.162580	-2.837420
0.281800	-2084.729665	-1745.793992	3830.523657	338.935674	5915.253322	-1.538949	-1.370664	-2.921050	-0.804656	-0.557315	-0.036925	0.025635	0.113050	-0.164706	-0.162580	-2.837420
0.283600	-2084.729665	-1745.793992	3830.523657	338.935674	5915.253322	-0.626694	-0.351451	-1.314512	-0.439484	-0.221333	-0.153231	0.606969	0.603624	0.040154	-0.162580	-2.837420
0.285400	-2084.729665	-1745.793992	3830.523657	338.935674	5915.253322	0.356667	0.568949	0.325450	0.237381	0.386312	0.049118	0.637089	0.604096	0.145558	-0.162580	-2.837420
0.287200	-2084.729665	-1745.793992	3830.523657	338.935674	5915.253322	1.416438	1.436293	1.969241	0.635398	0.742986	0.143845	0.098865	0.100541	-0.060553	-0.162580	-2.837420
0.289000	-2084.729665	-1745.793992	3830.523657	338.935674	5915.253322	2.484299	2.298754	-2.694844	0.408062	0.541890	-0.071039	-0.528730	-0.482957	-0.148291	-0.162580	-2.837420
0.290800	-2084.729665	-1745.793992	3830.523657	338.935674	5915.253322	-2.801721	-3.079147	-1.114185	-0.244603	-0.040959	-0.157651	-0.691765	-0.655059	0.077444	-0.162580	-2.837420
0.292600	-2084.729665	-1745.793992	3830.523657	338.935674	5915.253322	-1.881248	-2.082214	0.429218	-0.756612	-0.504040	0.077342	-0.242740	-0.282878	0.168988	-0.162580	-2.837420
0.294400	-2084.729665	-1745.793992	3830.523657	338.935674	5915.253322	-1.001191	-0.988712	1.947793	-0.687560	-0.455039	0.177939	0.440322	0.299485	-0.070452	-0.162580	-2.837420
0.296200	-2084.729665	-1745.793992	3830.523657	338.935674	5915.253322	-0.119293	0.097536	-2.823021	-0.093873	0.056918	-0.059599	0.783170	0.581709	-0.180709	-0.162580	-2.837420
0.298000	-2084.729665	-1745.793992	3830.523657	338.935674	5915.253322	0.806792	1.082468	-1.297704	0.523509	0.586343	-0.176344	0.501575	0.311490	0.049392	-0.162580	-2.837420
0.299800	-2084.729665	-1745.793992	3830.523657	338.935674	5915.253322	1.811690	1.980036	0.255725	0.642289	0.669662	0.043635	-0.157787	-0.290451	0.166898	-0.162580	-2.837420
0.301600	-2084.729665	-1745.793992	3830.523657	338.935674	5915.253322	2.882379	2.840103	1.846140	0.164874	0.222224	0.155727	-0.621746	-0.714617	-0.043996	-0.162580	-2.837420
0.303400	-2084.729665	-1745.793992	3830.523657	338.935674	5915.253322	-2.347386	-2.572881	-2.809697	-0.489433	-0.382822	-0.050380	-0.480886	-0.598953	-0.146181	-0.162580	-2.837420
0.305200	-2084.729665	-1745.793992	3830.523657	338.935674	5915.253322	-1.372327	-1.643883	-1.162026	-0.742208	-0.633221	-0.141348	0.149271	-0.046363	0.061228	-0.162580	-2.837420
0.307000	-2084.729665	-1745.793992	3830.523657	338.935674	5915.253322	-0.464545	-0.612690	0.471987	-0.362825	-0.324415	0.073177	0.724024	0.461517	0.143353	-0.162580	-2.837420
0.308800	-2084.729665	-1745.793992	3830.523657	338.935674	5915.253322	0.414764	0.495194	2.064773	0.328946	0.261983	0.151788	0.747083	0.485083	-0.081739	-0.162580	-2.837420
0.310600	-2084.729665	-1745.793992	3830.523657	338.935674	5915.253322	1.306842	1.557578	-2.668135	0.746543	0.606854	-0.083617	0.201761	0.008022	-0.163211	-0.162580	-2.837420
0.312400	-2084.729665	-1745.793992	3830.523657	338.935674	5915.253322	2.253035	2.512353	-1.144205	0.545319	0.403591	-0.172996	-0.443001	-0.554420	0.078627	-0.162580	-2.837420
0.314200	-2084.729665	-1745.793992	3830.523657	338.935674	5915.253322	-3.003207	-2.890960	0.371431	-0.089159	-0.183236	0.069258	-0.640160	-0.715722	0.177808	-0.162580	-2.837420
0.316000	-2084.729665	-1745.793992	3830.523657	338.935674	5915.253322	-1.930448	-2.035255	1.892978	-0.604758	-0.661831	0.176414	-0.227392	-0.331587	-0.058889	-0.162580	-2.837420
0.317800	-2084.729665	-1745.793992	3830.523657	338.935674	5915.253322	-0.899989	-1.155723	-2.849747	-0.550292	-0.630860	-0.050825	0.436695	0.278005	-0.169178	-0.162580	-2.837420
0.319600	-2084.729665	-1745.793992	3830.523657	338.935674	5915.253322	0.050446	-0.202054	-1.275391	0.039042	-0.122603	-0.158024	0.773273	0.598506	0.048088	-0.162580	-2.837420
0.321400	-2084.729665	-1745.793992	3830.523657	338.935674	5915.253322	0.945703	0.859197	0.342996	0.663390	0.419247	0.052397	0.478720	0.361522	0.146724	-0.162580	-2.837420
0.323200	-2084.729665	-1745.793992	3830.523657	338.935674	5915.253322	1.826295	1.968628	1.991947	0.785329	0.519652	0.139755	-0.205134	-0.218378	-0.062604	-0.162580	-2.837420
0.325000	-2084.729665	-1745.793992	3830.523657	338.935674	5915.253322	2.732987	3.002910	-2.650475	0.301233	0.087439	-0.074763	-0.695729	-0.626452	-0.139791	-0.162580	-2.837420
0.326800	-2084.729665	-1745.793992	3830.523657	338.935674	5915.253322	-2.578419	-2.349815	-1.047557	-0.366140	-0.503748	-0.146286	-0.579905	-0.497361	0.084388	-0.162580	-2.837420
0.328600	-2084.729665	-1745.793992	3830.523657	338.935674	5915.253322	-1.528591	-1.480246	0.515487	-0.640391	-0.743160	0.088636	0.027044	0.067478	0.156438	-0.162580	-2.837420
0.330400	-2084.729665	-1745.793992	3830.523657	338.935674	5915.253322	-0.459119	-0.622289	2.049686	-0.291391	-0.425273	0.166884	0.589440	0.592821	-0.086646	-0.162580	-2.837420
0.332200	-2084.729665	-1745.793992	3830.523657	338.935674	5915.253322	0.546616	0.272206	-2.715861	0.374982	0.178935	-0.079056	0.616282	0.641033	-0.174338	-0.162580	-2.837420
0.334000	-2084.729665	-1745.793992	3830.523657	338.935674	5915.253322	1.474113	1.253666	-1.200877	0.783721	0.557603	-0.175891	0.076010	0.183010	0.068205	-0.162580	-2.837420
0.335800	-2084.729665	-1745.793992	3830.523657	338.935674	5915.253322	2.357593	2.338362	0.329376	0.577694	0.392999	0.058228	-0.579311	-0.379227	0.170342	-0.162580	-2.837420
0.337600	-2084.729665	-1745.793992	3830.523657	338.935674	5915.253322	-3.044105	-2.848257	1.893848	-0.077724	-0.167112	0.159590	-0.794740	-0.553260	-0.053427	-0.162580	-2.837420
0.339400	-2084.729665	-1745.793992	3830.523657	338.935674	5915.253322	-2.123029	-1.846506	-2.781071	-0.628413	-0.631098	-0.055773	-0.387216	-0.178547	-0.147938	-0.162580	-2.837420
0.341200	-2084.729665	-1745.793992	3830.523657	338.935674	5915.253322	-1.126428	-0.937892	-1.140581	-0.605569	-0.585096	-0.139609	0.288329	0.429210	0.064064	-0.162580	-2.837420
0.343000	-2084.729665	-1745.793992	3830.523657	338.935674	5915.253322	-0.059046	-0.074377	0.502644	-0.037938	-0.055720	0.075293	0.641765	0.747774	0.136961	-0.162580	-2.837420
0.344800	-2084.729665	-1745.793992	3830.523657	338.935674	5915.253322	1.001489	0.791659	2.120602	0.570092	0.510468	0.140532	0.364855	0.504115	-0.086123	-0.162580	-2.837420
0.346600	-2084.729665	-1745.793992	3830.523657	338.935674	5915.253322	1.985349	1.708481	-2.583459	0.681885	0.637321	-0.093271	-0.300067	-0.088308	-0.149388	-0.162580	-2.837420
0.348400	-2084.729665	-1745.793992	3830.523657	338.935674	5915.253322	2.896823	2.722870	-1.041551	0.194191	0.231144	-0.160736	-0.777455	-0.519376	0.094015	-0.162580	-2.837420
0.350200	-2084.729665	-1745.793992	3830.523657	338.935674	5915.253322	-2.508742	-2.458691	0.476253	-0.482241	-0.344790	0.087779	-0.657461	-0.423850	0.170162	-0.162580	-2.837420
0.352000	-2084.729665	-1745.793992	3830.523657	338.935674	5915.253322	-1.622713	-1.385190	1.988911	-0.779284	-0.585544	0.173696	-0.040494	0.109946	-0.077175	-0.162580	-2.837420
0.353800	-2084.729665	-1745.793992	3830.523657	338.935674	5915.253322	-0.686068	-0.416956	-2.767883	-0.452059	-0.273892	-0.066711	0.552135	0.618369	-0.170122	-0.162580	-2.837420
0.355600	-2084.729665	-1745.793992	3830.523657	338.935674	5915.253322	0.331942	0.471222	-1.213135	0.213228	0.334299	-0.161190	0.618597	0.656128	0.060242	-0.162580	-2.837420
0.357400	-2084.729665	-1745.793992	3830.523657	338.935674	5915.253322	1.406255	1.329676	0.378605	0.637427	0.724353	0.059680	0.105840	0.178122	0.150027	-0.162580	-2.837420
0.359200	-2084.729665	-1745.793992	3830.523657	338.935674	5915.253322	2.449235	2.205731	2.007229	0.444715	0.564047	0.139955	-0.536249	-0.415533	-0.065279	-0.162580	-2.837420
0.361000	-2084.729665	-1745.793992	3830.523657	338.935674	5915.253322	-2.871518	-3.134594	-2.627841	-0.204812	-0.004353	-0.075759	-0.739825	-0.622035	-0.134255	-0.162580	-2.837420
0.362800	-2084.729665	-1745.793992	3830.523657	338.935674	5915.253322	-1.970859	-2.086417	-0.995069	-0.750163	-0.484846	-0.135359	-0.317220	-0.274791	0.087859	-0.162580	-2.837420
0.364600	-2084.729665	-1745.793992	3830.523657	338.935674	5915.253322	-1.092124	-0.976765	0.595611	-0.721388	-0.461073	0.097006	0.374346	0.311413	0.143137	-0.162580	-2.837420
0.366400	-2084.729665	-1745.793992	3830.523657	338.935674	5915.253322	-0.194056	0.069530	2.144369	-0.147192	0.043031	0.154340	0.748957	0.617886	-0.099707	-0.162580	-2.837420
0.368200	-2084.729665	-1745.793992	3830.523657	338.935674	5915.253322	0.764121	1.009261	-2.615374	0.478475	0.589856	-0.095503	0.499282	0.371072	-0.164419	-0.162580	-2.837420
0.370000	-2084.729665	-1745.793992	3830.523657	338.935674	5915.253322	1.802833	1.882048	-1.099599	0.624641	0.707051	-0.169941	-0.147598	-0.227464	0.086580	-0.162580	-2.837420
0.371800	-2084.729665	-1745.793992	3830.523657	338.935674	5915.253322	2.874593	2.738252	0.422344	0.171979	0.288588	0.076124	-0.628738	-0.676268	0.169394	-0.162580	-2.837420
0.373600	-2084.729665	-1745.793992	3830.523657	338.935674	5915.253322	-2.390579	-2.657242	1.963663	-0.487142	-0.315572	0.162794	-0.521850	-0.599772	-0.067463	-0.162580	-2.837420
0.375400	-2084.729665	-1745.793992	3830.523657	338.935674	5915.253322	-1.451491	-1.687686	-2.743459	-0.778131	-0.594816	-0.063854	0.093279	-0.069846	-0.151819	-0.162580	-2.837420
0.377200	-2084.729665	-1745.793992	3830.523657	338.935674	5915.253322	-0.561382	-0.611621	-1.123096	-0.436822	-0.315819	-0.140189	0.694607	0.450312	0.067322	-0.162580	-2.837420
0.379000	-2084.729665	-1745.793992	3830.523657	338.935674	5915.253322	0.320588	0.493068	0.526360	0.253983	0.270638	0.076980	0.764911	0.503667	0.132486	-0.162580	-2.837420
0.380800	-2084.729665	-1745.793992	3830.523657	338.935674	5915.253322	1.235199	1.509929	2.165712	0.705412	0.644256	0.131604	0.246041	0.039262	-0.089056	-0.162580	-2.837420
0.382600	-2084.729665	-1745.793992	3830.523657	338.935674	5915.253322	2.219944	2.427505	-2.516318	0.538398	0.469785	-0.099108	-0.408569	-0.542063	-0.137287	-0.162580	-2.837420
0.384400	-2084.729665	-1745.793992	3830.523657	338.935674	5915.253322	-3.004285	-2.990974	-0.954457	-0.087518	-0.112157	-0.147023	-0.633376	-0.739008	0.104151	-0.162580	-2.837420
0.386200	-2084.729665	-1745.793992	3830.523657	338.935674	5915.253322	-1.940363	-2.130438	0.578935	-0.620672	-0.611988	0.103017	-0.240427	-0.383381	0.157603	-0.162580	-2.837420
0.388000	-2084.729665	-1745.793992	3830.523657	338.935674	5915.253322	-0.947922	-1.225466	2.096015	-0.595231	-0.614341	0.165662	0.427529	0.221006	-0.096003	-0.162580	-2.837420
0.389800	-2084.729665	-1745.793992	3830.523657	338.935674	5915.253322	-0.030178	-0.226779	-2.672109	-0.023993	-0.129600	-0.085243	0.794782	0.561650	-0.168028	-0.162580	-2.837420
0.391600	-2084.729665	-1745.793992	3830.523657	338.935674	5915.253322	0.850072	0.868604	-1.140730	0.614765	0.416925	-0.163200	0.539979	0.352736	0.074860	-0.162580	-2.837420
0.393400	-2084.729665	-1745.793992	3830.523657	338.935674	5915.253322	1.734876	1.954653	0.425661	0.780321	0.545608	0.069290	-0.129196	-0.220366	0.152831	-0.162580	-2.837420
0.395200	-2084.729665	-1745.793992	3830.523657	338.935674	5915.253322	2.665746	2.939227	2.035583	0.332897	0.134376	0.141073	-0.645971	-0.654934	-0.070737	-0.162580	-2.837420
0.397000	-2084.729665	-1745.793992	3830.523657	338.935674	5915.253322	-2.607572	-2.445843	-2.606641	-0.337257	-0.469865	-0.078304	-0.570336	-0.562680	-0.132140	-0.162580	-2.837420
0.398800	-2084.729665	-1745.793992	3830.523657	338.935674	5915.253322	-1.534712	-1.584972	-0.963971	-0.643984	-0.748421	-0.128575	0.023248	-0.010610	0.089257	-0.162580	-2.837420
0.400600	-2084.729665	-1745.793992	3830.523657	338.935674	5915.253322	-0.483391	-0.714159	0.652832	-0.319170	-0.463668	0.100364	0.608026	0.534928	0.131249	-0.162580	-2.837420
0.402400	-2084.729665	-1745.793992	3830.523657	338.935674	5915.253322	0.487412	0.215472	2.230375	0.354022	0.134788	0.139548	0.667879	0.615837	-0.108210	-0.162580	-2.837420
0.404200	-2084.729665	-1745.793992	3830.523657	338.935674	5915.253322	1.390893	1.247270	-2.512395	0.793940	0.531288	-0.109794	0.144394	0.178145	-0.150840	-0.162580	-2.837420
0.406000	-2084.729665	-1745.793992	3830.523657	338.935674	5915.253322	2.267108	2.353683	-0.995295	0.623708	0.389832	-0.160688	-0.521421	-0.387879	0.104248	-0.162580	-2.837420
0.407800	-2084.729665	-1745.793992	3830.523657	338.935674	5915.253322	-3.124876	-2.870796	0.517713	-0.012889	-0.162595	0.093953	-0.770927	-0.585685	0.164966	-0.162580	-2.837420
0.409600	-2084.729665	-1745.793992	3830.523657	338.935674	5915.253322	-2.176818	-1.918420	2.045184	-0.577257	-0.646947	0.162203	-0.400047	-0.234413	-0.083291	-0.162580	-2.837420
0.411400	-2084.729665	-1745.793992	3830.523657	338.935674	5915.253322	-1.146250	-1.038347	-2.681964	-0.591022	-0.638868	-0.076149	0.267163	0.376429	-0.153840	-0.162580	-2.837420
0.413200	-2084.729665	-1745.793992	3830.523657	338.935674	5915.253322	-0.070789	-0.180343	-1.088895	-0.046020	-0.133106	-0.142755	0.649025	0.730054	0.074665	-0.162580	-2.837420
0.415000	-2084.729665	-1745.793992	3830.523657	338.935674	5915.253322	0.960507	0.702807	0.541034	0.579954	0.445642	0.079441	0.405590	0.526081	0.132217	-0.162580	-2.837420
0.416800	-2084.729665	-1745.793992	3830.523657	338.935674	5915.253322	1.910926	1.660670	2.189536	0.733065	0.607058	0.125685	-0.259419	-0.054706	-0.089489	-0.162580	-2.837420
0.418600	-2084.729665	-1745.793992	3830.523657	338.935674	5915.253322	2.805498	2.724852	-2.462223	0.269735	0.223516	-0.101665	-0.772107	-0.504928	-0.125882	-0.162580	-2.837420
0.420400	-2084.729665	-1745.793992	3830.523657	338.935674	5915.253322	-2.598498	-2.450548	-0.873655	-0.417531	-0.358936	-0.132958	-0.691683	-0.433973	0.111341	-0.162580	-2.837420
0.422200	-2084.729665	-1745.793992	3830.523657	338.935674	5915.253322	-1.693401	-1.421319	0.673659	-0.746977	-0.625139	0.114847	-0.092045	0.094146	0.143878	-0.162580	-2.837420
0.424000	-2084.729665	-1745.793992	3830.523657	338.935674	5915.253322	-0.722615	-0.495487	2.196664	-0.450392	-0.336207	0.154190	0.510818	0.622079	-0.111449	-0.162580	-2.837420
0.425800	-2084.729665	-1745.793992	3830.523657	338.935674	5915.253322	0.326628	0.371460	-2.570617	0.205000	0.270518	-0.103025	0.605144	0.694447	-0.160388	-0.162580	-2.837420
0.427600	-2084.729665	-1745.793992	3830.523657	338.935674	5915.253322	1.394905	1.229324	-1.048292	0.648773	0.686891	-0.160694	0.115305	0.244117	0.092542	-0.162580	-2.837420
0.429400	-2084.729665	-1745.793992	3830.523657	338.935674	5915.253322	2.399906	2.126458	0.493927	0.490052	0.565351	0.083336	-0.534882	-0.351039	0.154772	-0.162580	-2.837420
0.431200	-2084.729665	-1745.793992	3830.523657	338.935674	5915.253322	-2.954685	3.112739	2.071766	-0.147224	0.016953	0.144043	-0.778490	-0.587385	-0.078873	-0.162580	-2.837420
0.433000	-2084.729665	-1745.793992	3830.523657	338.935674	5915.253322	-2.068684	-2.081602	-2.589108	-0.721940	-0.478369	-0.081475	-0.392420	-0.268086	-0.132151	-0.162580	-2.837420
0.434800	-2084.729665	-1745.793992	3830.523657	338.935674	5915.253322	-1.184305	-0.984981	-0.939276	-0.740200	-0.484334	-0.123762	0.301231	0.321361	0.090526	-0.162580	-2.837420
0.436600	-2084.729665	-1745.793992	3830.523657	338.935674	5915.253322	-0.260770	0.014405	0.698616	-0.189683	0.009483	0.102446	0.710834	0.658236	0.121970	-0.162580	-2.837420
0.438400	-2084.729665	-1745.793992	3830.523657	338.935674	5915.253322	0.737187	0.920364	2.298062	0.448243	0.577468	0.126809	0.493690	0.439388	-0.112860	-0.162580	-2.837420
0.440200	-2084.729665	-1745.793992	3830.523657	338.935674	5915.253322	1.803379	1.781406	-2.424415	0.622285	0.730774	-0.118666	-0.147400	-0.156225	-0.136071	-0.162580	-2.837420
0.442000	-2084.729665	-1745.793992	3830.523657	338.935674	5915.253322	2.859614	2.645707	-0.891851	0.187752	0.339523	-0.146722	-0.648096	-0.627615	0.118393	-0.162580	-2.837420
0.443800	-2084.729665	-1745.793992	3830.523657	338.935674	5915.253322	-2.444395	-2.720737	0.624667	-0.477790	-0.261462	0.111995	-0.570489	-0.584144	0.155338	-0.162580	-2.837420
0.445600	-2084.729665	-1745.793992	3830.523657	338.935674	5915.253322	-1.535426	-1.704522	2.139865	-0.801340	-0.562074	0.158506	0.028356	-0.075615	-0.101389	-0.162580	-2.837420
0.447400	-2084.729665	-1745.793992	3830.523657	338.935674	5915.253322	-0.657370	-0.601453	-2.610745	-0.499239	-0.310122	-0.090659	0.646768	0.451894	-0.154430	-0.162580	-2.837420
0.449200	-2084.729665	-1745.793992	3830.523657	338.935674	5915.253322	0.231788	0.471553	-1.042432	0.179731	0.272508	-0.144505	0.761473	0.534413	0.084351	-0.162580	-2.837420
0.451000	-2084.729665	-1745.793992	3830.523657	338.935674	5915.253322	1.173369	1.439568	0.569070	0.659523	0.675004	0.084890	0.276844	0.089091	0.132712	-0.162580	-2.837420
0.452800	-2084.729665	-1745.793992	3830.523657	338.935674	5915.253322	2.196224	2.328477	2.210458	0.531586	0.537001	0.123231	-0.383877	-0.508028	-0.091686	-0.162580	-2.837420
0.454600	-2084.729665	-1745.793992	3830.523657	338.935674	5915.253322	-3.010980	-3.095311	-2.430600	-0.084339	-0.034501	-0.102293	-0.642045	-0.744919	-0.118772	-0.162580	-2.837420
0.456400	-2084.729665	-1745.793992	3830.523657	338.935674	5915.253322	-1.970418	-2.218498	-0.814974	-0.642319	-0.556175	-0.120534	-0.271282	-0.420793	0.113607	-0.162580	-2.837420
0.458200	-2084.729665	-1745.793992	3830.523657	338.935674	5915.253322	-1.012205	-1.274838	0.760942	-0.649848	-0.590718	0.122103	0.406148	0.180118	0.128227	-0.162580	-2.837420
0.460000	-2084.729665	-1745.793992	3830.523657	338.935674	5915.253322	-0.115689	-0.226156	2.299876	-0.093660	-0.124181	0.139397	0.805973	0.539702	-0.124518	-0.162580	-2.837420
0.461800	-2084.729665	-1745.793992	3830.523657	338.935674	5915.253322	0.760149	0.881470	-2.466845	0.557616	0.428513	-0.119691	0.586510	0.353182	-0.149612	-0.162580	-2.837420
0.463600	-2084.729665	-1745.793992	3830.523657	338.935674	5915.253322	1.657567	1.923917	-0.953426	0.758136	0.582145	-0.154608	-0.065949	-0.214561	0.109763	-0.162580	-2.837420
0.465400	-2084.729665	-1745.793992	3830.523657	338.935674	5915.253322	2.617782	2.861469	0.575123	0.345837	0.193302	0.098965	-0.598713	-0.671916	0.152672	-0.162580	-2.837420
0.467200	-2084.729665	-1745.793992	3830.523657	338.935674	5915.253322	-2.623197	-2.548481	2.132418	-0.319279	-0.416576	0.144930	-0.559714	-0.618001	-0.091192	-0.162580	-2.837420
0.469000	-2084.729665	-1745.793992	3830.523657	338.935674	5915.253322	-1.549109	-1.689769	-2.556354	-0.656476	-0.731675	-0.088794	0.014240	-0.087462	-0.133991	-0.162580	-2.837420
0.470800	-2084.729665	-1745.793992	3830.523657	338.935674	5915.253322	-0.530370	-0.798258	-0.925093	-0.363751	-0.485276	-0.123054	0.620298	0.472953	0.092714	-0.162580	-2.837420
0.472600	-2084.729665	-1745.793992	3830.523657	338.935674	5915.253322	0.408793	0.175608	0.723727	0.312760	0.104397	0.102268	0.721982	0.588364	0.115729	-0.162580	-2.837420
0.474400	-2084.729665	-1745.793992	3830.523657	338.935674	5915.253322	1.298318	1.254237	2.353705	0.789724	0.521646	0.115017	0.220671	0.170878	-0.114446	-0.162580	-2.837420
0.476200	-2084.729665	-1745.793992	3830.523657	338.935674	5915.253322	2.178991	2.356617	-2.343020	0.658150	0.403944	-0.124593	-0.458227	-0.404285	-0.121352	-0.162580	-2.837420
0.478000	-2084.729665	-1745.793992	3830.523657	338.935674	5915.253322	3.092143	-2.914846	-0.797075	0.036652	-0.145024	-0.131925	-0.740601	-0.628587	0.128879	-0.162580	-2.837420
0.479800	-2084.729665	-1745.793992	3830.523657	338.935674	5915.253322	-2.207207	-2.001683	0.725539	-0.539832	-0.650904	0.126305	-0.398925	-0.299217	0.142409	-0.162580	-2.837420
0.481600	-2084.729665	-1745.793992	3830.523657	338.935674	5915.253322	-1.149036	-1.139356	2.241560	-0.581777	-0.677993	0.149248	0.261035	0.312125	-0.118428	-0.162580	-2.837420
0.483400	-2084.729665	-1745.793992	3830.523657	338.935674	5915.253322	-0.086577	-0.278660	-2.518930	-0.057696	-0.198448	-0.107981	0.664753	0.693622	-0.150405	-0.162580	-2.837420
0.485200	-2084.729665	-1745.793992	3830.523657	338.935674	5915.253322	0.905184	0.629208	-0.975762	0.579641	0.384181	-0.145199	0.455098	0.527792	0.098281	-0.162580	-2.837420
0.487000	-2084.729665	-1745.793992	3830.523657	338.935674	5915.253322	1.824213	1.632792	0.603918	0.774359	0.576243	0.092987	-0.200547	-0.035771	0.134783	-0.162580	-2.837420
0.488800	-2084.729665	-1745.793992	3830.523657	338.935674	5915.253322	2.707145	2.731822	2.228138	0.345794	0.218593	0.122700	-0.745220	-0.503255	-0.094706	-0.162580	-2.837420
0.490600	-2084.729665	-1745.793992	3830.523657	338.935674	5915.253322	-2.688220	-2.465742	-2.404970	-0.346580	-0.370260	-0.103095	-0.711340	-0.461774	-0.113677	-0.162580	-2.837420
0.492400	-2084.729665	-1745.793992	3830.523657	338.935674	5915.253322	-1.754794	-1.483484	-0.768573	-0.711948	-0.668325	-0.110987	-0.132496	0.058502	0.114786	-0.162580	-2.837420
0.494200	-2084.729665	-1745.793992	3830.523657	338.935674	5915.253322	-0.743649	-0.587854	0.829220	-0.446035	-0.406371	0.125499	0.484925	0.609753	0.114955	-0.162580	-2.837420
0.496000	-2084.729665	-1745.793992	3830.523657	338.935674	5915.253322	0.327599	0.270706	2.388796	0.206347	0.199400	0.123689	0.607182	0.718512	-0.132029	-0.162580	-2.837420
0.497800	-2084.729665	-1745.793992	3830.523657	338.935674	5915.253322	1.374312	1.139976	-2.362676	0.671565	0.639593	-0.132617	0.133677	0.293966	-0.134347	-0.162580	-2.837420
0.499600	-2084.729665	-1745.793992	3830.523657	338.935674	5915.253322	2.340514	2.069754	-0.846716	0.542215	0.550607	-0.143471	-0.525473	-0.300053	0.126874	-0.162580	-2.837420
0.501400	-2084.729665	-1745.793992	3830.523657	338.935674	5915.253322	-3.041463	3.103384	0.668680	-0.080711	0.021364	0.116482	-0.803367	-0.558864	0.147426	-0.162580	-2.837420
0.503200	-2084.729665	-1745.793992	3830.523657	338.935674	5915.253322	-2.164570	-2.072423	2.202520	-0.675118	-0.483937	0.144126	-0.455729	-0.265399	-0.105465	-0.162580	-2.837420
0.505000	-2084.729665	-1745.793992	3830.523657	338.935674	5915.253322	-1.270019	-1.014421	-2.510436	-0.738300	-0.519753	-0.098454	0.229012	0.323240	-0.134705	-0.162580	-2.837420
0.506800	-2084.729665	-1745.793992	3830.523657	338.935674	5915.253322	-0.316894	-0.062092	-0.897429	-0.219387	-0.042974	-0.122948	0.668973	0.691203	0.098082	-0.162580	-2.837420
0.508600	-2084.729665	-1745.793992	3830.523657	338.935674	5915.253322	0.718330	0.818891	0.744349	0.427913	0.543464	0.104064	0.489538	0.508228	0.112979	-0.162580	-2.837420
0.510400	-2084.729665	-1745.793992	3830.523657	338.935674	5915.253322	1.794944	1.677975	2.385946	0.635964	0.737287	0.107656	-0.144986	-0.079325	-0.114260	-0.162580	-2.837420
0.512200	-2084.729665	-1745.793992	3830.523657	338.935674	5915.253322	2.823569	2.562036	-2.282821	0.221479	0.375745	-0.125710	-0.672784	-0.574064	-0.108495	-0.162580	-2.837420
0.514000	-2084.729665	-1745.793992	3830.523657	338.935674	5915.253322	-2.513348	-2.762335	-0.708576	-0.456136	-0.224025	-0.115536	-0.627915	-0.562098	0.134805	-0.162580	-2.837420
0.515800	-2084.729665	-1745.793992	3830.523657	338.935674	5915.253322	-1.622759	-1.697840	0.828894	-0.813487	-0.544563	0.138035	-0.042309	-0.069558	0.126520	-0.162580	-2.837420
0.517600	-2084.729665	-1745.793992	3830.523657	338.935674	5915.253322	-0.746270	-0.592641	2.344795	-0.546095	-0.314111	0.137042	0.590594	0.466464	-0.133953	-0.162580	-2.837420
0.519400	-2084.729665	-1745.793992	3830.523657	338.935674	5915.253322	0.158402	0.432659	-2.424507	0.118363	0.265541	-0.124449	0.740972	0.574960	-0.142729	-0.162580	-2.837420
0.521200	-2084.729665	-1745.793992	3830.523657	338.935674	5915.253322	1.131371	1.356551	-0.894886	0.616365	0.693138	-0.141632	0.289740	0.150816	0.113578	-0.162580	-2.837420
0.523000	-2084.729665	-1745.793992	3830.523657	338.935674	5915.253322	2.183923	2.224188	0.663640	0.524847	0.593662	0.105219	-0.369274	-0.454490	0.134558	-0.162580	-2.837420
0.524800	-2084.729665	-1745.793992	3830.523657	338.935674	5915.253322	-3.029009	3.084773	2.259418	-0.074592	0.041478	0.123835	-0.659745	-0.729198	-0.101919	-0.162580	-2.837420
0.526600	-2084.729665	-1745.793992	3830.523657	338.935674	5915.253322	-2.023338	-2.297257	-2.391150	-0.657054	-0.497285	-0.104958	-0.319455	-0.441870	-0.112565	-0.162580	-2.837420
0.528400	-2084.729665	-1745.793992	3830.523657	338.935674	5915.253322	-1.094569	-1.306590	-0.742092	-0.706659	-0.566047	-0.104491	0.364512	0.153133	0.113957	-0.162580	-2.837420
0.530200	-2084.729665	-1745.793992	3830.523657	338.935674	5915.253322	-0.209051	-0.215656	0.886339	-0.170337	-0.117177	0.126063	0.802906	0.534903	0.102875	-0.162580	-2.837420
0.532000	-2084.729665	-1745.793992	3830.523657	338.935674	5915.253322	0.674136	0.878050	2.470707	0.496177	0.447206	0.108434	0.620991	0.371165	-0.136619	-0.162580	-2.837420
0.533800	-2084.729665	-1745.793992	3830.523657	338.935674	5915.253322	1.596348	1.872291	-2.267825	0.729851	0.628227	-0.141658	-0.018653	-0.195363	-0.118599	-0.162580	-2.837420
0.535600	-2084.729665	-1745.793992	3830.523657	338.935674	5915.253322	2.593444	2.774061	-0.745566	0.345174	0.260341	-0.129195	-0.565339	-0.676166	0.139920	-0.162580	-2.837420
0.537400	-2084.729665	-1745.793992	3830.523657	338.935674	5915.253322	-2.624585	-2.650219	0.770556	-0.315383	-0.352022	0.132635	-0.554670	-0.657796	0.136632	-0.162580	-2.837420
0.539200	-2084.729665	-1745.793992	3830.523657	338.935674	5915.253322	-1.570040	-1.785505	2.293616	-0.676594	-0.696407	0.138636	0.000512	-0.151866	-0.122287	-0.162580	-2.837420
0.541000	-2084.729665	-1745.793992	3830.523657	338.935674	5915.253322	-0.591449	-0.865616	-2.445399	-0.417207	-0.487306	-0.112149	0.621162	0.414786	-0.134181	-0.162580	-2.837420
0.542800	-2084.729665	-1745.793992	3830.523657	338.935674	5915.253322	0.318998	0.155506	-0.863815	0.252918	0.088018	-0.124141	0.765774	0.561443	0.106053	-0.162580	-2.837420
0.544600	-2084.729665	-1745.793992	3830.523657	338.935674	5915.253322	1.199894	1.261654	0.762262	0.764299	0.524831	0.106876	0.297237	0.167621	0.111940	-0.162580	-2.837420
0.546400	-2084.729665	-1745.793992	3830.523657	338.935674	5915.253322	2.092194	2.333847	2.412457	0.678498	0.436128	0.102337	-0.389743	-0.417058	-0.114552	-0.162580	-2.837420
0.548200	-2084.729665	-1745.793992	3830.523657	338.935674	5915.253322	3.036416	-2.983544	-2.235851	0.074819	-0.107498	-0.125943	-0.708734	-0.674482	-0.098769	-0.162580	-2.837420
0.550000	-2084.729665	-1745.793992	3830.523657	338.935674	5915.253322	-2.222770	-2.096952	-0.639656	-0.518398	-0.638724	-0.101845	-0.395705	-0.370949	0.136886	-0.162580	-2.837420
0.551800	-2084.729665	-1745.793992	3830.523657	338.935674	5915.253322	-1.148858	-1.239708	0.918803	-0.588157	-0.702297	0.144099	0.264023	0.241408	0.109999	-0.162580	-2.837420
0.553600	-2084.729665	-1745.793992	3830.523657	338.935674	5915.253322	-0.113154	-0.364241	2.449640	-0.078519	-0.246988	0.120601	0.690954	0.647833	-0.145544	-0.162580	-2.837420
0.555400	-2084.729665	-1745.793992	3830.523657	338.935674	5915.253322	0.840580	0.579785	-2.318132	0.570300	0.336542	-0.140489	0.510593	0.513914	-0.130181	-0.162580	-2.837420
0.557200	-2084.729665	-1745.793992	3830.523657	338.935674	5915.253322	1.735059	1.630225	-0.802471	0.800856	0.552027	-0.134901	-0.132747	-0.032845	0.130371	-0.162580	-2.837420
0.559000	-2084.729665	-1745.793992	3830.523657	338.935674	5915.253322	2.611817	2.738318	0.732697	0.409716	0.218823	0.119130	-0.699633	-0.512876	0.132399	-0.162580	-2.837420
0.560800	-2084.729665	-1745.793992	3830.523657	338.935674	5915.253322	-2.770382	-2.503244	2.304828	-0.276734	-0.372270	0.123538	-0.710930	-0.501725	-0.111457	-0.162580	-2.837420
0.562600	-2084.729665	-1745.793992	3830.523657	338.935674	5915.253322	-1.804996	-1.565548	-2.363918	-0.674250	-0.703447	-0.110175	-0.160861	0.003692	-0.111890	-0.162580	-2.837420
0.564400	-2084.729665	-1745.793992	3830.523657	338.935674	5915.253322	-0.758390	-0.691231	-0.721778	-0.444430	-0.476549	-0.101495	0.469109	0.575954	0.115307	-0.162580	-2.837420
0.566200	-2084.729665	-1745.793992	3830.523657	338.935674	5915.253322	0.316341	0.168699	0.919298	0.204839	0.123577	0.125027	0.625781	0.725566	0.095342	-0.162580	-2.837420
0.568000	-2084.729665	-1745.793992	3830.523657	338.935674	5915.253322	1.332225	1.061281	2.532471	0.699255	0.588473	0.095253	0.170061	0.328793	-0.136542	-0.162580	-2.837420
0.569800	-2084.729665	-1745.793992	3830.523657	338.935674	5915.253322	2.267327	2.036226	-2.178184	0.602228	0.530131	-0.146181	-0.503688	-0.266248	-0.101601	-0.162580	-2.837420
0.571600	-2084.729665	-1745.793992	3830.523657	338.935674	5915.253322	-3.130155	3.114879	-0.642150	-0.009339	0.014585	-0.112337	-0.816443	-0.545839	0.150205	-0.162580	-2.837420
0.573400	-2084.729665	-1745.793992	3830.523657	338.935674	5915.253322	-2.251984	-2.069049	0.873262	-0.620146	-0.501523	0.146891	-0.502708	-0.272847	0.123107	-0.162580	-2.837420
0.575200	-2084.729665	-1745.793992	3830.523657	338.935674	5915.253322	-1.339034	-1.061257	2.387657	-0.719525	-0.564187	0.129451	0.169810	0.315242	-0.137864	-0.162580	-2.837420
0.577000	-2084.729665	-1745.793992	3830.523657	338.935674	5915.253322	-0.352904	-0.149784	-2.364848	-0.232079	-0.107224	-0.126983	0.630096	0.710496	-0.129200	-0.162580	-2.837420
0.578800	-2084.729665	-1745.793992	3830.523657	338.935674	5915.253322	0.708336	0.713474	-0.805114	0.416858	0.489930	-0.122838	0.486620	0.566009	0.118088	-0.162580	-2.837420
0.580600	-2084.729665	-1745.793992	3830.523657	338.935674	5915.253322	1.772456	1.577103	0.792057	0.658819	0.722626	0.113904	-0.134688	-0.004557	0.112397	-0.162580	-2.837420
0.582400	-2084.729665	-1745.793992	3830.523657	338.935674	5915.253322	2.764878	2.489195	2.426050	0.272975	0.396115	0.100864	-0.690014	-0.518478	-0.116040	-0.162580	-2.837420
0.584200	-2084.729665	-1745.793992	3830.523657	338.935674	5915.253322	-2.598995	-2.786002	-2.207931	-0.414360	-0.200628	-0.124428	-0.687203	-0.540226	-0.092089	-0.162580	-2.837420
0.586000	-2084.729665	-1745.793992	3830.523657	338.935674	5915.253322	-1.716449	-1.685447	-0.581140	-0.811575	-0.544621	-0.089581	-0.119051	-0.062716	0.136391	-0.162580	-2.837420
0.587800	-2084.729665	-1745.793992	3830.523657	338.935674	5915.253322	-0.829711	-0.603267	1.001162	-0.580427	-0.335833	0.147292	0.531138	0.487462	0.094333	-0.162580	-2.837420
0.589600	-2084.729665	-1745.793992	3830.523657	338.935674	5915.253322	0.102523	0.373904	2.544598	0.073539	0.244865	0.104033	0.714779	0.624081	-0.153050	-0.162580	-2.837420
0.591400	-2084.729665	-1745.793992	3830.523657	338.935674	5915.253322	1.112814	1.265575	-2.216652	0.587183	0.697719	-0.152155	0.289445	0.219828	-0.114677	-0.162580	-2.837420
0.593200	-2084.729665	-1745.793992	3830.523657	338.935674	5915.253322	2.182737	2.122237	-0.700449	0.523978	0.633982	-0.122669	-0.367734	-0.389955	0.145506	-0.162580	-2.837420
0.595000	-2084.729665	-1745.793992	3830.523657	338.935674	5915.253322	-3.055607	2.992176	0.822975	-0.058980	0.104657	0.135317	-0.684239	-0.695214	0.125511	-0.162580	-2.837420
0.596800	-2084.729665	-1745.793992	3830.523657	338.935674	5915.253322	-2.089860	-2.357842	2.368211	-0.659205	-0.442660	0.121836	-0.376616	-0.444120	-0.124800	-0.162580	-2.837420
0.598600	-2084.729665	-1745.793992	3830.523657	338.935674	5915.253322	-1.186980	-1.319376	-2.331432	-0.752797	-0.543058	-0.117934	0.304013	0.139488	-0.112234	-0.162580	-2.837420
0.600400	-2084.729665	-1745.793992	3830.523657	338.935674	5915.253322	-0.307090	-0.209525	-0.703560	-0.247055	-0.115461	-0.099988	0.779054	0.542974	0.117856	-0.162580	-2.837420
0.602200	-2084.729665	-1745.793992	3830.523657	338.935674	5915.253322	0.590731	0.847380	0.946629	0.430446	0.461492	0.124773	0.641868	0.407558	0.089864	-0.162580	-2.837420
0.604000	-2084.729665	-1745.793992	3830.523657	338.935674	5915.253322	1.546565	1.797615	2.579974	0.701196	0.676687	0.085442	0.016994	-0.156172	-0.135794	-0.162580	-2.837420
0.605800	-2084.729665	-1745.793992	3830.523657	338.935674	5915.253322	2.582738	2.676444	-2.108560	0.342984	0.333351	-0.146900	-0.548463	-0.664208	-0.087610	-0.162580	-2.837420
0.607600	-2084.729665	-1745.793992	3830.523657	338.935674	5915.253322	-2.626378	-2.749652	-0.551214	-0.320100	-0.281982	-0.095136	-0.565323	-0.682228	0.154749	-0.162580	-2.837420
0.609400	-2084.729665	-1745.793992	3830.523657	338.935674	5915.253322	-1.602797	-1.866734	0.978723	-0.706162	-0.652271	0.157041	-0.022605	-0.198871	0.105620	-0.162580	-2.837420
0.611200	-2084.729665	-1745.793992	3830.523657	338.935674	5915.253322	-0.660858	-0.907353	2.493608	-0.475825	-0.474268	0.115601	0.612009	0.370705	-0.152704	-0.162580	-2.837420
0.613000	-2084.729665	-1745.793992	3830.523657	338.935674	5915.253322	0.227934	0.158741	-2.273581	0.184141	0.086703	-0.142919	0.793830	0.541596	-0.121061	-0.162580	-2.837420
0.614800	-2084.729665	-1745.793992	3830.523657	338.935674	5915.253322	1.105586	1.263918	-0.737028	0.720153	0.538550	-0.119373	0.361485	0.170660	0.131518	-0.162580	-2.837420
0.616600	-2084.729665	-1745.793992	3830.523657	338.935674	5915.253322	2.014039	2.288359	0.836981	0.679513	0.480449	0.123226	-0.322598	-0.419318	0.111127	-0.162580	-2.837420
0.618400	-2084.729665	-1745.793992	3830.523657	338.935674	5915.253322	2.992249	-3.070590	2.452782	0.101610	-0.050616	0.099659	-0.675310	-0.711678	-0.121043	-0.162580	-2.837420
0.620200	-2084.729665	-1745.793992	3830.523657	338.935674	5915.253322	-2.234305	-2.201703	-2.187918	-0.507222	-0.605296	-0.125291	-0.396517	-0.442171	-0.088903	-0.162580	-2.837420
0.622000	-2084.729665	-1745.793992	3830.523657	338.935674	5915.253322	-1.163895	-1.339762	-0.547357	-0.611562	-0.709824	-0.081959	0.263554	0.166975	0.134475	-0.162580	-2.837420
0.623800	-2084.729665	-1745.793992	3830.523657	338.935674	5915.253322	-0.161201	-0.437372	1.064525	-0.117339	-0.280216	0.145984	0.721588	0.599298	0.080944	-0.162580	-2.837420
0.625600	-2084.729665	-1745.793992	3830.523657	338.935674	5915.253322	0.763613	0.554467	2.635301	0.548522	0.306533	0.086562	0.572957	0.494993	-0.156108	-0.162580	-2.837420
0.627400	-2084.729665	-1745.793992	3830.523657	338.935674	5915.253322	1.645472	1.645040	-2.113252	0.814824	0.543521	-0.160902	-0.060961	-0.040427	-0.096987	-0.162580	-2.837420
0.629200	-2084.729665	-1745.793992	3830.523657	338.935674	5915.253322	2.526356	2.735138	-0.598254	0.456613	0.229629	-0.107943	-0.646082	-0.533497	0.158373	-0.162580	-2.837420
0.631000	-2084.729665	-1745.793992	3830.523657	338.935674	5915.253322	-2.834603	-2.557669	0.916694	-0.219977	-0.363373	0.149874	-0.693908	-0.549906	0.114908	-0.162580	-2.837420
0.632800	-2084.729665	-1745.793992	3830.523657	338.935674	5915.253322	-1.835142	-1.657331	2.448416	-0.639814	-0.723896	0.115506	-0.173185	-0.062799	-0.139048	-0.162580	-2.837420
0.634600	-2084.729665	-1745.793992	3830.523657	338.935674	5915.253322	-0.767199	-0.797259	-2.273845	-0.445248	-0.535219	-0.129670	0.461757	0.522671	-0.109897	-0.162580	-2.837420
0.636400	-2084.729665	-1745.793992	3830.523657	338.935674	5915.253322	0.288739	0.070605	-0.675245	0.194179	0.050353	-0.099804	0.653712	0.711988	0.124626	-0.162580	-2.837420
0.638200	-2084.729665	-1745.793992	3830.523657	338.935674	5915.253322	1.268024	0.994914	0.960135	0.718995	0.536388	0.125843	0.224597	0.348276	0.088078	-0.162580	-2.837420
0.640000	-2084.729665	-1745.793992	3830.523657	338.935674	5915.253322	2.178865	2.020387	2.609386	0.663744	0.511040	0.078656	-0.461998	-0.246602	-0.133568	-0.162580	-2.837420
0.641800	-2084.729665	-1745.793992	3830.523657	338.935674	5915.253322	3.059471	3.127422	-2.048734	0.067135	0.007805	-0.145315	-0.815675	-0.550748	-0.075272	-0.162580	-2.837420
0.643600	-2084.729665	-1745.793992	3830.523657	338.935674	5915.253322	-2.332385	-2.087440	-0.468465	-0.562888	-0.524828	-0.079192	-0.536703	-0.298162	0.156495	-0.162580	-2.837420
0.645400	-2084.729665	-1745.793992	3830.523657	338.935674	5915.253322	-1.389232	-1.126624	1.073829	-0.695460	-0.616189	0.162935	0.127677	0.293237	0.088371	-0.162580	-2.837420
0.647200	-2084.729665	-1745.793992	3830.523657	338.935674	5915.253322	-0.366129	-0.243761	2.595463	-0.232055	-0.177935	0.099001	0.605231	0.715438	-0.162886	-0.162580	-2.837420
0.649000	-2084.729665	-1745.793992	3830.523657	338.935674	5915.253322	0.706142	0.611823	-2.171459	0.417790	0.425683	-0.156911	0.489880	0.606701	-0.107501	-0.162580	-2.837420
0.650800	-2084.729665	-1745.793992	3830.523657	338.935674	5915.253322	1.739848	1.488219	-0.647664	0.687652	0.690034	-0.111165	-0.117369	0.057111	0.146942	-0.162580	-2.837420
0.652600	-2084.729665	-1745.793992	3830.523657	338.935674	5915.253322	2.693283	2.435857	0.898703	0.333579	0.398481	0.136108	-0.693551	-0.467623	0.108297	-0.162580	-2.837420
0.654400	-2084.729665	-1745.793992	3830.523657	338.935674	5915.253322	-2.693555	-2.792211	2.484254	-0.353516	-0.189882	0.099191	-0.735516	-0.521184	-0.128511	-0.162580	-2.837420
0.656200	-2084.729665	-1745.793992	3830.523657	338.935674	5915.253322	-1.813644	-1.682263	-2.169338	-0.789387	-0.557585	-0.127529	-0.195560	-0.062411	-0.086975	-0.162580	-2.837420
0.658000	-2084.729665	-1745.793992	3830.523657	338.935674	5915.253322	-0.909263	-0.641921	-0.519273	-0.601661	-0.376241	-0.076391	0.468433	0.503310	0.133645	-0.162580	-2.837420
0.659800	-2084.729665	-1745.793992	3830.523657	338.935674	5915.253322	0.058878	0.293830	1.112538	0.040635	0.204230	0.144230	0.689366	0.674944	0.071146	-0.162580	-2.837420
0.661600	-2084.729665	-1745.793992	3830.523657	338.935674	5915.253322	1.106171	1.166151	2.705695	0.574943	0.686050	0.072396	0.288175	0.293821	-0.155429	-0.162580	-2.837420
0.663400	-2084.729665	-1745.793992	3830.523657	338.935674	5915.253322	2.177883	2.024244	-2.021257	0.538817	0.658425	-0.163866	-0.374257	-0.320860	-0.079249	-0.162580	-2.837420
0.665200	-2084.729665	-1745.793992	3830.523657	338.935674	5915.253322	-3.094584	2.915890	-0.492244	-0.033735	0.149907	-0.089553	-0.717116	-0.652862	0.166991	-0.162580	-2.837420
0.667000	-2084.729665	-1745.793992	3830.523657	338.935674	5915.253322	-2.163638	-2.391609	1.022136	-0.650358	-0.402333	0.163397	-0.438133	-0.431889	0.099879	-0.162580	-2.837420
0.668800	-2084.729665	-1745.793992	3830.523657	338.935674	5915.253322	-1.279490	-1.311602	2.538541	-0.782337	-0.527624	0.106050	0.234573	0.139904	-0.154002	-0.162580	-2.837420
0.670600	-2084.729665	-1745.793992	3830.523657	338.935674	5915.253322	-0.399916	-0.212820	-2.206654	-0.311332	-0.121189	-0.142507	0.736542	0.560819	-0.105188	-0.162580	-2.837420
0.672400	-2084.729665	-1745.793992	3830.523657	338.935674	5915.253322	0.517023	0.794148	-0.630797	0.366318	0.464114	-0.097605	0.644227	0.456063	0.133644	-0.162580	-2.837420
0.674200	-2084.729665	-1745.793992	3830.523657	338.935674	5915.253322	1.508423	1.706173	0.986301	0.672133	0.715860	0.130572	0.041978	-0.097507	0.086388	-0.162580	-2.837420
0.676000	-2084.729665	-1745.793992	3830.523657	338.935674	5915.253322	2.573360	2.570842	2.629121	0.346075	0.405315	0.075340	-0.542032	-0.631304	-0.133911	-0.162580	-2.837420
0.677800	-2084.729665	-1745.793992	3830.523657	338.935674	5915.253322	-2.645992	-2.847216	-2.014018	-0.320794	-0.209242	-0.142500	-0.593400	-0.690147	-0.067648	-0.162580	-2.837420
0.679600	-2084.729665	-1745.793992	3830.523657	338.935674	5915.253322	-1.656613	-1.933723	-0.403481	-0.739667	-0.606458	-0.065714	-0.063632	-0.230301	0.153932	-0.162580	-2.837420
0.681400	-2084.729665	-1745.793992	3830.523657	338.935674	5915.253322	-0.741138	-0.924519	1.165508	-0.540293	-0.456875	0.164481	0.590369	0.344642	0.070569	-0.162580	-2.837420
0.683200	-2084.729665	-1745.793992	3830.523657	338.935674	5915.253322	0.137911	0.175202	2.698780	0.112233	0.095168	0.080625	0.808643	0.537622	-0.170016	-0.162580	-2.837420
0.685000	-2084.729665	-1745.793992	3830.523657	338.935674	5915.253322	1.022546	1.253360	-2.069747	0.668231	0.562213	-0.168285	0.408088	0.184713	-0.091705	-0.162580	-2.837420
0.686800	-2084.729665	-1745.793992	3830.523657	338.935674	5915.253322	1.955002	2.226795	-0.554211	0.664258	0.532217	-0.099250	-0.268558	-0.409654	0.160362	-0.162580	-2.837420
0.688600	-2084.729665	-1745.793992	3830.523657	338.935674	5915.253322	2.967683	3.117294	0.978532	0.113396	0.017821	0.149654	-0.645453	-0.733266	0.100693	-0.162580	-2.837420
0.690400	-2084.729665	-1745.793992	3830.523657	338.935674	5915.253322	-2.243109	-2.307827	2.540634	-0.503713	-0.552504	0.095873	-0.400968	-0.501486	-0.139849	-0.162580	-2.837420
0.692200	-2084.729665	-1745.793992	3830.523657	338.935674	5915.253322	-1.197086	-1.434520	-2.142482	-0.644465	-0.697335	-0.133974	0.252719	0.095623	-0.086192	-0.162580	-2.837420
0.694000	-2084.729665	-1745.793992	3830.523657	338.935674	5915.253322	-0.230580	-0.496746	-0.505711	-0.174619	-0.298631	-0.074346	0.743835	0.550893	0.134262	-0.162580	-2.837420
0.695800	-2084.729665	-1745.793992	3830.523657	338.935674	5915.253322	0.672806	0.545933	1.143479	0.507135	0.290789	0.141276	0.636440	0.478646	0.064334	-0.162580	-2.837420
0.697600	-2084.729665	-1745.793992	3830.523657	338.935674	5915.253322	1.552501	1.655982	2.766740	0.815180	0.553252	0.060095	0.014915	-0.047244	-0.152736	-0.162580	-2.837420
0.699400	-2084.729665	-1745.793992	3830.523657	338.935674	5915.253322	2.449464	2.708694	-1.938166	0.490077	0.258379	-0.164128	-0.591223	-0.559100	-0.063163	-0.162580	-2.837420
0.701200	-2084.729665	-1745.793992	3830.523657	338.935674	5915.253322	-2.878846	-2.629087	-0.396943	-0.180743	-0.340190	-0.071770	-0.671995	-0.604617	0.171210	-0.162580	-2.837420
0.703000	-2084.729665	-1745.793992	3830.523657	338.935674	5915.253322	-1.843666	-1.753758	1.124407	-0.619373	-0.729222	0.172005	-0.173332	-0.134929	0.082323	-0.162580	-2.837420
0.704800	-2084.729665	-1745.793992	3830.523657	338.935674	5915.253322	-0.771566	-0.898092	2.640708	-0.452571	-0.576120	0.091281	0.465267	0.458975	-0.166738	-0.162580	-2.837420
0.706600	-2084.729665	-1745.793992	3830.523657	338.935674	5915.253322	0.249946	-0.013984	-2.118298	0.175337	-0.009522	-0.157049	0.686828	0.680883	-0.095749	-0.162580	-2.837420
0.708400	-2084.729665	-1745.793992	3830.523657	338.935674	5915.253322	1.191765	0.949208	-0.570730	0.724004	0.489516	-0.093706	0.288364	0.350645	0.145960	-0.162580	-2.837420
0.710200	-2084.729665	-1745.793992	3830.523657	338.935674	5915.253322	2.082620	2.019726	1.016872	0.714045	0.495941	0.137675	-0.401119	-0.238912	0.085155	-0.162580	-2.837420
0.712000	-2084.729665	-1745.793992	3830.523657	338.935674	5915.253322	2.963580	3.126162	2.648103	0.143075	0.008774	0.073041	-0.795227	-0.568587	-0.135794	-0.162580	-2.837420
0.713800	-2084.729665	-1745.793992	3830.523657	338.935674	5915.253322	-2.407633	-2.133958	-1.985252	-0.503460	-0.542277	-0.141073	-0.558113	-0.342374	-0.062064	-0.162580	-2.837420
0.715600	-2084.729665	-1745.793992	3830.523657	338.935674	5915.253322	-1.426654	-1.211506	-0.354967	-0.673302	-0.669280	-0.056029	0.097729	0.251377	0.151157	-0.162580	-2.837420
0.717400	-2084.729665	-1745.793992	3830.523657	338.935674	5915.253322	-0.369665	-0.344462	1.236742	-0.231590	-0.252613	0.162380	0.597685	0.704118	0.056356	-0.162580	-2.837420
0.719200	-2084.729665	-1745.793992	3830.523657	338.935674	5915.253322	0.697273	0.515802	2.791853	0.426189	0.357796	0.062498	0.508799	0.631032	-0.171352	-0.162580	-2.837420
0.721000	-2084.729665	-1745.793992	3830.523657	338.935674	5915.253322	1.694739	1.417468	-1.963265	0.723765	0.649588	-0.175291	-0.090167	0.100388	-0.072560	-0.162580	-2.837420
0.722800	-2084.729665	-1745.793992	3830.523657	338.935674	5915.253322	2.615589	2.410186	-0.449356	0.397755	0.387012	-0.083172	-0.685121	-0.431233	0.172462	-0.162580	-2.837420
0.724600	-2084.729665	-1745.793992	3830.523657	338.935674	5915.253322	-2.787051	-2.781402	1.067532	-0.283728	-0.192147	0.163510	-0.766451	-0.510188	0.090020	-0.162580	-2.837420
0.726400	-2084.729665	-1745.793992	3830.523657	338.935674	5915.253322	-1.904522	-1.692175	2.607002	-0.748689	-0.579564	0.089991	-0.259565	-0.070694	-0.151987	-0.162580	-2.837420
0.728200	-2084.729665	-1745.793992	3830.523657	338.935674	5915.253322	-0.978110	-0.702526	-2.098514	-0.605271	-0.428726	-0.142606	0.407621	0.506400	-0.083119	-0.162580	-2.837420
0.730000	-2084.729665	-1745.793992	3830.523657	338.935674	5915.253322	0.026601	0.198572	-0.480179	0.017687	0.144072	-0.072221	0.664726	0.715979	0.138663	-0.162580	-2.837420
0.731800	-2084.729665	-1745.793992	3830.523657	338.935674	5915.253322	1.097811	1.060214	1.162972	0.573338	0.653815	0.141072	0.293393	0.366216	0.060950	-0.162580	-2.837420
0.733600	-2084.729665	-1745.793992	3830.523657	338.935674	5915.253322	2.153072	1.929721	2.802497	0.571409	0.666648	0.052560	-0.376231	-0.250110	-0.149012	-0.162580	-2.837420
0.735400	-2084.729665	-1745.793992	3830.523657	338.935674	5915.253322	3.129295	2.855599	-1.871553	0.009266	0.179342	-0.160298	-0.753400	-0.609894	-0.049719	-0.162580	-2.837420
0.737200	-2084.729665	-1745.793992	3830.523657	338.935674	5915.253322	-2.246762	-2.400920	-0.304381	-0.628978	-0.380350	-0.053784	-0.504448	-0.415990	0.171208	-0.162580	-2.837420
0.739000	-2084.729665	-1745.793992	3830.523657	338.935674	5915.253322	-1.369490	-1.295263	1.227582	-0.797939	-0.528175	0.177451	0.162836	0.149328	0.063413	-0.162580	-2.837420
0.740800	-2084.729665	-1745.793992	3830.523657	338.935674	5915.253322	-0.480062	-0.231288	2.741974	-0.357426	-0.138361	0.074554	0.686447	0.587515	-0.176525	-0.162580	-2.837420
0.742600	-2084.729665	-1745.793992	3830.523657	338.935674	5915.253322	0.463507	0.725962	-2.025061	0.315259	0.453815	-0.169224	0.630738	0.511241	-0.082636	-0.162580	-2.837420
0.744400	-2084.729665	-1745.793992	3830.523657	338.935674	5915.253322	1.488974	1.607914	-0.491321	0.646970	0.738557	-0.084917	0.053055	-0.027426	0.158697	-0.162580	-2.837420
0.746200	-2084.729665	-1745.793992	3830.523657	338.935674	5915.253322	2.563381	2.465134	1.071954	0.354035	0.465022	0.148524	-0.542487	-0.579236	0.080916	-0.162580	-2.837420
0.748000	-2084.729665	-1745.793992	3830.523657	338.935674	5915.253322	-2.685071	-2.938066	2.673539	-0.309970	-0.140082	0.071709	-0.631143	-0.678742	-0.141851	-0.162580	-2.837420
0.749800	-2084.729665	-1745.793992	3830.523657	338.935674	5915.253322	-1.730788	-1.985654	-1.971490	-0.764398	-0.561892	-0.141206	-0.123351	-0.247468	-0.059816	-0.162580	-2.837420
0.751600	-2084.729665	-1745.793992	3830.523657	338.935674	5915.253322	-0.833824	-0.926557	-0.322477	-0.605467	-0.443226	-0.049274	0.549494	0.332931	0.147466	-0.162580	-2.837420
0.753400	-2084.729665	-1745.793992	3830.523657	338.935674	5915.253322	0.045989	0.182887	1.298911	0.037281	0.102117	0.158572	0.810087	0.552124	0.044208	-0.162580	-2.837420
0.755200	-2084.729665	-1745.793992	3830.523657	338.935674	5915.253322	0.949625	1.218815	2.875252	0.615958	0.590091	0.046409	0.440828	0.216726	-0.170106	-0.162580	-2.837420
0.757000	-2084.729665	-1745.793992	3830.523657	338.935674	5915.253322	1.916900	2.149909	-1.867713	0.644509	0.589453	-0.177785	-0.232422	-0.385444	-0.054395	-0.162580	-2.837420
0.758800	-2084.729665	-1745.793992	3830.523657	338.935674	5915.253322	2.963046	3.018956	-0.346640	0.113609	0.091084	-0.064810	-0.629522	-0.738991	0.179417	-0.162580	-2.837420
0.760600	-2084.729665	-1745.793992	3830.523657	338.935674	5915.253322	-2.250721	-2.407320	1.169677	-0.509897	-0.489616	0.174891	-0.412271	-0.542426	0.074173	-0.162580	-2.837420
0.762400	-2084.729665	-1745.793992	3830.523657	338.935674	5915.253322	-1.242089	-1.514223	2.694262	-0.681782	-0.667799	0.079421	0.232543	0.037820	-0.165540	-0.162580	-2.837420
0.764200	-2084.729665	-1745.793992	3830.523657	338.935674	5915.253322	-0.311069	-0.534563	-2.040081	-0.241255	-0.300885	-0.154261	0.750389	0.508198	-0.078221	-0.162580	-2.837420
0.766000	-2084.729665	-1745.793992	3830.523657	338.935674	5915.253322	0.575338	0.549519	-0.450396	0.446525	0.286297	-0.070275	0.688523	0.467466	0.145334	-0.162580	-2.837420
0.767800	-2084.729665	-1745.793992	3830.523657	338.935674	5915.253322	1.458376	1.649016	1.182382	0.796529	0.575925	0.142564	0.089925	-0.045141	0.058338	-0.162580	-2.837420
0.769600	-2084.729665	-1745.793992	3830.523657	338.935674	5915.253322	2.378953	2.654591	2.831876	0.511477	0.306168	0.047034	-0.535305	-0.578175	-0.146975	-0.162580	-2.837420
0.771400	-2084.729665	-1745.793992	3830.523657	338.935674	5915.253322	-2.910088	-2.718187	-1.822536	-0.153952	-0.297324	-0.156498	-0.653085	-0.659747	-0.040251	-0.162580	-2.837420
0.773200	-2084.729665	-1745.793992	3830.523657	338.935674	5915.253322	-1.845184	-1.855213	-0.232234	-0.616557	-0.718299	-0.039655	-0.173553	-0.209989	0.167675	-0.162580	-2.837420
0.775000	-2084.729665	-1745.793992	3830.523657	338.935674	5915.253322	-0.785241	-0.991599	1.321741	-0.475450	-0.600210	0.177127	0.475600	0.392550	0.045050	-0.162580	-2.837420
0.776800	-2084.729665	-1745.793992	3830.523657	338.935674	5915.253322	0.198904	-0.078618	2.848846	0.146356	-0.050612	0.054812	0.726085	0.642451	-0.181856	-0.162580	-2.837420
0.778600	-2084.729665	-1745.793992	3830.523657	338.935674	5915.253322	1.110618	0.931554	-1.920864	0.716093	0.457228	-0.179809	0.354947	0.339888	-0.065649	-0.162580	-2.837420
0.780400	-2084.729665	-1745.793992	3830.523657	338.935674	5915.253322	1.988597	2.031895	-0.403417	0.746270	0.489385	-0.073138	-0.331297	-0.243136	0.171352	-0.162580	-2.837420
0.782200	-2084.729665	-1745.793992	3830.523657	338.935674	5915.253322	2.875118	3.108865	1.137570	0.206501	0.019470	0.159866	-0.756505	-0.594687	0.073943	-0.162580	-2.837420
0.784000	-2084.729665	-1745.793992	3830.523657	338.935674	5915.253322	-2.471243	-2.201474	2.717008	-0.446251	-0.545934	0.067823	-0.562863	-0.398615	-0.150023	-0.162580	-2.837420
0.785800	-2084.729665	-1745.793992	3830.523657	338.935674	5915.253322	-1.453388	-1.310009	-1.946658	-0.653121	-0.712049	-0.145234	0.077036	0.190021	-0.057312	-0.162580	-2.837420
0.787600	-2084.729665	-1745.793992	3830.523657	338.935674	5915.253322	-0.378194	-0.450220	-0.303173	-0.238774	-0.325125	-0.045889	0.600961	0.672682	0.146697	-0.162580	-2.837420
0.789400	-2084.729665	-1745.793992	3830.523657	338.935674	5915.253322	0.666827	0.424882	1.335818	0.429545	0.289318	0.153939	0.545729	0.639461	0.036853	-0.162580	-2.837420
0.791200	-2084.729665	-1745.793992	3830.523657	338.935674	5915.253322	1.630289	1.364385	2.943486	0.762721	0.609571	0.033124	-0.045430	0.127640	-0.165008	-0.162580	-2.837420
0.793000	-2084.729665	-1745.793992	3830.523657	338.935674	5915.253322	2.530092	2.408158	-1.774365	0.465650	0.372565	-0.176215	-0.664118	-0.413446	-0.036376	-0.162580	-2.837420
0.794800	-2084.729665	-1745.793992	3830.523657	338.935674	5915.253322	-2.876569	-2.766946	-0.243656	-0.212451	-0.202601	-0.045525	-0.782776	-0.515239	0.183128	-0.162580	-2.837420
0.796600	-2084.729665	-1745.793992	3830.523657	338.935674	5915.253322	-1.981306	-1.718817	1.270541	-0.700606	-0.609271	0.183012	-0.304930	-0.090849	0.056663	-0.162580	-2.837420
0.798400	-2084.729665	-1745.793992	3830.523657	338.935674	5915.253322	-1.025836	-0.776773	2.787326	-0.593533	-0.487121	0.065235	0.359795	0.495597	-0.176373	-0.162580	-2.837420
0.800200	-2084.729665	-1745.793992	3830.523657	338.935674	5915.253322	0.011624	0.097904	-1.961147	0.007490	0.072656	-0.166091	0.644349	0.739745	-0.068341	-0.162580	-2.837420
0.802000	-2084.729665	-1745.793992	3830.523657	338.935674	5915.253322	1.085526	0.955440	-0.396697	0.577859	0.602691	-0.065186	0.304722	0.426056	0.155611	-0.162580	-2.837420
0.803800	-2084.729665	-1745.793992	3830.523657	338.935674	5915.253322	2.107970	1.843362	1.206452	0.613836	0.656307	0.148179	-0.365597	-0.183452	0.056511	-0.162580	-2.837420
0.805600	-2084.729665	-1745.793992	3830.523657	338.935674	5915.253322	3.050743	2.811467	2.845979	0.071110	0.195082	0.044646	-0.780571	-0.569306	-0.146602	-0.162580	-2.837420
0.807400	-2084.729665	-1745.793992	3830.523657	338.935674	5915.253322	-2.340860	-2.397561	-1.788493	-0.588813	-0.372784	-0.152069	-0.571026	-0.404975	-0.033638	-0.162580	-2.837420
0.809200	-2084.729665	-1745.793992	3830.523657	338.935674	5915.253322	-1.459904	-1.292312	-0.169035	-0.800424	-0.547379	-0.027776	0.089127	0.156503	0.162755	-0.162580	-2.837420
0.811000	-2084.729665	-1745.793992	3830.523657	338.935674	5915.253322	-0.548560	-0.273786	1.405425	-0.389246	-0.173455	0.174363	0.636932	0.617632	0.029100	-0.162580	-2.837420
0.812800	-2084.729665	-1745.793992	3830.523657	338.935674	5915.253322	0.431620	0.644202	2.944705	0.282407	0.428729	0.036422	0.613152	0.570804	-0.182590	-0.162580	-2.837420
0.814600	-2084.729665	-1745.793992	3830.523657	338.935674	5915.253322	1.487249	1.508195	-1.817682	0.635619	0.744687	-0.185047	0.053228	0.046679	-0.046637	-0.162580	-2.837420
0.816400	-2084.729665	-1745.793992	3830.523657	338.935674	5915.253322	2.551589	2.367514	-0.301368	0.369215	0.505824	-0.056351	-0.551428	-0.517407	0.181288	-0.162580	-2.837420
0.818200	-2084.729665	-1745.793992	3830.523657	338.935674	5915.253322	-2.736182	-3.012293	1.223650	-0.288653	-0.084626	0.172332	-0.672559	-0.650843	0.062349	-0.162580	-2.837420
0.820000	-2084.729665	-1745.793992	3830.523657	338.935674	5915.253322	-1.815052	-2.015487	2.773842	-0.772555	-0.523547	0.062002	-0.192546	-0.249482	-0.160929	-0.162580	-2.837420
0.821800	-2084.729665	-1745.793992	3830.523657	338.935674	5915.253322	-0.932055	-0.920248	-1.917551	-0.659110	-0.435920	-0.151412	0.489449	0.331766	-0.054714	-0.162580	-2.837420
0.823600	-2084.729665	-1745.793992	3830.523657	338.935674	5915.253322	-0.045907	0.169223	-0.283325	-0.036442	0.099023	-0.043024	0.793273	0.579566	0.147769	-0.162580	-2.837420
0.825400	-2084.729665	-1745.793992	3830.523657	338.935674	5915.253322	0.884256	1.157527	1.365740	0.563764	0.610803	0.151286	0.462025	0.267852	0.031464	-0.162580	-2.837420
0.827200	-2084.729665	-1745.793992	3830.523657	338.935674	5915.253322	1.891638	2.057174	2.993026	0.628824	0.646417	0.023976	-0.208973	-0.341789	-0.160190	-0.162580	-2.837420
0.829000	-2084.729665	-1745.793992	3830.523657	338.935674	5915.253322	2.962370	2.917264	-1.701233	0.114398	0.166222	-0.171252	-0.631452	-0.728505	-0.022465	-0.162580	-2.837420
0.830800	-2084.729665	-1745.793992	3830.523657	338.935674	5915.253322	-2.269810	-2.497761	-0.148412	-0.522212	-0.424900	-0.027080	-0.438973	-0.566143	0.181125	-0.162580	-2.837420
0.832600	-2084.729665	-1745.793992	3830.523657	338.935674	5915.253322	-1.298781	-1.572184	1.377716	-0.724079	-0.631475	0.186616	0.201967	-0.000876	0.036487	-0.162580	-2.837420
0.834400	-2084.729665	-1745.793992	3830.523657	338.935674	5915.253322	-0.395200	-0.544521	2.890804	-0.309979	-0.290782	0.047487	0.743094	0.480161	-0.185364	-0.162580	-2.837420
0.836200	-2084.729665	-1745.793992	3830.523657	338.935674	5915.253322	0.481246	0.561297	-1.874301	0.376983	0.292581	-0.177451	0.721920	0.465333	-0.055574	-0.162580	-2.837420
0.838000	-2084.729665	-1745.793992	3830.523657	338.935674	5915.253322	1.372798	1.623850	-0.331769	0.759930	0.606113	-0.057212	0.152463	-0.032187	0.166070	-0.162580	-2.837420
0.839800	-2084.729665	-1745.793992	3830.523657	338.935674	5915.253322	2.320902	2.580690	1.249393	0.517246	0.365924	0.155823	-0.481966	-0.582488	0.051881	-0.162580	-2.837420
0.841600	-2084.729665	-1745.793992	3830.523657	338.935674	5915.253322	-2.931782	-2.819377	2.870051	-0.135726	-0.235065	0.041823	-0.637376	-0.704103	-0.150216	-0.162580	-2.837420
0.843400	-2084.729665	-1745.793992	3830.523657	338.935674	5915.253322	-1.855057	-1.960278	-1.769310	-0.624745	-0.687783	-0.150724	-0.182534	-0.282300	-0.030320	-0.162580	-2.837420
0.845200	-2084.729665	-1745.793992	3830.523657	338.935674	5915.253322	-0.821584	-1.078342	-0.130876	-0.516523	-0.608740	-0.020695	0.480431	0.326616	0.157222	-0.162580	-2.837420
0.847000	-2084.729665	-1745.793992	3830.523657	338.935674	5915.253322	0.129704	-0.124053	1.475261	0.100121	-0.075499	0.168008	0.767588	0.605474	0.016100	-0.162580	-2.837420
0.848800	-2084.729665	-1745.793992	3830.523657	338.935674	5915.253322	1.023217	0.935945	3.038744	0.695576	0.443736	0.018521	0.424149	0.326843	-0.179445	-0.162580	-2.837420
0.850600	-2084.729665	-1745.793992	3830.523657	338.935674	5915.253322	1.900021	2.042814	-1.714926	0.763243	0.498892	-0.186987	-0.260769	-0.254687	-0.027138	-0.162580	-2.837420
0.852400	-2084.729665	-1745.793992	3830.523657	338.935674	5915.253322	2.802161	3.074020	-0.200855	0.250914	0.042457	-0.038212	-0.710609	-0.627368	0.187679	-0.162580	-2.837420
0.854200	-2084.729665	-1745.793992	3830.523657	338.935674	5915.253322	-2.513000	-2.281203	1.316577	-0.401899	-0.534755	0.181741	-0.552848	-0.460015	0.047224	-0.162580	-2.837420
0.856000	-2084.729665	-1745.793992	3830.523657	338.935674	5915.253322	-1.464713	-1.412550	2.852235	-0.637598	-0.736828	0.051137	0.067893	0.117583	-0.171764	-0.162580	-2.837420
0.857800	-2084.729665	-1745.793992	3830.523657	338.935674	5915.253322	-0.393813	-0.553538	-1.865316	-0.253313	-0.384827	-0.161041	0.609629	0.622714	-0.048850	-0.162580	-2.837420
0.859600	-2084.729665	-1745.793992	3830.523657	338.935674	5915.253322	0.615709	0.343598	-0.260551	0.419277	0.225462	-0.040763	0.592659	0.630151	0.152894	-0.162580	-2.837420
0.861400	-2084.729665	-1745.793992	3830.523657	338.935674	5915.253322	1.547803	1.328272	1.380318	0.792270	0.573077	0.150392	0.018220	0.141776	0.028998	-0.162580	-2.837420
0.863200	-2084.729665	-1745.793992	3830.523657	338.935674	5915.253322	2.435044	2.415550	3.028609	0.533336	0.364110	0.017591	-0.624848	-0.410119	-0.155032	-0.162580	-2.837420
0.865000	-2084.729665	-1745.793992	3830.523657	338.935674	5915.253322	-2.965011	-2.769959	-1.637097	-0.140298	-0.210092	-0.165235	-0.786243	-0.539052	-0.010971	-0.162580	-2.837420
0.866800	-2084.729665	-1745.793992	3830.523657	338.935674	5915.253322	-2.044948	-1.768963	-0.064454	-0.654006	-0.641578	-0.011414	-0.335636	-0.128830	0.176847	-0.162580	-2.837420
0.868600	-2084.729665	-1745.793992	3830.523657	338.935674	5915.253322	-1.051570	-0.862819	1.473943	-0.578096	-0.548800	0.185572	0.330402	0.469783	0.018030	-0.162580	-2.837420
0.870400	-2084.729665	-1745.793992	3830.523657	338.935674	5915.253322	0.011709	-0.002675	2.994463	0.007467	-0.001996	0.027986	0.637625	0.746279	-0.188838	-0.162580	-2.837420
0.872200	-2084.729665	-1745.793992	3830.523657	338.935674	5915.253322	1.068785	0.860235	-1.772430	0.589627	0.542164	-0.185869	0.323656	0.466535	-0.037994	-0.162580	-2.837420
0.874000	-2084.729665	-1745.793992	3830.523657	338.935674	5915.253322	2.050958	1.775187	-0.246943	0.659228	0.630098	-0.044711	-0.343336	-0.130610	0.177361	-0.162580	-2.837420
0.875800	-2084.729665	-1745.793992	3830.523657	338.935674	5915.253322	2.963164	2.789502	1.304674	0.142541	0.196729	0.165901	-0.790374	-0.535462	0.045223	-0.162580	-2.837420
0.877600	-2084.729665	-1745.793992	3830.523657	338.935674	5915.253322	-2.439397	-2.390204	2.898587	-0.529620	-0.375059	0.038636	-0.625992	-0.401479	-0.155849	-0.162580	-2.837420
0.879400	-2084.729665	-1745.793992	3830.523657	338.935674	5915.253322	-1.549103	-1.313371	-1.749028	-0.785469	-0.579501	-0.151354	0.017042	0.152563	-0.027266	-0.162580	-2.837420
0.881200	-2084.729665	-1745.793992	3830.523657	338.935674	5915.253322	-0.608426	-0.341776	-0.100473	-0.410044	-0.227664	-0.015521	0.588654	0.639981	0.153957	-0.162580	-2.837420
0.883000	-2084.729665	-1745.793992	3830.523657	338.935674	5915.253322	0.411971	0.548401	1.525352	0.262471	0.384498	0.162188	0.600652	0.629387	0.007376	-0.162580	-2.837420
0.884800	-2084.729665	-1745.793992	3830.523657	338.935674	5915.253322	1.486203	1.406780	3.112932	0.642286	0.734671	0.004962	0.054463	0.121590	-0.173068	-0.162580	-2.837420
0.886600	-2084.729665	-1745.793992	3830.523657	338.935674	5915.253322	2.526661	2.280707	-1.618613	0.399589	0.529030	-0.183302	-0.565762	-0.454634	-0.008772	-0.162580	-2.837420
0.888400	-2084.729665	-1745.793992	3830.523657	338.935674	5915.253322	-2.798174	-3.063072	-0.093470	-0.256668	-0.048525	-0.017766	-0.717775	-0.616711	0.189523	-0.162580	-2.837420
0.890200	-2084.729665	-1745.793992	3830.523657	338.935674	5915.253322	-1.901699	-2.018348	1.419283	-0.765963	-0.499893	0.189073	-0.263135	-0.239968	0.028868	-0.162580	-2.837420
0.892000	-2084.729665	-1745.793992	3830.523657	338.935674	5915.253322	-1.025758	-0.910596	2.938070	-0.693548	-0.438170	0.037510	0.420498	0.340206	-0.181750	-0.162580	-2.837420
0.893800	-2084.729665	-1745.793992	3830.523657	338.935674	5915.253322	-0.128133	0.135968	-1.801019	-0.097779	0.083973	-0.170541	0.758927	0.613788	-0.039971	-0.162580	-2.837420
0.895600	-2084.729665	-1745.793992	3830.523657	338.935674	5915.253322	0.832013	1.077800	-0.218182	0.514544	0.615853	-0.035463	0.468678	0.330862	0.159950	-0.162580	-2.837420
0.897400	-2084.729665	-1745.793992	3830.523657	338.935674	5915.253322	1.874306	1.953841	1.403578	0.617575	0.692201	0.153560	-0.193416	-0.278921	0.025920	-0.162580	-2.837420
0.899200	-2084.729665	-1745.793992	3830.523657	338.935674	5915.253322	2.950041	2.813409	3.047752	0.124998	0.238012	0.014410	-0.644557	-0.699015	-0.153110	-0.162580	-2.837420
0.901000	-2084.729665	-1745.793992	3830.523657	338.935674	5915.253322	-2.312152	-2.579742	-1.597586	-0.528598	-0.361767	-0.158823	-0.483973	-0.574662	-0.004256	-0.162580	-2.837420
0.902800	-2084.729665	-1745.793992	3830.523657	338.935674	5915.253322	-1.372302	-1.609635	0.006950	-0.767989	-0.597612	0.001176	0.154476	-0.023222	0.169260	-0.162580	-2.837420
0.904600	-2084.729665	-1745.793992	3830.523657	338.935674	5915.253322	-0.484039	-0.534865	1.568575	-0.380206	-0.279081	0.180859	0.723162	0.471045	0.000402	-0.162580	-2.837420
0.906400	-2084.729665	-1745.793992	3830.523657	338.935674	5915.253322	0.394074	0.567215	3.096965	0.307485	0.305293	0.008440	0.739458	0.479233	-0.188986	-0.162580	-2.837420
0.908200	-2084.729665	-1745.793992	3830.523657	338.935674	5915.253322	1.304121	1.580966	-1.672213	0.716381	0.641715	-0.190481	0.195702	-0.006526	-0.019384	-0.162580	-2.837420
0.910000	-2084.729665	-1745.793992	3830.523657	338.935674	5915.253322	2.285177	2.496066	-0.154128	0.508911	0.430103	-0.028785	-0.441314	-0.571058	0.185277	-0.162580	-2.837420
0.911800	-2084.729665	-1745.793992	3830.523657	338.935674	5915.253322	-2.940430	-2.923266	1.382452	-0.127808	-0.161922	0.175666	-0.626751	-0.729829	0.033483	-0.162580	-2.837420
0.913600	-2084.729665	-1745.793992	3830.523657	338.935674	5915.253322	-1.874899	-2.061608	2.949289	-0.637619	-0.639169	0.032081	-0.200109	-0.341592	-0.164764	-0.162580	-2.837420
0.915400	-2084.729665	-1745.793992	3830.523657	338.935674	5915.253322	-0.878587	-1.153967	-1.727465	-0.567751	-0.600417	-0.155949	0.470697	0.265850	-0.024634	-0.162580	-2.837420
0.917200	-2084.729665	-1745.793992	3830.523657	338.935674	5915.253322	0.043743	-0.152100	-0.085291	0.034992	-0.087857	-0.013042	0.799435	0.573169	0.152536	-0.162580	-2.837420
0.919000	-2084.729665	-1745.793992	3830.523657	338.935674	5915.253322	0.927679	0.945796	1.562448	0.657375	0.444722	0.156322	0.492637	0.320860	0.001305	-0.162580	-2.837420
0.920800	-2084.729665	-1745.793992	3830.523657	338.935674	5915.253322	1.814018	2.032892	-3.105271	0.767623	0.527202	-0.006031	-0.190473	-0.262579	-0.165980	-0.162580	-2.837420
0.922600	-2084.729665	-1745.793992	3830.523657	338.935674	5915.253322	2.743777	3.016643	-1.534379	0.280314	0.083125	-0.177527	-0.667065	-0.661801	0.006468	-0.162580	-2.837420
0.924400	-2084.729665	-1745.793992	3830.523657	338.935674	5915.253322	-2.532799	-2.370952	0.003186	-0.376125	-0.508359	0.000595	-0.539537	-0.523589	0.186696	-0.162580	-2.837420
0.926200	-2084.729665	-1745.793992	3830.523657	338.935674	5915.253322	-1.464004	-1.513473	1.523419	-0.635530	-0.743755	0.190750	0.068129	0.042681	0.009044	-0.162580	-2.837420
0.928000	-2084.729665	-1745.793992	3830.523657	338.935674	5915.253322	-0.416091	-0.645772	3.039676	-0.275865	-0.424795	0.019287	0.624281	0.563722	-0.188590	-0.162580	-2.837420
0.929800	-2084.729665	-1745.793992	3830.523657	338.935674	5915.253322	0.553085	0.282025	-1.717511	0.396270	0.175492	-0.180582	0.641881	0.605673	-0.026686	-0.162580	-2.837420
0.931600	-2084.729665	-1745.793992	3830.523657	338.935674	5915.253322	1.457377	1.313814	-0.164393	0.803747	0.543865	-0.028057	0.091553	0.142924	0.169133	-0.162580	-2.837420
0.933400	-2084.729665	-1745.793992	3830.523657	338.935674	5915.253322	2.336658	2.422219	1.431643	0.589375	0.364341	0.158603	-0.566785	-0.415933	0.022214	-0.162580	-2.837420
0.935200	-2084.729665	-1745.793992	3830.523657	338.935674	5915.253322	-3.051047	-2.798833	3.068448	-0.070198	-0.205450	0.011232	-0.773151	-0.575741	-0.153284	-0.162580	-2.837420
0.937000	-2084.729665	-1745.793992	3830.523657	338.935674	5915.253322	-2.099007	-1.843116	-1.566763	-0.609815	-0.665545	-0.154957	-0.355837	-0.185858	0.000625	-0.162580	-2.837420
0.938800	-2084.729665	-1745.793992	3830.523657	338.935674	5915.253322	-1.066155	-0.961127	0.057634	-0.568725	-0.608775	0.009374	0.314132	0.425185	0.162467	-0.162580	-2.837420
0.940600	-2084.729665	-1745.793992	3830.523657	338.935674	5915.253322	0.009101	-0.103298	1.643886	0.005907	-0.076377	0.173098	0.649002	0.736753	-0.012674	-0.162580	-2.837420
0.942400	-2084.729665	-1745.793992	3830.523657	338.935674	5915.253322	1.037770	0.777642	-3.088866	0.606007	0.481561	-0.009691	0.357537	0.489089	-0.183630	-0.162580	-2.837420
0.944200	-2084.729665	-1745.793992	3830.523657	338.935674	5915.253322	1.984061	1.732026	-1.564710	0.707225	0.598228	-0.190545	-0.310131	-0.097297	0.001160	-0.162580	-2.837420
0.946000	-2084.729665	-1745.793992	3830.523657	338.935674	5915.253322	2.874469	2.792846	-0.052235	0.214707	0.187733	-0.009981	-0.784566	-0.516305	0.190901	-0.162580	-2.837420
0.947800	-2084.729665	-1745.793992	3830.523657	338.935674	5915.253322	-2.532251	-2.384295	1.467329	-0.461566	-0.385742	0.184211	-0.661326	-0.408054	0.019128	-0.162580	-2.837420
0.949600	-2084.729665	-1745.793992	3830.523657	338.935674	5915.253322	-1.627516	-1.354715	3.013003	-0.753487	-0.617681	0.022400	-0.042784	0.135587	-0.173237	-0.162580	-2.837420
0.951400	-2084.729665	-1745.793992	3830.523657	338.935674	5915.253322	-0.654706	-0.426747	-1.685720	-0.417436	-0.293655	-0.162367	0.543779	0.645836	-0.018742	-0.162580	-2.837420
0.953200	-2084.729665	-1745.793992	3830.523657	338.935674	5915.253322	0.398148	0.443460	-0.062888	0.249771	0.321312	-0.009775	0.593827	0.676424	0.155234	-0.162580	-2.837420
0.955000	-2084.729665	-1745.793992	3830.523657	338.935674	5915.253322	1.470419	1.304659	1.581647	0.660289	0.706300	0.153827	0.066502	0.192540	-0.001669	-0.162580	-2.837420
0.956800	-2084.729665	-1745.793992	3830.523657	338.935674	5915.253322	2.478359	2.204074	-3.064320	0.448286	0.537419	-0.012289	-0.573770	-0.394545	-0.158719	-0.162580	-2.837420
0.958600	-2084.729665	-1745.793992	3830.523657	338.935674	5915.253322	-2.875566	-3.092344	-1.461454	-0.208161	-0.028884	-0.168744	-0.763936	-0.586019	0.018525	-0.162580	-2.837420
0.960400	-2084.729665	-1745.793992	3830.523657	338.935674	5915.253322	-1.991513	-2.004845	0.098317	-0.746707	-0.495215	0.017797	-0.334101	-0.229547	0.180438	-0.162580	-2.837420
0.962200	-2084.729665	-1745.793992	3830.523657	338.935674	5915.253322	-1.111060	-0.910888	1.625652	-0.711560	-0.456382	0.189100	0.352307	0.354134	-0.010384	-0.162580	-2.837420
0.964000	-2084.729665	-1745.793992	3830.523657	338.935674	5915.253322	-0.192096	0.085357	3.139655	-0.139622	0.055809	0.000371	0.717872	0.652243	-0.191388	-0.162580	-2.837420
0.965800	-2084.729665	-1745.793992	3830.523657	338.935674	5915.253322	0.802249	0.988868	-1.624792	0.477804	0.604291	-0.186949	0.461967	0.397580	-0.010104	-0.162580	-2.837420
0.967600	-2084.729665	-1745.793992	3830.523657	338.935674	5915.253322	1.867239	1.849125	-0.087314	0.611866	0.718794	-0.015561	-0.186890	-0.205392	0.177761	-0.162580	-2.837420
0.969400	-2084.729665	-1745.793992	3830.523657	338.935674	5915.253322	2.925255	2.714611	1.480751	0.145421	0.296616	0.166747	-0.661674	-0.651942	0.015055	-0.162580	-2.837420
0.971200	-2084.729665	-1745.793992	3830.523657	338.935674	5915.253322	-2.374812	-2.649141	3.088900	-0.519557	-0.304362	0.008297	-0.539273	-0.567267	-0.157316	-0.162580	-2.837420
0.973000	-2084.729665	-1745.793992	3830.523657	338.935674	5915.253322	-1.461274	-1.629784	-1.550859	-0.802034	-0.569570	-0.153011	0.088194	-0.033637	0.003051	-0.162580	-2.837420
0.974800	-2084.729665	-1745.793992	3830.523657	338.935674	5915.253322	-0.579608	-0.524266	0.096202	-0.449185	-0.275473	0.015046	0.686188	0.476399	0.155919	-0.162580	-2.837420
0.976600	-2084.729665	-1745.793992	3830.523657	338.935674	5915.253322	0.310977	0.549730	1.709632	0.239340	0.313664	0.164977	0.744668	0.511910	-0.023053	-0.162580	-2.837420
0.978400	-2084.729665	-1745.793992	3830.523657	338.935674	5915.253322	1.251354	1.516856	-3.004342	0.676017	0.678198	-0.024363	0.223607	0.036618	-0.176390	-0.162580	-2.837420
0.980200	-2084.729665	-1745.793992	3830.523657	338.935674	5915.253322	2.270922	2.403185	-1.467565	0.497689	0.495339	-0.185946	-0.419305	-0.544225	0.019264	-0.162580	-2.837420
0.982000	-2084.729665	-1745.793992	3830.523657	338.935674	5915.253322	-2.940314	-3.024017	0.052367	-0.128413	-0.087070	0.009999	-0.629347	-0.737130	0.190764	-0.162580	-2.837420
0.983800	-2084.729665	-1745.793992	3830.523657	338.935674	5915.253322	-1.903120	-2.150302	1.568578	-0.655199	-0.581935	0.189426	-0.226124	-0.380855	0.000420	-0.162580	-2.837420
0.985600	-2084.729665	-1745.793992	3830.523657	338.935674	5915.253322	-0.946472	-1.208439	3.095137	-0.620636	-0.577694	0.008459	0.447141	0.219002	-0.181967	-0.162580	-2.837420
0.987400	-2084.729665	-1745.793992	3830.523657	338.935674	5915.253322	-0.049065	-0.159688	-1.633355	-0.039902	-0.088373	-0.170596	0.812596	0.548697	-0.010686	-0.162580	-2.837420
0.989200	-2084.729665	-1745.793992	3830.523657	338.935674	5915.253322	0.829902	0.950080	-0.035205	0.600706	0.454156	-0.005623	0.549485	0.324718	0.159651	-0.162580	-2.837420
0.991000	-2084.729665	-1745.793992	3830.523657	338.935674	5915.253322	1.731608	1.996037	1.602726	0.756380	0.568325	0.153538	-0.122695	-0.257379	-0.004904	-0.162580	-2.837420
0.992800	-2084.729665	-1745.793992	3830.523657	338.935674	5915.253322	2.695751	2.936899	-3.033125	0.299718	0.142696	-0.016800	-0.627108	-0.687358	-0.154274	-0.162580	-2.837420
0.994600	-2084.729665	-1745.793992	3830.523657	338.935674	5915.253322	-2.543050	-2.471222	-1.410122	-0.363658	-0.463599	-0.161017	-0.533223	-0.584718	0.026096	-0.162580	-2.837420
0.996400	-2084.729665	-1745.793992	3830.523657	338.935674	5915.253322	-1.469293	-1.612784	0.174813	-0.651568	-0.734732	0.030260	0.066364	-0.030868	0.171333	-0.162580	-2.837420
0.998200	-2084.729665	-1745.793992	3830.523657	338.935674	5915.253322	-0.453280	-0.723563	1.724010	-0.313073	-0.446555	0.182101	0.642721	0.505501	-0.028121	-0.162580	-2.837420
1.000000	-2084.729665	-1745.793992	3830.523657	338.935674	5915.253322	0.481714	0.246811	-3.036002	0.362037	0.145152	-0.020102	0.692508	0.576121	-0.189669	-0.162580	-2.837420
