#model:pConst	end_point_b=1.00
#t	l_1	l_2	l_3	l_2-l_1	l_3-l_1	phase_1	phase_2	phase_3	RePsi_1	RePsi_2	RePsi_3	ImPsi_1	ImPsi_2	ImPsi_3
0.101800	-218.146913	-182.535673	400.682587	35.611240	618.829500	2.471108	2.473192	2.538793	0.510256	0.339864	0.089476	-0.643416	-0.430395	-0.130005
0.103600	-218.146913	-182.535673	400.682587	35.611240	618.829500	-2.910145	-2.907556	-2.824158	-0.187895	-0.127145	-0.052654	-0.797275	-0.533316	-0.160263
0.105400	-218.146913	-182.535673	400.682587	35.611240	618.829500	-2.006055	-2.004935	-1.955902	-0.741065	-0.497174	-0.165159	-0.344596	-0.230509	-0.066946
0.107200	-218.146913	-182.535673	400.682587	35.611240	618.829500	-1.100738	-1.101948	-1.114141	-0.728288	-0.488627	-0.162266	0.369999	0.247499	0.079720
0.109000	-218.146913	-182.535673	400.682587	35.611240	618.829500	-0.195962	-0.198579	-0.265701	-0.159316	-0.108031	-0.045962	0.802561	0.536848	0.168893
0.110800	-218.146913	-182.535673	400.682587	35.611240	618.829500	0.706893	0.704866	0.621125	0.532797	0.354938	0.095511	0.623782	0.417259	0.133469
0.112600	-218.146913	-182.535673	400.682587	35.611240	618.829500	1.607772	1.607875	1.563419	0.821276	0.547906	0.154815	-0.030381	-0.020325	0.001142
0.114400	-218.146913	-182.535673	400.682587	35.611240	618.829500	2.507940	2.510094	2.538691	0.486520	0.323979	0.087200	-0.662181	-0.442949	-0.126670
0.116200	-218.146913	-182.535673	400.682587	35.611240	618.829500	-2.874080	-2.871504	-2.791903	-0.216767	-0.146466	-0.055438	-0.790881	-0.529040	-0.152018
0.118000	-218.146913	-182.535673	400.682587	35.611240	618.829500	-1.970895	-1.969856	-1.894104	-0.753417	-0.505446	-0.164057	-0.318627	-0.213139	-0.054970
0.119800	-218.146913	-182.535673	400.682587	35.611240	618.829500	-1.066034	-1.067334	-1.040143	-0.715090	-0.479810	-0.155458	0.395089	0.264282	0.091222
0.121600	-218.146913	-182.535673	400.682587	35.611240	618.829500	-0.160965	-0.163622	-0.199766	-0.131035	-0.089125	-0.035605	0.807017	0.539830	0.175858
0.123400	-218.146913	-182.535673	400.682587	35.611240	618.829500	0.742739	0.740753	0.660467	0.554168	0.369220	0.104908	0.603586	0.403752	0.135042
0.125200	-218.146913	-182.535673	400.682587	35.611240	618.829500	1.644473	1.644671	1.568895	0.818955	0.546339	0.159804	-0.060448	-0.040434	0.000304
0.127000	-218.146913	-182.535673	400.682587	35.611240	618.829500	2.544957	2.547187	2.529721	0.461714	0.307370	0.087995	-0.679783	-0.454720	-0.125401
0.128800	-218.146913	-182.535673	400.682587	35.611240	618.829500	-2.837486	-2.834909	-2.780538	-0.245778	-0.165889	-0.055147	-0.783127	-0.523848	-0.146043
0.130600	-218.146913	-182.535673	400.682587	35.611240	618.829500	-1.935200	-1.934228	-1.848589	-0.765191	-0.513338	-0.159937	-0.291874	-0.195236	-0.045609
0.132400	-218.146913	-182.535673	400.682587	35.611240	618.829500	-1.031138	-1.032523	-0.971132	-0.701333	-0.470626	-0.145857	0.420075	0.281004	0.099714
0.134200	-218.146913	-182.535673	400.682587	35.611240	618.829500	-0.126244	-0.128947	-0.126539	-0.102914	-0.070333	-0.022838	0.810865	0.542414	0.179515
0.136000	-218.146913	-182.535673	400.682587	35.611240	618.829500	0.778023	0.776061	0.717780	0.574531	0.382822	0.116294	0.583068	0.390038	0.133189
0.137800	-218.146913	-182.535673	400.682587	35.611240	618.829500	1.680690	1.680966	1.594470	0.815321	0.543889	0.166456	-0.089961	-0.060164	-0.003941
0.139600	-218.146913	-182.535673	400.682587	35.611240	618.829500	2.581877	2.584178	2.525500	0.436092	0.290212	0.090280	-0.696018	-0.465565	-0.127509
0.141400	-218.146913	-182.535673	400.682587	35.611240	618.829500	-2.800541	-2.797953	-2.785071	-0.274658	-0.185227	-0.053456	-0.773857	-0.517631	-0.143530
0.143200	-218.146913	-182.535673	400.682587	35.611240	618.829500	-1.898928	-1.898008	-1.823612	-0.776125	-0.520673	-0.154564	-0.264223	-0.176723	-0.039931
0.145000	-218.146913	-182.535673	400.682587	35.611240	618.829500	-0.995810	-0.997266	-0.914251	-0.686780	-0.460910	-0.135309	0.445052	0.297730	0.104267
0.146800	-218.146913	-182.535673	400.682587	35.611240	618.829500	-0.091520	-0.094266	-0.053416	-0.074725	-0.051496	-0.009575	0.814209	0.544671	0.179083
0.148600	-218.146913	-182.535673	400.682587	35.611240	618.829500	0.812880	0.810931	0.787032	0.594132	0.395914	0.127699	0.562342	0.376196	0.127283
0.150400	-218.146913	-182.535673	400.682587	35.611240	618.829500	1.716329	1.716665	1.640514	0.810658	0.540751	0.172767	-0.118817	-0.079443	-0.012065
0.152200	-218.146913	-182.535673	400.682587	35.611240	618.829500	2.618439	2.620802	2.537414	0.409969	0.272719	0.092026	-0.710819	-0.475441	-0.133316
0.154000	-218.146913	-182.535673	400.682587	35.611240	618.829500	-2.763506	-2.760905	-2.793972	-0.303084	-0.204260	-0.052412	-0.763058	-0.510381	-0.144652
0.155800	-218.146913	-182.535673	400.682587	35.611240	618.829500	-1.862175	-1.861293	-1.818627	-0.785921	-0.527242	-0.149998	-0.235709	-0.157621	-0.037954
0.157600	-218.146913	-182.535673	400.682587	35.611240	618.829500	-0.959917	-0.961428	-0.875478	-0.671163	-0.450480	-0.125877	0.469968	0.314426	0.105021
0.159400	-218.146913	-182.535673	400.682587	35.611240	618.829500	-0.056514	-0.059291	0.012211	-0.046221	-0.032444	0.002135	0.817001	0.546569	0.174865
0.161200	-218.146913	-182.535673	400.682587	35.611240	618.829500	0.847551	0.845612	0.861064	0.613225	0.408672	0.137110	0.541371	0.362199	0.117786
0.163000	-218.146913	-182.535673	400.682587	35.611240	618.829500	1.751438	1.751816	1.702682	0.805244	0.537116	0.176770	-0.147063	-0.098305	-0.023449
0.164800	-218.146913	-182.535673	400.682587	35.611240	618.829500	2.654471	2.656876	2.570258	0.383645	0.255099	0.091323	-0.724272	-0.484407	-0.142060
0.166600	-218.146913	-182.535673	400.682587	35.611240	618.829500	-2.726663	-2.724055	-2.793659	-0.330762	-0.222785	-0.053863	-0.750871	-0.502195	-0.148509
0.168400	-218.146913	-182.535673	400.682587	35.611240	618.829500	-1.825153	-1.824304	-1.826195	-0.794319	-0.532868	-0.148015	-0.206513	-0.138056	-0.038647
0.170200	-218.146913	-182.535673	400.682587	35.611240	618.829500	-0.923465	-0.925014	-0.857737	-0.654268	-0.439186	-0.119258	0.494628	0.330957	0.103142
0.172000	-218.146913	-182.535673	400.682587	35.611240	618.829500	-0.021017	-0.023808	0.063458	-0.017217	-0.013049	0.010685	0.819059	0.547982	0.168158
0.173800	-218.146913	-182.535673	400.682587	35.611240	618.829500	0.882326	0.880401	0.932440	0.631994	0.421222	0.143023	0.519984	0.347930	0.106122
0.175600	-218.146913	-182.535673	400.682587	35.611240	618.829500	1.786194	1.786603	1.774403	0.799278	0.533123	0.177079	-0.174875	-0.116871	-0.036561
0.177400	-218.146913	-182.535673	400.682587	35.611240	618.829500	2.689924	2.692354	2.622472	0.357329	0.237494	0.086914	-0.736587	-0.492607	-0.152108
0.179200	-218.146913	-182.535673	400.682587	35.611240	618.829500	-2.690251	-2.687648	-2.774749	-0.357499	-0.240669	-0.058936	-0.737550	-0.493246	-0.153385
0.181000	-218.146913	-182.535673	400.682587	35.611240	618.829500	-1.788139	-1.787322	-1.833371	-0.801167	-0.537448	-0.149616	-0.176923	-0.118225	-0.040214
0.182800	-218.146913	-182.535673	400.682587	35.611240	618.829500	-0.886594	-0.888170	-0.858248	-0.635995	-0.426959	-0.116319	0.518740	0.347124	0.100496
0.184600	-218.146913	-182.535673	400.682587	35.611240	618.829500	0.015059	0.012273	0.095121	0.012351	0.006735	0.015351	0.820111	0.548723	0.160896
0.186400	-218.146913	-182.535673	400.682587	35.611240	618.829500	0.917465	0.915569	0.993866	0.650492	0.433603	0.144867	0.497935	0.333218	0.094278
0.188200	-218.146913	-182.535673	400.682587	35.611240	618.829500	1.820863	1.821300	1.848364	0.792827	0.528815	0.173284	-0.202498	-0.135312	-0.049372
0.190000	-218.146913	-182.535673	400.682587	35.611240	618.829500	2.724896	2.727333	2.688710	0.331091	0.219952	0.078546	-0.748031	-0.500226	-0.161413
0.191800	-218.146913	-182.535673	400.682587	35.611240	618.829500	-2.654401	-2.651821	-2.734844	-0.383246	-0.257881	-0.067727	-0.723398	-0.483744	-0.157223
0.193600	-218.146913	-182.535673	400.682587	35.611240	618.829500	-1.751408	-1.750631	-1.827396	-0.806466	-0.540980	-0.154743	-0.147262	-0.098350	-0.040602
0.195400	-218.146913	-182.535673	400.682587	35.611240	618.829500	-0.849546	-0.851143	-0.867275	-0.616399	-0.413837	-0.116853	0.541989	0.362710	0.099129
0.197200	-218.146913	-182.535673	400.682587	35.611240	618.829500	0.051659	0.048894	0.105937	0.042392	0.026845	0.016493	0.819874	0.548597	0.155106
0.199000	-218.146913	-182.535673	400.682587	35.611240	618.829500	0.953141	0.951292	1.038847	0.668625	0.445748	0.143159	0.474975	0.317891	0.084254
0.200800	-218.146913	-182.535673	400.682587	35.611240	618.829500	1.855731	1.856202	1.917131	0.785804	0.524135	0.166058	-0.230166	-0.153790	-0.059927
0.202600	-218.146913	-182.535673	400.682587	35.611240	618.829500	2.759600	2.762033	2.762036	0.304850	0.202417	0.067046	-0.758852	-0.507436	-0.168079
0.204400	-218.146913	-182.535673	400.682587	35.611240	618.829500	-2.619112	-2.616572	-2.677108	-0.408105	-0.274491	-0.079268	-0.708686	-0.473875	-0.158204
0.206200	-218.146913	-182.535673	400.682587	35.611240	618.829500	-1.715166	-1.714443	-1.801226	-0.810361	-0.543566	-0.162297	-0.117811	-0.078623	-0.038074
0.208000	-218.146913	-182.535673	400.682587	35.611240	618.829500	-0.812603	-0.814225	-0.871174	-0.595674	-0.399954	-0.119635	0.564115	0.377535	0.100690
0.209800	-218.146913	-182.535673	400.682587	35.611240	618.829500	0.088604	0.085871	0.101100	0.072680	0.047126	0.015455	0.818132	0.547456	0.152347
0.211600	-218.146913	-182.535673	400.682587	35.611240	618.829500	0.989393	0.987609	1.063228	0.686165	0.457503	0.139360	0.450931	0.301830	0.077508
0.213400	-218.146913	-182.535673	400.682587	35.611240	618.829500	1.891037	1.891555	1.973580	0.778001	0.518937	0.156976	-0.258030	-0.172407	-0.066884
0.215200	-218.146913	-182.535673	400.682587	35.611240	618.829500	2.794317	2.796744	2.835049	0.278410	0.184753	0.054091	-0.769205	-0.514342	-0.170892
0.217000	-218.146913	-182.535673	400.682587	35.611240	618.829500	-2.584243	-2.581759	-2.607624	-0.432285	-0.290644	-0.091794	-0.693583	-0.463755	-0.155252
0.218800	-218.146913	-182.535673	400.682587	35.611240	618.829500	-1.679504	-1.678850	-1.754656	-0.813102	-0.545377	-0.170443	-0.088740	-0.059160	-0.031696
0.220600	-218.146913	-182.535673	400.682587	35.611240	618.829500	-0.776024	-0.777680	-0.858703	-0.574112	-0.385508	-0.122772	0.584978	0.391505	0.105974
0.222400	-218.146913	-182.535673	400.682587	35.611240	618.829500	0.125631	0.122932	0.092279	0.102906	0.067367	0.014184	0.814797	0.545238	0.153272
0.224200	-218.146913	-182.535673	400.682587	35.611240	618.829500	1.026120	1.024417	1.067726	0.702811	0.468659	0.135466	0.425766	0.285008	0.074547
0.226000	-218.146913	-182.535673	400.682587	35.611240	618.829500	1.926910	1.927492	2.011785	0.769145	0.513034	0.148072	-0.286101	-0.191175	-0.069888
0.227800	-218.146913	-182.535673	400.682587	35.611240	618.829500	2.829325	2.831752	2.900364	0.251518	0.166785	0.041740	-0.779103	-0.520954	-0.169660
0.229600	-218.146913	-182.535673	400.682587	35.611240	618.829500	-2.549550	-2.547129	-2.533566	-0.456044	-0.306516	-0.103240	-0.678114	-0.453400	-0.148336
0.231400	-218.146913	-182.535673	400.682587	35.611240	618.829500	-1.644369	-1.643799	-1.692128	-0.814970	-0.546607	-0.177121	-0.060068	-0.039975	-0.021596
0.233200	-218.146913	-182.535673	400.682587	35.611240	618.829500	-0.739981	-0.741685	-0.825272	-0.552024	-0.370715	-0.124226	0.604590	0.404629	0.114695
0.235000	-218.146913	-182.535673	400.682587	35.611240	618.829500	0.162458	0.159787	0.093018	0.132750	0.087347	0.014688	0.809933	0.541988	0.157446
0.236800	-218.146913	-182.535673	400.682587	35.611240	618.829500	1.063108	1.061495	1.059977	0.718269	0.479015	0.133449	0.399593	0.267502	0.074789
0.238600	-218.146913	-182.535673	400.682587	35.611240	618.829500	1.963339	1.964004	2.028945	0.758981	0.506250	0.141274	-0.314241	-0.209997	-0.069669
0.240400	-218.146913	-182.535673	400.682587	35.611240	618.829500	2.864829	2.867269	2.951122	0.223951	0.148358	0.031863	-0.788411	-0.527180	-0.165259
0.242200	-218.146913	-182.535673	400.682587	35.611240	618.829500	-2.514744	-2.512386	-2.462371	-0.479598	-0.322260	-0.111806	-0.662156	-0.442726	-0.138481
0.244000	-218.146913	-182.535673	400.682587	35.611240	618.829500	-1.609580	-1.609105	-1.620245	-0.816201	-0.547420	-0.180624	-0.031671	-0.020981	-0.008939
0.245800	-218.146913	-182.535673	400.682587	35.611240	618.829500	-0.704516	-0.706283	-0.772581	-0.529662	-0.355747	-0.122389	0.623104	0.417011	0.125567
0.247600	-218.146913	-182.535673	400.682587	35.611240	618.829500	0.198849	0.196194	0.112516	0.161964	0.106897	0.018471	0.803742	0.537844	0.163471
0.249400	-218.146913	-182.535673	400.682587	35.611240	618.829500	1.100079	1.098556	1.053013	0.732323	0.488423	0.134705	0.372656	0.249480	0.076731
0.251200	-218.146913	-182.535673	400.682587	35.611240	618.829500	2.000181	2.000941	2.028033	0.747343	0.498470	0.137867	-0.342191	-0.228696	-0.067832
0.253000	-218.146913	-182.535673	400.682587	35.611240	618.829500	2.900913	2.903383	2.982195	0.195583	0.129386	0.025625	-0.796879	-0.532848	-0.159396
0.254800	-218.146913	-182.535673	400.682587	35.611240	618.829500	-2.479566	-2.477262	-2.401325	-0.503060	-0.337952	-0.116465	-0.645481	-0.431575	-0.127481
0.256600	-218.146913	-182.535673	400.682587	35.611240	618.829500	-1.574871	-1.574493	-1.546331	-0.816915	-0.547897	-0.180069	-0.003328	-0.002025	0.004406
0.258400	-218.146913	-182.535673	400.682587	35.611240	618.829500	-0.669530	-0.671372	-0.706047	-0.507157	-0.340694	-0.116527	0.640763	0.428821	0.136660
0.260200	-218.146913	-182.535673	400.682587	35.611240	618.829500	0.234675	0.232021	0.152984	0.190429	0.125935	0.026115	0.796505	0.533000	0.169371
0.262000	-218.146913	-182.535673	400.682587	35.611240	618.829500	1.136762	1.135319	1.059492	0.744895	0.496829	0.139668	0.345269	0.231158	0.078364
0.263800	-218.146913	-182.535673	400.682587	35.611240	618.829500	2.037192	2.038054	2.018959	0.734208	0.489678	0.138135	-0.369630	-0.247053	-0.066414
0.265600	-218.146913	-182.535673	400.682587	35.611240	618.829500	2.937519	2.940034	2.992470	0.166435	0.109881	0.023156	-0.804211	-0.537754	-0.154126
0.267400	-218.146913	-182.535673	400.682587	35.611240	618.829500	-2.443847	-2.441583	-2.356879	-0.526395	-0.353570	-0.117243	-0.627825	-0.419765	-0.117404
0.269200	-218.146913	-182.535673	400.682587	35.611240	618.829500	-1.539954	-1.539668	-1.477815	-0.817085	-0.548020	-0.175645	0.025209	0.017065	0.016379
0.271000	-218.146913	-182.535673	400.682587	35.611240	618.829500	-0.634806	-0.636729	-0.632629	-0.484491	-0.325543	-0.106993	0.657827	0.440237	0.145936
0.272800	-218.146913	-182.535673	400.682587	35.611240	618.829500	0.269942	0.267273	0.211141	0.218177	0.144485	0.037112	0.788509	0.527654	0.173150
0.274600	-218.146913	-182.535673	400.682587	35.611240	618.829500	1.172951	1.171573	1.086260	0.756059	0.504284	0.147683	0.317738	0.212746	0.077739
0.276400	-218.146913	-182.535673	400.682587	35.611240	618.829500	2.074090	2.075049	2.015391	0.719703	0.479962	0.141283	-0.396259	-0.264861	-0.067308
0.278200	-218.146913	-182.535673	400.682587	35.611240	618.829500	2.974464	2.977032	2.987339	0.136673	0.089958	0.023523	-0.810144	-0.541716	-0.151281
0.280000	-218.146913	-182.535673	400.682587	35.611240	618.829500	-2.407552	-2.405314	-2.333094	-0.549423	-0.368989	-0.115214	-0.608967	-0.407142	-0.110010
0.281800	-218.146913	-182.535673	400.682587	35.611240	618.829500	-1.504593	-1.504388	-1.421808	-0.816543	-0.547674	-0.168562	0.054137	0.036424	0.025301
0.283600	-218.146913	-182.535673	400.682587	35.611240	618.829500	-0.600062	-0.602062	-0.559733	-0.461507	-0.310185	-0.095127	0.674493	0.451396	0.151820
0.285400	-218.146913	-182.535673	400.682587	35.611240	618.829500	0.304792	0.302100	0.280855	0.245374	0.162661	0.050006	0.779968	0.521953	0.173342
0.287200	-218.146913	-182.535673	400.682587	35.611240	618.829500	1.208561	1.207231	1.133353	0.766018	0.510928	0.157190	0.290288	0.194397	0.073511
0.289000	-218.146913	-182.535673	400.682587	35.611240	618.829500	2.110619	2.111663	2.028419	0.704077	0.469492	0.145659	-0.421874	-0.281980	-0.071736
0.290800	-218.146913	-182.535673	400.682587	35.611240	618.829500	3.011482	3.014107	2.978608	0.106579	0.069810	0.024989	-0.814516	-0.544624	-0.151960
0.292600	-218.146913	-182.535673	400.682587	35.611240	618.829500	-2.370785	-2.368560	-2.329075	-0.571861	-0.384015	-0.112194	-0.588796	-0.393632	-0.106268
0.294400	-218.146913	-182.535673	400.682587	35.611240	618.829500	-1.468664	-1.468523	-1.384176	-0.815027	-0.546677	-0.160711	0.083531	0.056106	0.030345
0.296200	-218.146913	-182.535673	400.682587	35.611240	618.829500	-0.565022	-0.567089	-0.494738	-0.437965	-0.294454	-0.082882	0.690831	0.462346	0.153631
0.298000	-218.146913	-182.535673	400.682587	35.611240	618.829500	0.339473	0.336755	0.354934	0.272262	0.180630	0.062794	0.770966	0.515954	0.169426
0.299800	-218.146913	-182.535673	400.682587	35.611240	618.829500	1.243647	1.242349	1.196241	0.775039	0.516946	0.166157	0.263003	0.176171	0.065319
0.301600	-218.146913	-182.535673	400.682587	35.611240	618.829500	2.146610	2.147721	2.062437	0.687634	0.458477	0.149216	-0.446412	-0.298369	-0.079905
0.303400	-218.146913	-182.535673	400.682587	35.611240	618.829500	3.048292	3.050967	2.979777	0.076478	0.049660	0.025501	-0.817314	-0.546469	-0.156217
0.305200	-218.146913	-182.535673	400.682587	35.611240	618.829500	-2.333764	-2.331545	-2.336993	-0.593394	-0.398434	-0.110236	-0.567354	-0.379260	-0.106082
0.307000	-218.146913	-182.535673	400.682587	35.611240	618.829500	-1.432180	-1.432089	-1.367595	-0.812256	-0.544836	-0.154139	0.113319	0.076061	0.031760
0.308800	-218.146913	-182.535673	400.682587	35.611240	618.829500	-0.529482	-0.531600	-0.444476	-0.413614	-0.278177	-0.072286	0.706765	0.473035	0.151778
0.310600	-218.146913	-182.535673	400.682587	35.611240	618.829500	0.374272	0.371534	0.425942	0.299082	0.198560	0.073489	0.761437	0.509611	0.161970
0.312400	-218.146913	-182.535673	400.682587	35.611240	618.829500	1.278394	1.277118	1.268284	0.783379	0.522516	0.172650	0.235822	0.158021	0.053883
0.314200	-218.146913	-182.535673	400.682587	35.611240	618.829500	2.182025	2.183185	2.115601	0.670656	0.447112	0.150086	-0.469961	-0.314087	-0.090949
0.316000	-218.146913	-182.535673	400.682587	35.611240	618.829500	3.084663	3.087374	2.999863	0.046657	0.029705	0.023265	-0.818674	-0.547344	-0.163052
0.317800	-218.146913	-182.535673	400.682587	35.611240	618.829500	-2.296767	-2.294555	-2.343735	-0.613757	-0.412060	-0.111057	-0.544824	-0.364154	-0.108323
0.319600	-218.146913	-182.535673	400.682587	35.611240	618.829500	-1.395288	-1.395236	-1.368900	-0.808006	-0.541997	-0.150475	0.143286	0.096143	0.030800
0.321400	-218.146913	-182.535673	400.682587	35.611240	618.829500	-0.493362	-0.495514	-0.413996	-0.388273	-0.261229	-0.064872	0.722082	0.483317	0.147640
0.323200	-218.146913	-182.535673	400.682587	35.611240	618.829500	0.409449	0.406706	0.486605	0.325996	0.216562	0.080663	0.751183	0.502789	0.152471
0.325000	-218.146913	-182.535673	400.682587	35.611240	618.829500	1.313068	1.311814	1.342149	0.791209	0.527754	0.175366	0.208555	0.139819	0.040811
0.326800	-218.146913	-182.535673	400.682587	35.611240	618.829500	2.216967	2.218160	2.182427	0.653327	0.435522	0.147098	-0.492726	-0.329278	-0.103167
0.328600	-218.146913	-182.535673	400.682587	35.611240	618.829500	3.120467	3.123196	3.040889	0.017301	0.010072	0.017247	-0.818842	-0.547418	-0.170685
0.330400	-218.146913	-182.535673	400.682587	35.611240	618.829500	-2.260066	-2.257870	-2.336748	-0.632797	-0.424791	-0.115553	-0.521494	-0.348511	-0.111144
0.332200	-218.146913	-182.535673	400.682587	35.611240	618.829500	-1.358234	-1.358217	-1.378008	-0.802177	-0.538092	-0.150480	0.173128	0.116142	0.029376
0.334000	-218.146913	-182.535673	400.682587	35.611240	618.829500	-0.456723	-0.458894	-0.404262	-0.361891	-0.243573	-0.061258	0.736487	0.492990	0.143183
0.335800	-218.146913	-182.535673	400.682587	35.611240	618.829500	0.445168	0.442438	0.530510	0.353033	0.234657	0.083851	0.739941	0.495305	0.142944
0.337600	-218.146913	-182.535673	400.682587	35.611240	618.829500	1.347957	1.346733	1.410410	0.798561	0.532683	0.173998	0.180956	0.121393	0.028149
0.339400	-218.146913	-182.535673	400.682587	35.611240	618.829500	2.251655	2.252871	2.255933	0.635691	0.423738	0.140111	-0.514962	-0.344117	-0.114497
0.341200	-218.146913	-182.535673	400.682587	35.611240	618.829500	-3.127470	-3.124743	3.099460	-0.011555	-0.009216	0.007464	-0.818101	-0.546889	-0.177055
0.343000	-218.146913	-182.535673	400.682587	35.611240	618.829500	-2.223863	-2.221697	-2.309385	-0.650513	-0.436626	-0.123552	-0.497678	-0.332546	-0.112494
0.344800	-218.146913	-182.535673	400.682587	35.611240	618.829500	-1.321301	-1.321322	-1.381236	-0.794822	-0.533155	-0.153831	0.202524	0.135838	0.029515
0.346600	-218.146913	-182.535673	400.682587	35.611240	618.829500	-0.419754	-0.421934	-0.409677	-0.334567	-0.225278	-0.060972	0.749686	0.501851	0.140409
0.348400	-218.146913	-182.535673	400.682587	35.611240	618.829500	0.481461	0.478763	0.553699	0.380070	0.252762	0.083677	0.727451	0.486981	0.135355
0.350200	-218.146913	-182.535673	400.682587	35.611240	618.829500	1.383294	1.382115	1.465974	0.805317	0.537222	0.169323	0.152794	0.102584	0.017814
0.352000	-218.146913	-182.535673	400.682587	35.611240	618.829500	2.286373	2.287611	2.328709	0.617642	0.411686	0.130048	-0.536898	-0.358763	-0.123088
0.353800	-218.146913	-182.535673	400.682587	35.611240	618.829500	-3.092630	-3.089919	-3.113789	-0.040020	-0.028235	-0.005017	-0.816701	-0.545925	-0.180392
0.355600	-218.146913	-182.535673	400.682587	35.611240	618.829500	-2.188240	-2.186122	-2.261775	-0.667047	-0.447664	-0.133859	-0.473642	-0.316443	-0.110699
0.357400	-218.146913	-182.535673	400.682587	35.611240	618.829500	-1.284745	-1.284814	-1.367645	-0.786134	-0.527320	-0.159215	0.231216	0.155055	0.032797
0.359200	-218.146913	-182.535673	400.682587	35.611240	618.829500	-0.382718	-0.384905	-0.418306	-0.306536	-0.206503	-0.062590	0.761453	0.509745	0.140796
0.361000	-218.146913	-182.535673	400.682587	35.611240	618.829500	0.518220	0.515569	0.557242	0.406860	0.270707	0.081674	0.713539	0.477696	0.131074
0.362800	-218.146913	-182.535673	400.682587	35.611240	618.829500	1.419199	1.418085	1.503032	0.811240	0.541209	0.162979	0.123933	0.083297	0.011061
0.364600	-218.146913	-182.535673	400.682587	35.611240	618.829500	2.321395	2.322664	2.393382	0.598963	0.399215	0.118647	-0.558661	-0.373302	-0.127817
0.366400	-218.146913	-182.535673	400.682587	35.611240	618.829500	-3.057951	-3.055264	-3.039694	-0.068309	-0.047134	-0.018376	-0.814778	-0.544623	-0.179713
0.368200	-218.146913	-182.535673	400.682587	35.611240	618.829500	-2.153137	-2.151082	-2.198537	-0.682641	-0.458070	-0.144587	-0.449532	-0.300300	-0.104921
0.370000	-218.146913	-182.535673	400.682587	35.611240	618.829500	-1.248730	-1.248862	-1.333044	-0.776392	-0.520779	-0.164693	0.259069	0.173700	0.039911
0.371800	-218.146913	-182.535673	400.682587	35.611240	618.829500	-0.345898	-0.348098	-0.416697	-0.278110	-0.187464	-0.064130	0.771700	0.516610	0.144888
0.373600	-218.146913	-182.535673	400.682587	35.611240	618.829500	0.555225	0.552629	0.549165	0.433087	0.288274	0.079860	0.698169	0.467425	0.130500
0.375400	-218.146913	-182.535673	400.682587	35.611240	618.829500	1.455657	1.454624	1.519036	0.816039	0.544442	0.157015	0.094376	0.063535	0.008134
0.377200	-218.146913	-182.535673	400.682587	35.611240	618.829500	2.356921	2.358236	2.443148	0.579391	0.386146	0.107973	-0.580234	-0.387726	-0.128596
0.379000	-218.146913	-182.535673	400.682587	35.611240	618.829500	-3.023143	-3.020479	-2.968878	-0.096672	-0.066085	-0.030546	-0.812325	-0.542976	-0.175098
0.380800	-218.146913	-182.535673	400.682587	35.611240	618.829500	-2.118366	-2.116387	-2.126343	-0.697557	-0.468028	-0.153685	-0.425347	-0.284118	-0.095402
0.382600	-218.146913	-182.535673	400.682587	35.611240	618.829500	-1.213291	-1.213501	-1.279413	-0.765890	-0.513735	-0.168244	0.286104	0.191786	0.050460
0.384400	-218.146913	-182.535673	400.682587	35.611240	618.829500	-0.309523	-0.311748	-0.396020	-0.249601	-0.168376	-0.063610	0.780487	0.522490	0.152138
0.386200	-218.146913	-182.535673	400.682587	35.611240	618.829500	0.592199	0.589655	0.542655	0.458447	0.305255	0.080170	0.681457	0.456247	0.132942
0.388000	-218.146913	-182.535673	400.682587	35.611240	618.829500	1.492515	1.491578	1.517346	0.819446	0.546737	0.153312	0.064279	0.043402	0.008202
0.389800	-218.146913	-182.535673	400.682587	35.611240	618.829500	2.393027	2.394406	2.473035	0.558701	0.372321	0.099845	-0.601452	-0.401920	-0.126401
0.391600	-218.146913	-182.535673	400.682587	35.611240	618.829500	-2.987950	-2.985301	-2.908603	-0.125314	-0.085230	-0.039786	-0.809189	-0.540880	-0.167661
0.393400	-218.146913	-182.535673	400.682587	35.611240	618.829500	-2.083658	-2.081758	-2.052536	-0.712006	-0.477680	-0.159504	-0.400946	-0.267798	-0.083392
0.395200	-218.146913	-182.535673	400.682587	35.611240	618.829500	-1.178322	-1.178622	-1.212302	-0.754856	-0.506343	-0.168326	0.312473	0.209423	0.063069
0.397000	-218.146913	-182.535673	400.682587	35.611240	618.829500	-0.273718	-0.275982	-0.354437	-0.221245	-0.149398	-0.059604	0.788010	0.527519	0.161064
0.398800	-218.146913	-182.535673	400.682587	35.611240	618.829500	0.628869	0.626370	0.550158	0.482724	0.321503	0.083914	0.663645	0.444328	0.136819
0.400600	-218.146913	-182.535673	400.682587	35.611240	618.829500	1.529528	1.528692	1.508213	0.821291	0.547977	0.153061	0.033912	0.023086	0.009592
0.402400	-218.146913	-182.535673	400.682587	35.611240	618.829500	2.429647	2.431105	2.482235	0.536772	0.357656	0.095330	-0.622043	-0.415698	-0.122995
0.404200	-218.146913	-182.535673	400.682587	35.611240	618.829500	-2.952210	-2.949561	-2.865241	-0.154325	-0.104633	-0.045164	-0.805120	-0.538162	-0.159248
0.406000	-218.146913	-182.535673	400.682587	35.611240	618.829500	-2.048727	-2.046902	-1.984538	-0.726076	-0.487090	-0.161261	-0.376095	-0.251178	-0.070808
0.407800	-218.146913	-182.535673	400.682587	35.611240	618.829500	-1.143599	-1.143997	-1.138717	-0.743393	-0.498675	-0.164310	0.338417	0.226774	0.075770
0.409600	-218.146913	-182.535673	400.682587	35.611240	618.829500	-0.238467	-0.240786	-0.295456	-0.193146	-0.130603	-0.051638	0.794537	0.531882	0.169658
0.411400	-218.146913	-182.535673	400.682587	35.611240	618.829500	0.665037	0.662569	0.578118	0.505843	0.336965	0.091413	0.645038	0.431879	0.140100
0.413200	-218.146913	-182.535673	400.682587	35.611240	618.829500	1.566412	1.565672	1.505334	0.821547	0.548145	0.156433	0.003602	0.002809	0.010255
0.415000	-218.146913	-182.535673	400.682587	35.611240	618.829500	2.466592	2.468140	2.476546	0.513629	0.342170	0.094446	-0.641695	-0.428844	-0.120432
0.416800	-218.146913	-182.535673	400.682587	35.611240	618.829500	-2.915897	-2.913232	-2.842645	-0.183648	-0.124255	-0.046818	-0.799836	-0.534627	-0.151916
0.418600	-218.146913	-182.535673	400.682587	35.611240	618.829500	-2.013342	-2.011581	-1.929423	-0.739708	-0.496217	-0.159254	-0.350543	-0.234085	-0.059694
0.420400	-218.146913	-182.535673	400.682587	35.611240	618.829500	-1.108840	-1.109333	-1.066071	-0.731451	-0.490695	-0.156655	0.364180	0.244009	0.086545
0.422200	-218.146913	-182.535673	400.682587	35.611240	618.829500	-0.203622	-0.206003	-0.225303	-0.165255	-0.111957	-0.040327	0.800332	0.535762	0.175950
0.424000	-218.146913	-182.535673	400.682587	35.611240	618.829500	0.700625	0.698171	0.626245	0.527879	0.351694	0.101904	0.625925	0.419099	0.140873
0.425800	-218.146913	-182.535673	400.682587	35.611240	618.829500	1.602914	1.602258	1.519490	0.820341	0.547326	0.162526	-0.026356	-0.017225	0.008346
0.427600	-218.146913	-182.535673	400.682587	35.611240	618.829500	2.503596	2.505234	2.468029	0.489448	0.325982	0.096160	-0.660135	-0.441173	-0.120490
0.429400	-218.146913	-182.535673	400.682587	35.611240	618.829500	-2.879122	-2.876429	-2.839568	-0.213083	-0.143958	-0.045912	-0.793108	-0.530119	-0.147364
0.431200	-218.146913	-182.535673	400.682587	35.611240	618.829500	-1.977384	-1.975673	-1.892941	-0.752704	-0.504924	-0.154775	-0.324100	-0.216387	-0.051660
0.433000	-218.146913	-182.535673	400.682587	35.611240	618.829500	-1.073770	-1.074350	-1.001729	-0.718849	-0.482280	-0.146780	0.389938	0.261250	0.093888
0.434800	-218.146913	-182.535673	400.682587	35.611240	618.829500	-0.168930	-0.171376	-0.151199	-0.137396	-0.093336	-0.027204	0.805581	0.539286	0.178551
0.436600	-218.146913	-182.535673	400.682587	35.611240	618.829500	0.735696	0.733242	0.689832	0.549028	0.365826	0.113755	0.606509	0.406124	0.137875
0.438400	-218.146913	-182.535673	400.682587	35.611240	618.829500	1.638872	1.638283	1.554676	0.817911	0.545685	0.169623	-0.055766	-0.036883	0.002735
0.440200	-218.146913	-182.535673	400.682587	35.611240	618.829500	2.540376	2.542099	2.470083	0.464508	0.309284	0.098677	-0.677201	-0.452571	-0.124166
0.442000	-218.146913	-182.535673	400.682587	35.611240	618.829500	-2.842108	-2.839379	-2.847793	-0.242333	-0.163539	-0.044311	-0.784827	-0.524561	-0.146454
0.443800	-218.146913	-182.535673	400.682587	35.611240	618.829500	-1.940877	-1.939201	-1.877511	-0.764779	-0.513017	-0.149756	-0.296700	-0.198039	-0.047429
0.445600	-218.146913	-182.535673	400.682587	35.611240	618.829500	-1.038191	-1.038843	-0.952467	-0.705328	-0.473251	-0.136670	0.415736	0.278529	0.097226
0.447400	-218.146913	-182.535673	400.682587	35.611240	618.829500	-0.134103	-0.136608	-0.080583	-0.109325	-0.074573	-0.014298	0.810335	0.542489	0.177045
0.449200	-218.146913	-182.535673	400.682587	35.611240	618.829500	0.770439	0.767979	0.762173	0.569549	0.379539	0.124913	0.586848	0.392998	0.130854
0.451000	-218.146913	-182.535673	400.682587	35.611240	618.829500	1.674256	1.673717	1.608772	0.814547	0.543422	0.175664	-0.084575	-0.056128	-0.006674
0.452800	-218.146913	-182.535673	400.682587	35.611240	618.829500	2.576707	2.578498	2.491351	0.439129	0.292296	0.099942	-0.692876	-0.463029	-0.131402
0.454600	-218.146913	-182.535673	400.682587	35.611240	618.829500	-2.805133	-2.802371	-2.854061	-0.271073	-0.182775	-0.044057	-0.775031	-0.517980	-0.148979
0.456400	-218.146913	-182.535673	400.682587	35.611240	618.829500	-1.903973	-1.902321	-1.879578	-0.775636	-0.520289	-0.146221	-0.268431	-0.179099	-0.046642
0.458200	-218.146913	-182.535673	400.682587	35.611240	618.829500	-1.002032	-1.002740	-0.923175	-0.690629	-0.463427	-0.128324	0.441469	0.295773	0.097072
0.460000	-218.146913	-182.535673	400.682587	35.611240	618.829500	-0.098887	-0.101436	-0.020703	-0.080807	-0.055504	-0.003564	0.814495	0.545303	0.172103
0.461800	-218.146913	-182.535673	400.682587	35.611240	618.829500	0.805127	0.802660	0.835920	0.589676	0.392997	0.133481	0.566856	0.379658	0.120632
0.463600	-218.146913	-182.535673	400.682587	35.611240	618.829500	1.709176	1.708672	1.676164	0.810506	0.540714	0.178826	-0.112879	-0.075027	-0.018913
0.465400	-218.146913	-182.535673	400.682587	35.611240	618.829500	2.612468	2.614310	2.533487	0.413585	0.275205	0.098218	-0.707295	-0.472640	-0.141096
0.467200	-218.146913	-182.535673	400.682587	35.611240	618.829500	-2.768469	-2.765682	-2.846040	-0.299039	-0.201484	-0.046801	-0.763904	-0.510502	-0.153713
0.469000	-218.146913	-182.535673	400.682587	35.611240	618.829500	-1.866922	-1.865292	-1.888722	-0.785045	-0.526584	-0.145727	-0.239515	-0.159721	-0.047957
0.470800	-218.146913	-182.535673	400.682587	35.611240	618.829500	-0.965362	-0.966112	-0.914506	-0.674570	-0.452684	-0.123197	0.466900	0.312821	0.094884
0.472600	-218.146913	-182.535673	400.682587	35.611240	618.829500	-0.063123	-0.065699	0.022112	-0.051693	-0.036027	0.003656	0.817836	0.547575	0.165294
0.474400	-218.146913	-182.535673	400.682587	35.611240	618.829500	0.840044	0.837581	0.903650	0.609554	0.406297	0.138243	0.546327	0.365961	0.108883
0.476200	-218.146913	-182.535673	400.682587	35.611240	618.829500	1.743857	1.743380	1.749826	0.805945	0.537668	0.178029	-0.140887	-0.093725	-0.032217
0.478000	-218.146913	-182.535673	400.682587	35.611240	618.829500	2.647677	2.649551	2.592874	0.388041	0.258125	0.092565	-0.720692	-0.481565	-0.151412
0.479800	-218.146913	-182.535673	400.682587	35.611240	618.829500	-2.732310	-2.729514	-2.817485	-0.326082	-0.219565	-0.053337	-0.751724	-0.502317	-0.158761
0.481600	-218.146913	-182.535673	400.682587	35.611240	618.829500	-1.830009	-1.828403	-1.891243	-0.792902	-0.531829	-0.148925	-0.210261	-0.140116	-0.049426
0.483400	-218.146913	-182.535673	400.682587	35.611240	618.829500	-0.928373	-0.929157	-0.920459	-0.657100	-0.440986	-0.121797	0.491719	0.329459	0.092655
0.485200	-218.146913	-182.535673	400.682587	35.611240	618.829500	-0.026787	-0.029372	0.044112	-0.021972	-0.016133	0.007003	0.820073	0.549107	0.158650
0.487000	-218.146913	-182.535673	400.682587	35.611240	618.829500	0.875418	0.872976	0.958312	0.629182	0.419441	0.139000	0.525000	0.351731	0.097665
0.488800	-218.146913	-182.535673	400.682587	35.611240	618.829500	1.778582	1.778135	1.822341	0.800873	0.534292	0.173238	-0.168847	-0.112395	-0.044520
0.490600	-218.146913	-182.535673	400.682587	35.611240	618.829500	2.682490	2.684381	2.663238	0.362511	0.241065	0.083113	-0.733337	-0.489990	-0.160288
0.492400	-218.146913	-182.535673	400.682587	35.611240	618.829500	-2.696731	-2.693945	-2.768849	-0.352206	-0.237022	-0.063378	-0.738790	-0.493633	-0.162083
0.494200	-218.146913	-182.535673	400.682587	35.611240	618.829500	-1.793484	-1.791913	-1.876520	-0.799258	-0.536061	-0.155379	-0.180986	-0.120502	-0.049041
0.496000	-218.146913	-182.535673	400.682587	35.611240	618.829500	-0.891334	-0.892150	-0.928852	-0.638324	-0.428406	-0.123541	0.515620	0.345477	0.092355
0.497800	-218.146913	-182.535673	400.682587	35.611240	618.829500	0.010006	0.007425	0.046727	0.008215	0.004082	0.007206	0.820935	0.549712	0.154096
0.499600	-218.146913	-182.535673	400.682587	35.611240	618.829500	0.911365	0.908961	0.994215	0.648413	0.432328	0.136627	0.502646	0.336805	0.088848
0.501400	-218.146913	-182.535673	400.682587	35.611240	618.829500	1.813626	1.813219	1.886349	0.795155	0.530491	0.165475	-0.196974	-0.131183	-0.054021
0.503200	-218.146913	-182.535673	400.682587	35.611240	618.829500	2.717159	2.719060	2.737347	0.336870	0.223938	0.071021	-0.745450	-0.498067	-0.166012
0.505000	-218.146913	-182.535673	400.682587	35.611240	618.829500	-2.661664	-2.658905	-2.704922	-0.377556	-0.253953	-0.075639	-0.725343	-0.484615	-0.162065
0.506800	-218.146913	-182.535673	400.682587	35.611240	618.829500	-1.757506	-1.755986	-1.840755	-0.804299	-0.539407	-0.163689	-0.151940	-0.101050	-0.045295
0.508600	-218.146913	-182.535673	400.682587	35.611240	618.829500	-0.854526	-0.855380	-0.926344	-0.618476	-0.415103	-0.126924	0.538378	0.360720	0.095381
0.510400	-218.146913	-182.535673	400.682587	35.611240	618.829500	0.047031	0.044461	0.038365	0.038605	0.024437	0.005869	0.820243	0.549268	0.152915
0.512200	-218.146913	-182.535673	400.682587	35.611240	618.829500	0.947858	0.945512	1.009072	0.666987	0.444779	0.132826	0.479133	0.321094	0.083594
0.514000	-218.146913	-182.535673	400.682587	35.611240	618.829500	1.849180	1.848831	1.935107	0.788551	0.526100	0.156530	-0.225372	-0.150163	-0.059690
0.515800	-218.146913	-182.535673	400.682587	35.611240	618.829500	2.751971	2.753886	2.807761	0.310891	0.206586	0.058159	-0.757138	-0.505872	-0.167696
0.517600	-218.146913	-182.535673	400.682587	35.611240	618.829500	-2.626915	-2.624197	-2.632441	-0.402366	-0.270523	-0.088187	-0.711502	-0.475344	-0.157972
0.519400	-218.146913	-182.535673	400.682587	35.611240	618.829500	-1.722100	-1.720649	-1.786202	-0.808293	-0.542052	-0.171877	-0.123240	-0.081841	-0.037607
0.521200	-218.146913	-182.535673	400.682587	35.611240	618.829500	-0.818174	-0.819078	-0.904484	-0.597861	-0.401287	-0.129936	0.559901	0.375127	0.102165
0.523000	-218.146913	-182.535673	400.682587	35.611240	618.829500	0.084007	0.081448	0.032350	0.068876	0.044712	0.005029	0.817959	0.547748	0.155391
0.524800	-218.146913	-182.535673	400.682587	35.611240	618.829500	0.984740	0.982464	1.006637	0.684592	0.456581	0.129649	0.454472	0.304605	0.082036
0.526600	-218.146913	-182.535673	400.682587	35.611240	618.829500	1.885315	1.885041	1.963804	0.780783	0.520928	0.148467	-0.254002	-0.169309	-0.061551
0.528400	-218.146913	-182.535673	400.682587	35.611240	618.829500	2.787180	2.789118	2.867243	0.284322	0.188837	0.046587	-0.768361	-0.513375	-0.165527
0.530200	-218.146913	-182.535673	400.682587	35.611240	618.829500	-2.592213	-2.589539	-2.558763	-0.426886	-0.286902	-0.098984	-0.697239	-0.465800	-0.150154
0.532000	-218.146913	-182.535673	400.682587	35.611240	618.829500	-1.687154	-1.685784	-1.718537	-0.811511	-0.544184	-0.177942	-0.094854	-0.062852	-0.026482
0.533800	-218.146913	-182.535673	400.682587	35.611240	618.829500	-0.782393	-0.783363	-0.861798	-0.576777	-0.387163	-0.130626	0.580254	0.388742	0.112049
0.535600	-218.146913	-182.535673	400.682587	35.611240	618.829500	0.120667	0.118109	0.040896	0.098726	0.064698	0.006577	0.814196	0.545231	0.160725
0.537400	-218.146913	-182.535673	400.682587	35.611240	618.829500	1.021762	1.019559	0.997490	0.700952	0.467542	0.128927	0.428827	0.287449	0.083241
0.539200	-218.146913	-182.535673	400.682587	35.611240	618.829500	1.921956	1.921774	1.971948	0.771616	0.514812	0.143045	-0.282676	-0.188492	-0.060673
0.541000	-218.146913	-182.535673	400.682587	35.611240	618.829500	2.822940	2.824918	2.909510	0.256966	0.170553	0.037982	-0.778935	-0.520451	-0.160710
0.542800	-218.146913	-182.535673	400.682587	35.611240	618.829500	-2.557272	-2.554638	-2.491306	-0.451303	-0.303222	-0.106450	-0.682386	-0.455868	-0.139944
0.544600	-218.146913	-182.535673	400.682587	35.611240	618.829500	-1.652440	-1.651160	-1.644807	-0.814155	-0.545941	-0.180416	-0.066619	-0.043968	-0.013377
0.546400	-218.146913	-182.535673	400.682587	35.611240	618.829500	-0.747163	-0.748212	-0.802012	-0.555439	-0.372879	-0.127647	0.599625	0.401696	0.123474
0.548200	-218.146913	-182.535673	400.682587	35.611240	618.829500	0.156816	0.154246	0.070048	0.127944	0.084251	0.011736	0.809188	0.541877	0.167266
0.550000	-218.146913	-182.535673	400.682587	35.611240	618.829500	1.058638	1.056506	0.995336	0.715893	0.477544	0.131755	0.402472	0.269815	0.085470
0.551800	-218.146913	-182.535673	400.682587	35.611240	618.829500	1.958908	1.958828	1.965739	0.760928	0.507669	0.141232	-0.311105	-0.207513	-0.058872
0.553600	-218.146913	-182.535673	400.682587	35.611240	618.829500	2.859271	2.861305	2.930919	0.228745	0.151679	0.033175	-0.788586	-0.526911	-0.155133
0.555400	-218.146913	-182.535673	400.682587	35.611240	618.829500	-2.521868	-2.519262	-2.437101	-0.475680	-0.319526	-0.109901	-0.666692	-0.445374	-0.129297
0.557200	-218.146913	-182.535673	400.682587	35.611240	618.829500	-1.617672	-1.616482	-1.572433	-0.816293	-0.547370	-0.178772	-0.038293	-0.025024	-0.000293
0.559000	-218.146913	-182.535673	400.682587	35.611240	618.829500	-0.712325	-0.713464	-0.731443	-0.533926	-0.358489	-0.120633	0.618271	0.414165	0.134407
0.560800	-218.146913	-182.535673	400.682587	35.611240	618.829500	0.192385	0.189787	0.119192	0.156464	0.103327	0.020714	0.803228	0.537887	0.172963
0.562600	-218.146913	-182.535673	400.682587	35.611240	618.829500	1.095120	1.093046	1.010631	0.729388	0.486568	0.138190	0.375728	0.251923	0.086670
0.564400	-218.146913	-182.535673	400.682587	35.611240	618.829500	1.995902	1.995926	1.957481	0.748748	0.499517	0.142932	-0.338966	-0.226151	-0.058200
0.566200	-218.146913	-182.535673	400.682587	35.611240	618.829500	2.896054	2.898158	2.933080	0.199728	0.132265	0.031916	-0.797016	-0.532550	-0.150838
0.568000	-218.146913	-182.535673	400.682587	35.611240	618.829500	-2.485888	-2.483297	-2.401778	-0.499929	-0.335753	-0.109744	-0.649896	-0.434138	-0.120235
0.569800	-218.146913	-182.535673	400.682587	35.611240	618.829500	-1.582579	-1.581470	-1.508767	-0.817844	-0.548415	-0.173575	-0.009637	-0.005854	0.010781
0.571600	-218.146913	-182.535673	400.682587	35.611240	618.829500	-0.677625	-0.678855	-0.657338	-0.512167	-0.343942	-0.110302	0.636437	0.426320	0.142907
0.573400	-218.146913	-182.535673	400.682587	35.611240	618.829500	0.227444	0.224805	0.183456	0.184368	0.121983	0.032645	0.796582	0.533445	0.175943
0.575200	-218.146913	-182.535673	400.682587	35.611240	618.829500	1.131053	1.129021	1.046976	0.741558	0.494698	0.147227	0.348878	0.233968	0.085045
0.577000	-218.146913	-182.535673	400.682587	35.611240	618.829500	2.032658	2.032779	1.960447	0.735248	0.490475	0.147013	-0.365984	-0.244218	-0.060370
0.578800	-218.146913	-182.535673	400.682587	35.611240	618.829500	2.933061	2.935241	2.924592	0.170130	0.112454	0.032951	-0.803988	-0.537206	-0.149455
0.580600	-218.146913	-182.535673	400.682587	35.611240	618.829500	-2.449364	-2.446772	-2.387488	-0.523826	-0.351750	-0.107354	-0.631808	-0.422029	-0.114292
0.582400	-218.146913	-182.535673	400.682587	35.611240	618.829500	-1.546969	-1.545929	-1.460520	-0.818599	-0.548933	-0.166319	0.019509	0.013653	0.018416
0.584200	-218.146913	-182.535673	400.682587	35.611240	618.829500	-0.642774	-0.644091	-0.587136	-0.489967	-0.329105	-0.098261	0.654280	0.438268	0.147669
0.586000	-218.146913	-182.535673	400.682587	35.611240	618.829500	0.262189	0.259504	0.256072	0.211854	0.140357	0.045827	0.789423	0.528671	0.175034
0.587800	-218.146913	-182.535673	400.682587	35.611240	618.829500	1.166414	1.164407	1.101986	0.752634	0.502094	0.157086	0.322103	0.216074	0.079559
0.589600	-218.146913	-182.535673	400.682587	35.611240	618.829500	2.068955	2.069156	1.982902	0.720703	0.480733	0.151626	-0.392000	-0.261603	-0.066281
0.591400	-218.146913	-182.535673	400.682587	35.611240	618.829500	2.970012	2.972267	2.918839	0.140254	0.092457	0.034371	-0.809388	-0.540799	-0.151742
0.593200	-218.146913	-182.535673	400.682587	35.611240	618.829500	-2.412456	-2.409852	-2.390282	-0.547067	-0.367309	-0.104694	-0.612367	-0.409004	-0.112086
0.595000	-218.146913	-182.535673	400.682587	35.611240	618.829500	-1.510779	-1.509792	-1.432419	-0.818278	-0.548730	-0.159013	0.049170	0.033516	0.022145
0.596800	-218.146913	-182.535673	400.682587	35.611240	618.829500	-0.607520	-0.608911	-0.528059	-0.467072	-0.313802	-0.086554	0.671820	0.450024	0.148383
0.598600	-218.146913	-182.535673	400.682587	35.611240	618.829500	0.296894	0.294164	0.329676	0.239175	0.158621	0.058198	0.781779	0.523583	0.170088
0.600400	-218.146913	-182.535673	400.682587	35.611240	618.829500	1.201321	1.199327	1.169922	0.762888	0.508943	0.165700	0.295436	0.198261	0.070228
0.602200	-218.146913	-182.535673	400.682587	35.611240	618.829500	2.104679	2.104943	2.026135	0.705416	0.470498	0.154720	-0.417003	-0.278300	-0.075760
0.604000	-218.146913	-182.535673	400.682587	35.611240	618.829500	3.006640	3.008959	2.927912	0.110422	0.072493	0.034149	-0.813254	-0.543357	-0.157374
0.605800	-218.146913	-182.535673	400.682587	35.611240	618.829500	-2.375417	-2.372798	-2.399419	-0.569343	-0.382217	-0.103763	-0.591663	-0.395125	-0.113145
0.607600	-218.146913	-182.535673	400.682587	35.611240	618.829500	-1.474085	-1.473139	-1.424794	-0.816609	-0.547619	-0.153622	0.079223	0.053650	0.022590
0.609400	-218.146913	-182.535673	400.682587	35.611240	618.829500	-0.571713	-0.573162	-0.486346	-0.443247	-0.297869	-0.077096	0.688925	0.461498	0.145821
0.611200	-218.146913	-182.535673	400.682587	35.611240	618.829500	0.331844	0.329079	0.396854	0.266549	0.176929	0.067904	0.773535	0.518100	0.162027
0.613000	-218.146913	-182.535673	400.682587	35.611240	618.829500	1.236002	1.234017	1.243717	0.772553	0.515406	0.171299	0.268764	0.180453	0.058116
0.614800	-218.146913	-182.535673	400.682587	35.611240	618.829500	2.139857	2.140166	2.086318	0.689641	0.459946	0.154615	-0.441125	-0.294402	-0.087610
0.616600	-218.146913	-182.535673	400.682587	35.611240	618.829500	3.042755	3.045121	2.957658	0.080892	0.052741	0.030703	-0.815763	-0.545000	-0.165037
0.618400	-218.146913	-182.535673	400.682587	35.611240	618.829500	-2.338530	-2.335901	-2.401199	-0.590421	-0.396314	-0.106040	-0.569922	-0.380547	-0.116042
0.620200	-218.146913	-182.535673	400.682587	35.611240	618.829500	-1.437086	-1.436172	-1.431248	-0.813402	-0.545470	-0.151515	0.109413	0.073880	0.021282
0.622000	-218.146913	-182.535673	400.682587	35.611240	618.829500	-0.535337	-0.536827	-0.465530	-0.418348	-0.281208	-0.071143	0.705348	0.472519	0.141619
0.623800	-218.146913	-182.535673	400.682587	35.611240	618.829500	0.367260	0.364478	0.450595	0.294099	0.195365	0.073819	0.764459	0.512065	0.152584
0.625600	-218.146913	-182.535673	400.682587	35.611240	618.829500	1.270744	1.268771	1.315947	0.781753	0.521569	0.172895	0.241869	0.162498	0.045042
0.627400	-218.146913	-182.535673	400.682587	35.611240	618.829500	2.174650	2.174991	2.157088	0.673516	0.449169	0.150472	-0.464597	-0.310067	-0.099943
0.629200	-218.146913	-182.535673	400.682587	35.611240	618.829500	3.078290	3.080685	3.007305	0.051799	0.033292	0.023344	-0.817182	-0.545914	-0.172789
0.631000	-218.146913	-182.535673	400.682587	35.611240	618.829500	-2.302043	-2.299416	-2.385332	-0.610197	-0.409530	-0.112066	-0.547448	-0.365478	-0.118795
0.632800	-218.146913	-182.535673	400.682587	35.611240	618.829500	-1.400054	-1.399171	-1.439360	-0.808609	-0.542249	-0.153089	0.139422	0.093988	0.020238
0.634600	-218.146913	-182.535673	400.682587	35.611240	618.829500	-0.498514	-0.500033	-0.463817	-0.392375	-0.263818	-0.068939	0.720781	0.482877	0.137820
0.636400	-218.146913	-182.535673	400.682587	35.611240	618.829500	0.403252	0.400469	0.485334	0.321798	0.213912	0.075853	0.754277	0.505287	0.143822
0.638200	-218.146913	-182.535673	400.682587	35.611240	618.829500	1.305817	1.303868	1.379268	0.790466	0.527416	0.170561	0.214501	0.144224	0.033073
0.640000	-218.146913	-182.535673	400.682587	35.611240	618.829500	2.209313	2.209682	2.231186	0.657029	0.438161	0.142528	-0.487674	-0.325472	-0.110705
0.641800	-218.146913	-182.535673	400.682587	35.611240	618.829500	3.113321	3.115727	3.071899	0.023126	0.014134	0.012468	-0.817789	-0.546289	-0.178606
0.643600	-218.146913	-182.535673	400.682587	35.611240	618.829500	-2.266108	-2.263499	-2.348411	-0.628721	-0.421898	-0.121294	-0.524546	-0.350129	-0.119420
0.645400	-218.146913	-182.535673	400.682587	35.611240	618.829500	-1.363266	-1.362421	-1.435927	-0.802331	-0.538025	-0.157651	0.168941	0.113762	0.021392
0.647200	-218.146913	-182.535673	400.682587	35.611240	618.829500	-0.461474	-0.463016	-0.472421	-0.365477	-0.245800	-0.069654	0.734944	0.492378	0.136305
0.649000	-218.146913	-182.535673	400.682587	35.611240	618.829500	0.439785	0.437019	0.499057	0.349477	0.232452	0.074980	0.742751	0.497603	0.137558
0.650800	-218.146913	-182.535673	400.682587	35.611240	618.829500	1.341408	1.339503	1.427002	0.798525	0.532834	0.165410	0.186454	0.125487	0.023950
0.652600	-218.146913	-182.535673	400.682587	35.611240	618.829500	2.244136	2.244537	2.301175	0.640028	0.426816	0.132030	-0.510553	-0.340754	-0.118246
0.654400	-218.146913	-182.535673	400.682587	35.611240	618.829500	-3.135138	-3.132734	-3.138541	-0.005279	-0.004839	-0.000552	-0.817798	-0.546274	-0.180942
0.656200	-218.146913	-182.535673	400.682587	35.611240	618.829500	-2.230743	-2.228171	-2.292953	-0.646175	-0.433544	-0.132240	-0.501444	-0.334656	-0.116489
0.658000	-218.146913	-182.535673	400.682587	35.611240	618.829500	-1.326944	-1.326150	-1.412879	-0.794796	-0.532956	-0.163619	0.197748	0.133051	0.026055
0.659800	-218.146913	-182.535673	400.682587	35.611240	618.829500	-0.424498	-0.426065	-0.477901	-0.337923	-0.227340	-0.071613	0.747652	0.500895	0.138264
0.661600	-218.146913	-182.535673	400.682587	35.611240	618.829500	0.476695	0.473958	0.495911	0.376854	0.250794	0.072959	0.729747	0.488920	0.134858
0.663400	-218.146913	-182.535673	400.682587	35.611240	618.829500	1.377579	1.375736	1.454506	0.805664	0.537639	0.159283	0.157635	0.106223	0.018607
0.665200	-218.146913	-182.535673	400.682587	35.611240	618.829500	2.279366	2.279813	2.359845	0.622271	0.414967	0.120893	-0.533314	-0.355967	-0.121779
0.667000	-218.146913	-182.535673	400.682587	35.611240	618.829500	-3.100442	-3.098043	-3.065015	-0.033651	-0.023790	-0.013747	-0.817297	-0.545929	-0.179164
0.668800	-218.146913	-182.535673	400.682587	35.611240	618.829500	-2.195826	-2.193306	-2.224755	-0.662813	-0.444646	-0.142894	-0.478239	-0.319125	-0.109524
0.670600	-218.146913	-182.535673	400.682587	35.611240	618.829500	-1.291196	-1.290469	-1.369103	-0.786297	-0.527243	-0.168959	0.225763	0.151798	0.034548
0.672400	-218.146913	-182.535673	400.682587	35.611240	618.829500	-0.387852	-0.389452	-0.468293	-0.310032	-0.208656	-0.072769	0.758866	0.508403	0.143864
0.674200	-218.146913	-182.535673	400.682587	35.611240	618.829500	0.513728	0.511024	0.486796	0.403607	0.268716	0.071843	0.715281	0.479248	0.135738
0.676000	-218.146913	-182.535673	400.682587	35.611240	618.829500	1.414248	1.412483	1.461615	0.811590	0.541628	0.154235	0.128101	0.086471	0.016907
0.677800	-218.146913	-182.535673	400.682587	35.611240	618.829500	2.315153	2.315662	2.401004	0.603496	0.402433	0.111159	-0.555886	-0.371064	-0.121596
0.679600	-218.146913	-182.535673	400.682587	35.611240	618.829500	-3.065492	-3.063094	-2.998121	-0.062235	-0.042887	-0.025097	-0.816225	-0.545210	-0.173726
0.681400	-218.146913	-182.535673	400.682587	35.611240	618.829500	-2.161125	-2.158666	-2.150904	-0.678890	-0.455378	-0.151282	-0.454878	-0.303498	-0.099138
0.683200	-218.146913	-182.535673	400.682587	35.611240	618.829500	-1.255992	-1.255347	-1.308532	-0.777110	-0.521077	-0.171756	0.253052	0.170052	0.046107
0.685000	-218.146913	-182.535673	400.682587	35.611240	618.829500	-0.351724	-0.353371	-0.437953	-0.282099	-0.189951	-0.071275	0.768695	0.514976	0.152205
0.686800	-218.146913	-182.535673	400.682587	35.611240	618.829500	0.550601	0.547925	0.485399	0.429456	0.286026	0.073409	0.699516	0.468699	0.139165
0.688600	-218.146913	-182.535673	400.682587	35.611240	618.829500	1.451214	1.449537	1.454926	0.816058	0.544634	0.151961	0.098054	0.066367	0.017687
0.690400	-218.146913	-182.535673	400.682587	35.611240	618.829500	2.351506	2.352096	2.421230	0.583507	0.389077	0.104437	-0.578061	-0.385901	-0.118988
0.692200	-218.146913	-182.535673	400.682587	35.611240	618.829500	-3.030070	-3.027658	-2.944846	-0.091201	-0.062248	-0.033097	-0.814385	-0.543984	-0.166044
0.694000	-218.146913	-182.535673	400.682587	35.611240	618.829500	-2.126355	-2.123957	-2.078825	-0.694576	-0.465857	-0.156012	-0.431178	-0.287650	-0.086864
0.695800	-218.146913	-182.535673	400.682587	35.611240	618.829500	-1.221168	-1.220616	-1.237570	-0.767424	-0.514586	-0.170744	0.279808	0.187944	0.059100
0.697600	-218.146913	-182.535673	400.682587	35.611240	618.829500	-0.316177	-0.317886	-0.387807	-0.254317	-0.171357	-0.065998	0.777367	0.520771	0.161564
0.699400	-218.146913	-182.535673	400.682587	35.611240	618.829500	0.587068	0.584409	0.501844	0.454226	0.302604	0.078652	0.682721	0.457459	0.143343
0.701200	-218.146913	-182.535673	400.682587	35.611240	618.829500	1.488207	1.486618	1.446969	0.818942	0.546570	0.153324	0.067790	0.046118	0.019083
0.703000	-218.146913	-182.535673	400.682587	35.611240	618.829500	2.388301	2.388985	2.422503	0.562227	0.374848	0.101451	-0.599540	-0.400274	-0.115883
0.704800	-218.146913	-182.535673	400.682587	35.611240	618.829500	-2.994071	-2.991631	-2.910689	-0.120591	-0.081904	-0.037169	-0.811505	-0.542063	-0.158101
0.706600	-218.146913	-182.535673	400.682587	35.611240	618.829500	-2.091245	-2.088902	-2.015855	-0.709908	-0.476111	-0.156665	-0.406889	-0.271407	-0.074725
0.708400	-218.146913	-182.535673	400.682587	35.611240	618.829500	-1.186466	-1.186011	-1.163487	-0.757287	-0.507804	-0.165665	0.306279	0.205647	0.071474
0.710200	-218.146913	-182.535673	400.682587	35.611240	618.829500	-0.281131	-0.282915	-0.322888	-0.226737	-0.152908	-0.056842	0.785154	0.525977	0.169881
0.712000	-218.146913	-182.535673	400.682587	35.611240	618.829500	0.622981	0.620323	0.539342	0.477895	0.318434	0.087514	0.665204	0.445739	0.146214
0.713800	-218.146913	-182.535673	400.682587	35.611240	618.829500	1.524947	1.523440	1.450875	0.820269	0.547455	0.158113	0.037635	0.025945	0.019053
0.715600	-218.146913	-182.535673	400.682587	35.611240	618.829500	2.425305	2.426090	2.413794	0.539737	0.359800	0.101840	-0.620015	-0.413971	-0.114304
0.717400	-218.146913	-182.535673	400.682587	35.611240	618.829500	-2.957533	-2.955049	-2.897527	-0.150295	-0.101778	-0.037825	-0.807312	-0.539258	-0.151891
0.719200	-218.146913	-182.535673	400.682587	35.611240	618.829500	-2.055611	-2.053310	-1.968639	-0.724776	-0.486062	-0.153905	-0.381772	-0.254604	-0.064679
0.721000	-218.146913	-182.535673	400.682587	35.611240	618.829500	-1.151596	-1.151234	-1.093721	-0.746599	-0.500662	-0.157340	0.332695	0.223319	0.081329
0.722800	-218.146913	-182.535673	400.682587	35.611240	618.829500	-0.246386	-0.248250	-0.250020	-0.199260	-0.134537	-0.044772	0.792302	0.530762	0.175328
0.724600	-218.146913	-182.535673	400.682587	35.611240	618.829500	0.658324	0.655652	0.595246	0.500582	0.333602	0.098893	0.647230	0.433721	0.146037
0.726400	-218.146913	-182.535673	400.682587	35.611240	618.829500	1.561217	1.559777	1.474520	0.820206	0.547403	0.165103	0.007857	0.006032	0.015945
0.728200	-218.146913	-182.535673	400.682587	35.611240	618.829500	2.462237	2.463121	2.408595	0.516251	0.344080	0.104263	-0.639244	-0.426826	-0.115805
0.730000	-218.146913	-182.535673	400.682587	35.611240	618.829500	-2.920623	-2.918085	-2.901015	-0.180071	-0.121707	-0.036522	-0.801609	-0.535433	-0.148868
0.731800	-218.146913	-182.535673	400.682587	35.611240	618.829500	-2.019397	-2.017123	-1.941730	-0.738940	-0.495548	-0.149300	-0.355674	-0.237136	-0.058069
0.733600	-218.146913	-182.535673	400.682587	35.611240	618.829500	-1.116312	-1.116031	-1.035467	-0.735142	-0.493009	-0.147437	0.359189	0.241054	0.087445
0.735400	-218.146913	-182.535673	400.682587	35.611240	618.829500	-0.211663	-0.213607	-0.176581	-0.171680	-0.116099	-0.031552	0.798951	0.535223	0.176821
0.737200	-218.146913	-182.535673	400.682587	35.611240	618.829500	0.693222	0.690526	0.663702	0.522514	0.348262	0.110951	0.628954	0.421512	0.141871
0.739000	-218.146913	-182.535673	400.682587	35.611240	618.829500	1.596913	1.595522	1.518838	0.819018	0.546598	0.172393	-0.021395	-0.013517	0.008965
0.740800	-218.146913	-182.535673	400.682587	35.611240	618.829500	2.498832	2.499805	2.418741	0.492072	0.327895	0.106769	-0.657109	-0.438758	-0.121036
0.742600	-218.146913	-182.535673	400.682587	35.611240	618.829500	-2.883598	-2.881002	-2.910098	-0.209605	-0.141473	-0.035250	-0.794334	-0.530547	-0.149539
0.744400	-218.146913	-182.535673	400.682587	35.611240	618.829500	-1.982688	-1.980427	-1.935131	-0.752101	-0.504361	-0.144877	-0.328580	-0.218990	-0.055251
0.746200	-218.146913	-182.535673	400.682587	35.611240	618.829500	-1.080469	-1.080256	-0.994868	-0.722646	-0.484659	-0.138014	0.385755	0.258848	0.089621
0.748000	-218.146913	-182.535673	400.682587	35.611240	618.829500	-0.176681	-0.178695	-0.109978	-0.143744	-0.097420	-0.019249	0.805097	0.539359	0.174321
0.749800	-218.146913	-182.535673	400.682587	35.611240	618.829500	0.727910	0.725187	0.737606	0.543949	0.362592	0.121623	0.610382	0.409114	0.133842
0.751600	-218.146913	-182.535673	400.682587	35.611240	618.829500	1.632067	1.630709	1.579796	0.816989	0.545235	0.177943	-0.050120	-0.032706	-0.001601
0.753400	-218.146913	-182.535673	400.682587	35.611240	618.829500	2.534908	2.535951	2.449674	0.467510	0.311460	0.107350	-0.673649	-0.449793	-0.129561
0.755200	-218.146913	-182.535673	400.682587	35.611240	618.829500	-2.846742	-2.844092	-2.911104	-0.238583	-0.160861	-0.035978	-0.785578	-0.524660	-0.153321
0.757000	-218.146913	-182.535673	400.682587	35.611240	618.829500	-1.945688	-1.943433	-1.942044	-0.763975	-0.512307	-0.142561	-0.300626	-0.200260	-0.055499
0.758800	-218.146913	-182.535673	400.682587	35.611240	618.829500	-1.044059	-1.043898	-0.975231	-0.708867	-0.475444	-0.130937	0.412236	0.276593	0.088729
0.760600	-218.146913	-182.535673	400.682587	35.611240	618.829500	-0.141222	-0.143291	-0.057176	-0.115240	-0.078353	-0.009664	0.810591	0.543066	0.168846
0.762400	-218.146913	-182.535673	400.682587	35.611240	618.829500	0.762675	0.759929	0.809528	0.565095	0.376739	0.129195	0.591378	0.396435	0.123106
0.764200	-218.146913	-182.535673	400.682587	35.611240	618.829500	1.666848	1.665513	1.650947	0.814347	0.543470	0.180134	-0.078461	-0.051630	-0.014469
0.766000	-218.146913	-182.535673	400.682587	35.611240	618.829500	2.570404	2.571499	2.500315	0.442807	0.294940	0.104497	-0.689036	-0.460052	-0.139976
0.767800	-218.146913	-182.535673	400.682587	35.611240	618.829500	-2.810296	-2.807606	-2.894082	-0.266773	-0.179712	-0.040103	-0.775560	-0.517925	-0.158705
0.769600	-218.146913	-182.535673	400.682587	35.611240	618.829500	-1.908671	-1.906420	-1.949833	-0.774368	-0.519252	-0.143631	-0.272072	-0.181126	-0.057208
0.771400	-218.146913	-182.535673	400.682587	35.611240	618.829500	-1.007214	-1.007093	-0.974391	-0.693664	-0.465266	-0.127369	0.438362	0.294104	0.086468
0.773200	-218.146913	-182.535673	400.682587	35.611240	618.829500	-0.105186	-0.107292	-0.023607	-0.086063	-0.058826	-0.003829	0.815178	0.546169	0.162182
0.775000	-218.146913	-182.535673	400.682587	35.611240	618.829500	0.797784	0.795028	0.872142	0.586049	0.390767	0.132775	0.571709	0.383312	0.111530
0.776800	-218.146913	-182.535673	400.682587	35.611240	618.829500	1.701515	1.700200	1.725012	0.811198	0.541377	0.178227	-0.106647	-0.070450	-0.027705
0.778600	-218.146913	-182.535673	400.682587	35.611240	618.829500	2.605404	2.606534	2.565556	0.418078	0.278413	0.097625	-0.703525	-0.469710	-0.150304
0.780400	-218.146913	-182.535673	400.682587	35.611240	618.829500	-2.774406	-2.771695	-2.856013	-0.294078	-0.197961	-0.048057	-0.764575	-0.510543	-0.163680
0.782200	-218.146913	-182.535673	400.682587	35.611240	618.829500	-1.871912	-1.869674	-1.945449	-0.783227	-0.525160	-0.148369	-0.243238	-0.161805	-0.058343
0.784000	-218.146913	-182.535673	400.682587	35.611240	618.829500	-0.970166	-0.970080	-0.983192	-0.677038	-0.454124	-0.127441	0.463813	0.311161	0.084888
0.785800	-218.146913	-182.535673	400.682587	35.611240	618.829500	-0.068614	-0.070743	-0.011005	-0.056254	-0.038865	-0.001721	0.818565	0.548466	0.156390
0.787600	-218.146913	-182.535673	400.682587	35.611240	618.829500	0.833418	0.830672	0.918836	0.606758	0.404642	0.132546	0.551114	0.369566	0.101173
0.789400	-218.146913	-182.535673	400.682587	35.611240	618.829500	1.736356	1.735069	1.794553	0.807498	0.538925	0.172568	-0.134924	-0.089336	-0.039271
0.791200	-218.146913	-182.535673	400.682587	35.611240	618.829500	2.640112	2.641267	2.638542	0.393284	0.261852	0.087239	-0.717375	-0.478946	-0.158538
0.793000	-218.146913	-182.535673	400.682587	35.611240	618.829500	-2.739083	-2.736369	-2.799669	-0.320553	-0.215645	-0.059184	-0.752907	-0.502711	-0.166292
0.794800	-218.146913	-182.535673	400.682587	35.611240	618.829500	-1.835628	-1.833416	-1.921210	-0.790651	-0.530099	-0.155978	-0.214426	-0.142506	-0.057010
0.796600	-218.146913	-182.535673	400.682587	35.611240	618.829500	-0.933198	-0.933149	-0.988099	-0.659140	-0.442124	-0.130219	0.488302	0.327567	0.085818
0.798400	-218.146913	-182.535673	400.682587	35.611240	618.829500	-0.031677	-0.033817	-0.014827	-0.026000	-0.018599	-0.002272	0.820505	0.549787	0.153227
0.800200	-218.146913	-182.535673	400.682587	35.611240	618.829500	0.869631	0.866912	0.945147	0.627027	0.418229	0.129709	0.529388	0.355055	0.093711
0.802000	-218.146913	-182.535673	400.682587	35.611240	618.829500	1.771616	1.770371	1.852390	0.803067	0.535991	0.164486	-0.163475	-0.108414	-0.047583
0.803800	-218.146913	-182.535673	400.682587	35.611240	618.829500	2.674807	2.675984	2.711891	0.368257	0.245141	0.074791	-0.730772	-0.487888	-0.163207
0.805600	-218.146913	-182.535673	400.682587	35.611240	618.829500	-2.704198	-2.701496	-2.730961	-0.346381	-0.232891	-0.071921	-0.740760	-0.494568	-0.165190
0.807400	-218.146913	-182.535673	400.682587	35.611240	618.829500	-1.799921	-1.797752	-1.876356	-0.796860	-0.534222	-0.164801	-0.185844	-0.123371	-0.051985
0.809200	-218.146913	-182.535673	400.682587	35.611240	618.829500	-0.896574	-0.896571	-0.977411	-0.640235	-0.429448	-0.133963	0.511644	0.343196	0.090354
0.811000	-218.146913	-182.535673	400.682587	35.611240	618.829500	0.005367	0.003219	-0.023866	0.004406	0.001771	-0.003668	0.820860	0.550038	0.153660
0.812800	-218.146913	-182.535673	400.682587	35.611240	618.829500	0.906334	0.903659	0.951240	0.646568	0.431331	0.126148	0.506444	0.339719	0.089974
0.814600	-218.146913	-182.535673	400.682587	35.611240	618.829500	1.807436	1.806252	1.892428	0.797641	0.532391	0.155932	-0.192358	-0.127724	-0.051957
0.816400	-218.146913	-182.535673	400.682587	35.611240	618.829500	2.709769	2.710976	2.778200	0.342752	0.228111	0.062283	-0.743771	-0.496576	-0.163781
0.818200	-218.146913	-182.535673	400.682587	35.611240	618.829500	-2.669513	-2.666834	-2.657011	-0.371808	-0.249870	-0.084234	-0.728200	-0.486160	-0.160004
0.820000	-218.146913	-182.535673	400.682587	35.611240	618.829500	-1.764750	-1.762643	-1.815021	-0.802132	-0.537719	-0.172786	-0.157557	-0.104444	-0.043058
0.821800	-218.146913	-182.535673	400.682587	35.611240	618.829500	-0.860474	-0.860531	-0.945887	-0.620635	-0.416308	-0.136619	0.533802	0.358021	0.098550
0.823600	-218.146913	-182.535673	400.682587	35.611240	618.829500	0.042236	0.040075	-0.024472	0.034639	0.022022	-0.003857	0.819644	0.549227	0.157590
0.825400	-218.146913	-182.535673	400.682587	35.611240	618.829500	0.943320	0.940697	0.944113	0.665072	0.443736	0.123906	0.482347	0.323602	0.089714
0.827200	-218.146913	-182.535673	400.682587	35.611240	618.829500	1.843819	1.842715	1.911477	0.790945	0.527938	0.148927	-0.221477	-0.147202	-0.052795
0.829000	-218.146913	-182.535673	400.682587	35.611240	618.829500	2.745213	2.746465	2.830528	0.316527	0.210593	0.051704	-0.756279	-0.504943	-0.160819
0.830800	-218.146913	-182.535673	400.682587	35.611240	618.829500	-2.634742	-2.632085	-2.585252	-0.397071	-0.266746	-0.094182	-0.715146	-0.477430	-0.151451
0.832600	-218.146913	-182.535673	400.682587	35.611240	618.829500	-1.729947	-1.727913	-1.743688	-0.806719	-0.540765	-0.178057	-0.129485	-0.085669	-0.031095
0.834400	-218.146913	-182.535673	400.682587	35.611240	618.829500	-0.824954	-0.825087	-0.894756	-0.600614	-0.402895	-0.136388	0.554884	0.372119	0.109401
0.836200	-218.146913	-182.535673	400.682587	35.611240	618.829500	0.078687	0.076502	-0.006868	0.064421	0.041964	-0.001126	0.817015	0.547463	0.163884
0.838000	-218.146913	-182.535673	400.682587	35.611240	618.829500	0.980317	0.977746	0.936501	0.682288	0.455270	0.124608	0.457304	0.306844	0.091676
0.839800	-218.146913	-182.535673	400.682587	35.611240	618.829500	1.880633	1.879622	1.911891	0.782776	0.522491	0.145004	-0.250604	-0.166692	-0.051472
0.841600	-218.146913	-182.535673	400.682587	35.611240	618.829500	2.781235	2.782548	2.863512	0.289418	0.192474	0.044481	-0.768071	-0.512838	-0.155812
0.843400	-218.146913	-182.535673	400.682587	35.611240	618.829500	-2.599619	-2.596977	-2.522998	-0.422319	-0.283621	-0.100455	-0.701392	-0.468236	-0.141131
0.845200	-218.146913	-182.535673	400.682587	35.611240	618.829500	-1.695249	-1.693292	-1.669651	-0.810779	-0.543469	-0.179437	-0.101428	-0.066908	-0.017796
0.847000	-218.146913	-182.535673	400.682587	35.611240	618.829500	-0.789927	-0.790150	-0.829202	-0.580343	-0.389325	-0.132230	0.575110	0.385642	0.121125
0.848800	-218.146913	-182.535673	400.682587	35.611240	618.829500	0.114579	0.112355	0.031772	0.093589	0.061484	0.005425	0.813234	0.544928	0.170692
0.850600	-218.146913	-182.535673	400.682587	35.611240	618.829500	1.017046	1.014521	0.941371	0.698089	0.465848	0.129011	0.431612	0.289651	0.093951
0.852400	-218.146913	-182.535673	400.682587	35.611240	618.829500	1.917641	1.916730	1.903007	0.773060	0.515998	0.144777	-0.279428	-0.185980	-0.049947
0.854200	-218.146913	-182.535673	400.682587	35.611240	618.829500	2.817789	2.819180	2.875559	0.261396	0.173735	0.041083	-0.778853	-0.520056	-0.150767
0.856000	-218.146913	-182.535673	400.682587	35.611240	618.829500	-2.563965	-2.561324	-2.476829	-0.447562	-0.300503	-0.102741	-0.686673	-0.458396	-0.131086
0.857800	-218.146913	-182.535673	400.682587	35.611240	618.829500	-1.660367	-1.658486	-1.600344	-0.814328	-0.545841	-0.176774	-0.073135	-0.047987	-0.005225
0.859600	-218.146913	-182.535673	400.682587	35.611240	618.829500	-0.755185	-0.755505	-0.756106	-0.559848	-0.375614	-0.124158	0.594742	0.398770	0.131653
0.861400	-218.146913	-182.535673	400.682587	35.611240	618.829500	0.149904	0.147627	0.088552	0.122128	0.080573	0.015622	0.808591	0.541819	0.175958
0.863200	-218.146913	-182.535673	400.682587	35.611240	618.829500	1.053297	1.050803	0.966208	0.712499	0.475485	0.136791	0.405587	0.272240	0.094508
0.865000	-218.146913	-182.535673	400.682587	35.611240	618.829500	1.954561	1.953747	1.898401	0.761875	0.508513	0.147774	-0.307634	-0.204848	-0.050221
0.866800	-218.146913	-182.535673	400.682587	35.611240	618.829500	2.854701	2.856182	2.871413	0.232584	0.154458	0.040890	-0.788339	-0.526402	-0.147644
0.868600	-218.146913	-182.535673	400.682587	35.611240	618.829500	-2.527733	-2.525076	-2.451113	-0.472659	-0.317296	-0.101808	-0.670743	-0.447739	-0.123233
0.870400	-218.146913	-182.535673	400.682587	35.611240	618.829500	-1.625059	-1.623243	-1.542931	-0.817233	-0.547790	-0.170985	-0.044389	-0.028756	0.004766
0.872200	-218.146913	-182.535673	400.682587	35.611240	618.829500	-0.720450	-0.720866	-0.682856	-0.539008	-0.361681	-0.113234	0.613999	0.411655	0.139212
0.874000	-218.146913	-182.535673	400.682587	35.611240	618.829500	0.184796	0.182456	0.157506	0.150165	0.099321	0.028270	0.803327	0.538302	0.178000
0.875800	-218.146913	-182.535673	400.682587	35.611240	618.829500	1.088970	1.086491	1.011597	0.725681	0.484295	0.146629	0.379484	0.254786	0.091765
0.877600	-218.146913	-182.535673	400.682587	35.611240	618.829500	1.991132	1.990403	1.909635	0.749434	0.500182	0.152567	-0.334978	-0.223132	-0.053769
0.879400	-218.146913	-182.535673	400.682587	35.611240	618.829500	2.891714	2.893287	2.862428	0.203233	0.134815	0.042371	-0.796326	-0.531735	-0.147813
0.881200	-218.146913	-182.535673	400.682587	35.611240	618.829500	-2.491014	-2.488329	-2.445518	-0.497351	-0.333822	-0.099289	-0.653448	-0.436159	-0.118823
0.883000	-218.146913	-182.535673	400.682587	35.611240	618.829500	-1.589188	-1.587423	-1.503456	-0.819251	-0.549149	-0.163800	-0.015069	-0.009131	0.011047
0.884800	-218.146913	-182.535673	400.682587	35.611240	618.829500	-0.685440	-0.685944	-0.616850	-0.517599	-0.347368	-0.101275	0.632994	0.424375	0.142809
0.886600	-218.146913	-182.535673	400.682587	35.611240	618.829500	0.219493	0.217086	0.231495	0.177926	0.117882	0.041481	0.797564	0.534462	0.175974
0.888400	-218.146913	-182.535673	400.682587	35.611240	618.829500	1.124108	1.121629	1.073309	0.737889	0.492452	0.156583	0.353432	0.237376	0.085032
0.890200	-218.146913	-182.535673	400.682587	35.611240	618.829500	2.027175	2.026516	1.941751	0.736029	0.491207	0.157171	-0.361351	-0.240755	-0.061134
0.892000	-218.146913	-182.535673	400.682587	35.611240	618.829500	2.928543	2.930202	2.862228	0.173661	0.115026	0.043508	-0.802749	-0.536012	-0.151666
0.893800	-218.146913	-182.535673	400.682587	35.611240	618.829500	-2.454019	-2.451297	-2.452849	-0.521321	-0.349863	-0.097225	-0.634777	-0.423648	-0.118102
0.895600	-218.146913	-182.535673	400.682587	35.611240	618.829500	-1.552754	-1.551025	-1.484993	-0.820093	-0.549719	-0.157279	0.014798	0.010870	0.013528
0.897400	-218.146913	-182.535673	400.682587	35.611240	618.829500	-0.649943	-0.650523	-0.565003	-0.495361	-0.332499	-0.090346	0.651692	0.436906	0.142514
0.899200	-218.146913	-182.535673	400.682587	35.611240	618.829500	0.254282	0.251815	0.303086	0.205660	0.136429	0.053198	0.791279	0.530283	0.170113
0.901000	-218.146913	-182.535673	400.682587	35.611240	618.829500	1.158884	1.156398	1.144819	0.749387	0.500140	0.164625	0.327412	0.219997	0.074700
0.902800	-218.146913	-182.535673	400.682587	35.611240	618.829500	2.062640	2.062032	1.993370	0.721952	0.481788	0.159602	-0.386792	-0.257746	-0.071767
0.904600	-218.146913	-182.535673	400.682587	35.611240	618.829500	2.964950	2.966682	2.880415	0.144177	0.095302	0.042368	-0.807696	-0.539293	-0.158512
0.906400	-218.146913	-182.535673	400.682587	35.611240	618.829500	-2.417021	-2.414263	-2.460272	-0.544277	-0.365219	-0.097495	-0.614871	-0.410303	-0.120238
0.908200	-218.146913	-182.535673	400.682587	35.611240	618.829500	-1.515895	-1.514191	-1.484997	-0.819506	-0.549325	-0.153237	0.045037	0.031128	0.013180
0.910000	-218.146913	-182.535673	400.682587	35.611240	618.829500	-0.613868	-0.614507	-0.532610	-0.472083	-0.316925	-0.082188	0.669914	0.449126	0.139437
0.911800	-218.146913	-182.535673	400.682587	35.611240	618.829500	0.289429	0.286913	0.364972	0.233559	0.155096	0.061769	0.784306	0.525651	0.161662
0.913600	-218.146913	-182.535673	400.682587	35.611240	618.829500	1.193562	1.191067	1.218826	0.760375	0.507496	0.169206	0.301268	0.202541	0.062143
0.915400	-218.146913	-182.535673	400.682587	35.611240	618.829500	2.097617	2.097045	2.059234	0.707423	0.472076	0.158425	-0.411475	-0.274224	-0.084184
0.917200	-218.146913	-182.535673	400.682587	35.611240	618.829500	3.000796	3.002583	2.919622	0.115000	0.075794	0.037637	-0.811380	-0.541724	-0.166765
0.919000	-218.146913	-182.535673	400.682587	35.611240	618.829500	-2.380297	-2.377511	-2.454913	-0.566024	-0.379756	-0.101287	-0.593988	-0.396301	-0.123556
0.920800	-218.146913	-182.535673	400.682587	35.611240	618.829500	-1.478849	-1.477164	-1.493951	-0.817343	-0.547866	-0.152737	0.075365	0.051448	0.011760
0.922600	-218.146913	-182.535673	400.682587	35.611240	618.829500	-0.577263	-0.577946	-0.521116	-0.447666	-0.300579	-0.077734	0.687380	0.460843	0.135415
0.924400	-218.146913	-182.535673	400.682587	35.611240	618.829500	0.325108	0.322562	0.410611	0.261697	0.173932	0.066405	0.776391	0.520389	0.152529
0.926200	-218.146913	-182.535673	400.682587	35.611240	618.829500	1.228429	1.225935	1.287896	0.770928	0.514571	0.169688	0.274760	0.184842	0.049328
0.928000	-218.146913	-182.535673	400.682587	35.611240	618.829500	2.132316	2.131772	2.132438	0.692527	0.462130	0.153160	-0.435646	-0.290360	-0.096374
0.929800	-218.146913	-182.535673	400.682587	35.611240	618.829500	3.036080	3.037902	2.976833	0.086216	0.056559	0.028995	-0.814079	-0.543498	-0.174389
0.931600	-218.146913	-182.535673	400.682587	35.611240	618.829500	-2.344056	-2.341258	-2.429481	-0.586510	-0.393438	-0.108770	-0.572441	-0.381857	-0.126007
0.933400	-218.146913	-182.535673	400.682587	35.611240	618.829500	-1.441898	-1.440236	-1.498247	-0.813604	-0.545343	-0.155796	0.105457	0.071608	0.011323
0.935200	-218.146913	-182.535673	400.682587	35.611240	618.829500	-0.540306	-0.541023	-0.525576	-0.422161	-0.283495	-0.076848	0.703784	0.471845	0.132499
0.937000	-218.146913	-182.535673	400.682587	35.611240	618.829500	0.361365	0.358805	0.435729	0.289995	0.192886	0.067395	0.767259	0.514309	0.144757
0.938800	-218.146913	-182.535673	400.682587	35.611240	618.829500	1.263727	1.261249	1.344880	0.780968	0.521313	0.166521	0.247645	0.166731	0.038273
0.940600	-218.146913	-182.535673	400.682587	35.611240	618.829500	2.167016	2.166501	2.205587	0.677198	0.451903	0.144417	-0.459548	-0.306322	-0.106360
0.942400	-218.146913	-182.535673	400.682587	35.611240	618.829500	3.070937	3.072778	3.046029	0.057756	0.037549	0.017203	-0.816057	-0.544796	-0.179463
0.944200	-218.146913	-182.535673	400.682587	35.611240	618.829500	-2.308393	-2.305600	-2.383562	-0.605832	-0.406335	-0.119039	-0.550515	-0.367167	-0.125740
0.946000	-218.146913	-182.535673	400.682587	35.611240	618.829500	-1.405304	-1.403674	-1.486463	-0.808439	-0.541858	-0.161378	0.135025	0.091409	0.013642
0.947800	-218.146913	-182.535673	400.682587	35.611240	618.829500	-0.503256	-0.504006	-0.534494	-0.395764	-0.265806	-0.078367	0.718867	0.481956	0.132383
0.949600	-218.146913	-182.535673	400.682587	35.611240	618.829500	0.398103	0.395545	0.440829	0.318238	0.211810	0.066029	0.756701	0.507266	0.139953
0.951400	-218.146913	-182.535673	400.682587	35.611240	618.829500	1.299588	1.297145	1.383787	0.790287	0.527579	0.161117	0.219747	0.148088	0.030486
0.953200	-218.146913	-182.535673	400.682587	35.611240	618.829500	2.201998	2.201521	2.271289	0.661245	0.441264	0.133725	-0.483342	-0.322222	-0.112748
0.955000	-218.146913	-182.535673	400.682587	35.611240	618.829500	3.105608	3.107461	3.120053	0.029430	0.018634	0.003893	-0.817486	-0.545737	-0.180721
0.956800	-218.146913	-182.535673	400.682587	35.611240	618.829500	-2.273261	-2.270492	-2.321483	-0.624205	-0.418592	-0.130373	-0.528397	-0.352358	-0.121622
0.958600	-218.146913	-182.535673	400.682587	35.611240	618.829500	-1.369241	-1.367659	-1.453759	-0.802103	-0.537588	-0.167685	0.163894	0.110732	0.019716
0.960400	-218.146913	-182.535673	400.682587	35.611240	618.829500	-0.466398	-0.467185	-0.534279	-0.368767	-0.247715	-0.080427	0.732491	0.491080	0.135930
0.962200	-218.146913	-182.535673	400.682587	35.611240	618.829500	0.435111	0.432562	0.433305	0.346120	0.230493	0.064230	0.744629	0.499199	0.138838
0.964000	-218.146913	-182.535673	400.682587	35.611240	618.829500	1.336008	1.333619	1.401666	0.798598	0.533170	0.155454	0.191024	0.128881	0.026546
0.965800	-218.146913	-182.535673	400.682587	35.611240	618.829500	2.237471	2.237048	2.322652	0.644408	0.430033	0.123106	-0.507056	-0.338080	-0.115112
0.967600	-218.146913	-182.535673	400.682587	35.611240	618.829500	3.140381	-3.140937	-3.091714	0.000992	-0.000358	-0.008881	-0.818400	-0.546345	-0.177899
0.969400	-218.146913	-182.535673	400.682587	35.611240	618.829500	-2.238483	-2.235750	-2.249802	-0.641892	-0.430393	-0.140706	-0.506128	-0.337459	-0.113553
0.971200	-218.146913	-182.535673	400.682587	35.611240	618.829500	-1.333756	-1.332238	-1.401659	-0.794892	-0.532734	-0.172656	0.192032	0.129555	0.029484
0.973000	-218.146913	-182.535673	400.682587	35.611240	618.829500	-0.429968	-0.430804	-0.515507	-0.341491	-0.229441	-0.080983	0.744668	0.499224	0.142926
0.974800	-218.146913	-182.535673	400.682587	35.611240	618.829500	0.472113	0.469573	0.426080	0.373325	0.248719	0.064021	0.731110	0.490155	0.141051
0.976600	-218.146913	-182.535673	400.682587	35.611240	618.829500	1.372848	1.370526	1.401250	0.805612	0.537889	0.151527	0.161586	0.109187	0.025940
0.978400	-218.146913	-182.535673	400.682587	35.611240	618.829500	2.273521	2.273172	2.354456	0.626438	0.418039	0.114515	-0.530567	-0.353810	-0.114117
0.980200	-218.146913	-182.535673	400.682587	35.611240	618.829500	-3.107666	-3.105777	-3.030199	-0.027786	-0.019583	-0.019218	-0.818687	-0.546541	-0.171813
0.982000	-218.146913	-182.535673	400.682587	35.611240	618.829500	-2.203792	-2.201102	-2.175833	-0.659122	-0.441895	-0.148209	-0.483606	-0.322399	-0.102495
0.983800	-218.146913	-182.535673	400.682587	35.611240	618.829500	-1.298755	-1.297316	-1.335493	-0.787057	-0.527471	-0.174547	0.219556	0.147960	0.041847
0.985600	-218.146913	-182.535673	400.682587	35.611240	618.829500	-0.394101	-0.395001	-0.475735	-0.314201	-0.211165	-0.078385	0.755550	0.506497	0.152144
0.987400	-218.146913	-182.535673	400.682587	35.611240	618.829500	0.508834	0.506296	0.431937	0.399600	0.266314	0.066955	0.716348	0.480273	0.145250
0.989200	-218.146913	-182.535673	400.682587	35.611240	618.829500	1.409867	1.407618	1.392236	0.811119	0.541590	0.150786	0.131672	0.089169	0.027214
0.991000	-218.146913	-182.535673	400.682587	35.611240	618.829500	2.310098	2.309838	2.365402	0.607173	0.405168	0.109294	-0.553626	-0.369243	-0.111325
0.992800	-218.146913	-182.535673	400.682587	35.611240	618.829500	-3.071992	-3.070064	-2.985090	-0.057034	-0.039133	-0.025898	-0.818114	-0.546166	-0.164128
0.994600	-218.146913	-182.535673	400.682587	35.611240	618.829500	-2.168903	-2.166253	-2.107007	-0.676023	-0.453188	-0.151794	-0.460616	-0.307029	-0.090210
0.996400	-218.146913	-182.535673	400.682587	35.611240	618.829500	-1.264024	-1.262674	-1.262191	-0.778740	-0.521896	-0.172413	0.246684	0.166098	0.054964
0.998200	-218.146913	-182.535673	400.682587	35.611240	618.829500	-0.358797	-0.359775	-0.418099	-0.287044	-0.192989	-0.071835	0.765388	0.513070	0.161682
1.000000	-218.146913	-182.535673	400.682587	35.611240	618.829500	0.545067	0.542516	0.457967	0.424821	0.283193	0.073683	0.700633	0.469753	0.149482
