#model:pConst	end_point_b=1.00
#t	l_1	l_2	l_3	l_2-l_1	l_3-l_1	phase_1	phase_2	phase_3	RePsi_1	RePsi_2	RePsi_3	ImPsi_1	ImPsi_2	ImPsi_3
0.101800	-503.281098	-325.293084	828.574181	177.988014	1331.855279	2.472038	2.492955	3.116961	0.504467	0.330917	0.004880	-0.637333	-0.436533	-0.198061
0.103600	-503.281098	-325.293084	828.574181	177.988014	1331.855279	-2.903031	-2.876752	-1.976850	-0.186016	-0.142125	-0.268670	-0.764890	-0.524036	-0.115514
0.105400	-503.281098	-325.293084	828.574181	177.988014	1331.855279	-1.983835	-1.972728	-0.962831	-0.687138	-0.485815	-0.326779	-0.301138	-0.206506	0.227403
0.107200	-503.281098	-325.293084	828.574181	177.988014	1331.855279	-1.053410	-1.069124	-0.019532	-0.614324	-0.436704	-0.009810	0.349610	0.239522	0.502197
0.109000	-503.281098	-325.293084	828.574181	177.988014	1331.855279	-0.114132	-0.150046	0.890864	-0.075030	-0.067934	0.466190	0.654541	0.449351	0.376938
0.110800	-503.281098	-325.293084	828.574181	177.988014	1331.855279	0.833775	0.802024	1.783831	0.447757	0.290254	0.670977	0.406403	0.280760	-0.145144
0.112600	-503.281098	-325.293084	828.574181	177.988014	1331.855279	1.797582	1.797894	2.666709	0.528727	0.346724	0.347897	-0.122006	-0.080122	-0.676678
0.114400	-503.281098	-325.293084	828.574181	177.988014	1331.855279	2.795026	2.832820	-2.739744	0.161305	0.096466	-0.321033	-0.446651	-0.302424	-0.755418
0.116200	-503.281098	-325.293084	828.574181	177.988014	1331.855279	-2.431546	-2.391240	-1.866798	-0.267860	-0.196600	-0.827273	-0.311606	-0.210886	-0.252285
0.118000	-503.281098	-325.293084	828.574181	177.988014	1331.855279	-1.300286	-1.309165	-0.996059	-0.353124	-0.255282	-0.748785	0.097924	0.068357	0.484967
0.119800	-503.281098	-325.293084	828.574181	177.988014	1331.855279	-0.123810	-0.182844	-0.126351	-0.043839	-0.044750	-0.113652	0.352272	0.242012	0.894703
0.121600	-503.281098	-325.293084	828.574181	177.988014	1331.855279	1.032370	0.993391	0.743324	0.322458	0.204678	0.605011	0.192601	0.133341	0.658190
0.123400	-503.281098	-325.293084	828.574181	177.988014	1331.855279	2.134369	2.158166	1.613945	0.351617	0.224019	0.867848	-0.222200	-0.149141	-0.037470
0.125200	-503.281098	-325.293084	828.574181	177.988014	1331.855279	-3.094117	-3.042057	2.486630	-0.022124	-0.031383	0.503387	-0.465646	-0.314256	-0.655396
0.127000	-503.281098	-325.293084	828.574181	177.988014	1331.855279	-2.074254	-2.041864	-2.920320	-0.458288	-0.328775	-0.168597	-0.252426	-0.167448	-0.749464
0.128800	-503.281098	-325.293084	828.574181	177.988014	1331.855279	-1.085096	-1.089467	-2.038303	-0.518302	-0.368656	-0.620742	0.273600	0.192550	-0.313372
0.130600	-503.281098	-325.293084	828.574181	177.988014	1331.855279	-0.125838	-0.153657	-1.146787	-0.081718	-0.069192	-0.555668	0.645961	0.446755	0.250823
0.132400	-503.281098	-325.293084	828.574181	177.988014	1331.855279	0.807521	0.782398	-0.238913	0.513976	0.338445	-0.121490	0.491723	0.340482	0.498802
0.134200	-503.281098	-325.293084	828.574181	177.988014	1331.855279	1.723179	1.720284	0.699543	0.750575	0.499816	0.263803	-0.115268	-0.075278	0.313489
0.136000	-503.281098	-325.293084	828.574181	177.988014	1331.855279	2.630853	2.651263	1.702659	0.386663	0.250083	0.301148	-0.690062	-0.468486	-0.039942
0.137800	-503.281098	-325.293084	828.574181	177.988014	1331.855279	-2.744587	-2.716492	2.864028	-0.311806	-0.228441	0.056743	-0.743690	-0.504614	-0.199155
0.139600	-503.281098	-325.293084	828.574181	177.988014	1331.855279	-1.832714	-1.816988	-1.912325	-0.781517	-0.550110	-0.144773	-0.209506	-0.138237	-0.051461
0.141400	-503.281098	-325.293084	828.574181	177.988014	1331.855279	-0.917295	-0.925141	-0.332155	-0.637451	-0.451391	-0.061862	0.488125	0.340066	0.179343
0.143200	-503.281098	-325.293084	828.574181	177.988014	1331.855279	-0.001606	-0.028399	0.888447	-0.001266	-0.015525	0.218189	0.788680	0.546537	0.177290
0.145000	-503.281098	-325.293084	828.574181	177.988014	1331.855279	0.912250	0.884682	1.914812	0.604297	0.399699	0.363766	0.467591	0.327284	-0.130323
0.146800	-503.281098	-325.293084	828.574181	177.988014	1331.855279	1.826665	1.818894	2.863443	0.701879	0.467386	0.134847	-0.183614	-0.118397	-0.472231
0.148600	-503.281098	-325.293084	828.574181	177.988014	1331.855279	2.749448	2.769135	-2.506736	0.256712	0.163350	-0.349504	-0.620730	-0.418104	-0.474495
0.150400	-503.281098	-325.293084	828.574181	177.988014	1331.855279	-2.590719	-2.557994	-1.612369	-0.317275	-0.229503	-0.676998	-0.516475	-0.347561	-0.028161
0.152200	-503.281098	-325.293084	828.574181	177.988014	1331.855279	-1.614644	-1.598936	-0.728678	-0.536008	-0.379960	-0.501698	-0.023518	-0.010695	0.562101
0.154000	-503.281098	-325.293084	828.574181	177.988014	1331.855279	-0.596417	-0.621919	0.148569	-0.265205	-0.195725	0.120636	0.390644	0.273049	0.806006
0.155800	-503.281098	-325.293084	828.574181	177.988014	1331.855279	0.465396	0.408099	1.021865	0.188497	0.114039	0.734350	0.375352	0.263751	0.449155
0.157600	-503.281098	-325.293084	828.574181	177.988014	1331.855279	1.566580	1.532351	1.892832	0.383082	0.247382	0.844172	0.001615	0.009515	-0.281658
0.159400	-503.281098	-325.293084	828.574181	177.988014	1331.855279	2.702226	2.737719	2.762647	0.154591	0.092119	0.333557	-0.328913	-0.215551	-0.837681
0.161200	-503.281098	-325.293084	828.574181	177.988014	1331.855279	-2.424516	-2.362601	-2.650894	-0.240748	-0.176958	-0.422113	-0.276116	-0.179240	-0.790050
0.163000	-503.281098	-325.293084	828.574181	177.988014	1331.855279	-1.283698	-1.264565	-1.780456	-0.380938	-0.271841	-0.853222	0.112474	0.085950	-0.181555
0.164800	-503.281098	-325.293084	828.574181	177.988014	1331.855279	-0.197870	-0.226749	-0.908114	-0.089097	-0.071988	-0.655817	0.444390	0.312018	0.511807
0.166600	-503.281098	-325.293084	828.574181	177.988014	1331.855279	0.823340	0.785870	-0.032403	0.383419	0.250660	-0.025119	0.355374	0.250424	0.774935
0.168400	-503.281098	-325.293084	828.574181	177.988014	1331.855279	1.795505	1.784375	0.848831	0.577675	0.382587	0.528349	-0.132038	-0.082978	0.465238
0.170200	-503.281098	-325.293084	828.574181	177.988014	1331.855279	2.739526	2.760473	1.739099	0.255796	0.161641	0.610813	-0.601545	-0.403387	-0.103783
0.172000	-503.281098	-325.293084	828.574181	177.988014	1331.855279	-2.611977	-2.577960	2.644760	-0.355273	-0.256524	0.249920	-0.606889	-0.405878	-0.460939
0.173800	-503.281098	-325.293084	828.574181	177.988014	1331.855279	-1.684701	-1.662076	-2.704380	-0.738151	-0.517922	-0.178395	-0.084444	-0.047407	-0.381691
0.175600	-503.281098	-325.293084	828.574181	177.988014	1331.855279	-0.760987	-0.763045	-1.711306	-0.534886	-0.377922	-0.312204	0.561659	0.395207	-0.044159
0.177400	-503.281098	-325.293084	828.574181	177.988014	1331.855279	0.156339	0.133759	-0.575698	0.124779	0.074356	-0.117906	0.791618	0.552575	0.181662
0.179200	-503.281098	-325.293084	828.574181	177.988014	1331.855279	1.065345	1.039651	0.888792	0.714850	0.478762	0.120703	0.395599	0.281252	0.098009
0.181000	-503.281098	-325.293084	828.574181	177.988014	1331.855279	1.967935	1.958136	2.497198	0.753983	0.505813	0.109253	-0.316239	-0.206345	-0.145400
0.182800	-503.281098	-325.293084	828.574181	177.988014	1331.855279	2.869858	2.883505	-2.531291	0.214761	0.136701	-0.154748	-0.770785	-0.517855	-0.221269
0.184600	-503.281098	-325.293084	828.574181	177.988014	1331.855279	-2.504535	-2.477338	-1.491580	-0.455383	-0.322367	-0.373609	-0.615398	-0.411737	0.029658
0.186400	-503.281098	-325.293084	828.574181	177.988014	1331.855279	-1.582375	-1.562927	-0.537334	-0.718625	-0.503173	-0.245639	-0.008321	0.003960	0.412277
0.188200	-503.281098	-325.293084	828.574181	177.988014	1331.855279	-0.643824	-0.650641	0.378462	-0.399498	-0.285272	0.213931	0.532307	0.374758	0.538015
0.190000	-503.281098	-325.293084	828.574181	177.988014	1331.855279	0.310450	0.275678	1.274418	0.186395	0.115775	0.639288	0.580989	0.409272	0.195221
0.191800	-503.281098	-325.293084	828.574181	177.988014	1331.855279	1.279923	1.238685	2.159092	0.529616	0.351522	0.620358	0.158548	0.121235	-0.413835
0.193600	-503.281098	-325.293084	828.574181	177.988014	1331.855279	2.270996	2.258973	3.036953	0.376518	0.248122	0.084493	-0.317266	-0.204025	-0.804517
0.195400	-503.281098	-325.293084	828.574181	177.988014	1331.855279	-2.981046	-2.945072	-2.372581	-0.068869	-0.055445	-0.595702	-0.425275	-0.278492	-0.615553
0.197200	-503.281098	-325.293084	828.574181	177.988014	1331.855279	-1.883537	-1.833015	-1.501452	-0.359746	-0.254055	-0.885480	-0.116325	-0.068188	0.061502
0.199000	-503.281098	-325.293084	828.574181	177.988014	1331.855279	-0.714674	-0.712666	-0.631611	-0.230153	-0.165901	-0.532153	0.265249	0.191976	0.727397
0.200800	-503.281098	-325.293084	828.574181	177.988014	1331.855279	0.469865	0.417839	0.237968	0.163841	0.102615	0.211513	0.322652	0.231123	0.871990
0.202600	-503.281098	-325.293084	828.574181	177.988014	1331.855279	1.598764	1.557790	1.108267	0.403138	0.265451	0.783701	-0.011278	0.003453	0.390755
0.204400	-503.281098	-325.293084	828.574181	177.988014	1331.855279	2.658760	2.670492	1.980376	0.213020	0.135242	0.767845	-0.406359	-0.265518	-0.333346
0.206200	-503.281098	-325.293084	828.574181	177.988014	1331.855279	-2.610999	-2.566794	2.855685	-0.261715	-0.188811	0.220617	-0.446069	-0.291482	-0.750496
0.208000	-503.281098	-325.293084	828.574181	177.988014	1331.855279	-1.624744	-1.588193	-2.546973	-0.574544	-0.401566	-0.399129	-0.031026	-0.006987	-0.590194
0.209800	-503.281098	-325.293084	828.574181	177.988014	1331.855279	-0.658451	-0.652211	-1.657947	-0.387938	-0.272688	-0.627052	0.501454	0.357063	-0.054787
0.211600	-503.281098	-325.293084	828.574181	177.988014	1331.855279	0.287976	0.267156	-0.754507	0.196538	0.127866	-0.366629	0.663508	0.467178	0.390010
0.213400	-503.281098	-325.293084	828.574181	177.988014	1331.855279	1.214861	1.187372	0.175312	0.698061	0.471007	0.075507	0.259518	0.189999	0.426277
0.215200	-503.281098	-325.293084	828.574181	177.988014	1331.855279	2.126412	2.114036	1.159260	0.667492	0.449634	0.299552	-0.414418	-0.271508	0.130742
0.217000	-503.281098	-325.293084	828.574181	177.988014	1331.855279	3.030016	3.041551	2.271995	0.090172	0.054053	0.172961	-0.804808	-0.538507	-0.146038
0.218800	-503.281098	-325.293084	828.574181	177.988014	1331.855279	-2.349654	-2.323211	-2.589840	-0.580950	-0.405537	-0.083097	-0.573399	-0.379630	-0.135003
0.220600	-503.281098	-325.293084	828.574181	177.988014	1331.855279	-1.440698	-1.418767	-0.962041	-0.801118	-0.556225	-0.143444	0.104816	0.085220	0.099990
0.222400	-503.281098	-325.293084	828.574181	177.988014	1331.855279	-0.524906	-0.523936	0.329364	-0.395626	-0.278382	0.083795	0.683181	0.481797	0.245147
0.224200	-503.281098	-325.293084	828.574181	177.988014	1331.855279	0.395386	0.372720	1.384081	0.294137	0.194398	0.356771	0.704747	0.497189	0.067400
0.226000	-503.281098	-325.293084	828.574181	177.988014	1331.855279	1.317267	1.284903	2.344686	0.706488	0.477631	0.335093	0.183055	0.140398	-0.327468
0.227800	-503.281098	-325.293084	828.574181	177.988014	1331.855279	2.241512	2.222733	-3.019594	0.536511	0.362331	-0.069184	-0.425678	-0.276555	-0.564271
0.229600	-503.281098	-325.293084	828.574181	177.988014	1331.855279	-3.107853	-3.096439	-2.121975	-0.021147	-0.018746	-0.561559	-0.626543	-0.414886	-0.345206
0.231400	-503.281098	-325.293084	828.574181	177.988014	1331.855279	-2.150641	-2.115536	-1.236369	-0.467111	-0.324155	-0.697062	-0.305932	-0.196402	0.242214
0.233200	-503.281098	-325.293084	828.574181	177.988014	1331.855279	-1.152139	-1.125016	-0.357970	-0.445208	-0.310029	-0.281278	0.198101	0.148151	0.751905
0.235000	-503.281098	-325.293084	828.574181	177.988014	1331.855279	-0.097503	-0.113874	0.516008	-0.041403	-0.034629	0.420483	0.423290	0.302785	0.741234
0.236800	-503.281098	-325.293084	828.574181	177.988014	1331.855279	1.012419	0.953075	1.387349	0.324857	0.215699	0.870178	0.202935	0.153248	0.161447
0.238600	-503.281098	-325.293084	828.574181	177.988014	1331.855279	2.155032	2.113434	2.257317	0.304343	0.202335	0.696561	-0.201244	-0.122012	-0.570835
0.240400	-503.281098	-325.293084	828.574181	177.988014	1331.855279	-2.982033	-2.952342	3.126927	-0.058663	-0.044646	0.013177	-0.364527	-0.233085	-0.898434
0.242200	-503.281098	-325.293084	828.574181	177.988014	1331.855279	-1.853743	-1.793276	-2.286057	-0.378470	-0.262001	-0.663514	-0.110039	-0.059271	-0.576406
0.244000	-503.281098	-325.293084	828.574181	177.988014	1331.855279	-0.760955	-0.732998	-1.414217	-0.302822	-0.209392	-0.831862	0.318000	0.232572	0.131327
0.245800	-503.281098	-325.293084	828.574181	177.988014	1331.855279	0.282709	0.265737	-0.539391	0.139748	0.093367	-0.405281	0.481075	0.343041	0.677045
0.247600	-503.281098	-325.293084	828.574181	177.988014	1331.855279	1.276114	1.241425	0.340375	0.546788	0.371147	0.240652	0.165961	0.126867	0.679501
0.249400	-503.281098	-325.293084	828.574181	177.988014	1331.855279	2.230217	2.210582	1.228216	0.505760	0.342251	0.601993	-0.392053	-0.254707	0.214696
0.251200	-503.281098	-325.293084	828.574181	177.988014	1331.855279	-3.122783	-3.113154	2.129679	-0.013128	-0.013174	0.462948	-0.697871	-0.463125	-0.289525
0.253000	-503.281098	-325.293084	828.574181	177.988014	1331.855279	-2.203017	-2.173725	3.055773	-0.598566	-0.413482	0.038090	-0.438462	-0.284660	-0.442741
0.254800	-503.281098	-325.293084	828.574181	177.988014	1331.855279	-1.285276	-1.258233	-2.251620	-0.741688	-0.510620	-0.262981	0.217716	0.165010	-0.213021
0.256600	-503.281098	-325.293084	828.574181	177.988014	1331.855279	-0.367222	-0.360331	-1.159622	-0.285194	-0.197262	-0.216884	0.741397	0.523546	0.094567
0.258400	-503.281098	-325.293084	828.574181	177.988014	1331.855279	0.548903	0.532351	0.218058	0.421645	0.287315	0.035207	0.689416	0.487735	0.158890
0.260200	-503.281098	-325.293084	828.574181	177.988014	1331.855279	1.459978	1.432345	1.856271	0.807854	0.552226	0.161750	0.089893	0.076949	-0.047472
0.262000	-503.281098	-325.293084	828.574181	177.988014	1331.855279	2.365797	2.347078	-3.095584	0.563292	0.385134	-0.011418	-0.574215	-0.378175	-0.248002
0.263800	-503.281098	-325.293084	828.574181	177.988014	1331.855279	-3.012573	-3.008126	-2.024219	-0.100239	-0.069086	-0.315903	-0.772612	-0.514548	-0.153934
0.265600	-503.281098	-325.293084	828.574181	177.988014	1331.855279	-2.101059	-2.075973	-1.056873	-0.635576	-0.435949	-0.398127	-0.372619	-0.241098	0.224751
0.267400	-503.281098	-325.293084	828.574181	177.988014	1331.855279	-1.174205	-1.147890	-0.134802	-0.628604	-0.431798	-0.074989	0.263247	0.194336	0.552918
0.269200	-503.281098	-325.293084	828.574181	177.988014	1331.855279	-0.225454	-0.222018	0.764524	-0.138637	-0.096778	0.449785	0.604469	0.428714	0.468965
0.271000	-503.281098	-325.293084	828.574181	177.988014	1331.855279	0.747656	0.717046	1.651164	0.380002	0.258592	0.727576	0.409825	0.296600	-0.058600
0.272800	-503.281098	-325.293084	828.574181	177.988014	1331.855279	1.745334	1.696598	2.530239	0.492825	0.336999	0.457091	-0.086901	-0.042620	-0.652116
0.274600	-503.281098	-325.293084	828.574181	177.988014	1331.855279	2.772379	2.747596	-2.878528	0.160560	0.111107	-0.220390	-0.414927	-0.267254	-0.818361
0.276400	-503.281098	-325.293084	828.574181	177.988014	1331.855279	-2.438705	-2.406048	-2.006936	-0.255090	-0.172270	-0.799660	-0.301085	-0.190364	-0.372700
0.278200	-503.281098	-325.293084	828.574181	177.988014	1331.855279	-1.303234	-1.244764	-1.136882	-0.346460	-0.234671	-0.816382	0.094977	0.079342	0.378285
0.280000	-503.281098	-325.293084	828.574181	177.988014	1331.855279	-0.120317	-0.107570	-0.267322	-0.042492	-0.027427	-0.237648	0.351462	0.253983	0.867717
0.281800	-503.281098	-325.293084	828.574181	177.988014	1331.855279	1.041192	0.999181	0.602717	0.332608	0.228192	0.499966	0.194704	0.146785	0.726553
0.283600	-503.281098	-325.293084	828.574181	177.988014	1331.855279	2.129665	2.088086	1.474298	0.374868	0.256501	0.843068	-0.234433	-0.145941	0.081608
0.285400	-503.281098	-325.293084	828.574181	177.988014	1331.855279	-3.132205	-3.132574	2.348738	-0.004761	-0.002988	0.566769	-0.507121	-0.331333	-0.558380
0.287200	-503.281098	-325.293084	828.574181	177.988014	1331.855279	-2.151388	-2.117044	-3.055290	-0.476200	-0.324511	-0.062835	-0.312394	-0.197288	-0.726268
0.289000	-503.281098	-325.293084	828.574181	177.988014	1331.855279	-1.191028	-1.153310	-2.168487	-0.581638	-0.395320	-0.536216	0.232157	0.175348	-0.365031
0.290800	-503.281098	-325.293084	828.574181	177.988014	1331.855279	-0.242778	-0.227318	-1.268899	-0.163163	-0.107937	-0.531561	0.658812	0.466620	0.165537
0.292600	-503.281098	-325.293084	828.574181	177.988014	1331.855279	0.693544	0.681192	-0.346411	0.465320	0.322532	-0.154785	0.559742	0.397876	0.428807
0.294400	-503.281098	-325.293084	828.574181	177.988014	1331.855279	1.616098	1.589301	0.621713	0.770612	0.531282	0.203917	-0.034934	-0.009832	0.284602
0.296200	-503.281098	-325.293084	828.574181	177.988014	1331.855279	2.525850	2.505916	1.694949	0.464296	0.321225	0.245177	-0.656248	-0.435356	-0.030597
0.298000	-503.281098	-325.293084	828.574181	177.988014	1331.855279	-2.855446	-2.853705	3.030846	-0.231470	-0.155332	0.018556	-0.786722	-0.524569	-0.166871
0.299800	-503.281098	-325.293084	828.574181	177.988014	1331.855279	-1.954241	-1.932297	-1.613237	-0.758423	-0.516177	-0.163107	-0.305957	-0.195175	-0.006927
0.301600	-503.281098	-325.293084	828.574181	177.988014	1331.855279	-1.047074	-1.021232	-0.240393	-0.692096	-0.470714	-0.056616	0.399696	0.288315	0.230961
0.303400	-503.281098	-325.293084	828.574181	177.988014	1331.855279	-0.130366	-0.120451	0.849240	-0.099989	-0.065034	0.255116	0.762634	0.537305	0.224457
0.305200	-503.281098	-325.293084	828.574181	177.988014	1331.855279	0.795358	0.779305	1.824049	0.522783	0.362057	0.431502	0.512472	0.366496	-0.111677
0.307000	-503.281098	-325.293084	828.574181	177.988014	1331.855279	1.727333	1.692985	2.749710	0.680789	0.471323	0.209012	-0.107447	-0.057879	-0.505767
0.308800	-503.281098	-325.293084	828.574181	177.988014	1331.855279	2.665073	2.635813	-2.632199	0.292938	0.206850	-0.312193	-0.567494	-0.373488	-0.558921
0.310600	-503.281098	-325.293084	828.574181	177.988014	1331.855279	-2.668212	-2.667430	-1.744437	-0.263601	-0.173711	-0.710909	-0.514618	-0.338476	-0.124699
0.312400	-503.281098	-325.293084	828.574181	177.988014	1331.855279	-1.690635	-1.655838	-0.864717	-0.505946	-0.340069	-0.600985	-0.060924	-0.028990	0.512480
0.314200	-503.281098	-325.293084	828.574181	177.988014	1331.855279	-0.662493	-0.624454	0.010059	-0.271266	-0.180470	0.008477	0.347729	0.250425	0.842701
0.316000	-503.281098	-325.293084	828.574181	177.988014	1331.855279	0.435162	0.429476	0.881842	0.162934	0.115868	0.678747	0.350484	0.252995	0.559003
0.317800	-503.281098	-325.293084	828.574181	177.988014	1331.855279	1.590997	1.533360	1.751993	0.359735	0.250578	0.883986	-0.007268	0.009385	-0.161951
0.319600	-503.281098	-325.293084	828.574181	177.988014	1331.855279	2.754491	2.708981	2.621581	0.137535	0.099529	0.447452	-0.337367	-0.215532	-0.781469
0.321400	-503.281098	-325.293084	828.574181	177.988014	1331.855279	-2.400821	-2.379784	-2.791618	-0.264563	-0.174104	-0.303340	-0.289296	-0.182518	-0.831068
0.323200	-503.281098	-325.293084	828.574181	177.988014	1331.855279	-1.316381	-1.261093	-1.920219	-0.420354	-0.279422	-0.800171	0.109313	0.089415	-0.291562
0.325000	-503.281098	-325.293084	828.574181	177.988014	1331.855279	-0.270426	-0.235774	-1.046160	-0.130331	-0.080481	-0.694176	0.470142	0.334999	0.401744
0.326800	-503.281098	-325.293084	828.574181	177.988014	1331.855279	0.738315	0.733105	-0.167673	0.370759	0.262016	-0.123004	0.407426	0.290959	0.726707
0.328600	-503.281098	-325.293084	828.574181	177.988014	1331.855279	1.710601	1.681090	0.718028	0.612528	0.426612	0.432992	-0.086196	-0.047244	0.495649
0.330400	-503.281098	-325.293084	828.574181	177.988014	1331.855279	2.652136	2.626826	1.615790	0.321110	0.226498	0.566756	-0.602808	-0.400432	-0.025518
0.332200	-503.281098	-325.293084	828.574181	177.988014	1331.855279	-2.710101	-2.711445	2.534998	-0.307934	-0.204104	0.266366	-0.668800	-0.444864	-0.383889
0.334000	-503.281098	-325.293084	828.574181	177.988014	1331.855279	-1.798707	-1.776530	-2.786848	-0.753912	-0.508841	-0.125646	-0.174862	-0.106188	-0.339203
0.335800	-503.281098	-325.293084	828.574181	177.988014	1331.855279	-0.888321	-0.859694	-1.730224	-0.617760	-0.414853	-0.254523	0.502092	0.357374	-0.040925
0.337600	-503.281098	-325.293084	828.574181	177.988014	1331.855279	0.024990	0.039924	-0.434206	0.020142	0.022574	-0.073236	0.805858	0.565130	0.157932
0.339400	-503.281098	-325.293084	828.574181	177.988014	1331.855279	0.940339	0.931525	1.195111	0.652237	0.455906	0.147899	0.476013	0.338926	0.058334
0.341200	-503.281098	-325.293084	828.574181	177.988014	1331.855279	1.854370	1.827750	2.611260	0.768652	0.536081	0.115091	-0.224006	-0.140862	-0.196278
0.343000	-503.281098	-325.293084	828.574181	177.988014	1331.855279	2.765191	2.739235	-2.561606	0.287715	0.207079	-0.179825	-0.727940	-0.486586	-0.274479
0.344800	-503.281098	-325.293084	828.574181	177.988014	1331.855279	-2.607846	-2.613791	-1.578542	-0.381583	-0.251286	-0.434180	-0.645698	-0.431046	-0.003363
0.346600	-503.281098	-325.293084	828.574181	177.988014	1331.855279	-1.690975	-1.671048	-0.649123	-0.696128	-0.467225	-0.324307	-0.084065	-0.046998	0.427383
0.348400	-503.281098	-325.293084	828.574181	177.988014	1331.855279	-0.756835	-0.725779	0.254079	-0.439058	-0.291955	0.158496	0.464884	0.329021	0.610325
0.350200	-503.281098	-325.293084	828.574181	177.988014	1331.855279	0.205215	0.219573	1.142929	0.116558	0.088147	0.649163	0.559985	0.394975	0.296046
0.352000	-503.281098	-325.293084	828.574181	177.988014	1331.855279	1.202228	1.178559	2.023331	0.473011	0.332775	0.704247	0.182685	0.137660	-0.342394
0.353800	-503.281098	-325.293084	828.574181	177.988014	1331.855279	2.235999	2.182274	2.898566	0.354383	0.252934	0.201580	-0.278004	-0.177337	-0.813061
0.355600	-503.281098	-325.293084	828.574181	177.988014	1331.855279	-2.976017	-3.012575	-2.512531	-0.066631	-0.033814	-0.515467	-0.398734	-0.260636	-0.708372
0.357400	-503.281098	-325.293084	828.574181	177.988014	1331.855279	-1.862360	-1.833918	-1.642214	-0.355300	-0.230676	-0.895108	-0.106631	-0.062137	-0.064035
0.359200	-503.281098	-325.293084	828.574181	177.988014	1331.855279	-0.706535	-0.643738	-0.772604	-0.232291	-0.146820	-0.629028	0.272156	0.195664	0.645334
0.361000	-503.281098	-325.293084	828.574181	177.988014	1331.855279	0.458769	0.481423	0.097261	0.165841	0.124589	0.086167	0.335768	0.238483	0.883139
0.362800	-503.281098	-325.293084	828.574181	177.988014	1331.855279	1.578071	1.547737	0.968397	0.421670	0.298611	0.705438	-0.003068	0.006887	0.485105
0.364600	-503.281098	-325.293084	828.574181	177.988014	1331.855279	2.626363	2.585987	1.842051	0.240252	0.174093	0.778726	-0.424289	-0.280414	-0.216571
0.366400	-503.281098	-325.293084	828.574181	177.988014	1331.855279	-2.666251	-2.677452	2.719943	-0.255012	-0.164286	0.304845	-0.495453	-0.328168	-0.679618
0.368200	-503.281098	-325.293084	828.574181	177.988014	1331.855279	-1.709627	-1.686450	-2.678469	-0.614487	-0.409141	-0.298142	-0.085862	-0.047531	-0.597067
0.370000	-503.281098	-325.293084	828.574181	177.988014	1331.855279	-0.768796	-0.732945	-1.782297	-0.468537	-0.308105	-0.564887	0.484358	0.342249	-0.121288
0.371800	-503.281098	-325.293084	828.574181	177.988014	1331.855279	0.165140	0.187812	-0.866099	0.118193	0.094105	-0.364588	0.709195	0.495153	0.310027
0.373600	-503.281098	-325.293084	828.574181	177.988014	1331.855279	1.093224	1.090061	0.088895	0.673264	0.474048	0.033154	0.348433	0.247238	0.371972
0.375400	-503.281098	-325.293084	828.574181	177.988014	1331.855279	2.012825	1.989535	1.130218	0.714920	0.502207	0.243114	-0.338344	-0.223512	0.114625
0.377200	-503.281098	-325.293084	828.574181	177.988014	1331.855279	2.922514	2.897509	2.388785	0.176854	0.133469	0.123786	-0.794307	-0.535914	-0.132130
0.379000	-503.281098	-325.293084	828.574181	177.988014	1331.855279	-2.458398	-2.466493	-2.283382	-0.518539	-0.342893	-0.117852	-0.637058	-0.428301	-0.101828
0.380800	-503.281098	-325.293084	828.574181	177.988014	1331.855279	-1.557499	-1.542556	-0.823540	-0.810730	-0.543136	-0.159654	0.010781	0.015342	0.147917
0.382600	-503.281098	-325.293084	828.574181	177.988014	1331.855279	-0.650671	-0.623667	0.309347	-0.474207	-0.312785	0.096394	0.622921	0.434750	0.301602
0.384400	-503.281098	-325.293084	828.574181	177.988014	1331.855279	0.267839	0.286011	1.301261	0.196449	0.146687	0.407420	0.715835	0.498810	0.112553
0.386200	-503.281098	-325.293084	828.574181	177.988014	1331.855279	1.200066	1.192599	2.234742	0.647519	0.456313	0.413961	0.251693	0.181304	-0.323902
0.388000	-503.281098	-325.293084	828.574181	177.988014	1331.855279	2.144549	2.111250	3.140118	0.540443	0.384093	0.000915	-0.349276	-0.230474	-0.620710
0.389800	-503.281098	-325.293084	828.574181	177.988014	1331.855279	3.100251	3.061845	-2.252929	0.024316	0.031557	-0.547201	-0.587830	-0.394866	-0.444434
0.391600	-503.281098	-325.293084	828.574181	177.988014	1331.855279	-2.210518	-2.222016	-1.371742	-0.423199	-0.274817	-0.760783	-0.314908	-0.209447	0.153469
0.393400	-503.281098	-325.293084	828.574181	177.988014	1331.855279	-1.204754	-1.172756	-0.496047	-0.431679	-0.281518	-0.396217	0.165470	0.118374	0.732134
0.395200	-503.281098	-325.293084	828.574181	177.988014	1331.855279	-0.139424	-0.091498	0.376277	-0.055757	-0.025418	0.320692	0.397310	0.277017	0.811670
0.397000	-503.281098	-325.293084	828.574181	177.988014	1331.855279	1.002101	1.007773	1.246681	0.303490	0.219752	0.849308	0.193969	0.138701	0.285336
0.398800	-503.281098	-325.293084	828.574181	177.988014	1331.855279	2.186471	2.134563	2.116286	0.288931	0.210079	0.770796	-0.204389	-0.132814	-0.467809
0.400600	-503.281098	-325.293084	828.574181	177.988014	1331.855279	-2.942412	-2.989156	2.986079	-0.075455	-0.038126	0.137801	-0.373806	-0.248170	-0.878945
0.402400	-503.281098	-325.293084	828.574181	177.988014	1331.855279	-1.851852	-1.841617	-2.426124	-0.411319	-0.266574	-0.564355	-0.118747	-0.074012	-0.649369
0.404200	-503.281098	-325.293084	828.574181	177.988014	1331.855279	-0.812363	-0.765167	-1.552765	-0.350086	-0.223783	-0.814138	0.331697	0.233026	0.014681
0.406000	-503.281098	-325.293084	828.574181	177.988014	1331.855279	0.194173	0.232872	-0.675413	0.104157	0.087058	-0.470496	0.529657	0.367063	0.587310
0.407800	-503.281098	-325.293084	828.574181	177.988014	1331.855279	1.175201	1.180970	0.208414	0.554144	0.394245	0.139982	0.231417	0.161976	0.661899
0.409600	-503.281098	-325.293084	828.574181	177.988014	1331.855279	2.131400	2.109095	1.102952	0.561192	0.398109	0.524963	-0.352311	-0.237718	0.265241
0.411400	-503.281098	-325.293084	828.574181	177.988014	1331.855279	3.064291	3.036391	2.016222	0.055651	0.051520	0.442066	-0.718485	-0.487916	-0.211054
0.413200	-503.281098	-325.293084	828.574181	177.988014	1331.855279	-2.303671	-2.314801	2.965401	-0.570479	-0.377022	0.067500	-0.513493	-0.347034	-0.379135
0.415000	-503.281098	-325.293084	828.574181	177.988014	1331.855279	-1.397665	-1.384353	-2.290001	-0.786239	-0.524243	-0.210535	0.137499	0.098890	-0.184358
0.416800	-503.281098	-325.293084	828.574181	177.988014	1331.855279	-0.492591	-0.465340	-1.065532	-0.383778	-0.248143	-0.165164	0.715043	0.494194	0.091362
0.418600	-503.281098	-325.293084	828.574181	177.988014	1331.855279	0.416933	0.438269	0.518446	0.328235	0.239826	0.076210	0.741105	0.511719	0.133585
0.420400	-503.281098	-325.293084	828.574181	177.988014	1331.855279	1.331869	1.331763	2.020344	0.776812	0.547383	0.187493	0.189216	0.133393	-0.090465
0.422200	-503.281098	-325.293084	828.574181	177.988014	1331.855279	2.249565	2.226783	-3.104661	0.607776	0.431989	-0.011266	-0.490248	-0.332499	-0.304907
0.424000	-503.281098	-325.293084	828.574181	177.988014	1331.855279	-3.116072	3.136253	-2.102717	-0.019223	0.002741	-0.354239	-0.753085	-0.513362	-0.208470
0.425800	-503.281098	-325.293084	828.574181	177.988014	1331.855279	-2.197850	-2.214533	-1.164721	-0.577847	-0.380207	-0.472759	-0.418714	-0.285295	0.203273
0.427600	-503.281098	-325.293084	828.574181	177.988014	1331.855279	-1.272260	-1.260316	-0.257061	-0.630422	-0.417110	-0.155282	0.194002	0.133833	0.590701
0.429400	-503.281098	-325.293084	828.574181	177.988014	1331.855279	-0.327104	-0.293910	0.634320	-0.190699	-0.116897	0.412681	0.562049	0.386213	0.560896
0.431200	-503.281098	-325.293084	828.574181	177.988014	1331.855279	0.652773	0.678042	1.516223	0.317439	0.230838	0.767902	0.415177	0.286603	0.041948
0.433000	-503.281098	-325.293084	828.574181	177.988014	1331.855279	1.680191	1.665801	2.392362	0.454494	0.325469	0.563300	-0.049919	-0.031014	-0.605594
0.434800	-503.281098	-325.293084	828.574181	177.988014	1331.855279	2.758046	2.702228	-3.018204	0.152131	0.119850	-0.106966	-0.376999	-0.254997	-0.862496
0.436600	-503.281098	-325.293084	828.574181	177.988014	1331.855279	-2.406969	-2.452708	-2.147607	-0.251442	-0.155297	-0.749530	-0.278365	-0.188590	-0.487659
0.438400	-503.281098	-325.293084	828.574181	177.988014	1331.855279	-1.264720	-1.241496	-1.277913	-0.346933	-0.220494	-0.863439	0.109633	0.075352	0.260375
0.440200	-503.281098	-325.293084	828.574181	177.988014	1331.855279	-0.117468	-0.054879	-0.408162	-0.043878	-0.013925	-0.353995	0.371808	0.253476	0.818583
0.442000	-503.281098	-325.293084	828.574181	177.988014	1331.855279	1.006697	1.037791	0.462622	0.345867	0.251496	0.385789	0.218822	0.148373	0.773560
0.443800	-503.281098	-325.293084	828.574181	177.988014	1331.855279	2.079970	2.061938	1.335603	0.407096	0.292388	0.797587	-0.227271	-0.156385	0.191124
0.445600	-503.281098	-325.293084	828.574181	177.988014	1331.855279	3.094604	3.057601	2.212362	0.025173	0.030835	0.608932	-0.535330	-0.366253	-0.454860
0.447400	-503.281098	-325.293084	828.574181	177.988014	1331.855279	-2.220693	-2.240531	3.095293	-0.482670	-0.316064	0.031727	-0.366849	-0.250266	-0.684774
0.449200	-503.281098	-325.293084	828.574181	177.988014	1331.855279	-1.281291	-1.269780	-2.294791	-0.640060	-0.422758	-0.448263	0.190658	0.131245	-0.396337
0.451000	-503.281098	-325.293084	828.574181	177.988014	1331.855279	-0.354878	-0.323731	-1.384088	-0.249029	-0.154333	-0.492282	0.672021	0.459960	0.092997
0.452800	-503.281098	-325.293084	828.574181	177.988014	1331.855279	0.567733	0.595110	-0.440134	0.405276	0.293737	-0.169038	0.635453	0.433891	0.358934
0.454600	-503.281098	-325.293084	828.574181	177.988014	1331.855279	1.488935	1.494880	0.575319	0.779376	0.549521	0.158411	0.063944	0.041798	0.244274
0.456400	-503.281098	-325.293084	828.574181	177.988014	1331.855279	2.406428	2.389009	1.768106	0.538701	0.384254	0.193332	-0.595737	-0.410337	-0.038649
0.458200	-503.281098	-325.293084	828.574181	177.988014	1331.855279	-2.965857	-2.993093	-2.965019	-0.142540	-0.082628	-0.026877	-0.802738	-0.552319	-0.150627
0.460000	-503.281098	-325.293084	828.574181	177.988014	1331.855279	-2.061310	-2.078399	-1.423085	-0.717927	-0.477015	-0.196926	-0.383408	-0.265323	0.029302
0.461800	-503.281098	-325.293084	828.574181	177.988014	1331.855279	-1.158595	-1.152596	-0.236893	-0.728607	-0.484731	-0.068929	0.318584	0.215422	0.285508
0.463600	-503.281098	-325.293084	828.574181	177.988014	1331.855279	-0.250254	-0.225088	0.775857	-0.187971	-0.114752	0.279739	0.735374	0.501169	0.285129
0.465400	-503.281098	-325.293084	828.574181	177.988014	1331.855279	0.671467	0.696435	1.718545	0.441292	0.316393	0.498103	0.555333	0.378365	-0.074134
0.467200	-503.281098	-325.293084	828.574181	177.988014	1331.855279	1.611764	1.614214	2.628589	0.651978	0.461468	0.294827	-0.026725	-0.020049	-0.523385
0.469000	-503.281098	-325.293084	828.574181	177.988014	1331.855279	2.571793	2.542567	-2.761834	0.320479	0.235449	-0.254867	-0.500213	-0.344876	-0.638551
0.470800	-503.281098	-325.293084	828.574181	177.988014	1331.855279	-2.732170	-2.777712	-1.879057	-0.213328	-0.129609	-0.725803	-0.491603	-0.340325	-0.231103
0.472600	-503.281098	-325.293084	828.574181	177.988014	1331.855279	-1.729314	-1.753797	-1.002357	-0.471393	-0.306841	-0.692247	-0.075356	-0.056787	0.442186
0.474400	-503.281098	-325.293084	828.574181	177.988014	1331.855279	-0.686822	-0.659500	-0.129408	-0.266256	-0.167733	-0.111664	0.324699	0.216344	0.858062
0.476200	-503.281098	-325.293084	828.574181	177.988014	1331.855279	0.419585	0.475709	0.741336	0.151608	0.116975	0.602571	0.339872	0.227062	0.658157
0.478000	-503.281098	-325.293084	828.574181	177.988014	1331.855279	1.592748	1.609482	1.611034	0.350256	0.252394	0.901192	-0.007690	-0.009769	-0.036282
0.479800	-503.281098	-325.293084	828.574181	177.988014	1331.855279	2.775116	2.732438	2.480686	0.131201	0.102969	0.548666	-0.341835	-0.237460	-0.705628
0.481600	-503.281098	-325.293084	828.574181	177.988014	1331.855279	-2.386868	-2.433016	-2.931896	-0.282741	-0.179157	-0.180740	-0.300642	-0.209038	-0.849241
0.483400	-503.281098	-325.293084	828.574181	177.988014	1331.855279	-1.337784	-1.338988	-2.059197	-0.459974	-0.299357	-0.729227	0.109162	0.070663	-0.387464
0.485200	-503.281098	-325.293084	828.574181	177.988014	1331.855279	-0.336387	-0.299405	-1.182894	-0.176209	-0.104783	-0.710329	0.503919	0.339451	0.290244
0.487000	-503.281098	-325.293084	828.574181	177.988014	1331.855279	0.639185	0.678987	-0.300744	0.353156	0.256984	-0.205679	0.475134	0.318448	0.663155
0.488800	-503.281098	-325.293084	828.574181	177.988014	1331.855279	1.598438	1.613753	0.590974	0.647810	0.457583	0.339029	-0.017911	-0.019668	0.505284
0.490600	-503.281098	-325.293084	828.574181	177.988014	1331.855279	2.542094	2.528436	1.499142	0.396322	0.284448	0.510818	-0.579926	-0.404259	0.036665
0.492400	-503.281098	-325.293084	828.574181	177.988014	1331.855279	-2.814167	-2.841575	2.438093	-0.241861	-0.152890	0.264205	-0.712085	-0.494220	-0.311457
0.494200	-503.281098	-325.293084	828.574181	177.988014	1331.855279	-1.902018	-1.921013	-2.840879	-0.748088	-0.499394	-0.089604	-0.257260	-0.182416	-0.288935
0.496000	-503.281098	-325.293084	828.574181	177.988014	1331.855279	-0.998844	-0.995353	-1.676533	-0.684500	-0.455557	-0.204871	0.440631	0.295509	-0.021743
0.497800	-503.281098	-325.293084	828.574181	177.988014	1331.855279	-0.097073	-0.074055	-0.164818	-0.079359	-0.040928	-0.025181	0.814949	0.551663	0.151393
0.499600	-503.281098	-325.293084	828.574181	177.988014	1331.855279	0.809786	0.835261	1.411898	0.584666	0.414010	0.188248	0.556821	0.374653	0.030167
0.501400	-503.281098	-325.293084	828.574181	177.988014	1331.855279	1.724774	1.733540	2.628628	0.775216	0.544775	0.138620	-0.120319	-0.089450	-0.246104
0.503200	-503.281098	-325.293084	828.574181	177.988014	1331.855279	2.646808	2.630351	-2.629754	0.358089	0.259323	-0.189922	-0.663682	-0.462260	-0.338075
0.505000	-503.281098	-325.293084	828.574181	177.988014	1331.855279	-2.710329	-2.743305	-1.681760	-0.299723	-0.191365	-0.489355	-0.651358	-0.454792	-0.054524
0.506800	-503.281098	-325.293084	828.574181	177.988014	1331.855279	-1.780875	-1.807768	-0.769020	-0.656050	-0.436218	-0.410626	-0.139886	-0.105351	0.424302
0.508600	-503.281098	-325.293084	828.574181	177.988014	1331.855279	-0.842277	-0.840683	0.125228	-0.457454	-0.301435	0.084755	0.408166	0.269821	0.673266
0.510400	-503.281098	-325.293084	828.574181	177.988014	1331.855279	0.119058	0.151546	1.008848	0.064751	0.055238	0.638286	0.541286	0.361700	0.401908
0.512200	-503.281098	-325.293084	828.574181	177.988014	1331.855279	1.123001	1.158581	1.886027	0.427454	0.303599	0.775485	0.205323	0.132754	-0.252889
0.514000	-503.281098	-325.293084	828.574181	177.988014	1331.855279	2.188208	2.184800	2.759253	0.336454	0.242252	0.321355	-0.238885	-0.170762	-0.799136
0.515800	-503.281098	-325.293084	828.574181	177.988014	1331.855279	-2.968675	-3.023354	-2.653023	-0.064219	-0.030811	-0.417831	-0.367674	-0.259370	-0.786058
0.517600	-503.281098	-325.293084	828.574181	177.988014	1331.855279	-1.813120	-1.864222	-1.783234	-0.351234	-0.226641	-0.881418	-0.086818	-0.068479	-0.190115
0.519400	-503.281098	-325.293084	828.574181	177.988014	1331.855279	-0.668726	-0.652517	-0.913575	-0.232349	-0.145692	-0.708986	0.294045	0.190651	0.547098
0.521200	-503.281098	-325.293084	828.574181	177.988014	1331.855279	0.444521	0.502536	-0.043087	0.174738	0.131647	-0.037555	0.366854	0.239533	0.871073
0.523000	-503.281098	-325.293084	828.574181	177.988014	1331.855279	1.519975	1.557443	0.829323	0.453331	0.320871	0.613028	0.023059	0.004285	0.561408
0.524800	-503.281098	-325.293084	828.574181	177.988014	1331.855279	2.552326	2.546448	1.705101	0.286341	0.205698	0.767567	-0.428337	-0.303823	-0.103712
0.526600	-503.281098	-325.293084	828.574181	177.988014	1331.855279	-2.742469	-2.773892	2.586401	-0.227088	-0.145690	0.370576	-0.538429	-0.378200	-0.597443
0.528400	-503.281098	-325.293084	828.574181	177.988014	1331.855279	-1.790711	-1.816399	-2.806420	-0.636471	-0.425203	-0.203435	-0.142270	-0.106583	-0.584056
0.530200	-503.281098	-325.293084	828.574181	177.988014	1331.855279	-0.863094	-0.862894	-1.900554	-0.539562	-0.358084	-0.494910	0.461617	0.306480	-0.169385
0.532000	-503.281098	-325.293084	828.574181	177.988014	1331.855279	0.053026	0.077059	-0.966023	0.039926	0.038962	-0.345486	0.752246	0.504612	0.238788
0.533800	-503.281098	-325.293084	828.574181	177.988014	1331.855279	0.966848	0.996087	0.028221	0.643593	0.452037	0.008859	0.444047	0.292754	0.313831
0.535600	-503.281098	-325.293084	828.574181	177.988014	1331.855279	1.882277	1.896452	1.166782	0.760700	0.531693	0.198105	-0.244915	-0.179541	0.084697
0.537400	-503.281098	-325.293084	828.574181	177.988014	1331.855279	2.798189	2.788387	2.636172	0.272077	0.196560	0.075164	-0.760903	-0.533165	-0.135831
0.539200	-503.281098	-325.293084	828.574181	177.988014	1331.855279	-2.571968	-2.598482	-2.041721	-0.436147	-0.288948	-0.162857	-0.681012	-0.478654	-0.082915
0.541000	-503.281098	-325.293084	828.574181	177.988014	1331.855279	-1.663430	-1.687868	-0.791002	-0.794335	-0.534838	-0.192877	-0.073793	-0.062902	0.190728
0.542800	-503.281098	-325.293084	828.574181	177.988014	1331.855279	-0.756623	-0.760775	0.247222	-0.529458	-0.354058	0.092031	0.560840	0.371938	0.364647
0.544600	-503.281098	-325.293084	828.574181	177.988014	1331.855279	0.155569	0.175875	1.200847	0.112786	0.085466	0.448624	0.719135	0.480924	0.173978
0.546400	-503.281098	-325.293084	828.574181	177.988014	1331.855279	1.082629	1.112262	2.116303	0.592432	0.414260	0.495985	0.314603	0.204489	-0.301032
0.548200	-503.281098	-325.293084	828.574181	177.988014	1331.855279	2.033380	2.046367	3.012030	0.542834	0.381144	0.086502	-0.270696	-0.196287	-0.663907
0.550000	-503.281098	-325.293084	828.574181	177.988014	1331.855279	3.012977	2.990627	-2.386634	0.069608	0.057857	-0.511642	-0.538222	-0.380331	-0.543778
0.551800	-503.281098	-325.293084	828.574181	177.988014	1331.855279	-2.260587	-2.310761	-1.508860	-0.373199	-0.245383	-0.808092	-0.307883	-0.224041	0.050115
0.553600	-503.281098	-325.293084	828.574181	177.988014	1331.855279	-1.218480	-1.255471	-0.635236	-0.404721	-0.268041	-0.508558	0.148798	0.087437	0.689883
0.555400	-503.281098	-325.293084	828.574181	177.988014	1331.855279	-0.133228	-0.111538	0.235904	-0.051372	-0.027748	0.207511	0.383311	0.247747	0.863263
0.557200	-503.281098	-325.293084	828.574181	177.988014	1331.855279	1.007515	1.069078	1.105769	0.302907	0.213503	0.805597	0.191295	0.117114	0.404188
0.559000	-503.281098	-325.293084	828.574181	177.988014	1331.855279	2.185152	2.211806	1.975362	0.293204	0.206577	0.824697	-0.206833	-0.154130	-0.353123
0.560800	-503.281098	-325.293084	828.574181	177.988014	1331.855279	-2.946644	-2.977824	2.845658	-0.076342	-0.045658	0.255287	-0.386624	-0.276300	-0.837315
0.562600	-503.281098	-325.293084	828.574181	177.988014	1331.855279	-1.867317	-1.911192	-2.565425	-0.434038	-0.289378	-0.455753	-0.132611	-0.102492	-0.701477
0.564400	-503.281098	-325.293084	828.574181	177.988014	1331.855279	-0.854394	-0.866180	-1.690098	-0.393384	-0.260828	-0.775927	0.342529	0.221759	-0.093011
0.566200	-503.281098	-325.293084	828.574181	177.988014	1331.855279	0.117730	0.143166	-0.809493	0.068802	0.055379	-0.515084	0.581703	0.384167	0.490842
0.568000	-503.281098	-325.293084	828.574181	177.988014	1331.855279	1.069792	1.107687	0.079702	0.563261	0.392897	0.050023	0.308446	0.196184	0.626291
0.569800	-503.281098	-325.293084	828.574181	177.988014	1331.855279	2.011910	2.034737	0.983441	0.625733	0.434459	0.444512	-0.295435	-0.217389	0.295926
0.571600	-503.281098	-325.293084	828.574181	177.988014	1331.855279	2.945478	2.941188	1.913764	0.143627	0.103523	0.406455	-0.722949	-0.509636	-0.145137
0.573400	-503.281098	-325.293084	828.574181	177.988014	1331.855279	-2.415002	-2.439073	2.898690	-0.515977	-0.348417	0.078301	-0.580535	-0.411546	-0.315991
0.575200	-503.281098	-325.293084	828.574181	177.988014	1331.855279	-1.503961	-1.528331	-2.269395	-0.804732	-0.546100	-0.172490	0.053865	0.023204	-0.144874
0.577000	-503.281098	-325.293084	828.574181	177.988014	1331.855279	-0.601397	-0.607807	-0.843218	-0.464633	-0.313114	-0.118074	0.677120	0.450096	0.105153
0.578800	-503.281098	-325.293084	828.574181	177.988014	1331.855279	0.299096	0.315363	0.783088	0.240893	0.170108	0.123871	0.781243	0.521404	0.124445
0.580600	-503.281098	-325.293084	828.574181	177.988014	1331.855279	1.204671	1.231565	2.070208	0.743719	0.514615	0.228524	0.285151	0.181594	-0.124669
0.582400	-503.281098	-325.293084	828.574181	177.988014	1331.855279	2.120447	2.137426	3.123039	0.650295	0.450878	0.006762	-0.398387	-0.286860	-0.364388
0.584200	-503.281098	-325.293084	828.574181	177.988014	1331.855279	3.047634	3.039468	-2.200372	0.067657	0.051902	-0.379783	-0.717954	-0.506455	-0.276658
0.586000	-503.281098	-325.293084	828.574181	177.988014	1331.855279	-2.299032	-2.331108	-1.281857	-0.503659	-0.339908	-0.546091	-0.449135	-0.323268	0.162330
0.587800	-503.281098	-325.293084	828.574181	177.988014	1331.855279	-1.354591	-1.390345	-0.384412	-0.608398	-0.412835	-0.247592	0.133627	0.075316	0.612037
0.589600	-503.281098	-325.293084	828.574181	177.988014	1331.855279	-0.397519	-0.407974	0.501124	-0.218019	-0.146854	0.354932	0.519253	0.339763	0.647967
0.591400	-503.281098	-325.293084	828.574181	177.988014	1331.855279	0.586827	0.615843	1.379491	0.274826	0.189897	0.788828	0.413291	0.268349	0.152775
0.593200	-503.281098	-325.293084	828.574181	177.988014	1331.855279	1.622501	1.667331	2.253438	0.429025	0.295810	0.661628	-0.022202	-0.028645	-0.537930
0.595000	-503.281098	-325.293084	828.574181	177.988014	1331.855279	2.731108	2.739553	3.124734	0.150576	0.106266	0.014925	-0.345986	-0.249920	-0.885237
0.596800	-503.281098	-325.293084	828.574181	177.988014	1331.855279	-2.383560	-2.433577	-2.288530	-0.244047	-0.162866	-0.678500	-0.257784	-0.190245	-0.592375
0.598600	-503.281098	-325.293084	828.574181	177.988014	1331.855279	-1.215554	-1.268168	-1.418947	-0.343655	-0.230888	-0.888073	0.127489	0.072088	0.135900
0.600400	-503.281098	-325.293084	828.574181	177.988014	1331.855279	-0.096271	-0.089155	-0.548735	-0.038619	-0.023001	-0.458257	0.399914	0.257304	0.749562
0.602200	-503.281098	-325.293084	828.574181	177.988014	1331.855279	0.972180	1.022167	0.323159	0.371120	0.255923	0.267248	0.253144	0.156425	0.797998
0.604000	-503.281098	-325.293084	828.574181	177.988014	1331.855279	2.002821	2.044103	1.198073	0.457875	0.313929	0.734154	-0.211115	-0.160773	0.287053
0.605800	-503.281098	-325.293084	828.574181	177.988014	1331.855279	3.001845	3.007299	2.077948	0.078794	0.053849	0.629291	-0.560157	-0.398565	-0.349650
0.607600	-503.281098	-325.293084	828.574181	177.988014	1331.855279	-2.313042	-2.336964	2.965912	-0.464938	-0.318083	0.111518	-0.426449	-0.306079	-0.628233
0.609400	-503.281098	-325.293084	828.574181	177.988014	1331.855279	-1.372592	-1.401050	-2.415633	-0.679950	-0.464576	-0.361692	0.136562	0.079626	-0.407463
0.611200	-503.281098	-325.293084	828.574181	177.988014	1331.855279	-0.452626	-0.462541	-1.489187	-0.326219	-0.221883	-0.441612	0.670821	0.444997	0.036120
0.613000	-503.281098	-325.293084	828.574181	177.988014	1331.855279	0.456592	0.471734	-0.512530	0.345093	0.237752	-0.165305	0.702535	0.466044	0.293779
0.614800	-503.281098	-325.293084	828.574181	177.988014	1331.855279	1.363904	1.392033	0.581807	0.785713	0.539041	0.129352	0.164917	0.097400	0.196657
0.616600	-503.281098	-325.293084	828.574181	177.988014	1331.855279	2.274624	2.295414	1.964646	0.616870	0.422879	0.149778	-0.523632	-0.374362	-0.062242
0.618400	-503.281098	-325.293084	828.574181	177.988014	1331.855279	-3.093840	-3.095015	-2.681164	-0.038459	-0.026430	-0.075216	-0.804767	-0.567025	-0.151650
0.620200	-503.281098	-325.293084	828.574181	177.988014	1331.855279	-2.178004	-2.200965	-1.354695	-0.652361	-0.447466	-0.243703	-0.453241	-0.326370	0.053500
0.622000	-503.281098	-325.293084	828.574181	177.988014	1331.855279	-1.263877	-1.293361	-0.285290	-0.737357	-0.506433	-0.099271	0.233693	0.144222	0.338472
0.623800	-503.281098	-325.293084	828.574181	177.988014	1331.855279	-0.350499	-0.365162	0.681329	-0.253920	-0.176019	0.288746	0.694539	0.460411	0.356097
0.625600	-503.281098	-325.293084	828.574181	177.988014	1331.855279	0.568477	0.581120	1.603078	0.371545	0.252175	0.558874	0.581610	0.383962	-0.018048
0.627400	-503.281098	-325.293084	828.574181	177.988014	1331.855279	1.503953	1.535608	2.502211	0.626094	0.427058	0.388380	0.041913	0.015034	-0.522308
0.629200	-503.281098	-325.293084	828.574181	177.988014	1331.855279	2.468733	2.492165	-2.894482	0.347896	0.237466	-0.178777	-0.436552	-0.312743	-0.708683
0.631000	-503.281098	-325.293084	828.574181	177.988014	1331.855279	-2.809907	-2.822993	-2.015523	-0.160056	-0.109850	-0.719598	-0.464725	-0.333044	-0.342937
0.632800	-503.281098	-325.293084	828.574181	177.988014	1331.855279	-1.761921	-1.813928	-1.141181	-0.427304	-0.293338	-0.771009	-0.082678	-0.072759	0.353242
0.634600	-503.281098	-325.293084	828.574181	177.988014	1331.855279	-0.673384	-0.720966	-0.269617	-0.245254	-0.170130	-0.235082	0.307422	0.193599	0.850678
0.636400	-503.281098	-325.293084	828.574181	177.988014	1331.855279	0.451763	0.467581	0.600451	0.160418	0.105955	0.508421	0.330601	0.209842	0.742439
0.638200	-503.281098	-325.293084	828.574181	177.988014	1331.855279	1.605041	1.667979	1.470046	0.362059	0.243015	0.894962	-0.012403	-0.023692	0.090474
0.640000	-503.281098	-325.293084	828.574181	177.988014	1331.855279	2.756523	2.791364	2.340122	0.144307	0.094068	0.633333	-0.356047	-0.257518	-0.613295
0.641800	-503.281098	-325.293084	828.574181	177.988014	1331.855279	-2.420701	-2.439409	-3.071461	-0.286132	-0.199641	-0.059317	-0.325651	-0.235975	-0.844406
0.643600	-503.281098	-325.293084	828.574181	177.988014	1331.855279	-1.380500	-1.420217	-2.197008	-0.491408	-0.339142	-0.644084	0.094658	0.051457	-0.465885
0.645400	-503.281098	-325.293084	828.574181	177.988014	1331.855279	-0.395563	-0.415956	-1.317818	-0.220135	-0.153075	-0.704909	0.527178	0.346535	0.182231
0.647200	-503.281098	-325.293084	828.574181	177.988014	1331.855279	0.555272	0.568667	-0.430917	0.335012	0.226427	-0.270498	0.540008	0.354295	0.588383
0.649000	-503.281098	-325.293084	828.574181	177.988014	1331.855279	1.489893	1.523048	0.468900	0.686227	0.465758	0.251029	0.055640	0.022256	0.495535
0.650800	-503.281098	-325.293084	828.574181	177.988014	1331.855279	2.418535	2.446349	1.391845	0.483695	0.326010	0.447284	-0.548101	-0.390810	0.080908
0.652600	-503.281098	-325.293084	828.574181	177.988014	1331.855279	-2.939410	-2.934401	2.360878	-0.153801	-0.111112	0.245459	-0.750307	-0.528583	-0.247769
0.654400	-503.281098	-325.293084	828.574181	177.988014	1331.855279	-2.019832	-2.038166	-2.847022	-0.715564	-0.495953	-0.071390	-0.344807	-0.250288	-0.235301
0.656200	-503.281098	-325.293084	828.574181	177.988014	1331.855279	-1.108479	-1.135380	-1.506640	-0.728325	-0.504682	-0.166945	0.362952	0.234775	0.010725
0.658000	-503.281098	-325.293084	828.574181	177.988014	1331.855279	-0.204584	-0.220093	0.132799	-0.166483	-0.119907	0.021688	0.802377	0.535975	0.162351
0.659800	-503.281098	-325.293084	828.574181	177.988014	1331.855279	0.696713	0.704267	1.501030	0.518227	0.349103	0.238370	0.619381	0.410899	0.016657
0.661600	-503.281098	-325.293084	828.574181	177.988014	1331.855279	1.602718	1.628059	2.588520	0.777470	0.526922	0.179194	-0.024826	-0.030206	-0.290267
0.663400	-503.281098	-325.293084	828.574181	177.988014	1331.855279	2.520449	2.544204	-2.720793	0.427290	0.287397	-0.182620	-0.597077	-0.422449	-0.408059
0.665200	-503.281098	-325.293084	828.574181	177.988014	1331.855279	-2.829216	-2.827776	-1.795618	-0.209803	-0.149028	-0.534715	-0.649646	-0.459196	-0.122283
0.667000	-503.281098	-325.293084	828.574181	177.988014	1331.855279	-1.879826	-1.907984	-0.894605	-0.598301	-0.415927	-0.500207	-0.191012	-0.145814	0.401356
0.668800	-503.281098	-325.293084	828.574181	177.988014	1331.855279	-0.915789	-0.958366	-0.006973	-0.453277	-0.317991	-0.005039	0.348178	0.223402	0.722675
0.670600	-503.281098	-325.293084	828.574181	177.988014	1331.855279	0.066643	0.043291	0.872701	0.034094	0.014543	0.605613	0.510837	0.335718	0.508132
0.672400	-503.281098	-325.293084	828.574181	177.988014	1331.855279	1.082320	1.105578	1.747470	0.397242	0.262894	0.830144	0.211107	0.131964	-0.148210
0.674200	-503.281098	-325.293084	828.574181	177.988014	1331.855279	2.156877	2.209508	2.619248	0.327060	0.215589	0.438868	-0.217133	-0.160084	-0.762348
0.676000	-503.281098	-325.293084	828.574181	177.988014	1331.855279	-2.976479	-2.956350	-2.793806	-0.058476	-0.047136	-0.306345	-0.350929	-0.251539	-0.845038
0.677800	-503.281098	-325.293084	828.574181	177.988014	1331.855279	-1.787965	-1.829849	-1.924250	-0.346327	-0.243395	-0.844790	-0.076417	-0.064501	-0.311683
0.679600	-503.281098	-325.293084	828.574181	177.988014	1331.855279	-0.637728	-0.688999	-1.054287	-0.231093	-0.164742	-0.769044	0.311859	0.200013	0.436768
0.681400	-503.281098	-325.293084	828.574181	177.988014	1331.855279	0.441906	0.438761	-0.182881	0.188439	0.121245	-0.154786	0.398298	0.258370	0.836920
0.683200	-503.281098	-325.293084	828.574181	177.988014	1331.855279	1.467686	1.507233	0.691235	0.495838	0.330150	0.510816	0.051308	0.021014	0.617364
0.685000	-503.281098	-325.293084	828.574181	177.988014	1331.855279	2.461727	2.503945	1.569833	0.349970	0.229238	0.736096	-0.432897	-0.309408	0.000709
0.686800	-503.281098	-325.293084	828.574181	177.988014	1331.855279	-2.848725	-2.833409	2.455692	-0.177631	-0.132118	0.416156	-0.589083	-0.415040	-0.508457
0.688600	-503.281098	-325.293084	828.574181	177.988014	1331.855279	-1.895989	-1.911020	-2.929519	-0.638746	-0.447262	-0.119165	-0.215361	-0.158326	-0.553455
0.690400	-503.281098	-325.293084	828.574181	177.988014	1331.855279	-0.963493	-0.991625	-2.009984	-0.598890	-0.419283	-0.421762	0.416176	0.274205	-0.198139
0.692200	-503.281098	-325.293084	828.574181	177.988014	1331.855279	-0.048083	-0.066186	-1.047977	-0.037229	-0.034376	-0.312276	0.773662	0.518628	0.179968
0.694000	-503.281098	-325.293084	828.574181	177.988014	1331.855279	0.857065	0.862326	0.010389	0.607853	0.407213	0.002665	0.526424	0.348930	0.256537
0.695800	-503.281098	-325.293084	828.574181	177.988014	1331.855279	1.760019	1.784164	1.310945	0.801227	0.539263	0.167483	-0.153446	-0.116840	0.044527
0.697600	-503.281098	-325.293084	828.574181	177.988014	1331.855279	2.667188	2.692358	2.942107	0.370756	0.244068	0.031591	-0.721990	-0.506248	-0.156256
0.699400	-503.281098	-325.293084	828.574181	177.988014	1331.855279	-2.702033	-2.694381	-1.930093	-0.338766	-0.242304	-0.214118	-0.720407	-0.505199	-0.080423
0.701200	-503.281098	-325.293084	828.574181	177.988014	1331.855279	-1.782818	-1.799735	-0.822365	-0.755448	-0.528328	-0.241440	-0.162615	-0.123113	0.224218
0.703000	-503.281098	-325.293084	828.574181	177.988014	1331.855279	-0.861545	-0.893314	0.159714	-0.562961	-0.397274	0.069261	0.483148	0.319610	0.429964
0.704800	-503.281098	-325.293084	828.574181	177.988014	1331.855279	0.061171	0.036519	1.088739	0.042835	0.017122	0.476428	0.699368	0.468648	0.249281
0.706600	-503.281098	-325.293084	828.574181	177.988014	1331.855279	0.990614	0.993237	1.991763	0.540775	0.358353	0.576501	0.354440	0.233534	-0.258119
0.708400	-503.281098	-325.293084	828.574181	177.988014	1331.855279	1.938797	1.969538	2.880509	0.541710	0.359898	0.184414	-0.208864	-0.151629	-0.690217
0.710200	-503.281098	-325.293084	828.574181	177.988014	1331.855279	2.922751	2.955906	-2.522366	0.110535	0.065616	-0.454963	-0.497004	-0.349299	-0.638327
0.712000	-503.281098	-325.293084	828.574181	177.988014	1331.855279	-2.324114	-2.326122	-1.647215	-0.323279	-0.231180	-0.835854	-0.303176	-0.217678	-0.064000
0.713800	-503.281098	-325.293084	828.574181	177.988014	1331.855279	-1.230432	-1.281322	-0.775193	-0.371496	-0.265034	-0.613404	0.131564	0.078938	0.626053
0.715600	-503.281098	-325.293084	828.574181	177.988014	1331.855279	-0.095653	-0.150401	0.095093	-0.035174	-0.036322	0.085223	0.366599	0.239677	0.893499
0.717400	-503.281098	-325.293084	828.574181	177.988014	1331.855279	1.051703	1.061248	0.964714	0.317382	0.203650	0.740593	0.181339	0.113793	0.513307
0.719200	-503.281098	-325.293084	828.574181	177.988014	1331.855279	2.188110	2.247741	1.834622	0.312950	0.200143	0.856318	-0.222151	-0.160839	-0.231311
0.721000	-503.281098	-325.293084	828.574181	177.988014	1331.855279	-2.988496	-2.947634	2.705815	-0.064445	-0.057611	0.361168	-0.417649	-0.293295	-0.775650
0.722800	-503.281098	-325.293084	828.574181	177.988014	1331.855279	-1.928332	-1.934596	-2.703665	-0.449678	-0.320170	-0.342469	-0.167996	-0.121904	-0.731377
0.724600	-503.281098	-325.293084	828.574181	177.988014	1331.855279	-0.920159	-0.953744	-1.825730	-0.436913	-0.310519	-0.719957	0.332583	0.220304	-0.187623
0.726400	-503.281098	-325.293084	828.574181	177.988014	1331.855279	0.044336	0.018017	-0.940893	0.027447	0.007482	-0.538466	0.618669	0.415234	0.392524
0.728200	-503.281098	-325.293084	828.574181	177.988014	1331.855279	0.980294	0.982019	-0.044579	0.565749	0.375319	-0.025695	0.379212	0.250633	0.576008
0.730000	-503.281098	-325.293084	828.574181	177.988014	1331.855279	1.902331	1.928326	0.871955	0.689653	0.459141	0.365391	-0.237406	-0.171528	0.307041
0.731800	-503.281098	-325.293084	828.574181	177.988014	1331.855279	2.820503	2.850446	1.827707	0.241148	0.151275	0.359861	-0.725040	-0.504819	-0.094541
0.733600	-503.281098	-325.293084	828.574181	177.988014	1331.855279	-2.544391	-2.530945	2.870808	-0.443293	-0.317709	0.071553	-0.651867	-0.453945	-0.257752
0.735400	-503.281098	-325.293084	828.574181	177.988014	1331.855279	-1.627267	-1.638079	-2.149646	-0.803441	-0.564346	-0.150880	-0.045419	-0.038028	-0.098604
0.737200	-503.281098	-325.293084	828.574181	177.988014	1331.855279	-0.714608	-0.741079	-0.536378	-0.532666	-0.378855	-0.079764	0.613972	0.414018	0.134165
0.739000	-503.281098	-325.293084	828.574181	177.988014	1331.855279	0.192327	0.169329	0.918520	0.154631	0.091949	0.173830	0.794064	0.537821	0.132772
0.740800	-503.281098	-325.293084	828.574181	177.988014	1331.855279	1.096596	1.094207	2.048849	0.701969	0.467117	0.282272	0.360294	0.241165	-0.146256
0.742600	-503.281098	-325.293084	828.574181	177.988014	1331.855279	2.005146	2.025938	3.039760	0.681823	0.453843	0.043101	-0.316295	-0.222116	-0.421790
0.744400	-503.281098	-325.293084	828.574181	177.988014	1331.855279	2.926600	2.955010	-2.310442	0.149277	0.089502	-0.389215	-0.683605	-0.474110	-0.355135
0.746200	-503.281098	-325.293084	828.574181	177.988014	1331.855279	-2.414912	-2.403280	-1.405369	-0.425002	-0.304041	-0.613388	-0.478091	-0.334110	0.102407
0.748000	-503.281098	-325.293084	828.574181	177.988014	1331.855279	-1.449504	-1.470942	-0.515422	-0.573920	-0.407044	-0.347968	0.069955	0.040781	0.614242
0.749800	-503.281098	-325.293084	828.574181	177.988014	1331.855279	-0.460105	-0.506972	0.365661	-0.230411	-0.173135	0.277798	0.464933	0.311735	0.725549
0.751600	-503.281098	-325.293084	828.574181	177.988014	1331.855279	0.555966	0.519886	1.241319	0.243997	0.150914	0.788242	0.392692	0.263647	0.269532
0.753400	-503.281098	-325.293084	828.574181	177.988014	1331.855279	1.611312	1.627442	2.113647	0.409133	0.264257	0.747570	-0.016585	-0.014985	-0.451018
0.755200	-503.281098	-325.293084	828.574181	177.988014	1331.855279	2.726375	2.784775	2.984067	0.148294	0.086856	0.140578	-0.336383	-0.233000	-0.885020
0.757000	-503.281098	-325.293084	828.574181	177.988014	1331.855279	-2.382552	-2.352002	-2.429509	-0.241915	-0.178976	-0.589128	-0.255016	-0.177482	-0.682525
0.758800	-503.281098	-325.293084	828.574181	177.988014	1331.855279	-1.206065	-1.237105	-1.559729	-0.347602	-0.250745	-0.889400	0.132719	0.086922	0.009844
0.760600	-503.281098	-325.293084	828.574181	177.988014	1331.855279	-0.093543	-0.141476	-0.688762	-0.039493	-0.040330	-0.546534	0.420965	0.283163	0.663869
0.762400	-503.281098	-325.293084	828.574181	177.988014	1331.855279	0.945854	0.932759	0.184606	0.394643	0.255602	0.149345	0.284694	0.189528	0.799781
0.764200	-503.281098	-325.293084	828.574181	177.988014	1331.855279	1.936881	1.964541	1.062020	0.513758	0.335892	0.656440	-0.196957	-0.139542	0.366131
0.766000	-503.281098	-325.293084	828.574181	177.988014	1331.855279	2.902698	2.942884	1.945985	0.144006	0.082198	0.628477	-0.591290	-0.408204	-0.247522
0.767800	-503.281098	-325.293084	828.574181	177.988014	1331.855279	-2.428338	-2.405219	2.840751	-0.433326	-0.312763	0.173930	-0.500838	-0.345037	-0.560595
0.769600	-503.281098	-325.293084	828.574181	177.988014	1331.855279	-1.487957	-1.493398	-2.528810	-0.710371	-0.501667	-0.281005	0.058982	0.038906	-0.399683
0.771400	-503.281098	-325.293084	828.574181	177.988014	1331.855279	-0.561191	-0.586125	-1.579013	-0.403827	-0.291084	-0.383781	0.642414	0.438407	-0.003153
0.773200	-503.281098	-325.293084	828.574181	177.988014	1331.855279	0.351935	0.328143	-0.549849	0.274189	0.173468	-0.145586	0.746656	0.509525	0.237537
0.775000	-503.281098	-325.293084	828.574181	177.988014	1331.855279	1.255413	1.250676	0.678244	0.776686	0.517518	0.117851	0.253412	0.171569	0.146260
0.776800	-503.281098	-325.293084	828.574181	177.988014	1331.855279	2.156103	2.173726	2.265882	0.683749	0.453716	0.118213	-0.453175	-0.312359	-0.098581
0.778600	-503.281098	-325.293084	828.574181	177.988014	1331.855279	3.061078	3.087935	-2.519960	0.064850	0.029671	-0.121852	-0.803705	-0.552442	-0.170095
0.780400	-503.281098	-325.293084	828.574181	177.988014	1331.855279	-2.308265	-2.292409	-1.364920	-0.576909	-0.410225	-0.299987	-0.524097	-0.360967	0.062648
0.782200	-503.281098	-325.293084	828.574181	177.988014	1331.855279	-1.385040	-1.393943	-0.364263	-0.731677	-0.516859	-0.146919	0.137499	0.092373	0.385334
0.784000	-503.281098	-325.293084	828.574181	177.988014	1331.855279	-0.454983	-0.486039	0.573175	-0.309259	-0.228184	0.279761	0.632152	0.431912	0.433430
0.785800	-503.281098	-325.293084	828.574181	177.988014	1331.855279	0.480265	0.446975	1.480593	0.303040	0.191053	0.609402	0.581710	0.398585	0.055119
0.787600	-503.281098	-325.293084	828.574181	177.988014	1331.855279	1.424814	1.415710	2.371872	0.592094	0.389730	0.485283	0.087055	0.060931	-0.500743
0.789400	-503.281098	-325.293084	828.574181	177.988014	1331.855279	2.391500	2.418377	-3.029463	0.362424	0.233697	-0.086142	-0.388963	-0.264730	-0.765010
0.791200	-503.281098	-325.293084	828.574181	177.988014	1331.855279	-2.881677	-2.839999	-2.153372	-0.118652	-0.094751	-0.691177	-0.446173	-0.304583	-0.455386
0.793000	-503.281098	-325.293084	828.574181	177.988014	1331.855279	-1.806312	-1.796171	-1.280810	-0.390134	-0.280641	-0.833252	-0.093620	-0.064342	0.248641
0.794800	-503.281098	-325.293084	828.574181	177.988014	1331.855279	-0.664968	-0.711702	-0.410267	-0.225196	-0.168754	-0.356755	0.287204	0.195659	0.820223
0.796600	-503.281098	-325.293084	828.574181	177.988014	1331.855279	0.501486	0.443923	0.459394	0.173131	0.102517	0.399882	0.315798	0.215561	0.808341
0.798400	-503.281098	-325.293084	828.574181	177.988014	1331.855279	1.642520	1.644633	1.329152	0.380401	0.243488	0.865688	-0.027331	-0.018011	0.213358
0.800200	-503.281098	-325.293084	828.574181	177.988014	1331.855279	2.740619	2.792816	2.199984	0.163700	0.095273	0.698495	-0.386139	-0.261996	-0.508414
0.802000	-503.281098	-325.293084	828.574181	177.988014	1331.855279	-2.484149	-2.439806	3.073040	-0.286931	-0.212157	0.056133	-0.371664	-0.250970	-0.817551
0.803800	-503.281098	-325.293084	828.574181	177.988014	1331.855279	-1.463341	-1.457972	-2.333300	-0.527037	-0.375227	-0.548990	0.056852	0.042515	-0.524411
0.805600	-503.281098	-325.293084	828.574181	177.988014	1331.855279	-0.480098	-0.505783	-1.450280	-0.275872	-0.202489	-0.679550	0.529773	0.365613	0.082295
0.807400	-503.281098	-325.293084	828.574181	177.988014	1331.855279	0.469812	0.440610	-0.557060	0.300491	0.192045	-0.315749	0.591833	0.407283	0.506932
0.809200	-503.281098	-325.293084	828.574181	177.988014	1331.855279	1.395801	1.387060	0.353877	0.710080	0.471804	0.173178	0.125545	0.087676	0.468773
0.811000	-503.281098	-325.293084	828.574181	177.988014	1331.855279	2.309165	2.326202	1.298384	0.564763	0.371571	0.380822	-0.513992	-0.349925	0.106385
0.812800	-503.281098	-325.293084	828.574181	177.988014	1331.855279	-3.063719	-3.034635	2.315243	-0.061480	-0.057634	0.213145	-0.787885	-0.536793	-0.196365
0.814600	-503.281098	-325.293084	828.574181	177.988014	1331.855279	-2.151148	-2.130857	-2.771515	-0.672179	-0.475850	-0.070944	-0.440728	-0.298374	-0.182867
0.816400	-503.281098	-325.293084	828.574181	177.988014	1331.855279	-1.236010	-1.238253	-1.217300	-0.763034	-0.537935	-0.143596	0.265445	0.185786	0.052986
0.818200	-503.281098	-325.293084	828.574181	177.988014	1331.855279	-0.321358	-0.344557	0.319992	-0.253959	-0.189118	0.062952	0.762876	0.526980	0.189969
0.820000	-503.281098	-325.293084	828.574181	177.988014	1331.855279	0.590143	0.561928	1.502870	0.439686	0.286282	0.294314	0.656480	0.454678	0.020023
0.821800	-503.281098	-325.293084	828.574181	177.988014	1331.855279	1.499672	1.486960	2.514423	0.760324	0.506532	0.235173	0.054169	0.042565	-0.324470
0.823600	-503.281098	-325.293084	828.574181	177.988014	1331.855279	2.413371	2.426831	-2.826574	0.477962	0.313927	-0.156414	-0.536000	-0.361733	-0.479990
0.825400	-503.281098	-325.293084	828.574181	177.988014	1331.855279	-2.942080	-2.911667	-1.916806	-0.130752	-0.102560	-0.566204	-0.646638	-0.438168	-0.204124
0.827200	-503.281098	-325.293084	828.574181	177.988014	1331.855279	-1.989463	-1.967793	-1.024237	-0.542002	-0.384607	-0.588267	-0.241177	-0.161249	0.357891
0.829000	-503.281098	-325.293084	828.574181	177.988014	1331.855279	-1.003751	-1.016062	-0.141601	-0.444493	-0.318924	-0.107623	0.283057	0.197618	0.754955
0.830800	-503.281098	-325.293084	828.574181	177.988014	1331.855279	0.018103	-0.030242	0.735009	0.008463	-0.009825	0.551289	0.467458	0.324780	0.609847
0.832600	-503.281098	-325.293084	828.574181	177.988014	1331.855279	1.076476	1.029032	1.607924	0.367864	0.236026	0.865130	0.198260	0.142048	-0.032135
0.834400	-503.281098	-325.293084	828.574181	177.988014	1331.855279	2.175653	2.184439	2.478676	0.312368	0.198908	0.549277	-0.215937	-0.140102	-0.703490
0.836200	-503.281098	-325.293084	828.574181	177.988014	1331.855279	-2.963001	-2.901937	-2.934781	-0.063750	-0.057066	-0.185196	-0.353158	-0.233542	-0.882678
0.838000	-503.281098	-325.293084	828.574181	177.988014	1331.855279	-1.793953	-1.755069	-2.065103	-0.356406	-0.256130	-0.786649	-0.080882	-0.047739	-0.423951
0.839800	-503.281098	-325.293084	828.574181	177.988014	1331.855279	-0.655054	-0.673800	-1.194490	-0.246181	-0.180330	-0.807131	0.320461	0.225847	0.318927
0.841600	-503.281098	-325.293084	828.574181	177.988014	1331.855279	0.414981	0.372137	-0.321790	0.187855	0.116118	-0.260974	0.426395	0.297492	0.782819
0.843400	-503.281098	-325.293084	828.574181	177.988014	1331.855279	1.420787	1.399355	0.554532	0.529692	0.348980	0.403616	0.080060	0.060423	0.651669
0.845200	-503.281098	-325.293084	828.574181	177.988014	1331.855279	2.385748	2.400994	1.436755	0.412492	0.267907	0.687093	-0.437623	-0.293054	0.092654
0.847000	-503.281098	-325.293084	828.574181	177.988014	1331.855279	-2.952709	-2.917366	2.328649	-0.123498	-0.099082	0.441091	-0.646039	-0.434454	-0.417437
0.848800	-503.281098	-325.293084	828.574181	177.988014	1331.855279	-2.016646	-1.988271	-3.046034	-0.636256	-0.449459	-0.048740	-0.304096	-0.199356	-0.508500
0.850600	-503.281098	-325.293084	828.574181	177.988014	1331.855279	-1.086328	-1.082251	-2.106476	-0.660382	-0.465058	-0.350058	0.347561	0.247189	-0.207785
0.852400	-503.281098	-325.293084	828.574181	177.988014	1331.855279	-0.163874	-0.183178	-1.101031	-0.127510	-0.099500	-0.268597	0.771122	0.537097	0.136359
0.854200	-503.281098	-325.293084	828.574181	177.988014	1331.855279	0.748588	0.721962	0.066293	0.550082	0.364817	0.013581	0.592146	0.414308	0.204564
0.856000	-503.281098	-325.293084	828.574181	177.988014	1331.855279	1.652440	1.638472	1.582427	0.818307	0.548628	0.153338	-0.066958	-0.037185	-0.001784
0.857800	-503.281098	-325.293084	828.574181	177.988014	1331.855279	2.552954	2.562068	-3.127476	0.453109	0.298609	-0.002704	-0.678727	-0.456247	-0.191534
0.859600	-503.281098	-325.293084	828.574181	177.988014	1331.855279	-2.825824	-2.800228	-1.914308	-0.246293	-0.180435	-0.267157	-0.753882	-0.507878	-0.095560
0.861400	-503.281098	-325.293084	828.574181	177.988014	1331.855279	-1.911115	-1.888464	-0.891007	-0.712561	-0.500130	-0.302629	-0.252315	-0.164444	0.244619
0.863200	-503.281098	-325.293084	828.574181	177.988014	1331.855279	-0.982993	-0.982571	0.056286	-0.591026	-0.417483	0.027774	0.393847	0.278456	0.492921
0.865000	-503.281098	-325.293084	828.574181	177.988014	1331.855279	-0.042245	-0.069587	0.968672	-0.027884	-0.032165	0.487603	0.659670	0.461484	0.335110
0.866800	-503.281098	-325.293084	828.574181	177.988014	1331.855279	0.909362	0.869489	1.862752	0.478692	0.315152	0.650839	0.372616	0.266154	-0.195606
0.868600	-503.281098	-325.293084	828.574181	177.988014	1331.855279	1.874879	1.853146	2.746306	0.522416	0.346304	0.290771	-0.163942	-0.100463	-0.696877
0.870400	-503.281098	-325.293084	828.574181	177.988014	1331.855279	2.867519	2.887923	-2.659721	0.130709	0.079519	-0.378312	-0.464910	-0.306723	-0.723361
0.872200	-503.281098	-325.293084	828.574181	177.988014	1331.855279	-2.371641	-2.322932	-1.786511	-0.291635	-0.208847	-0.841815	-0.300787	-0.195396	-0.184462
0.874000	-503.281098	-325.293084	828.574181	177.988014	1331.855279	-1.253084	-1.230676	-0.915632	-0.351267	-0.249962	-0.706108	0.115515	0.088455	0.542563
0.875800	-503.281098	-325.293084	828.574181	177.988014	1331.855279	-0.074855	-0.114379	-0.045883	-0.026323	-0.028632	-0.041361	0.350997	0.249235	0.900810
0.877600	-503.281098	-325.293084	828.574181	177.988014	1331.855279	1.094849	1.038473	0.823746	0.328949	0.213419	0.656930	0.169564	0.125713	0.608384
0.879400	-503.281098	-325.293084	828.574181	177.988014	1331.855279	2.205059	2.198523	1.694237	0.332006	0.215131	0.864842	-0.244245	-0.156107	-0.107302
0.881200	-503.281098	-325.293084	828.574181	177.988014	1331.855279	-3.024522	-2.982697	2.566696	-0.054254	-0.048599	0.451642	-0.461313	-0.303275	-0.697086
0.883000	-503.281098	-325.293084	828.574181	177.988014	1331.855279	-2.008335	-1.963329	-2.840618	-0.471889	-0.333121	-0.229363	-0.220739	-0.137918	-0.738916
0.884800	-503.281098	-325.293084	828.574181	177.988014	1331.855279	-1.019132	-1.003616	-1.959192	-0.494722	-0.347449	-0.649747	0.304450	0.221324	-0.265864
0.886600	-503.281098	-325.293084	828.574181	177.988014	1331.855279	-0.055174	-0.071656	-1.068672	-0.035472	-0.032425	-0.541146	0.642260	0.451742	0.297124
0.888400	-503.281098	-325.293084	828.574181	177.988014	1331.855279	0.884338	0.855346	-0.162585	0.544098	0.364211	-0.084476	0.445833	0.316518	0.514996
0.890200	-503.281098	-325.293084	828.574181	177.988014	1331.855279	1.804014	1.786750	0.772367	0.734041	0.493715	0.292171	-0.174364	-0.108309	0.299886
0.892000	-503.281098	-325.293084	828.574181	177.988014	1331.855279	2.711904	2.718964	1.767648	0.329245	0.216114	0.306601	-0.718491	-0.480542	-0.061147
0.893800	-503.281098	-325.293084	828.574181	177.988014	1331.855279	-2.666492	-2.641161	2.909080	-0.369965	-0.262764	0.049384	-0.719219	-0.480492	-0.208552
0.895600	-503.281098	-325.293084	828.574181	177.988014	1331.855279	-1.758397	-1.733474	-1.899523	-0.797622	-0.555471	-0.146664	-0.151415	-0.091168	-0.050028
0.897400	-503.281098	-325.293084	828.574181	177.988014	1331.855279	-0.844805	-0.838239	-0.297237	-0.601119	-0.420681	-0.053787	0.533628	0.378416	0.175596
0.899200	-503.281098	-325.293084	828.574181	177.988014	1331.855279	0.072360	0.054937	0.949277	0.056953	0.030332	0.221583	0.785702	0.551566	0.158699
0.901000	-503.281098	-325.293084	828.574181	177.988014	1331.855279	0.989835	0.959139	1.985898	0.638221	0.429061	0.345359	0.419020	0.300938	-0.152203
0.902800	-503.281098	-325.293084	828.574181	177.988014	1331.855279	1.907098	1.884568	2.938915	0.687106	0.463497	0.097110	-0.240199	-0.150401	-0.472557
0.904600	-503.281098	-325.293084	828.574181	177.988014	1331.855279	2.829146	2.832936	-2.429081	0.208458	0.136579	-0.380044	-0.645326	-0.428354	-0.439914
0.906400	-503.281098	-325.293084	828.574181	177.988014	1331.855279	-2.516448	-2.487011	-1.533506	-0.359989	-0.252466	-0.670090	-0.498804	-0.328964	0.025000
0.908200	-503.281098	-325.293084	828.574181	177.988014	1331.855279	-1.548750	-1.517875	-0.649105	-0.544604	-0.379520	-0.451871	0.012008	0.020104	0.595513
0.910000	-503.281098	-325.293084	828.574181	177.988014	1331.855279	-0.536964	-0.538286	0.228566	-0.243837	-0.174655	0.183616	0.409596	0.292504	0.789302
0.911800	-503.281098	-325.293084	828.574181	177.988014	1331.855279	0.525254	0.478302	1.102112	0.211024	0.136096	0.765111	0.364112	0.262503	0.387384
0.913600	-503.281098	-325.293084	828.574181	177.988014	1331.855279	1.631587	1.575521	1.973217	0.382446	0.253806	0.817182	-0.023278	-0.001199	-0.347833
0.915400	-503.281098	-325.293084	828.574181	177.988014	1331.855279	2.767595	2.769569	2.843089	0.133413	0.084662	0.265073	-0.339932	-0.216974	-0.861474
0.917200	-503.281098	-325.293084	828.574181	177.988014	1331.855279	-2.366910	-2.307473	-2.570466	-0.257579	-0.181350	-0.484855	-0.263159	-0.164487	-0.754568
0.919000	-503.281098	-325.293084	828.574181	177.988014	1331.855279	-1.231175	-1.186452	-1.700123	-0.372779	-0.259121	-0.867657	0.131707	0.104804	-0.112841
0.920800	-503.281098	-325.293084	828.574181	177.988014	1331.855279	-0.139604	-0.145816	-0.827983	-0.062108	-0.046400	-0.615734	0.441990	0.315951	0.565404
0.922600	-503.281098	-325.293084	828.574181	177.988014	1331.855279	0.892554	0.856538	0.047370	0.399848	0.269035	0.036969	0.322181	0.233242	0.779854
0.924400	-503.281098	-325.293084	828.574181	177.988014	1331.855279	1.872847	1.845566	0.928014	0.558342	0.376572	0.568764	-0.173971	-0.106156	0.425935
0.926200	-503.281098	-325.293084	828.574181	177.988014	1331.855279	2.819195	2.822398	1.817311	0.205841	0.134821	0.608214	-0.616192	-0.407936	-0.153047
0.928000	-503.281098	-325.293084	828.574181	177.988014	1331.855279	-2.534608	-2.506527	2.721292	-0.400644	-0.280029	0.217377	-0.576931	-0.380008	-0.486375
0.929800	-503.281098	-325.293084	828.574181	177.988014	1331.855279	-1.611016	-1.580261	-2.631052	-0.742185	-0.512979	-0.210232	-0.029867	-0.004855	-0.375368
0.931600	-503.281098	-325.293084	828.574181	177.988014	1331.855279	-0.689024	-0.676277	-1.645020	-0.491902	-0.340691	-0.323309	0.597189	0.424525	-0.024041
0.933400	-503.281098	-325.293084	828.574181	177.988014	1331.855279	0.230006	0.218152	-0.527323	0.181798	0.121254	-0.112790	0.776418	0.546978	0.193689
0.935200	-503.281098	-325.293084	828.574181	177.988014	1331.855279	1.142920	1.116433	0.903610	0.739681	0.503658	0.123926	0.337334	0.246010	0.097614
0.937000	-503.281098	-325.293084	828.574181	177.988014	1331.855279	2.048890	2.027267	2.527869	0.724771	0.493732	0.101564	-0.375570	-0.242452	-0.144169
0.938800	-503.281098	-325.293084	828.574181	177.988014	1331.855279	2.951336	2.950686	-2.472309	0.151875	0.101588	-0.162257	-0.788611	-0.525653	-0.205106
0.940600	-503.281098	-325.293084	828.574181	177.988014	1331.855279	-2.426053	-2.404693	-1.421160	-0.506440	-0.349344	-0.361681	-0.582646	-0.384986	0.054528
0.942400	-503.281098	-325.293084	828.574181	177.988014	1331.855279	-1.508986	-1.481635	-0.462141	-0.724474	-0.499123	-0.210084	0.044837	0.044621	0.421755
0.944200	-503.281098	-325.293084	828.574181	177.988014	1331.855279	-0.574583	-0.564268	0.455958	-0.364551	-0.253166	0.251400	0.563054	0.400002	0.512617
0.946000	-503.281098	-325.293084	828.574181	177.988014	1331.855279	0.379303	0.358467	1.353159	0.226866	0.151821	0.645716	0.569149	0.405232	0.142794
0.947800	-503.281098	-325.293084	828.574181	177.988014	1331.855279	1.352017	1.308130	2.238566	0.541371	0.368054	0.580825	0.120367	0.098962	-0.458056
0.949600	-503.281098	-325.293084	828.574181	177.988014	1331.855279	2.345792	2.311446	3.116885	0.354459	0.241580	0.019867	-0.347160	-0.220873	-0.803927
0.951400	-503.281098	-325.293084	828.574181	177.988014	1331.855279	-2.910141	-2.898053	-2.292359	-0.100373	-0.068462	-0.640553	-0.425897	-0.275533	-0.563581
0.953200	-503.281098	-325.293084	828.574181	177.988014	1331.855279	-1.825802	-1.771772	-1.421056	-0.372587	-0.254357	-0.875732	-0.097126	-0.051819	0.132122
0.955000	-503.281098	-325.293084	828.574181	177.988014	1331.855279	-0.669858	-0.636236	-0.551140	-0.219329	-0.150050	-0.471710	0.276922	0.203124	0.767414
0.956800	-503.281098	-325.293084	828.574181	177.988014	1331.855279	0.518789	0.489193	0.318422	0.177137	0.120188	0.281231	0.310247	0.225769	0.853148
0.958600	-503.281098	-325.293084	828.574181	177.988014	1331.855279	1.662890	1.610550	1.188611	0.394294	0.267988	0.814861	-0.036415	-0.010659	0.327532
0.960400	-503.281098	-325.293084	828.574181	177.988014	1331.855279	2.732289	2.716894	2.060507	0.180414	0.121677	0.742158	-0.415889	-0.269067	-0.395582
0.962200	-503.281098	-325.293084	828.574181	177.988014	1331.855279	-2.537182	-2.507453	2.935472	-0.292443	-0.200950	0.161171	-0.423444	-0.273225	-0.770820
0.964000	-503.281098	-325.293084	828.574181	177.988014	1331.855279	-1.554592	-1.511834	-2.467726	-0.573534	-0.391912	-0.448613	0.009294	0.023135	-0.561773
0.965800	-503.281098	-325.293084	828.574181	177.988014	1331.855279	-0.590159	-0.566576	-1.579582	-0.350750	-0.238277	-0.636895	0.523674	0.374563	-0.005596
0.967600	-503.281098	-325.293084	828.574181	177.988014	1331.855279	0.358645	0.352025	-0.677685	0.240640	0.166963	-0.340837	0.641952	0.454537	0.423484
0.969400	-503.281098	-325.293084	828.574181	177.988014	1331.855279	1.290597	1.264701	0.249167	0.708673	0.487137	0.108947	0.203935	0.153949	0.428160
0.971200	-503.281098	-325.293084	828.574181	177.988014	1331.855279	2.206628	2.183353	1.226651	0.627969	0.431442	0.316112	-0.463494	-0.303188	0.113297
0.973000	-503.281098	-325.293084	828.574181	177.988014	1331.855279	3.111687	3.108621	2.323149	0.024184	0.017783	0.170995	-0.808429	-0.539153	-0.160051
0.974800	-503.281098	-325.293084	828.574181	177.988014	1331.855279	-2.270005	-2.250988	-2.572197	-0.626850	-0.427989	-0.087145	-0.527141	-0.346234	-0.136139
0.976600	-503.281098	-325.293084	828.574181	177.988014	1331.855279	-1.365009	-1.338123	-0.935346	-0.795067	-0.543032	-0.136775	0.165964	0.128680	0.100871
0.978400	-503.281098	-325.293084	828.574181	177.988014	1331.855279	-0.452383	-0.437594	0.386368	-0.346422	-0.235566	0.094494	0.712806	0.503515	0.232276
0.980200	-503.281098	-325.293084	828.574181	177.988014	1331.855279	0.467801	0.458133	1.453674	0.344733	0.238233	0.351672	0.682367	0.483109	0.041378
0.982000	-503.281098	-325.293084	828.574181	177.988014	1331.855279	1.392642	1.362441	2.419457	0.718307	0.494948	0.303899	0.129341	0.104644	-0.345005
0.983800	-503.281098	-325.293084	828.574181	177.988014	1331.855279	2.320398	2.289392	-2.942328	0.502746	0.348414	-0.110921	-0.467982	-0.304718	-0.549263
0.985600	-503.281098	-325.293084	828.574181	177.988014	1331.855279	-3.028421	-3.035999	-2.043345	-0.071446	-0.044057	-0.580479	-0.628616	-0.415685	-0.296727
0.987400	-503.281098	-325.293084	828.574181	177.988014	1331.855279	-2.076111	-2.050708	-1.156934	-0.496345	-0.335126	-0.670001	-0.274590	-0.174433	0.294285
0.989200	-503.281098	-325.293084	828.574181	177.988014	1331.855279	-1.087519	-1.048801	-0.278043	-0.439226	-0.296923	-0.218999	0.230498	0.170794	0.767240
0.991000	-503.281098	-325.293084	828.574181	177.988014	1331.855279	-0.042521	-0.031656	0.596228	-0.018286	-0.009742	0.476537	0.429786	0.307653	0.702223
0.992800	-503.281098	-325.293084	828.574181	177.988014	1331.855279	1.066355	1.023579	1.467727	0.335249	0.231988	0.878238	0.185085	0.141346	0.090841
0.994600	-503.281098	-325.293084	828.574181	177.988014	1331.855279	2.216663	2.156036	2.337758	0.289688	0.201594	0.647989	-0.218339	-0.133593	-0.624526
0.996400	-503.281098	-325.293084	828.574181	177.988014	1331.855279	-2.915818	-2.920398	-3.075828	-0.082483	-0.051612	-0.059105	-0.359106	-0.229516	-0.897443
0.998200	-503.281098	-325.293084	828.574181	177.988014	1331.855279	-1.791371	-1.738110	-2.205711	-0.384755	-0.257011	-0.709505	-0.086271	-0.043407	-0.522671
1.000000	-503.281098	-325.293084	828.574181	177.988014	1331.855279	-0.702650	-0.654780	-1.334045	-0.282382	-0.186220	-0.822311	0.333458	0.242546	0.198404
