#model:pLinear_down	end_point_b=0.20
#t	l_1	l_2	l_3	l_2-l_1	l_3-l_1	phase_1	phase_2	phase_3	RePsi_1	RePsi_2	RePsi_3	ImPsi_1	ImPsi_2	ImPsi_3
0.100200	-479.860361	-310.255985	790.116345	169.604376	1269.976706	1.661789	1.664444	1.748601	0.818568	0.546038	0.151135	-0.074690	-0.051285	-0.027159	-0.353445	-2.646555
0.100400	-479.812906	-310.225969	790.038876	169.586937	1269.851782	1.752770	1.758060	1.925062	0.808084	0.538840	0.145652	-0.148695	-0.102102	-0.053872	-0.353444	-2.646556
0.100600	-479.765449	-310.195954	789.961403	169.569496	1269.726853	1.843747	1.851630	2.098968	0.790724	0.526919	0.136601	-0.221354	-0.151994	-0.079702	-0.353442	-2.646558
0.100800	-479.717989	-310.165938	789.883927	169.552051	1269.601917	1.934728	1.945140	2.269321	0.766652	0.510391	0.124106	-0.292017	-0.200517	-0.104221	-0.353441	-2.646559
0.101000	-479.670526	-310.135922	789.806449	169.534604	1269.476975	2.025719	2.038578	2.435383	0.736097	0.489410	0.108343	-0.360055	-0.247239	-0.127020	-0.353440	-2.646560
0.101200	-479.623061	-310.105907	789.728967	169.517154	1269.352028	2.116727	2.131929	2.596687	0.699344	0.464173	0.089531	-0.424866	-0.291746	-0.147713	-0.353438	-2.646562
0.101400	-479.575592	-310.075891	789.651483	169.499700	1269.227075	2.207759	2.225182	2.753013	0.656737	0.434916	0.067934	-0.485876	-0.333645	-0.165938	-0.353437	-2.646563
0.101600	-479.528120	-310.045876	789.573995	169.482244	1269.102115	2.298820	2.318327	2.904344	0.608673	0.401911	0.043855	-0.542550	-0.372569	-0.181365	-0.353435	-2.646565
0.101800	-479.480645	-310.015860	789.496505	169.464785	1268.977150	2.389917	2.411351	3.050814	0.555599	0.365464	0.017632	-0.594395	-0.408178	-0.193703	-0.353434	-2.646566
0.102000	-479.433167	-309.985844	789.419012	169.447323	1268.852179	2.481056	2.504245	-3.090523	0.498006	0.325911	-0.010361	-0.640963	-0.440166	-0.202696	-0.353433	-2.646567
0.102200	-479.385687	-309.955829	789.341515	169.429858	1268.727202	2.572241	2.597002	-2.952998	0.436425	0.283619	-0.039725	-0.681857	-0.468259	-0.208134	-0.353431	-2.646569
0.102400	-479.338203	-309.925813	789.264016	169.412390	1268.602219	2.663480	2.689612	-2.819465	0.371423	0.238975	-0.070039	-0.716735	-0.492224	-0.209853	-0.353430	-2.646570
0.102600	-479.290716	-309.895797	789.186514	169.394919	1268.477230	2.754775	2.782070	-2.689588	0.303595	0.192387	-0.100861	-0.745311	-0.511862	-0.207734	-0.353428	-2.646572
0.102800	-479.243227	-309.865782	789.109008	169.377445	1268.352235	2.846131	2.874370	-2.563035	0.233561	0.144282	-0.131741	-0.767359	-0.527019	-0.201713	-0.353427	-2.646573
0.103000	-479.195734	-309.835766	789.031500	169.359968	1268.227234	2.937553	2.966508	-2.439495	0.161958	0.095096	-0.162217	-0.782714	-0.537582	-0.191773	-0.353425	-2.646575
0.103200	-479.148239	-309.805750	788.953989	169.342488	1268.102228	3.029044	3.058482	-2.318676	0.089435	0.045274	-0.191830	-0.791275	-0.543480	-0.177950	-0.353424	-2.646576
0.103400	-479.100740	-309.775735	788.876475	169.325006	1267.977215	3.120606	-3.132897	-2.200312	0.016645	-0.004736	-0.220124	-0.793004	-0.544687	-0.160332	-0.353423	-2.646577
0.103600	-479.053239	-309.745719	788.798958	169.307520	1267.852197	-3.070943	-3.041259	-2.084163	-0.055760	-0.054486	-0.246652	-0.787926	-0.541221	-0.139059	-0.353421	-2.646579
0.103800	-479.005734	-309.715703	788.721438	169.290031	1267.727172	-2.979230	-2.949787	-1.970010	-0.127134	-0.103532	-0.270985	-0.776130	-0.533141	-0.114319	-0.353420	-2.646580
0.104000	-478.958227	-309.685688	788.643915	169.272540	1267.602142	-2.887440	-2.858480	-1.857660	-0.196845	-0.151442	-0.292712	-0.757766	-0.520550	-0.086350	-0.353418	-2.646582
0.104200	-478.910717	-309.655672	788.566389	169.255045	1267.477105	-2.795571	-2.767335	-1.746938	-0.264282	-0.197795	-0.311451	-0.733044	-0.503592	-0.055434	-0.353417	-2.646583
0.104400	-478.863203	-309.625656	788.488860	169.237547	1267.352063	-2.703623	-2.676349	-1.637689	-0.328857	-0.242188	-0.326850	-0.702232	-0.482450	-0.021896	-0.353415	-2.646585
0.104600	-478.815687	-309.595640	788.411328	169.220047	1267.227015	-2.611597	-2.585515	-1.529774	-0.390014	-0.284240	-0.338593	-0.665653	-0.457346	0.013898	-0.353414	-2.646586
0.104800	-478.768168	-309.565625	788.333793	169.202543	1267.101961	-2.519492	-2.494829	-1.423072	-0.447231	-0.323591	-0.346404	-0.623680	-0.428535	0.051548	-0.353412	-2.646588
0.105000	-478.720646	-309.535609	788.256255	169.185037	1266.976900	-2.427311	-2.404283	-1.317471	-0.500031	-0.359914	-0.350050	-0.576736	-0.396307	0.090624	-0.353411	-2.646589
0.105200	-478.673121	-309.505593	788.178714	169.167527	1266.851834	-2.335055	-2.313868	-1.212873	-0.547975	-0.392908	-0.349347	-0.525284	-0.360979	0.130667	-0.353409	-2.646591
0.105400	-478.625592	-309.475577	788.101170	169.150015	1266.726762	-2.242727	-2.223576	-1.109192	-0.590680	-0.422307	-0.344158	-0.469827	-0.322896	0.171201	-0.353408	-2.646592
0.105600	-478.578061	-309.445562	788.023623	169.132500	1266.601684	-2.150329	-2.133397	-1.006349	-0.627809	-0.447883	-0.334400	-0.410901	-0.282426	0.211729	-0.353406	-2.646594
0.105800	-478.530527	-309.415546	787.946073	169.114981	1266.476600	-2.057864	-2.043321	-0.904273	-0.659083	-0.469443	-0.320043	-0.349069	-0.239954	0.251749	-0.353405	-2.646595
0.106000	-478.482990	-309.385530	787.868520	169.097460	1266.351510	-1.965337	-1.953335	-0.802902	-0.684281	-0.486833	-0.301113	-0.284916	-0.195882	0.290752	-0.353403	-2.646597
0.106200	-478.435450	-309.355514	787.790964	169.079936	1266.226415	-1.872752	-1.863428	-0.702179	-0.703238	-0.499942	-0.277690	-0.219045	-0.150623	0.328231	-0.353402	-2.646598
0.106400	-478.387907	-309.325498	787.713406	169.062409	1266.101313	-1.780113	-1.773587	-0.602053	-0.715851	-0.508696	-0.249909	-0.152067	-0.104597	0.363686	-0.353400	-2.646600
0.106600	-478.340361	-309.295483	787.635844	169.044878	1265.976205	-1.687425	-1.683799	-0.502478	-0.722076	-0.513066	-0.217958	-0.084599	-0.058226	0.396631	-0.353399	-2.646601
0.106800	-478.292812	-309.265467	787.558279	169.027345	1265.851091	-1.594694	-1.594050	-0.403412	-0.721932	-0.513063	-0.182082	-0.017256	-0.011933	0.426599	-0.353397	-2.646603
0.107000	-478.245260	-309.235451	787.480711	169.009809	1265.725971	-1.501925	-1.504325	-0.304818	-0.715494	-0.508739	-0.142571	0.049355	0.033866	0.453148	-0.353396	-2.646604
0.107200	-478.197705	-309.205435	787.403141	168.992270	1265.600846	-1.409123	-1.414610	-0.206662	-0.702899	-0.500185	-0.099768	0.114641	0.078764	0.475865	-0.353394	-2.646606
0.107400	-478.150147	-309.175419	787.325567	168.974728	1265.475714	-1.316295	-1.324889	-0.108913	-0.684337	-0.487534	-0.054058	0.178025	0.122365	0.494374	-0.353393	-2.646607
0.107600	-478.102586	-309.145404	787.247990	168.957183	1265.350576	-1.223447	-1.235146	-0.011542	-0.660054	-0.470952	-0.005867	0.238958	0.164292	0.508337	-0.353391	-2.646609
0.107800	-478.055023	-309.115388	787.170410	168.939635	1265.225433	-1.130584	-1.145367	0.085476	-0.630347	-0.450643	0.044339	0.296919	0.204186	0.517460	-0.353390	-2.646610
0.108000	-478.007456	-309.085372	787.092828	168.922084	1265.100283	-1.037712	-1.055535	0.182166	-0.595560	-0.426841	0.096065	0.351421	0.241715	0.521501	-0.353388	-2.646612
0.108200	-477.959886	-309.055356	787.015242	168.904530	1264.975128	-0.944838	-0.965633	0.278547	-0.556083	-0.399814	0.148787	0.402016	0.276569	0.520265	-0.353386	-2.646614
0.108400	-477.912313	-309.025340	786.937653	168.886973	1264.849966	-0.851967	-0.875645	0.374641	-0.512342	-0.369854	0.201959	0.448299	0.308471	0.513614	-0.353385	-2.646615
0.108600	-477.864737	-308.995324	786.860062	168.869413	1264.724799	-0.759105	-0.785555	0.470465	-0.464802	-0.337279	0.255022	0.489910	0.337173	0.501467	-0.353383	-2.646617
0.108800	-477.817158	-308.965309	786.782467	168.851850	1264.599625	-0.666256	-0.695346	0.566036	-0.413955	-0.302425	0.307402	0.526540	0.362461	0.483799	-0.353382	-2.646618
0.109000	-477.769577	-308.935293	786.704869	168.834284	1264.474446	-0.573426	-0.605002	0.661370	-0.360319	-0.265648	0.358524	0.557931	0.384159	0.460649	-0.353380	-2.646620
0.109200	-477.721992	-308.905277	786.627269	168.816715	1264.349260	-0.480619	-0.514507	0.756479	-0.304432	-0.227317	0.407814	0.583877	0.402125	0.432110	-0.353379	-2.646621
0.109400	-477.674404	-308.875261	786.549665	168.799143	1264.224069	-0.387839	-0.423843	0.851378	-0.246846	-0.187810	0.454708	0.604228	0.416254	0.398341	-0.353377	-2.646623
0.109600	-477.626813	-308.845245	786.472058	168.781568	1264.098871	-0.295090	-0.332996	0.946079	-0.188121	-0.147510	0.498654	0.618891	0.426483	0.359557	-0.353375	-2.646625
0.109800	-477.579219	-308.815229	786.394449	168.763990	1263.973668	-0.202375	-0.241949	1.040593	-0.128820	-0.106804	0.539123	0.627829	0.432783	0.316029	-0.353374	-2.646626
0.110000	-477.531623	-308.785213	786.316836	168.746409	1263.848459	-0.109695	-0.150688	1.134929	-0.069503	-0.066075	0.575612	0.631057	0.435167	0.268086	-0.353372	-2.646628
0.110200	-477.484023	-308.755197	786.239220	168.728826	1263.723243	-0.017052	-0.059198	1.229099	-0.010721	-0.025703	0.607650	0.628650	0.433684	0.216109	-0.353371	-2.646629
0.110400	-477.436420	-308.725181	786.161602	168.711239	1263.598022	0.075552	0.032535	1.323110	0.046987	0.013944	0.634804	0.620734	0.428418	0.160528	-0.353369	-2.646631
0.110600	-477.388814	-308.695166	786.083980	168.693649	1263.472794	0.168117	0.124526	1.416971	0.103102	0.052509	0.656684	0.607486	0.419491	0.101819	-0.353367	-2.646633
0.110800	-477.341206	-308.665150	786.006355	168.676056	1263.347561	0.260645	0.216785	1.510691	0.157129	0.089653	0.672947	0.589134	0.407058	0.040497	-0.353366	-2.646634
0.111000	-477.293594	-308.635134	785.928728	168.658460	1263.222322	0.353136	0.309326	1.604275	0.208602	0.125055	0.683305	0.565949	0.391304	-0.022885	-0.353364	-2.646636
0.111200	-477.245979	-308.605118	785.851097	168.640862	1263.097076	0.445594	0.402160	1.697731	0.257085	0.158417	0.687520	0.538249	0.372446	-0.087742	-0.353363	-2.646637
0.111400	-477.198361	-308.575102	785.773463	168.623260	1262.971825	0.538021	0.495295	1.791066	0.302183	0.189466	0.685419	0.506387	0.350727	-0.153467	-0.353361	-2.646639
0.111600	-477.150741	-308.545086	785.695827	168.605655	1262.846567	0.630421	0.588742	1.884285	0.343537	0.217956	0.676885	0.470754	0.326412	-0.219432	-0.353359	-2.646641
0.111800	-477.103117	-308.515070	785.618187	168.588047	1262.721304	0.722801	0.682507	1.977394	0.380835	0.243673	0.661868	0.431769	0.299788	-0.284995	-0.353358	-2.646642
0.112000	-477.055490	-308.485054	785.540544	168.570436	1262.596034	0.815165	0.776597	2.070398	0.413808	0.266430	0.640380	0.389878	0.271162	-0.349510	-0.353356	-2.646644
0.112200	-477.007861	-308.455038	785.462898	168.552823	1262.470759	0.907522	0.871016	2.163302	0.442237	0.286078	0.612500	0.345548	0.240852	-0.412329	-0.353354	-2.646646
0.112400	-476.960228	-308.425022	785.385250	168.535206	1262.345478	0.999879	0.965769	2.256110	0.465951	0.302497	0.578373	0.299263	0.209190	-0.472813	-0.353353	-2.646647
0.112600	-476.912592	-308.395006	785.307598	168.517586	1262.220190	1.092247	1.060856	2.348828	0.484829	0.315604	0.538205	0.251514	0.176511	-0.530334	-0.353351	-2.646649
0.112800	-476.864953	-308.364990	785.229943	168.499963	1262.094897	1.184635	1.156278	2.441459	0.498803	0.325352	0.492270	0.202801	0.143159	-0.584285	-0.353349	-2.646651
0.113000	-476.817312	-308.334974	785.152286	168.482338	1261.969597	1.277055	1.252034	2.534008	0.507855	0.331727	0.440899	0.153622	0.109475	-0.634086	-0.353348	-2.646652
0.113200	-476.769667	-308.304958	785.074625	168.464709	1261.844292	1.369521	1.348121	2.626477	0.512016	0.334750	0.384484	0.104471	0.075797	-0.679187	-0.353346	-2.646654
0.113400	-476.722019	-308.274942	784.996961	168.447077	1261.718980	1.462046	1.444534	2.718870	0.511368	0.334475	0.323472	0.055832	0.042457	-0.719079	-0.353344	-2.646656
0.113600	-476.674368	-308.244926	784.919294	168.429442	1261.593662	1.554646	1.541267	2.811191	0.506041	0.330990	0.258361	0.008173	0.009777	-0.753296	-0.353343	-2.646657
0.113800	-476.626714	-308.214910	784.841624	168.411805	1261.468339	1.647338	1.638313	2.903443	0.496208	0.324414	0.189695	-0.038055	-0.021937	-0.781421	-0.353341	-2.646659
0.114000	-476.579058	-308.184894	784.763952	168.394164	1261.343009	1.740140	1.735662	2.995628	0.482088	0.314894	0.118063	-0.082428	-0.052391	-0.803091	-0.353339	-2.646661
0.114200	-476.531398	-308.154878	784.686276	168.376520	1261.217674	1.833071	1.833303	3.087750	0.463937	0.302607	0.044086	-0.124548	-0.081313	-0.818000	-0.353338	-2.646662
0.114400	-476.483735	-308.124862	784.608597	168.358873	1261.092332	1.926154	1.931226	-3.103374	0.442050	0.287752	-0.031580	-0.164050	-0.108452	-0.825905	-0.353336	-2.646664
0.114600	-476.436069	-308.094846	784.530915	168.341223	1260.966984	2.019411	2.029418	-3.011371	0.416755	0.270554	-0.108257	-0.200604	-0.133582	-0.826626	-0.353334	-2.646666
0.114800	-476.388400	-308.064830	784.453230	168.323571	1260.841630	2.112867	2.127866	-2.919423	0.388407	0.251256	-0.185248	-0.233917	-0.156501	-0.820051	-0.353333	-2.646667
0.115000	-476.340729	-308.034814	784.375542	168.305915	1260.716271	2.206549	2.226556	-2.827529	0.357388	0.230117	-0.261845	-0.263739	-0.177037	-0.806137	-0.353331	-2.646669
0.115200	-476.293054	-308.004798	784.297851	168.288256	1260.590905	2.300485	2.325474	-2.735686	0.324098	0.207413	-0.337334	-0.289859	-0.195045	-0.784911	-0.353329	-2.646671
0.115400	-476.245376	-307.974781	784.220157	168.270594	1260.465533	2.394707	2.424607	-2.643892	0.288954	0.183427	-0.411005	-0.312114	-0.210413	-0.756469	-0.353328	-2.646672
0.115600	-476.197695	-307.944765	784.142460	168.252929	1260.340155	2.489248	2.523941	-2.552145	0.252385	0.158453	-0.482158	-0.330385	-0.223057	-0.720978	-0.353326	-2.646674
0.115800	-476.150011	-307.914749	784.064760	168.235262	1260.214771	2.584144	2.623465	-2.460443	0.214823	0.132786	-0.550109	-0.344598	-0.232926	-0.678673	-0.353324	-2.646676
0.116000	-476.102324	-307.884733	783.987057	168.217591	1260.089381	2.679435	2.723167	-2.368784	0.176703	0.106725	-0.614195	-0.354725	-0.240001	-0.629857	-0.353322	-2.646678
0.116200	-476.054634	-307.854717	783.909351	168.199917	1259.963985	2.775162	2.823039	-2.277166	0.138456	0.080564	-0.673785	-0.360786	-0.244293	-0.574898	-0.353321	-2.646679
0.116400	-476.006941	-307.824701	783.831642	168.182240	1259.838583	2.871372	2.923074	-2.185588	0.100505	0.054593	-0.728285	-0.362841	-0.245844	-0.514224	-0.353319	-2.646681
0.116600	-475.959245	-307.794685	783.753930	168.164560	1259.713175	2.968115	3.023268	-2.094048	0.063261	0.029093	-0.777141	-0.360998	-0.244726	-0.448323	-0.353317	-2.646683
0.116800	-475.911546	-307.764669	783.676215	168.146877	1259.587761	3.065443	3.123621	-2.002544	0.027116	0.004332	-0.819848	-0.355404	-0.241038	-0.377735	-0.353315	-2.646685
0.117000	-475.863844	-307.734653	783.598496	168.129191	1259.462340	-3.119768	-3.059051	-1.911075	-0.007558	-0.019434	-0.855955	-0.346244	-0.234906	-0.303051	-0.353314	-2.646686
0.117200	-475.816139	-307.704636	783.520775	168.111502	1259.336914	-3.021083	-2.958367	-1.819638	-0.040415	-0.041968	-0.885068	-0.333741	-0.226483	-0.224904	-0.353312	-2.646688
0.117400	-475.768431	-307.674620	783.443051	168.093810	1259.211482	-2.921618	-2.857502	-1.728234	-0.071136	-0.063053	-0.906856	-0.318151	-0.215942	-0.143965	-0.353310	-2.646690
0.117600	-475.720720	-307.644604	783.365324	168.076115	1259.086043	-2.821295	-2.756436	-1.636860	-0.099436	-0.082491	-0.921051	-0.299759	-0.203478	-0.060937	-0.353308	-2.646692
0.117800	-475.673005	-307.614588	783.287593	168.058417	1258.960599	-2.720028	-2.655145	-1.545515	-0.125063	-0.100110	-0.927458	-0.278877	-0.189304	0.023452	-0.353307	-2.646693
0.118000	-475.625288	-307.584572	783.209860	168.040716	1258.835148	-2.617723	-2.553595	-1.454198	-0.147801	-0.115763	-0.925951	-0.255839	-0.173646	0.108457	-0.353305	-2.646695
0.118200	-475.577568	-307.554556	783.132124	168.023012	1258.709692	-2.514277	-2.451746	-1.362907	-0.167475	-0.129328	-0.916475	-0.230996	-0.156746	0.193319	-0.353303	-2.646697
0.118400	-475.529845	-307.524540	783.054384	168.005305	1258.584229	-2.409575	-2.349547	-1.271641	-0.183948	-0.140712	-0.899051	-0.204715	-0.138853	0.277277	-0.353301	-2.646699
0.118600	-475.482118	-307.494523	782.976642	167.987595	1258.458760	-2.303488	-2.246938	-1.180399	-0.197127	-0.149848	-0.873773	-0.177370	-0.120223	0.359575	-0.353300	-2.646701
0.118800	-475.434389	-307.464507	782.898896	167.969882	1258.333285	-2.195876	-2.143845	-1.089179	-0.206958	-0.156701	-0.840808	-0.149342	-0.101116	0.439463	-0.353298	-2.646702
0.119000	-475.386657	-307.434491	782.821148	167.952166	1258.207804	-2.086580	-2.040182	-0.997982	-0.213429	-0.161262	-0.800396	-0.121010	-0.081791	0.516213	-0.353296	-2.646704
0.119200	-475.338921	-307.404475	782.743396	167.934447	1258.082317	-1.975428	-1.935843	-0.906805	-0.216572	-0.163550	-0.752847	-0.092750	-0.062505	0.589118	-0.353294	-2.646706
0.119400	-475.291183	-307.374459	782.665641	167.916724	1257.956824	-1.862223	-1.830709	-0.815647	-0.216455	-0.163613	-0.698537	-0.064930	-0.043509	0.657506	-0.353292	-2.646708
0.119600	-475.243441	-307.344442	782.587884	167.898999	1257.831325	-1.746753	-1.724633	-0.724508	-0.213190	-0.161526	-0.637909	-0.037904	-0.025047	0.720741	-0.353291	-2.646709
0.119800	-475.195697	-307.314426	782.510123	167.881271	1257.705820	-1.628779	-1.617449	-0.633386	-0.206921	-0.157387	-0.571465	-0.012011	-0.007348	0.778230	-0.353289	-2.646711
0.120000	-475.147949	-307.284410	782.432359	167.863540	1257.580309	-1.508043	-1.508955	-0.542280	-0.197833	-0.151320	-0.499761	0.012431	0.009370	0.829434	-0.353287	-2.646713
0.120200	-475.100199	-307.254394	782.354593	167.845805	1257.454791	-1.384260	-1.398917	-0.451189	-0.186138	-0.143472	-0.423407	0.035130	0.024906	0.873865	-0.353285	-2.646715
0.120400	-475.052445	-307.224377	782.276823	167.828068	1257.329268	-1.257129	-1.287059	-0.360113	-0.172081	-0.134009	-0.343057	0.055819	0.039078	0.911098	-0.353283	-2.646717
0.120600	-475.004689	-307.194361	782.199050	167.810327	1257.203738	-1.126327	-1.173052	-0.269050	-0.155931	-0.123114	-0.259404	0.074263	0.051725	0.940770	-0.353281	-2.646719
0.120800	-474.956929	-307.164345	782.121274	167.792584	1257.078203	-0.991528	-1.056512	-0.177999	-0.137983	-0.110987	-0.173173	0.090258	0.062707	0.962588	-0.353280	-2.646720
0.121000	-474.909166	-307.134329	782.043495	167.774837	1256.952661	-0.852408	-0.936981	-0.086960	-0.118548	-0.097841	-0.085116	0.103637	0.071911	0.976328	-0.353278	-2.646722
0.121200	-474.861400	-307.104312	781.965713	167.757088	1256.827113	-0.708669	-0.813920	0.004069	-0.097952	-0.083900	0.003995	0.114268	0.079245	0.981842	-0.353276	-2.646724
0.121400	-474.813632	-307.074296	781.887928	167.739335	1256.701559	-0.560065	-0.686697	0.095088	-0.076535	-0.069393	0.093378	0.122058	0.084646	0.979053	-0.353274	-2.646726
0.121600	-474.765860	-307.044280	781.810140	167.721580	1256.575999	-0.406439	-0.554574	0.186099	-0.054641	-0.054556	0.182246	0.126952	0.088076	0.967962	-0.353272	-2.646728
0.121800	-474.718085	-307.014264	781.732348	167.703821	1256.450433	-0.247768	-0.416703	0.277102	-0.032616	-0.039626	0.269813	0.128935	0.089525	0.948645	-0.353270	-2.646730
0.122000	-474.670307	-306.984247	781.654554	167.686060	1256.324861	-0.084209	-0.272132	0.368098	-0.010807	-0.024838	0.355306	0.128031	0.089007	0.921254	-0.353268	-2.646732
0.122200	-474.622526	-306.954231	781.576757	167.668295	1256.199283	0.083854	-0.119840	0.459088	0.010448	-0.010424	0.437969	0.124302	0.086566	0.886014	-0.353267	-2.646733
0.122400	-474.574742	-306.924215	781.498956	167.650527	1256.073698	0.255789	0.041202	0.550074	0.030819	0.003392	0.517069	0.117847	0.082268	0.843222	-0.353265	-2.646735
0.122600	-474.526955	-306.894198	781.421153	167.632756	1255.948108	0.430705	0.211890	0.641055	0.049992	0.016394	0.591905	0.108802	0.076208	0.793243	-0.353263	-2.646737
0.122800	-474.479165	-306.864182	781.343347	167.614983	1255.822511	0.607497	0.392781	0.732032	0.067669	0.028380	0.661816	0.097338	0.068500	0.736510	-0.353261	-2.646739
0.123000	-474.431371	-306.834166	781.265537	167.597206	1255.696908	0.784917	0.583801	0.823007	0.083577	0.039163	0.726184	0.083657	0.059283	0.673517	-0.353259	-2.646741
0.123200	-474.383575	-306.804149	781.187724	167.579426	1255.571299	0.961680	0.783934	0.913981	0.097464	0.048572	0.784440	0.067992	0.048714	0.604814	-0.353257	-2.646743
0.123400	-474.335776	-306.774133	781.109909	167.561643	1255.445684	1.136570	0.991001	1.004954	0.109109	0.056455	0.836072	0.050599	0.036971	0.531004	-0.353255	-2.646745
0.123600	-474.287973	-306.744117	781.032090	167.543857	1255.320063	1.308542	1.201728	1.095928	0.118321	0.062682	0.880628	0.031762	0.024245	0.452736	-0.353253	-2.646747
0.123800	-474.240168	-306.714100	780.954268	167.526068	1255.194436	1.476781	1.412162	1.186902	0.124941	0.067145	0.917720	0.011781	0.010742	0.370699	-0.353252	-2.646748
0.124000	-474.192359	-306.684084	780.876443	167.508276	1255.068803	1.640729	1.618375	1.277879	0.128846	0.069760	0.947028	-0.009025	-0.003322	0.285617	-0.353250	-2.646750
0.124200	-474.144548	-306.654068	780.798616	167.490480	1254.943163	1.800072	1.817151	1.368858	0.129950	0.070469	0.968305	-0.030328	-0.017720	0.198239	-0.353248	-2.646752
0.124400	-474.096733	-306.624051	780.720785	167.472682	1254.817518	1.954702	2.006387	1.459842	0.128204	0.069238	0.981374	-0.051788	-0.032224	0.109337	-0.353246	-2.646754
0.124600	-474.048916	-306.594035	780.642951	167.454881	1254.691866	2.104680	2.185135	1.550830	0.123599	0.066061	0.986135	-0.073065	-0.046599	0.019692	-0.353244	-2.646756
0.124800	-474.001095	-306.564018	780.565113	167.437077	1254.566208	2.250180	2.353371	1.641824	0.116161	0.060956	0.982562	-0.093817	-0.060613	-0.069907	-0.353242	-2.646758
0.125000	-473.953271	-306.534002	780.487273	167.419269	1254.440545	2.391450	2.511681	1.732824	0.105959	0.053970	0.970707	-0.113706	-0.074035	-0.158673	-0.353240	-2.646760
0.125200	-473.905444	-306.503986	780.409430	167.401459	1254.314874	2.528783	2.660979	1.823833	0.093096	0.045175	0.950695	-0.132406	-0.086643	-0.245830	-0.353238	-2.646762
0.125400	-473.857615	-306.473969	780.331584	167.383645	1254.189198	2.662486	2.802295	1.914850	0.077713	0.034667	0.922727	-0.149600	-0.098220	-0.330616	-0.353236	-2.646764
0.125600	-473.809782	-306.443953	780.253734	167.365829	1254.063516	2.792864	2.936653	2.005876	0.059988	0.022566	0.887072	-0.164989	-0.108564	-0.412296	-0.353234	-2.646766
0.125800	-473.761946	-306.413936	780.175882	167.348009	1253.937827	2.920212	3.065000	2.096913	0.040129	0.009016	0.844072	-0.178295	-0.117483	-0.490163	-0.353232	-2.646768
0.126000	-473.714106	-306.383920	780.098026	167.330187	1253.812133	3.044803	-3.095003	2.187962	0.018376	-0.005819	0.794132	-0.189265	-0.124806	-0.563547	-0.353230	-2.646770
0.126200	-473.666264	-306.353904	780.020168	167.312361	1253.686432	-3.116294	-2.976252	2.279024	-0.005002	-0.021755	0.737721	-0.197670	-0.130377	-0.631822	-0.353228	-2.646772
0.126400	-473.618419	-306.323887	779.942306	167.294532	1253.560725	-2.996481	-2.861300	2.370099	-0.029712	-0.038593	0.675362	-0.203313	-0.134062	-0.694410	-0.353226	-2.646774
0.126600	-473.570571	-306.293871	779.864441	167.276700	1253.435012	-2.878737	-2.749608	2.461189	-0.055439	-0.056116	0.607634	-0.206031	-0.135749	-0.750788	-0.353224	-2.646776
0.126800	-473.522719	-306.263854	779.786574	167.258865	1253.309293	-2.762879	-2.640718	2.552296	-0.081850	-0.074097	0.535158	-0.205694	-0.135351	-0.800491	-0.353222	-2.646778
0.127000	-473.474865	-306.233838	779.708703	167.241027	1253.183568	-2.648743	-2.534240	2.643419	-0.108598	-0.092298	0.458599	-0.202211	-0.132806	-0.843118	-0.353220	-2.646780
0.127200	-473.427008	-306.203821	779.630829	167.223186	1253.057836	-2.536185	-2.429842	2.734562	-0.135325	-0.110477	0.378654	-0.195526	-0.128077	-0.878333	-0.353219	-2.646781
0.127400	-473.379147	-306.173805	779.552952	167.205342	1252.932099	-2.425077	-2.327240	2.825724	-0.161667	-0.128383	0.296048	-0.185627	-0.121155	-0.905870	-0.353217	-2.646783
0.127600	-473.331283	-306.143788	779.475072	167.187495	1252.806355	-2.315305	-2.226191	2.916906	-0.187259	-0.145767	0.211527	-0.172539	-0.112059	-0.925535	-0.353215	-2.646785
0.127800	-473.283417	-306.113772	779.397188	167.169645	1252.680605	-2.206769	-2.126487	3.008112	-0.211738	-0.162382	0.125848	-0.156327	-0.100833	-0.937207	-0.353213	-2.646787
0.128000	-473.235547	-306.083755	779.319302	167.151792	1252.554849	-2.099380	-2.027945	3.099341	-0.234748	-0.177983	0.039776	-0.137096	-0.087551	-0.940836	-0.353211	-2.646789
0.128200	-473.187674	-306.053739	779.241413	167.133935	1252.429087	-1.993059	-1.930410	-3.092591	-0.255943	-0.192337	-0.045925	-0.114992	-0.072311	-0.936450	-0.353209	-2.646791
0.128400	-473.139798	-306.023722	779.163520	167.116076	1252.303318	-1.887737	-1.833744	-3.001310	-0.274993	-0.205216	-0.130499	-0.090197	-0.055240	-0.924147	-0.353207	-2.646793
0.128600	-473.091919	-305.993706	779.085625	167.098213	1252.177544	-1.783350	-1.737826	-2.910002	-0.291587	-0.216409	-0.213207	-0.062928	-0.036487	-0.904099	-0.353205	-2.646795
0.128800	-473.044037	-305.963689	779.007726	167.080348	1252.051763	-1.679842	-1.642553	-2.818664	-0.305438	-0.225720	-0.293330	-0.033439	-0.016225	-0.876546	-0.353203	-2.646797
0.129000	-472.996152	-305.933673	778.929824	167.062479	1251.925976	-1.577162	-1.547831	-2.727294	-0.316284	-0.232971	-0.370181	-0.002013	0.005351	-0.841797	-0.353201	-2.646799
0.129200	-472.948264	-305.903656	778.851920	167.044607	1251.800183	-1.475266	-1.453577	-2.635892	-0.323894	-0.238004	-0.443105	0.031036	0.028027	-0.800222	-0.353198	-2.646802
0.129400	-472.900372	-305.873640	778.774012	167.026733	1251.674384	-1.374110	-1.359719	-2.544455	-0.328069	-0.240683	-0.511490	0.065372	0.051571	-0.752255	-0.353196	-2.646804
0.129600	-472.852478	-305.843623	778.696101	167.008855	1251.548579	-1.273658	-1.266191	-2.452982	-0.328647	-0.240900	-0.574769	0.100633	0.075736	-0.698381	-0.353194	-2.646806
0.129800	-472.804580	-305.813607	778.618187	166.990974	1251.422767	-1.173874	-1.172936	-2.361470	-0.325502	-0.238568	-0.632430	0.136441	0.100263	-0.639138	-0.353192	-2.646808
0.130000	-472.756680	-305.783590	778.540270	166.973090	1251.296949	-1.074726	-1.079902	-2.269919	-0.318550	-0.233630	-0.684012	0.172403	0.124884	-0.575110	-0.353190	-2.646810
0.130200	-472.708776	-305.753573	778.462349	166.955203	1251.171126	-0.976184	-0.987043	-2.178325	-0.307747	-0.226058	-0.729119	0.208116	0.149322	-0.506917	-0.353188	-2.646812
0.130400	-472.660869	-305.723557	778.384426	166.937313	1251.045295	-0.878219	-0.894318	-2.086686	-0.293092	-0.215852	-0.767416	0.243172	0.173298	-0.435215	-0.353186	-2.646814
0.130600	-472.612959	-305.693540	778.306500	166.919419	1250.919459	-0.780806	-0.801690	-1.995001	-0.274627	-0.203041	-0.798636	0.277161	0.196531	-0.360684	-0.353184	-2.646816
0.130800	-472.565047	-305.663524	778.228570	166.901523	1250.793617	-0.683919	-0.709127	-1.903268	-0.252436	-0.187684	-0.822577	0.309676	0.218743	-0.284026	-0.353182	-2.646818
0.131000	-472.517131	-305.633507	778.150638	166.883624	1250.667768	-0.587533	-0.616600	-1.811483	-0.226648	-0.169869	-0.839109	0.340317	0.239661	-0.205954	-0.353180	-2.646820
0.131200	-472.469211	-305.603490	778.072702	166.865721	1250.541913	-0.491628	-0.524085	-1.719644	-0.197431	-0.149714	-0.848174	0.368699	0.259022	-0.127189	-0.353178	-2.646822
0.131400	-472.421289	-305.573474	777.994763	166.847815	1250.416052	-0.396179	-0.431559	-1.627749	-0.164997	-0.127363	-0.849779	0.394450	0.276571	-0.048449	-0.353176	-2.646824
0.131600	-472.373364	-305.543457	777.916821	166.829907	1250.290185	-0.301168	-0.339005	-1.535794	-0.129596	-0.102989	-0.844006	0.417222	0.292069	0.029554	-0.353174	-2.646826
0.131800	-472.325436	-305.513441	777.838876	166.811995	1250.164312	-0.206572	-0.246406	-1.443778	-0.091513	-0.076787	-0.831002	0.436688	0.305296	0.106124	-0.353172	-2.646828
0.132000	-472.277504	-305.483424	777.760928	166.794080	1250.038432	-0.112373	-0.153749	-1.351697	-0.051070	-0.048979	-0.810982	0.452554	0.316048	0.180584	-0.353170	-2.646830
0.132200	-472.229570	-305.453407	777.682977	166.776162	1249.912547	-0.018551	-0.061025	-1.259548	-0.008619	-0.019806	-0.784222	0.464554	0.324146	0.252288	-0.353168	-2.646832
0.132400	-472.181632	-305.423391	777.605023	166.758241	1249.786655	0.074913	0.031774	-1.167327	0.035460	0.010471	-0.751060	0.472460	0.329433	0.320619	-0.353165	-2.646835
0.132600	-472.133691	-305.393374	777.527065	166.740317	1249.660756	0.168036	0.124653	-1.075032	0.080761	0.041573	-0.711892	0.476083	0.331781	0.385002	-0.353163	-2.646837
0.132800	-472.085747	-305.363357	777.449105	166.722390	1249.534852	0.260837	0.217616	-0.982658	0.126858	0.073209	-0.667162	0.475271	0.331087	0.444905	-0.353161	-2.646839
0.133000	-472.037800	-305.333341	777.371141	166.704460	1249.408942	0.353332	0.310663	-0.890202	0.173310	0.105076	-0.617366	0.469919	0.327279	0.499847	-0.353159	-2.646841
0.133200	-471.989850	-305.303324	777.293174	166.686526	1249.283025	0.445539	0.403793	-0.797660	0.219663	0.136862	-0.563037	0.459965	0.320316	0.549396	-0.353157	-2.646843
0.133400	-471.941897	-305.273307	777.215205	166.668590	1249.157102	0.537475	0.497001	-0.705028	0.265455	0.168251	-0.504749	0.445392	0.310188	0.593180	-0.353155	-2.646845
0.133600	-471.893941	-305.243291	777.137232	166.650650	1249.031173	0.629155	0.590283	-0.612301	0.310221	0.198924	-0.443103	0.426232	0.296917	0.630887	-0.353153	-2.646847
0.133800	-471.845982	-305.213274	777.059256	166.632708	1248.905237	0.720596	0.683631	-0.519474	0.353498	0.228565	-0.378726	0.402561	0.280557	0.662266	-0.353151	-2.646849
0.134000	-471.798019	-305.183257	776.981276	166.614762	1248.779296	0.811813	0.777038	-0.426543	0.394832	0.256862	-0.312262	0.374505	0.261193	0.687129	-0.353148	-2.646852
0.134200	-471.750054	-305.153240	776.903294	166.596813	1248.653348	0.902821	0.870491	-0.333503	0.433776	0.283509	-0.244366	0.342233	0.238944	0.705357	-0.353146	-2.646854
0.134400	-471.702085	-305.123224	776.825309	166.578861	1248.527394	0.993636	0.963981	-0.240347	0.469903	0.308214	-0.175699	0.305962	0.213959	0.716892	-0.353144	-2.646856
0.134600	-471.654113	-305.093207	776.747320	166.560906	1248.401434	1.084271	1.057494	-0.147071	0.502805	0.330697	-0.106920	0.265950	0.186415	0.721744	-0.353142	-2.646858
0.134800	-471.606138	-305.063190	776.669329	166.542948	1248.275467	1.174741	1.151017	-0.053668	0.532098	0.350697	-0.038678	0.222498	0.156519	0.719989	-0.353140	-2.646860
0.135000	-471.558160	-305.033174	776.591334	166.524987	1248.149495	1.265059	1.244535	0.039868	0.557430	0.367971	0.028391	0.175943	0.124504	0.711763	-0.353138	-2.646862
0.135200	-471.510179	-305.003157	776.513336	166.507023	1248.023516	1.355240	1.338033	0.133544	0.578478	0.382299	0.093673	0.126663	0.090628	0.697265	-0.353136	-2.646864
0.135400	-471.462195	-304.973140	776.435335	166.489055	1247.897530	1.445295	1.431495	0.227367	0.594959	0.393489	0.156579	0.075063	0.055171	0.676754	-0.353133	-2.646867
0.135600	-471.414208	-304.943123	776.357331	166.471085	1247.771539	1.535237	1.524905	0.321345	0.606628	0.401372	0.216554	0.021580	0.018433	0.650540	-0.353131	-2.646869
0.135800	-471.366218	-304.913107	776.279324	166.453111	1247.645542	1.625079	1.618247	0.415487	0.613284	0.405811	0.273079	-0.033324	-0.019271	0.618988	-0.353129	-2.646871
0.136000	-471.318224	-304.883090	776.201314	166.435134	1247.519538	1.714833	1.711506	0.509800	0.614770	0.406701	0.325678	-0.089167	-0.057607	0.582509	-0.353127	-2.646873
0.136200	-471.270227	-304.853073	776.123300	166.417154	1247.393528	1.804509	1.804665	0.604293	0.610977	0.403966	0.373922	-0.145451	-0.096236	0.541556	-0.353125	-2.646875
0.136400	-471.222228	-304.823056	776.045284	166.399171	1247.267511	1.894118	1.897709	0.698978	0.601845	0.397566	0.417431	-0.201666	-0.134807	0.496621	-0.353122	-2.646877
0.136600	-471.174225	-304.793039	775.967264	166.381185	1247.141489	1.983671	1.990624	0.793863	0.587364	0.387496	0.455879	-0.257297	-0.172965	0.448225	-0.353120	-2.646880
0.136800	-471.126219	-304.763023	775.889241	166.363196	1247.015460	2.073178	2.083396	0.888960	0.567574	0.373783	0.488996	-0.311825	-0.210356	0.396919	-0.353118	-2.646882
0.137000	-471.078210	-304.733006	775.811216	166.345204	1246.889425	2.162648	2.176011	0.984282	0.542566	0.356491	0.516570	-0.364735	-0.246627	0.343271	-0.353116	-2.646884
0.137200	-471.030198	-304.702989	775.733187	166.327209	1246.763384	2.252090	2.268456	1.079839	0.512482	0.335718	0.538449	-0.415522	-0.281431	0.287865	-0.353114	-2.646886
0.137400	-470.982182	-304.672972	775.655154	166.309210	1246.637337	2.341513	2.360721	1.175647	0.477513	0.311595	0.554542	-0.463693	-0.314429	0.231292	-0.353111	-2.646889
0.137600	-470.934164	-304.642955	775.577119	166.291208	1246.511283	2.430923	2.452796	1.271719	0.437897	0.284288	0.564817	-0.508773	-0.345298	0.174148	-0.353109	-2.646891
0.137800	-470.886142	-304.612939	775.499081	166.273204	1246.385223	2.520330	2.544672	1.368070	0.393922	0.253994	0.569303	-0.550311	-0.373726	0.117020	-0.353107	-2.646893
0.138000	-470.838118	-304.582922	775.421039	166.255196	1246.259157	2.609738	2.636340	1.464718	0.345916	0.220938	0.568089	-0.587882	-0.399423	0.060489	-0.353105	-2.646895
0.138200	-470.790090	-304.552905	775.342995	166.237185	1246.133084	2.699155	2.727795	1.561679	0.294251	0.185376	0.561320	-0.621095	-0.422122	0.005118	-0.353103	-2.646897
0.138400	-470.742059	-304.522888	775.264947	166.219171	1246.007006	2.788587	2.819031	1.658973	0.239335	0.147590	0.549197	-0.649592	-0.441577	-0.048552	-0.353100	-2.646900
0.138600	-470.694025	-304.492871	775.186896	166.201154	1245.880921	2.878037	2.910045	1.756619	0.181613	0.107885	0.531973	-0.673058	-0.457573	-0.100007	-0.353098	-2.646902
0.138800	-470.645988	-304.462854	775.108842	166.183133	1245.754829	2.967511	3.000834	1.854641	0.121559	0.066586	0.509951	-0.691219	-0.469921	-0.148764	-0.353096	-2.646904
0.139000	-470.597947	-304.432837	775.030785	166.165110	1245.628732	3.057013	3.091397	1.953061	0.059674	0.024037	0.483478	-0.703846	-0.478466	-0.194378	-0.353094	-2.646906
0.139200	-470.549904	-304.402820	774.952724	166.147083	1245.502628	-3.136641	-3.101452	2.051904	-0.003520	-0.019402	0.452942	-0.710759	-0.483084	-0.236445	-0.353091	-2.646909
0.139400	-470.501857	-304.372804	774.874661	166.129054	1245.376518	-3.047075	-3.011341	2.151198	-0.067481	-0.063360	0.418770	-0.711829	-0.483688	-0.274605	-0.353089	-2.646911
0.139600	-470.453808	-304.342787	774.796594	166.111021	1245.250402	-2.957475	-2.921453	2.250971	-0.131659	-0.107458	0.381418	-0.706980	-0.480226	-0.308548	-0.353087	-2.646913
0.139800	-470.405755	-304.312770	774.718525	166.092985	1245.124279	-2.867838	-2.831784	2.351255	-0.195493	-0.151313	0.341369	-0.696186	-0.472681	-0.338013	-0.353085	-2.646915
0.140000	-470.357699	-304.282753	774.640452	166.074946	1244.998151	-2.778163	-2.742330	2.452084	-0.258422	-0.194538	0.299125	-0.679478	-0.461074	-0.362792	-0.353082	-2.646918
0.140200	-470.309640	-304.252736	774.562376	166.056904	1244.872015	-2.688450	-2.653085	2.553495	-0.319887	-0.236752	0.255208	-0.656939	-0.445463	-0.382732	-0.353080	-2.646920
0.140400	-470.261578	-304.222719	774.484297	166.038859	1244.745874	-2.598700	-2.564043	2.655526	-0.379341	-0.277575	0.210143	-0.628705	-0.425943	-0.397737	-0.353078	-2.646922
0.140600	-470.213512	-304.192702	774.406214	166.020810	1244.619727	-2.508914	-2.475196	2.758220	-0.436245	-0.316642	0.164463	-0.594967	-0.402644	-0.407764	-0.353075	-2.646925
0.140800	-470.165444	-304.162685	774.328129	166.002759	1244.493573	-2.419093	-2.386537	2.861623	-0.490084	-0.353596	0.118697	-0.555965	-0.375732	-0.412829	-0.353073	-2.646927
0.141000	-470.117372	-304.132668	774.250040	165.984704	1244.367412	-2.329239	-2.298057	2.965784	-0.540362	-0.388098	0.073366	-0.511988	-0.345406	-0.412999	-0.353071	-2.646929
0.141200	-470.069297	-304.102651	774.171949	165.966646	1244.241246	-2.239354	-2.209746	3.070754	-0.586616	-0.419831	0.028979	-0.463373	-0.311898	-0.408398	-0.353068	-2.646932
0.141400	-470.021220	-304.072634	774.093854	165.948585	1244.115073	-2.149442	-2.121594	-3.106593	-0.628412	-0.448497	-0.013978	-0.410500	-0.275468	-0.399200	-0.353066	-2.646934
0.141600	-469.973138	-304.042617	774.015756	165.930521	1243.988894	-2.059505	-2.033590	-2.999827	-0.665354	-0.473824	-0.055038	-0.353790	-0.236407	-0.385629	-0.353064	-2.646936
0.141800	-469.925054	-304.012600	773.937655	165.912454	1243.862709	-1.969549	-1.945724	-2.892068	-0.697089	-0.495570	-0.093767	-0.293700	-0.195028	-0.367953	-0.353062	-2.646938
0.142000	-469.876967	-303.982583	773.859550	165.894384	1243.736517	-1.879576	-1.857984	-2.783247	-0.723304	-0.513521	-0.129764	-0.230722	-0.151670	-0.346485	-0.353059	-2.646941
0.142200	-469.828877	-303.952566	773.781443	165.876310	1243.610320	-1.789592	-1.770358	-2.673289	-0.743738	-0.527497	-0.162663	-0.165374	-0.106688	-0.321575	-0.353057	-2.646943
0.142400	-469.780783	-303.922549	773.703332	165.858234	1243.484115	-1.699602	-1.682834	-2.562117	-0.758175	-0.537352	-0.192143	-0.098201	-0.060457	-0.293609	-0.353055	-2.646945
0.142600	-469.732686	-303.892532	773.625219	165.840154	1243.357905	-1.609610	-1.595400	-2.449648	-0.766456	-0.542974	-0.217925	-0.029764	-0.013362	-0.263000	-0.353052	-2.646948
0.142800	-469.684586	-303.862515	773.547102	165.822071	1243.231688	-1.519622	-1.508043	-2.335795	-0.768471	-0.544291	-0.239778	0.039360	0.034201	-0.230189	-0.353050	-2.646950
0.143000	-469.636483	-303.832498	773.468982	165.803985	1243.105465	-1.429644	-1.420751	-2.220470	-0.764169	-0.541266	-0.257520	0.108587	0.081830	-0.195635	-0.353047	-2.646953
0.143200	-469.588377	-303.802481	773.390859	165.785896	1242.979236	-1.339680	-1.333510	-2.103582	-0.753551	-0.533902	-0.271021	0.177326	0.129120	-0.159811	-0.353045	-2.646955
0.143400	-469.540268	-303.772464	773.312732	165.767804	1242.853000	-1.249738	-1.246310	-1.985037	-0.736678	-0.522240	-0.280201	0.244993	0.175669	-0.123200	-0.353043	-2.646957
0.143600	-469.492155	-303.742447	773.234603	165.749708	1242.726758	-1.159822	-1.159136	-1.864745	-0.713661	-0.506356	-0.285035	0.311007	0.221078	-0.086285	-0.353040	-2.646960
0.143800	-469.444040	-303.712430	773.156470	165.731610	1242.600510	-1.069938	-1.071977	-1.742618	-0.684670	-0.486368	-0.285549	0.374800	0.264959	-0.049552	-0.353038	-2.646962
0.144000	-469.395921	-303.682413	773.078334	165.713508	1242.474255	-0.980092	-0.984820	-1.618573	-0.649926	-0.462428	-0.281821	0.435825	0.306934	-0.013475	-0.353036	-2.646964
0.144200	-469.347799	-303.652396	773.000195	165.695403	1242.347995	-0.890290	-0.897653	-1.492539	-0.609702	-0.434723	-0.273978	0.493553	0.346641	0.021485	-0.353033	-2.646967
0.144400	-469.299674	-303.622379	772.922053	165.677295	1242.221727	-0.800537	-0.810464	-1.364458	-0.564318	-0.403473	-0.262196	0.547486	0.383738	0.054882	-0.353031	-2.646969
0.144600	-469.251546	-303.592362	772.843908	165.659184	1242.095454	-0.710837	-0.723241	-1.234291	-0.514143	-0.368932	-0.246700	0.597156	0.417903	0.086298	-0.353029	-2.646971
0.144800	-469.203415	-303.562345	772.765759	165.641070	1241.969174	-0.621197	-0.635975	-1.102027	-0.459586	-0.331382	-0.227754	0.642133	0.448841	0.115339	-0.353026	-2.646974
0.145000	-469.155280	-303.532328	772.687608	165.622952	1241.842888	-0.531621	-0.548653	-0.967681	-0.401096	-0.291130	-0.205666	0.682025	0.476283	0.141646	-0.353024	-2.646976
0.145200	-469.107142	-303.502311	772.609453	165.604832	1241.716595	-0.442112	-0.461265	-0.831309	-0.339159	-0.248509	-0.180776	0.716486	0.499992	0.164895	-0.353021	-2.646979
0.145400	-469.059002	-303.472294	772.531295	165.586708	1241.590297	-0.352676	-0.373803	-0.693006	-0.274287	-0.203873	-0.153461	0.745217	0.519761	0.184804	-0.353019	-2.646981
0.145600	-469.010858	-303.442276	772.453134	165.568581	1241.463992	-0.263316	-0.286255	-0.552917	-0.207024	-0.157595	-0.124123	0.767966	0.535419	0.201130	-0.353017	-2.646983
0.145800	-468.962710	-303.412259	772.374970	165.550451	1241.337680	-0.174034	-0.198615	-0.411233	-0.137931	-0.110060	-0.093186	0.784536	0.546830	0.213681	-0.353014	-2.646986
0.146000	-468.914560	-303.382242	772.296802	165.532318	1241.211363	-0.084834	-0.110873	-0.268192	-0.067587	-0.061665	-0.061093	0.794782	0.553894	0.222308	-0.353012	-2.646988
0.146200	-468.866407	-303.352225	772.218632	165.514182	1241.085038	0.004281	-0.023023	-0.124080	0.003419	-0.012816	-0.028301	0.798614	0.556550	0.226915	-0.353009	-2.646991
0.146400	-468.818250	-303.322208	772.140458	165.496042	1240.958708	0.093310	0.064942	0.020782	0.074491	0.036079	0.004728	0.796000	0.554775	0.227455	-0.353007	-2.646993
0.146600	-468.770090	-303.292191	772.062281	165.477900	1240.832371	0.182252	0.153027	0.166043	0.145035	0.084610	0.037528	0.786961	0.548584	0.223930	-0.353004	-2.646996
0.146800	-468.721927	-303.262174	771.984101	165.459754	1240.706028	0.271105	0.241238	0.311339	0.214458	0.132371	0.069638	0.771577	0.538032	0.216397	-0.353002	-2.646998
0.147000	-468.673761	-303.232156	771.905918	165.441605	1240.579679	0.359869	0.329577	0.456301	0.282182	0.178965	0.100605	0.749979	0.523208	0.204960	-0.353000	-2.647000
0.147200	-468.625592	-303.202139	771.827731	165.423453	1240.453323	0.448543	0.418050	0.600577	0.347640	0.224003	0.129990	0.722355	0.504243	0.189771	-0.352997	-2.647003
0.147400	-468.577420	-303.172122	771.749542	165.405298	1240.326961	0.537129	0.506656	0.743835	0.410290	0.267111	0.157375	0.688945	0.481300	0.171032	-0.352995	-2.647005
0.147600	-468.529244	-303.142105	771.671349	165.387139	1240.200593	0.625627	0.595398	0.885784	0.469611	0.307932	0.182363	0.650037	0.454578	0.148988	-0.352992	-2.647008
0.147800	-468.481065	-303.112088	771.593153	165.368978	1240.074218	0.714038	0.684276	1.026173	0.525116	0.346131	0.204589	0.605967	0.424306	0.123926	-0.352990	-2.647010
0.148000	-468.432883	-303.082070	771.514954	165.350813	1239.947837	0.802364	0.773287	1.164799	0.576348	0.381395	0.223719	0.557116	0.390747	0.096173	-0.352987	-2.647013
0.148200	-468.384698	-303.052053	771.436751	165.332645	1239.821450	0.890609	0.862431	1.301510	0.622892	0.413438	0.239457	0.503902	0.354188	0.066088	-0.352985	-2.647015
0.148400	-468.336510	-303.022036	771.358546	165.314474	1239.695056	0.978773	0.951705	1.436198	0.664373	0.442002	0.251547	0.446785	0.314944	0.034064	-0.352982	-2.647018
0.148600	-468.288318	-302.992019	771.280337	165.296300	1239.568656	1.066860	1.041103	1.568800	0.700461	0.466861	0.259777	0.386251	0.273350	0.000519	-0.352980	-2.647020
0.148800	-468.240124	-302.962002	771.202125	165.278122	1239.442249	1.154875	1.130621	1.699291	0.730875	0.487821	0.263981	0.322820	0.229761	-0.034108	-0.352977	-2.647023
0.149000	-468.191926	-302.931984	771.123910	165.259942	1239.315836	1.242820	1.220252	1.827678	0.755383	0.504723	0.264041	0.257031	0.184549	-0.069360	-0.352975	-2.647025
0.149200	-468.143725	-302.901967	771.045692	165.241758	1239.189417	1.330700	1.309990	1.953994	0.773805	0.517442	0.259891	0.189442	0.138098	-0.104768	-0.352972	-2.647028
0.149400	-468.095521	-302.871950	770.967471	165.223571	1239.062992	1.418519	1.399826	2.078293	0.786016	0.525893	0.251513	0.120626	0.090799	-0.139860	-0.352970	-2.647030
0.149600	-468.047314	-302.841933	770.889246	165.205381	1238.936560	1.506283	1.489750	2.200644	0.791944	0.530026	0.238942	0.051162	0.043051	-0.174161	-0.352967	-2.647033
0.149800	-467.999103	-302.811915	770.811018	165.187188	1238.810121	1.593996	1.579753	2.321128	0.791573	0.529829	0.222266	-0.018368	-0.004746	-0.207199	-0.352965	-2.647035
0.150000	-467.950889	-302.781898	770.732787	165.168991	1238.683677	1.681664	1.669825	2.439831	0.784939	0.525328	0.201620	-0.087383	-0.052193	-0.238517	-0.352962	-2.647038
0.150200	-467.902672	-302.751881	770.654553	165.150792	1238.557226	1.769293	1.759953	2.556844	0.772136	0.516585	0.177191	-0.155311	-0.098898	-0.267670	-0.352960	-2.647040
0.150400	-467.854452	-302.721864	770.576316	165.132589	1238.430768	1.856887	1.850125	2.672260	0.753307	0.503700	0.149213	-0.221593	-0.144475	-0.294233	-0.352957	-2.647043
0.150600	-467.806229	-302.691846	770.498075	165.114383	1238.304305	1.944454	1.940330	2.786171	0.728650	0.486807	0.117966	-0.285687	-0.188553	-0.317810	-0.352955	-2.647045
0.150800	-467.758003	-302.661829	770.419832	165.096174	1238.177835	2.031999	2.030553	2.898665	0.698410	0.466074	0.083772	-0.347073	-0.230774	-0.338032	-0.352952	-2.647048
0.151000	-467.709773	-302.631812	770.341585	165.077962	1238.051358	2.119528	2.120782	3.009832	0.662878	0.441701	0.046990	-0.405258	-0.270801	-0.354567	-0.352950	-2.647050
0.151200	-467.661540	-302.601794	770.263335	165.059746	1237.924875	2.207048	2.211003	3.119752	0.622391	0.413920	0.008019	-0.459782	-0.308314	-0.367121	-0.352947	-2.647053
0.151400	-467.613304	-302.571777	770.185081	165.041528	1237.798386	2.294566	2.301202	-3.054678	0.577327	0.382988	-0.032714	-0.510217	-0.343023	-0.375443	-0.352944	-2.647056
0.151600	-467.565065	-302.541760	770.106825	165.023306	1237.671890	2.382086	2.391366	-2.947014	0.528097	0.349190	-0.074754	-0.556178	-0.374659	-0.379326	-0.352942	-2.647058
0.151800	-467.516823	-302.511742	770.028565	165.005081	1237.545388	2.469617	2.481480	-2.840371	0.475150	0.312832	-0.117626	-0.597317	-0.402986	-0.378613	-0.352939	-2.647061
0.152000	-467.468577	-302.481725	769.950302	164.986853	1237.418880	2.557164	2.571533	-2.734682	0.418961	0.274240	-0.160834	-0.633334	-0.427796	-0.373197	-0.352937	-2.647063
0.152200	-467.420329	-302.451708	769.872036	164.968621	1237.292365	2.644734	2.661511	-2.629885	0.360028	0.233756	-0.203875	-0.663975	-0.448914	-0.363023	-0.352934	-2.647066
0.152400	-467.372077	-302.421690	769.793767	164.950387	1237.165844	2.732332	2.751401	-2.525923	0.298871	0.191738	-0.246237	-0.689036	-0.466199	-0.348091	-0.352932	-2.647068
0.152600	-467.323822	-302.391673	769.715495	164.932149	1237.039316	2.819965	2.841192	-2.422743	0.236024	0.148551	-0.287408	-0.708362	-0.479545	-0.328453	-0.352929	-2.647071
0.152800	-467.275564	-302.361656	769.637219	164.913908	1236.912783	2.907638	2.930873	-2.320293	0.172030	0.104569	-0.326882	-0.721850	-0.488881	-0.304215	-0.352926	-2.647074
0.153000	-467.227302	-302.331638	769.558940	164.895664	1236.786242	2.995358	3.020432	-2.218528	0.107438	0.060168	-0.364164	-0.729450	-0.494170	-0.275537	-0.352924	-2.647076
0.153200	-467.179037	-302.301621	769.480658	164.877417	1236.659695	3.083129	3.109862	-2.117404	0.042795	0.015725	-0.398772	-0.731162	-0.495413	-0.242632	-0.352921	-2.647079
0.153400	-467.130769	-302.271603	769.402373	164.859166	1236.533142	-3.112228	-3.084034	-2.016882	-0.021356	-0.028387	-0.430251	-0.727038	-0.492645	-0.205762	-0.352919	-2.647081
0.153600	-467.082498	-302.241586	769.324084	164.840912	1236.406583	-3.024337	-2.994891	-1.916924	-0.084481	-0.071803	-0.458168	-0.717183	-0.485937	-0.165237	-0.352916	-2.647084
0.153800	-467.034224	-302.211569	769.245793	164.822656	1236.280017	-2.936381	-2.905902	-1.817496	-0.146063	-0.114167	-0.482125	-0.701747	-0.475391	-0.121413	-0.352913	-2.647087
0.154000	-466.985947	-302.181551	769.167498	164.804396	1236.153445	-2.848353	-2.817073	-1.718566	-0.205603	-0.155135	-0.501758	-0.680931	-0.461145	-0.074689	-0.352911	-2.647089
0.154200	-466.937666	-302.151534	769.089200	164.786132	1236.026866	-2.760251	-2.728408	-1.620104	-0.262626	-0.194381	-0.516745	-0.654977	-0.443365	-0.025500	-0.352908	-2.647092
0.154400	-466.889382	-302.121516	769.010898	164.767866	1235.900281	-2.672070	-2.639911	-1.522082	-0.316684	-0.231598	-0.526809	-0.624174	-0.422248	0.025683	-0.352906	-2.647094
0.154600	-466.841095	-302.091499	768.932594	164.749596	1235.773689	-2.583808	-2.551584	-1.424475	-0.367362	-0.266499	-0.531720	-0.588846	-0.398016	0.078362	-0.352903	-2.647097
0.154800	-466.792805	-302.061481	768.854286	164.731324	1235.647091	-2.495462	-2.463429	-1.327259	-0.414278	-0.298822	-0.531300	-0.549356	-0.370918	0.132012	-0.352900	-2.647100
0.155000	-466.744511	-302.031464	768.775975	164.713048	1235.520487	-2.407030	-2.375446	-1.230411	-0.457091	-0.328332	-0.525424	-0.506097	-0.341223	0.186089	-0.352898	-2.647102
0.155200	-466.696215	-302.001446	768.697661	164.694768	1235.393876	-2.318510	-2.287634	-1.133912	-0.495496	-0.354819	-0.514022	-0.459491	-0.309221	0.240038	-0.352895	-2.647105
0.155400	-466.647915	-301.971429	768.619344	164.676486	1235.267259	-2.229900	-2.199991	-1.037741	-0.529237	-0.378107	-0.497083	-0.409984	-0.275217	0.293293	-0.352892	-2.647108
0.155600	-466.599612	-301.941411	768.541023	164.658200	1235.140635	-2.141200	-2.112514	-0.941881	-0.558098	-0.398046	-0.474652	-0.358041	-0.239531	0.345288	-0.352890	-2.647110
0.155800	-466.551306	-301.911394	768.462700	164.639912	1235.014005	-2.052410	-2.025198	-0.846314	-0.581911	-0.414521	-0.446831	-0.304144	-0.202492	0.395458	-0.352887	-2.647113
0.156000	-466.502996	-301.881377	768.384373	164.621620	1234.887369	-1.963530	-1.938040	-0.751026	-0.600557	-0.427449	-0.413781	-0.248783	-0.164438	0.443250	-0.352884	-2.647116
0.156200	-466.454683	-301.851359	768.306042	164.603324	1234.760726	-1.874560	-1.851033	-0.656002	-0.613963	-0.436779	-0.375719	-0.192456	-0.125709	0.488126	-0.352882	-2.647118
0.156400	-466.406367	-301.821342	768.227709	164.585026	1234.634076	-1.785503	-1.764169	-0.561227	-0.622104	-0.442492	-0.332918	-0.135661	-0.086649	0.529567	-0.352879	-2.647121
0.156600	-466.358048	-301.791324	768.149372	164.566724	1234.507421	-1.696359	-1.677441	-0.466690	-0.625003	-0.444605	-0.285701	-0.078892	-0.047595	0.567083	-0.352876	-2.647124
0.156800	-466.309726	-301.761306	768.071032	164.548420	1234.380758	-1.607132	-1.590840	-0.372377	-0.622730	-0.443163	-0.234444	-0.022638	-0.008884	0.600215	-0.352874	-2.647126
0.157000	-466.261400	-301.731289	767.992689	164.530112	1234.254090	-1.517825	-1.504356	-0.278279	-0.615399	-0.438245	-0.179569	0.032629	0.029160	0.628542	-0.352871	-2.647129
0.157200	-466.213072	-301.701271	767.914343	164.511800	1234.127415	-1.428439	-1.417978	-0.184384	-0.603170	-0.429960	-0.121540	0.086450	0.066222	0.651682	-0.352868	-2.647132
0.157400	-466.164740	-301.671254	767.835994	164.493486	1234.000733	-1.338981	-1.331696	-0.090682	-0.586243	-0.418443	-0.060860	0.138388	0.102001	0.669302	-0.352866	-2.647134
0.157600	-466.116405	-301.641236	767.757641	164.475168	1233.874045	-1.249452	-1.245496	0.002836	-0.564858	-0.403859	0.001932	0.188031	0.136214	0.681117	-0.352863	-2.647137
0.157800	-466.068066	-301.611219	767.679285	164.456847	1233.747351	-1.159860	-1.159367	0.096179	-0.539290	-0.386395	0.066269	0.234993	0.168596	0.686896	-0.352860	-2.647140
0.158000	-466.019725	-301.581201	767.600926	164.438523	1233.620650	-1.070208	-1.073295	0.189354	-0.509849	-0.366265	0.131561	0.278922	0.198905	0.686466	-0.352857	-2.647143
0.158200	-465.971380	-301.551184	767.522563	164.420196	1233.493943	-0.980501	-0.987265	0.282370	-0.476874	-0.343699	0.197199	0.319497	0.226919	0.679709	-0.352855	-2.647145
0.158400	-465.923032	-301.521166	767.444198	164.401866	1233.367229	-0.890746	-0.901262	0.375235	-0.440730	-0.318947	0.262560	0.356438	0.252445	0.666570	-0.352852	-2.647148
0.158600	-465.874680	-301.491148	767.365829	164.383532	1233.240509	-0.800949	-0.815272	0.467954	-0.401805	-0.292276	0.327018	0.389498	0.275315	0.647055	-0.352849	-2.647151
0.158800	-465.826326	-301.461131	767.287457	164.365195	1233.113783	-0.711115	-0.729277	0.560535	-0.360504	-0.263963	0.389944	0.418476	0.295387	0.621232	-0.352847	-2.647153
0.159000	-465.777968	-301.431113	767.209081	164.346855	1232.987050	-0.621251	-0.643262	0.652983	-0.317248	-0.234296	0.450716	0.443208	0.312550	0.589231	-0.352844	-2.647156
0.159200	-465.729607	-301.401096	767.130703	164.328512	1232.860310	-0.531363	-0.557208	0.745305	-0.272467	-0.203569	0.508724	0.463577	0.326722	0.551244	-0.352841	-2.647159
0.159400	-465.681243	-301.371078	767.052321	164.310165	1232.733564	-0.441457	-0.471098	0.837506	-0.226596	-0.172082	0.563378	0.479506	0.337848	0.507524	-0.352838	-2.647162
0.159600	-465.632876	-301.341060	766.973936	164.291815	1232.606812	-0.351540	-0.384914	0.929592	-0.180072	-0.140134	0.614109	0.490961	0.345906	0.458382	-0.352836	-2.647164
0.159800	-465.584505	-301.311043	766.895548	164.273462	1232.480053	-0.261617	-0.298636	1.021566	-0.133329	-0.108022	0.660380	0.497953	0.350900	0.404183	-0.352833	-2.647167
0.160000	-465.536131	-301.281025	766.817156	164.255106	1232.353287	-0.171695	-0.212246	1.113435	-0.086794	-0.076040	0.701691	0.500534	0.352867	0.345349	-0.352830	-2.647170
0.160200	-465.487754	-301.251007	766.738762	164.236747	1232.226516	-0.081779	-0.125723	1.205202	-0.040882	-0.044472	0.737579	0.498795	0.351867	0.282348	-0.352827	-2.647173
0.160400	-465.439374	-301.220990	766.660364	164.218384	1232.099737	0.008125	-0.039047	1.296871	0.004005	-0.013595	0.767631	0.492869	0.347990	0.215696	-0.352824	-2.647176
0.160600	-465.390990	-301.190972	766.581962	164.200018	1231.972953	0.098013	0.047803	1.388447	0.047485	0.016330	0.791481	0.482924	0.341351	0.145947	-0.352822	-2.647178
0.160800	-465.342603	-301.160954	766.503558	164.181649	1231.846161	0.187880	0.134849	1.479934	0.089198	0.045055	0.808817	0.469163	0.332089	0.073694	-0.352819	-2.647181
0.161000	-465.294213	-301.130937	766.425150	164.163277	1231.719364	0.277723	0.222112	1.571335	0.128810	0.072350	0.819388	0.451823	0.320364	-0.000442	-0.352816	-2.647184
0.161200	-465.245820	-301.100919	766.346739	164.144901	1231.592559	0.367538	0.309614	1.662654	0.166014	0.098004	0.822998	0.431168	0.306357	-0.075812	-0.352813	-2.647187
0.161400	-465.197424	-301.070901	766.268325	164.126522	1231.465749	0.457323	0.397380	1.753894	0.200533	0.121828	0.819520	0.407490	0.290268	-0.151752	-0.352810	-2.647190
0.161600	-465.149024	-301.040884	766.189908	164.108140	1231.338932	0.547076	0.485431	1.845058	0.232125	0.143652	0.808887	0.381102	0.272310	-0.227581	-0.352808	-2.647192
0.161800	-465.100621	-301.010866	766.111487	164.089755	1231.212108	0.636797	0.573792	1.936149	0.260581	0.163335	0.791099	0.352337	0.252711	-0.302616	-0.352805	-2.647195
0.162000	-465.052215	-300.980848	766.033063	164.071367	1231.085278	0.726485	0.662487	2.027170	0.285728	0.180756	0.766225	0.321545	0.231710	-0.376171	-0.352802	-2.647198
0.162200	-465.003805	-300.950831	765.954636	164.052975	1230.958441	0.816143	0.751540	2.118125	0.307432	0.195823	0.734397	0.289086	0.209554	-0.447567	-0.352799	-2.647201
0.162400	-464.955393	-300.920813	765.876206	164.034580	1230.831598	0.905772	0.840977	2.209015	0.325595	0.208468	0.695814	0.255328	0.186494	-0.516140	-0.352796	-2.647204
0.162600	-464.906977	-300.890795	765.797772	164.016182	1230.704749	0.995377	0.930824	2.299843	0.340160	0.218649	0.650739	0.220642	0.162784	-0.581241	-0.352794	-2.647206
0.162800	-464.858558	-300.860777	765.719335	163.997780	1230.577893	1.084961	1.021105	2.390612	0.351104	0.226351	0.599498	0.185401	0.138681	-0.642252	-0.352791	-2.647209
0.163000	-464.810135	-300.830760	765.640895	163.979376	1230.451030	1.174533	1.111848	2.481324	0.358446	0.231586	0.542475	0.149972	0.114436	-0.698583	-0.352788	-2.647212
0.163200	-464.761710	-300.800742	765.562452	163.960968	1230.324161	1.264099	1.203080	2.571981	0.362238	0.234388	0.480113	0.114717	0.090295	-0.749683	-0.352785	-2.647215
0.163400	-464.713281	-300.770724	765.484005	163.942557	1230.197286	1.353669	1.294828	2.662585	0.362570	0.234818	0.412905	0.079985	0.066499	-0.795043	-0.352782	-2.647218
0.163600	-464.664849	-300.740706	765.405555	163.924143	1230.070404	1.443256	1.387121	2.753140	0.359565	0.232959	0.341396	0.046109	0.043277	-0.834202	-0.352779	-2.647221
0.163800	-464.616413	-300.710688	765.327102	163.905725	1229.943515	1.532873	1.479986	2.843645	0.353377	0.228916	0.266170	0.013408	0.020845	-0.866753	-0.352776	-2.647224
0.164000	-464.567975	-300.680671	765.248645	163.887304	1229.816620	1.622535	1.573454	2.934105	0.344193	0.222815	0.187854	-0.017824	-0.000592	-0.892344	-0.352774	-2.647226
0.164200	-464.519533	-300.650653	765.170186	163.868880	1229.689719	1.712263	1.667555	3.024520	0.332223	0.214801	0.107106	-0.047314	-0.020849	-0.910683	-0.352771	-2.647229
0.164400	-464.471088	-300.620635	765.091723	163.850453	1229.562811	1.802076	1.762319	3.114892	0.317704	0.205033	0.024612	-0.074817	-0.039756	-0.921543	-0.352768	-2.647232
0.164600	-464.422639	-300.590617	765.013257	163.832022	1229.435896	1.891999	1.857780	-3.077962	0.300893	0.193689	-0.058922	-0.100115	-0.057164	-0.924762	-0.352765	-2.647235
0.164800	-464.374188	-300.560599	764.934787	163.813588	1229.308975	1.982062	1.953972	-2.987670	0.282067	0.180956	-0.142776	-0.123020	-0.072943	-0.920246	-0.352762	-2.647238
0.165000	-464.325733	-300.530582	764.856315	163.795151	1229.182048	2.072296	2.050930	-2.897416	0.261517	0.167033	-0.226219	-0.143377	-0.086987	-0.907970	-0.352759	-2.647241
0.165200	-464.277275	-300.500564	764.777839	163.776711	1229.055114	2.162738	2.148692	-2.807197	0.239544	0.152126	-0.308523	-0.161063	-0.099211	-0.887979	-0.352756	-2.647244
0.165400	-464.228814	-300.470546	764.699359	163.758268	1228.928173	2.253432	2.247300	-2.717013	0.216460	0.136447	-0.388961	-0.175988	-0.109552	-0.860386	-0.352753	-2.647247
0.165600	-464.180349	-300.440528	764.620877	163.739821	1228.801226	2.344427	2.346797	-2.626861	0.192578	0.120211	-0.466821	-0.188098	-0.117973	-0.825374	-0.352750	-2.647250
0.165800	-464.131881	-300.410510	764.542391	163.721371	1228.674272	2.435780	2.447234	-2.536741	0.168213	0.103633	-0.541410	-0.197370	-0.124456	-0.783196	-0.352748	-2.647252
0.166000	-464.083410	-300.380492	764.463902	163.702918	1228.547312	2.527559	2.548664	-2.446650	0.143678	0.086928	-0.612059	-0.203816	-0.129010	-0.734166	-0.352745	-2.647255
0.166200	-464.034935	-300.350474	764.385410	163.684461	1228.420345	2.619839	2.651151	-2.356588	0.119280	0.070303	-0.678130	-0.207482	-0.131665	-0.678664	-0.352742	-2.647258
0.166400	-463.986458	-300.320457	764.306914	163.666001	1228.293372	2.712715	2.754763	-2.266552	0.095314	0.053963	-0.739024	-0.208444	-0.132472	-0.617129	-0.352739	-2.647261
0.166600	-463.937977	-300.290439	764.228416	163.647538	1228.166392	2.806293	2.859585	-2.176543	0.072064	0.038101	-0.794184	-0.206810	-0.131504	-0.550057	-0.352736	-2.647264
0.166800	-463.889493	-300.260421	764.149913	163.629072	1228.039406	2.900704	2.965711	-2.086557	0.049799	0.022900	-0.843102	-0.202715	-0.128853	-0.477994	-0.352733	-2.647267
0.167000	-463.841005	-300.230403	764.071408	163.610602	1227.912413	2.996104	3.073255	-1.996595	0.028766	0.008530	-0.885322	-0.196323	-0.124630	-0.401534	-0.352730	-2.647270
0.167200	-463.792515	-300.200385	763.992899	163.592130	1227.785414	3.092682	-3.100832	-1.906654	0.009194	-0.004852	-0.920447	-0.187819	-0.118961	-0.321313	-0.352727	-2.647273
0.167400	-463.744021	-300.170367	763.914388	163.573654	1227.658408	-3.092515	-2.990017	-1.816734	-0.008714	-0.017106	-0.948140	-0.177413	-0.111990	-0.238001	-0.352724	-2.647276
0.167600	-463.695523	-300.140349	763.835872	163.555174	1227.531396	-2.992827	-2.877287	-1.726833	-0.024779	-0.028111	-0.968130	-0.165334	-0.103870	-0.152301	-0.352721	-2.647279
0.167800	-463.647023	-300.110331	763.757354	163.536692	1227.404377	-2.891076	-2.762402	-1.636949	-0.038851	-0.037763	-0.980212	-0.151824	-0.094770	-0.064939	-0.352718	-2.647282
0.168000	-463.598519	-300.080313	763.678832	163.518206	1227.277351	-2.786801	-2.645067	-1.547083	-0.050807	-0.045979	-0.984251	-0.137142	-0.084863	0.023345	-0.352715	-2.647285
0.168200	-463.550012	-300.050295	763.600307	163.499717	1227.150319	-2.679406	-2.524916	-1.457231	-0.060556	-0.052695	-0.980182	-0.121555	-0.074332	0.111795	-0.352712	-2.647288
0.168400	-463.501502	-300.020277	763.521779	163.481224	1227.023281	-2.568108	-2.401500	-1.367394	-0.068036	-0.057868	-0.968013	-0.105336	-0.063365	0.199657	-0.352709	-2.647291
0.168600	-463.452988	-299.990259	763.443247	163.462729	1226.896236	-2.451865	-2.274262	-1.277571	-0.073218	-0.061479	-0.947821	-0.088762	-0.052148	0.286175	-0.352706	-2.647294
0.168800	-463.404471	-299.960241	763.364713	163.444230	1226.769184	-2.329265	-2.142507	-1.187759	-0.076102	-0.063527	-0.919757	-0.072110	-0.040872	0.370606	-0.352703	-2.647297
0.169000	-463.355951	-299.930223	763.286174	163.425728	1226.642126	-2.198364	-2.005379	-1.097958	-0.076720	-0.064033	-0.884040	-0.055652	-0.029723	0.452224	-0.352700	-2.647300
0.169200	-463.307428	-299.900205	763.207633	163.407222	1226.515061	-2.056443	-1.861816	-1.008167	-0.075134	-0.063039	-0.840957	-0.039656	-0.018882	0.530323	-0.352697	-2.647303
0.169400	-463.258901	-299.870187	763.129088	163.388714	1226.387989	-1.899670	-1.710527	-0.918384	-0.071435	-0.060608	-0.790861	-0.024378	-0.008524	0.604232	-0.352694	-2.647306
0.169600	-463.210371	-299.840169	763.050540	163.370202	1226.260912	-1.722667	-1.549972	-0.828608	-0.065742	-0.056820	-0.734166	-0.010062	0.001183	0.673311	-0.352691	-2.647309
0.169800	-463.161838	-299.810151	762.971989	163.351687	1226.133827	-1.518166	-1.378390	-0.738839	-0.058200	-0.051773	-0.671347	0.003066	0.010086	0.736963	-0.352688	-2.647312
0.170000	-463.113301	-299.780133	762.893435	163.333168	1226.006736	-1.277427	-1.193921	-0.649075	-0.048978	-0.045583	-0.602931	0.014796	0.018041	0.794641	-0.352685	-2.647315
0.170200	-463.064762	-299.750115	762.814877	163.314646	1225.879638	-0.993219	-0.994901	-0.559315	-0.038268	-0.038380	-0.529496	0.024940	0.024921	0.845845	-0.352682	-2.647318
0.170400	-463.016219	-299.720097	762.736316	163.296121	1225.752534	-0.667622	-0.780406	-0.469558	-0.026279	-0.030308	-0.451664	0.033333	0.030612	0.890136	-0.352679	-2.647321
0.170600	-462.967672	-299.690079	762.657751	163.277593	1225.625424	-0.320892	-0.551053	-0.379803	-0.013241	-0.021521	-0.370097	0.039836	0.035019	0.927134	-0.352676	-2.647324
0.170800	-462.919123	-299.660061	762.579184	163.259062	1225.498306	0.013675	-0.309810	-0.290048	0.000606	-0.012186	-0.285488	0.044336	0.038067	0.956521	-0.352673	-2.647327
0.171000	-462.870570	-299.630043	762.500613	163.240527	1225.371182	0.310653	-0.062230	-0.200293	0.015009	-0.002473	-0.198559	0.046750	0.039696	0.978050	-0.352670	-2.647330
0.171200	-462.822013	-299.600025	762.422038	163.221989	1225.244052	0.563453	0.184432	-0.110536	0.029706	0.007438	-0.110049	0.047021	0.039870	0.991540	-0.352667	-2.647333
0.171400	-462.773454	-299.570007	762.343461	163.203447	1225.116915	0.777683	0.423068	-0.020776	0.044433	0.017367	-0.020714	0.045124	0.038572	0.996881	-0.352664	-2.647336
0.171600	-462.724891	-299.539989	762.264880	163.184902	1224.989771	0.962134	0.648477	0.068988	0.058922	0.027133	0.068685	0.041064	0.035804	0.994035	-0.352661	-2.647339
0.171800	-462.676325	-299.509971	762.186296	163.166355	1224.862621	1.124599	0.858078	0.158756	0.072908	0.036553	0.157388	0.034877	0.031592	0.983038	-0.352658	-2.647342
0.172000	-462.627756	-299.479953	762.107708	163.147803	1224.735464	1.270966	1.051544	0.248531	0.086131	0.045452	0.244640	0.026627	0.025979	0.963993	-0.352655	-2.647345
0.172200	-462.579183	-299.449934	762.029118	163.129249	1224.608301	1.405455	1.229975	0.338314	0.098339	0.053657	0.329702	0.016409	0.019030	0.937078	-0.352652	-2.647348
0.172400	-462.530607	-299.419916	761.950524	163.110691	1224.481131	1.531058	1.395115	0.428105	0.109293	0.061005	0.411854	0.004345	0.010829	0.902537	-0.352648	-2.647352
0.172600	-462.482028	-299.389898	761.871926	163.092130	1224.353954	1.649908	1.548857	0.517905	0.118765	0.067341	0.490403	-0.009415	0.001478	0.860682	-0.352645	-2.647355
0.172800	-462.433446	-299.359880	761.793326	163.073566	1224.226771	1.763544	1.692968	0.607717	0.126548	0.072523	0.564690	-0.024698	-0.008905	0.811888	-0.352642	-2.647358
0.173000	-462.384860	-299.329862	761.714722	163.054998	1224.099582	1.873096	1.828993	0.697541	0.132452	0.076424	0.634093	-0.041306	-0.020183	0.756590	-0.352639	-2.647361
0.173200	-462.336271	-299.299844	761.636115	163.036427	1223.972385	1.979407	1.958230	0.787379	0.136312	0.078930	0.698038	-0.059021	-0.032208	0.695278	-0.352636	-2.647364
0.173400	-462.287678	-299.269826	761.557504	163.017853	1223.845182	2.083117	2.081752	0.877231	0.137985	0.079943	0.755997	-0.077604	-0.044817	0.628496	-0.352633	-2.647367
0.173600	-462.239083	-299.239807	761.478890	162.999275	1223.717973	2.184715	2.200438	0.967100	0.137356	0.079387	0.807498	-0.096804	-0.057839	0.556832	-0.352630	-2.647370
0.173800	-462.190484	-299.209789	761.400273	162.980694	1223.590757	2.284585	2.315007	1.056986	0.134337	0.077202	0.852127	-0.116354	-0.071090	0.480917	-0.352627	-2.647373
0.174000	-462.141881	-299.179771	761.321653	162.962110	1223.463534	2.383029	2.426046	1.146891	0.128870	0.073348	0.889532	-0.135979	-0.084384	0.401415	-0.352624	-2.647376
0.174200	-462.093276	-299.149753	761.243029	162.943523	1223.336305	2.480289	2.534042	1.236815	0.120929	0.067808	0.919426	-0.155397	-0.097526	0.319021	-0.352620	-2.647380
0.174400	-462.044667	-299.119735	761.164402	162.924932	1223.209069	2.576560	2.639394	1.326762	0.110516	0.060585	0.941588	-0.174321	-0.110322	0.234453	-0.352617	-2.647383
0.174600	-461.996055	-299.089717	761.085771	162.906338	1223.081826	2.671999	2.742438	1.416731	0.097667	0.051703	0.955869	-0.192465	-0.122577	0.148442	-0.352614	-2.647386
0.174800	-461.947439	-299.059698	761.007138	162.887741	1222.954577	2.766736	2.843453	1.506725	0.082448	0.041208	0.962186	-0.209546	-0.134097	0.061733	-0.352611	-2.647389
0.175000	-461.898821	-299.029680	760.928501	162.869140	1222.827321	2.860879	2.942677	1.596745	0.064957	0.029167	0.960530	-0.225289	-0.144693	-0.024930	-0.352608	-2.647392
0.175200	-461.850198	-298.999662	760.849860	162.850537	1222.700059	2.954516	3.040311	1.686792	0.045321	0.015670	0.950960	-0.239425	-0.154184	-0.110805	-0.352605	-2.647395
0.175400	-461.801573	-298.969644	760.771217	162.831929	1222.572790	3.047721	3.136529	1.776868	0.023697	0.000822	0.933608	-0.251702	-0.162397	-0.195161	-0.352602	-2.647398
0.175600	-461.752944	-298.939625	760.692570	162.813319	1222.445514	3.140557	-3.051704	1.866975	0.000271	-0.015248	0.908669	-0.261883	-0.169170	-0.277284	-0.352598	-2.647402
0.175800	-461.704312	-298.909607	760.613919	162.794705	1222.318232	-3.050111	-2.957888	1.957114	-0.024746	-0.032395	0.876409	-0.269748	-0.174354	-0.356486	-0.352595	-2.647405
0.176000	-461.655677	-298.879589	760.535266	162.776088	1222.190943	-2.957869	-2.865093	2.047288	-0.051119	-0.050458	0.837154	-0.275102	-0.177816	-0.432105	-0.352592	-2.647408
0.176200	-461.607038	-298.849571	760.456609	162.757468	1222.063647	-2.865866	-2.773220	2.137497	-0.078591	-0.069261	0.791292	-0.277771	-0.179437	-0.503517	-0.352589	-2.647411
0.176400	-461.558396	-298.819552	760.377949	162.738844	1221.936345	-2.774071	-2.682177	2.227744	-0.106884	-0.088615	0.739265	-0.277610	-0.179120	-0.570140	-0.352586	-2.647414
0.176600	-461.509751	-298.789534	760.299285	162.720217	1221.809037	-2.682459	-2.591886	2.318030	-0.135706	-0.108317	0.681569	-0.274503	-0.176786	-0.631435	-0.352582	-2.647418
0.176800	-461.461103	-298.759516	760.220618	162.701587	1221.681721	-2.591010	-2.502274	2.408358	-0.164749	-0.128158	0.618747	-0.268362	-0.172374	-0.686916	-0.352579	-2.647421
0.177000	-461.412451	-298.729497	760.141948	162.682953	1221.554399	-2.499707	-2.413277	2.498729	-0.193697	-0.147920	0.551382	-0.259134	-0.165850	-0.736154	-0.352576	-2.647424
0.177200	-461.363796	-298.699479	760.063275	162.664316	1221.427070	-2.408536	-2.324835	2.589146	-0.222224	-0.167382	0.480096	-0.246796	-0.157200	-0.778773	-0.352573	-2.647427
0.177400	-461.315137	-298.669461	759.984598	162.645676	1221.299735	-2.317487	-2.236894	2.679610	-0.250002	-0.186318	0.405539	-0.231360	-0.146432	-0.814465	-0.352570	-2.647430
0.177600	-461.266475	-298.639443	759.905918	162.627033	1221.172393	-2.226550	-2.149405	2.770125	-0.276703	-0.204504	0.328386	-0.212874	-0.133579	-0.842981	-0.352566	-2.647434
0.177800	-461.217810	-298.609424	759.827234	162.608386	1221.045045	-2.135721	-2.062323	2.860691	-0.302000	-0.221718	0.249331	-0.191417	-0.118697	-0.864142	-0.352563	-2.647437
0.178000	-461.169142	-298.579406	759.748548	162.589736	1220.917689	-2.044994	-1.975606	2.951312	-0.325577	-0.237740	0.169080	-0.167105	-0.101865	-0.877833	-0.352560	-2.647440
0.178200	-461.120470	-298.549387	759.669857	162.571082	1220.790327	-1.954366	-1.889214	3.041991	-0.347123	-0.252361	0.088341	-0.140084	-0.083187	-0.884009	-0.352557	-2.647443
0.178400	-461.071795	-298.519369	759.591164	162.552426	1220.662959	-1.863837	-1.803111	3.132728	-0.366344	-0.265379	0.007825	-0.110536	-0.062785	-0.882692	-0.352553	-2.647447
0.178600	-461.023116	-298.489351	759.512467	162.533766	1220.535584	-1.773406	-1.717263	-3.059657	-0.382963	-0.276604	-0.071770	-0.078672	-0.040806	-0.873970	-0.352550	-2.647450
0.178800	-460.974435	-298.459332	759.433767	162.515102	1220.408202	-1.683075	-1.631639	-2.968791	-0.396722	-0.285861	-0.149757	-0.044731	-0.017414	-0.858000	-0.352547	-2.647453
0.179000	-460.925750	-298.429314	759.355064	162.496436	1220.280813	-1.592844	-1.546209	-2.877858	-0.407386	-0.292990	-0.225470	-0.008983	0.007205	-0.834999	-0.352544	-2.647456
0.179200	-460.877061	-298.399296	759.276357	162.477766	1220.153418	-1.502716	-1.460944	-2.786854	-0.414748	-0.297848	-0.298271	0.028280	0.032852	-0.805249	-0.352540	-2.647460
0.179400	-460.828370	-298.369277	759.197647	162.459092	1220.026016	-1.412694	-1.375818	-2.695775	-0.418627	-0.300314	-0.367552	0.066743	0.059308	-0.769088	-0.352537	-2.647463
0.179600	-460.779674	-298.339259	759.118933	162.440416	1219.898608	-1.322781	-1.290806	-2.604620	-0.418875	-0.300285	-0.432746	0.106071	0.086345	-0.726910	-0.352534	-2.647466
0.179800	-460.730976	-298.309240	759.040217	162.421736	1219.771193	-1.232981	-1.205886	-2.513383	-0.415374	-0.297684	-0.493325	0.145913	0.113721	-0.679158	-0.352531	-2.647469
0.180000	-460.682274	-298.279222	758.961496	162.403052	1219.643771	-1.143297	-1.121033	-2.422062	-0.408045	-0.292455	-0.548810	0.185904	0.141187	-0.626325	-0.352527	-2.647473
0.180200	-460.633569	-298.249204	758.882773	162.384366	1219.516342	-1.053733	-1.036228	-2.330653	-0.396841	-0.284569	-0.598773	0.225671	0.168484	-0.568941	-0.352524	-2.647476
0.180400	-460.584861	-298.219185	758.804046	162.365676	1219.388907	-0.964294	-0.951451	-2.239152	-0.381753	-0.274019	-0.642842	0.264831	0.195354	-0.507576	-0.352521	-2.647479
0.180600	-460.536149	-298.189167	758.725316	162.346983	1219.261465	-0.874983	-0.866683	-2.147555	-0.362811	-0.260827	-0.680701	0.303004	0.221532	-0.442827	-0.352517	-2.647483
0.180800	-460.487434	-298.159148	758.646583	162.328286	1219.134017	-0.785803	-0.781906	-2.055857	-0.340082	-0.245041	-0.712095	0.339806	0.246758	-0.375317	-0.352514	-2.647486
0.181000	-460.438716	-298.129130	758.567846	162.309586	1219.006562	-0.696759	-0.697104	-1.964055	-0.313670	-0.226732	-0.736830	0.374862	0.270773	-0.305688	-0.352511	-2.647489
0.181200	-460.389994	-298.099111	758.489106	162.290883	1218.879100	-0.607852	-0.612261	-1.872144	-0.283719	-0.206000	-0.754778	0.407803	0.293326	-0.234595	-0.352507	-2.647493
0.181400	-460.341269	-298.069093	758.410362	162.272176	1218.751631	-0.519086	-0.527363	-1.780118	-0.250407	-0.182967	-0.765873	0.438274	0.314172	-0.162697	-0.352504	-2.647496
0.181600	-460.292541	-298.039074	758.331615	162.253466	1218.624156	-0.430464	-0.442396	-1.687973	-0.213949	-0.157783	-0.770113	0.465935	0.333080	-0.090655	-0.352501	-2.647499
0.181800	-460.243809	-298.009056	758.252865	162.234753	1218.496674	-0.341987	-0.357347	-1.595704	-0.174593	-0.130619	-0.767561	0.490468	0.349830	-0.019122	-0.352497	-2.647503
0.182000	-460.195074	-297.979037	758.174111	162.216037	1218.369185	-0.253656	-0.272206	-1.503304	-0.132621	-0.101667	-0.758342	0.511575	0.364221	0.051260	-0.352494	-2.647506
0.182200	-460.146336	-297.949019	758.095355	162.197317	1218.241690	-0.165474	-0.186961	-1.410768	-0.088341	-0.071141	-0.742640	0.528986	0.376067	0.119868	-0.352491	-2.647509
0.182400	-460.097594	-297.919000	758.016594	162.178594	1218.114188	-0.077441	-0.101603	-1.318090	-0.042093	-0.039273	-0.720699	0.542460	0.385203	0.186104	-0.352487	-2.647513
0.182600	-460.048849	-297.888982	757.937831	162.159867	1217.986680	0.010443	-0.016125	-1.225263	0.005763	-0.006313	-0.692818	0.551787	0.391487	0.249397	-0.352484	-2.647516
0.182800	-460.000100	-297.858963	757.859064	162.141137	1217.859164	0.098179	0.069483	-1.132281	0.054842	0.027476	-0.659348	0.556793	0.394799	0.309213	-0.352481	-2.647519
0.183000	-459.951349	-297.828945	757.780293	162.122404	1217.731642	0.185766	0.155225	-1.039136	0.104743	0.061818	-0.620688	0.557339	0.395044	0.365057	-0.352477	-2.647523
0.183200	-459.902594	-297.798926	757.701520	162.103667	1217.604113	0.273207	0.241108	-0.945820	0.155049	0.096428	-0.577281	0.553324	0.392156	0.416478	-0.352474	-2.647526
0.183400	-459.853835	-297.768908	757.622743	162.084927	1217.476578	0.360503	0.327135	-0.852327	0.205335	0.131011	-0.529610	0.544688	0.386091	0.463072	-0.352471	-2.647529
0.183600	-459.805073	-297.738889	757.543962	162.066184	1217.349036	0.447655	0.413309	-0.758647	0.255165	0.165271	-0.478191	0.531410	0.376839	0.504485	-0.352467	-2.647533
0.183800	-459.756308	-297.708870	757.465179	162.047438	1217.221487	0.534668	0.499633	-0.664772	0.304104	0.198906	-0.423570	0.513512	0.364414	0.540420	-0.352464	-2.647536
0.184000	-459.707540	-297.678852	757.386392	162.028688	1217.093931	0.621543	0.586106	-0.570692	0.351714	0.231619	-0.366316	0.491056	0.348860	0.570634	-0.352460	-2.647540
0.184200	-459.658768	-297.648833	757.307601	162.009934	1216.966369	0.708284	0.672729	-0.476398	0.397565	0.263112	-0.307015	0.464148	0.330250	0.594943	-0.352457	-2.647543
0.184400	-459.609993	-297.618815	757.228807	161.991178	1216.838800	0.794895	0.759500	-0.381880	0.441235	0.293096	-0.246266	0.432934	0.308685	0.613222	-0.352454	-2.647546
0.184600	-459.561214	-297.588796	757.150010	161.972418	1216.711224	0.881380	0.846416	-0.287127	0.482315	0.321292	-0.184673	0.397599	0.284294	0.625405	-0.352450	-2.647550
0.184800	-459.512432	-297.558777	757.071210	161.953655	1216.583642	0.967744	0.933473	-0.192127	0.520412	0.347429	-0.122841	0.358370	0.257233	0.631488	-0.352447	-2.647553
0.185000	-459.463647	-297.528759	756.992406	161.934888	1216.456053	1.053991	1.020667	-0.096868	0.555155	0.371253	-0.061367	0.315510	0.227683	0.631524	-0.352443	-2.647557
0.185200	-459.414858	-297.498740	756.913598	161.916118	1216.328457	1.140127	1.107992	-0.001338	0.586196	0.392525	-0.000837	0.269317	0.195849	0.625627	-0.352440	-2.647560
0.185400	-459.366066	-297.468722	756.834788	161.897345	1216.200854	1.226158	1.195441	0.094476	0.613216	0.411028	0.058178	0.220123	0.161960	0.613964	-0.352436	-2.647564
0.185600	-459.317271	-297.438703	756.755974	161.878568	1216.073245	1.312088	1.283005	0.190589	0.635925	0.426562	0.115133	0.168291	0.126266	0.596760	-0.352433	-2.647567
0.185800	-459.268472	-297.408684	756.677156	161.859788	1215.945629	1.397923	1.370675	0.287016	0.654069	0.438953	0.169510	0.114211	0.089035	0.574289	-0.352430	-2.647570
0.186000	-459.219670	-297.378666	756.598336	161.841004	1215.818006	1.483671	1.458443	0.383771	0.667429	0.448052	0.220823	0.058298	0.050553	0.546874	-0.352426	-2.647574
0.186200	-459.170865	-297.348647	756.519512	161.822218	1215.690376	1.569336	1.546297	0.480873	0.675824	0.453735	0.268624	0.000987	0.011118	0.514882	-0.352423	-2.647577
0.186400	-459.122056	-297.318628	756.440684	161.803428	1215.562740	1.654925	1.634226	0.578337	0.679114	0.455907	0.312507	-0.057268	-0.028957	0.478721	-0.352419	-2.647581
0.186600	-459.073244	-297.288610	756.361853	161.784634	1215.435097	1.740445	1.722218	0.676183	0.677204	0.454501	0.352108	-0.116002	-0.069352	0.438836	-0.352416	-2.647584
0.186800	-459.024428	-297.258591	756.283019	161.765837	1215.307447	1.825902	1.810261	0.774430	0.670038	0.449482	0.387115	-0.174738	-0.109741	0.395702	-0.352412	-2.647588
0.187000	-458.975609	-297.228572	756.204182	161.747037	1215.179791	1.911303	1.898341	0.873098	0.657608	0.440844	0.417265	-0.232995	-0.149792	0.349819	-0.352409	-2.647591
0.187200	-458.926787	-297.198553	756.125341	161.728234	1215.052128	1.996654	1.986445	0.972209	0.639949	0.428612	0.442348	-0.290292	-0.189174	0.301710	-0.352405	-2.647595
0.187400	-458.877961	-297.168535	756.046496	161.709427	1214.924458	2.081962	2.074560	1.071785	0.617142	0.412842	0.462208	-0.346148	-0.227558	0.251912	-0.352402	-2.647598
0.187600	-458.829132	-297.138516	755.967649	161.690616	1214.796781	2.167232	2.162671	1.171851	0.589312	0.393621	0.476744	-0.400094	-0.264621	0.200972	-0.352398	-2.647602
0.187800	-458.780300	-297.108497	755.888797	161.671803	1214.669098	2.252473	2.250766	1.272430	0.556627	0.371064	0.485915	-0.451668	-0.300046	0.149442	-0.352395	-2.647605
0.188000	-458.731464	-297.078479	755.809943	161.652986	1214.541407	2.337689	2.338830	1.373549	0.519300	0.345318	0.489730	-0.500427	-0.333529	0.097870	-0.352391	-2.647609
0.188200	-458.682625	-297.048460	755.731085	161.634165	1214.413710	2.422888	2.426850	1.475236	0.477582	0.316557	0.488258	-0.545946	-0.364778	0.046801	-0.352388	-2.647612
0.188400	-458.633783	-297.018441	755.652224	161.615342	1214.286007	2.508075	2.514813	1.577519	0.431767	0.284983	0.481619	-0.587825	-0.393517	-0.003238	-0.352384	-2.647616
0.188600	-458.584937	-296.988422	755.573359	161.596515	1214.158296	2.593256	2.602706	1.680427	0.382183	0.250821	0.469987	-0.625689	-0.419492	-0.051732	-0.352381	-2.647619
0.188800	-458.536088	-296.958403	755.494491	161.577684	1214.030579	2.678437	2.690517	1.783992	0.329193	0.214322	0.453586	-0.659197	-0.442465	-0.098195	-0.352377	-2.647623
0.189000	-458.487235	-296.928385	755.415620	161.558850	1213.902855	2.763623	2.778234	1.888245	0.273192	0.175758	0.432685	-0.688038	-0.462225	-0.142163	-0.352374	-2.647626
0.189200	-458.438379	-296.898366	755.336745	161.540013	1213.775124	2.848820	2.865846	1.993219	0.214603	0.135419	0.407600	-0.711940	-0.478586	-0.183209	-0.352370	-2.647630
0.189400	-458.389520	-296.868347	755.257867	161.521173	1213.647387	2.934033	2.953342	2.098948	0.153874	0.093612	0.378686	-0.730671	-0.491387	-0.220940	-0.352367	-2.647633
0.189600	-458.340657	-296.838328	755.178985	161.502329	1213.519642	3.019267	3.040714	2.205467	0.091472	0.050661	0.346334	-0.744039	-0.500498	-0.255003	-0.352363	-2.647637
0.189800	-458.291791	-296.808309	755.100100	161.483481	1213.391891	3.104525	3.127953	2.312809	0.027884	0.006900	0.310967	-0.751896	-0.505816	-0.285091	-0.352360	-2.647640
0.190000	-458.242921	-296.778291	755.021212	161.464631	1213.264134	-3.093373	-3.068135	2.421011	-0.036392	-0.037330	0.273036	-0.754139	-0.507272	-0.310941	-0.352356	-2.647644
0.190200	-458.194049	-296.748272	754.942320	161.445777	1213.136369	-3.008053	-2.981186	2.530107	-0.100850	-0.081679	0.233014	-0.750709	-0.504826	-0.332339	-0.352352	-2.647648
0.190400	-458.145172	-296.718253	754.863425	161.426919	1213.008598	-2.922697	-2.894390	2.640131	-0.164976	-0.125796	0.191390	-0.741598	-0.498471	-0.349123	-0.352349	-2.647651
0.190600	-458.096293	-296.688234	754.784527	161.408059	1212.880819	-2.837301	-2.807754	2.751115	-0.228261	-0.169329	0.148668	-0.726841	-0.488233	-0.361183	-0.352345	-2.647655
0.190800	-458.047410	-296.658215	754.705625	161.389194	1212.753034	-2.751863	-2.721279	2.863092	-0.290196	-0.211930	0.105354	-0.706522	-0.474170	-0.368459	-0.352342	-2.647658
0.191000	-457.998523	-296.628196	754.626720	161.370327	1212.625243	-2.666381	-2.634971	2.976089	-0.350283	-0.253255	0.061960	-0.680770	-0.456371	-0.370947	-0.352338	-2.647662
0.191200	-457.949633	-296.598177	754.547811	161.351456	1212.497444	-2.580853	-2.548830	3.090132	-0.408037	-0.292971	0.018990	-0.649761	-0.434957	-0.368695	-0.352335	-2.647665
0.191400	-457.900740	-296.568159	754.468899	161.332582	1212.369639	-2.495277	-2.462857	-3.077944	-0.462990	-0.330757	-0.023059	-0.613713	-0.410078	-0.361802	-0.352331	-2.647669
0.191600	-457.851844	-296.538140	754.389983	161.313704	1212.241827	-2.409652	-2.377053	-2.961751	-0.514694	-0.366305	-0.063708	-0.572889	-0.381914	-0.350417	-0.352327	-2.647673
0.191800	-457.802944	-296.508121	754.311064	161.294823	1212.114008	-2.323978	-2.291417	-2.844467	-0.562727	-0.399325	-0.102494	-0.527589	-0.350674	-0.334740	-0.352324	-2.647676
0.192000	-457.754040	-296.478102	754.232142	161.275938	1211.986182	-2.238255	-2.205946	-2.726089	-0.606696	-0.429547	-0.138981	-0.478153	-0.316590	-0.315014	-0.352320	-2.647680
0.192200	-457.705133	-296.448083	754.153216	161.257050	1211.858350	-2.152482	-2.120639	-2.606624	-0.646241	-0.456723	-0.172762	-0.424955	-0.279920	-0.291527	-0.352316	-2.647684
0.192400	-457.656223	-296.418064	754.074287	161.238159	1211.730511	-2.066661	-2.035491	-2.486089	-0.681035	-0.480629	-0.203463	-0.368402	-0.240944	-0.264607	-0.352313	-2.647687
0.192600	-457.607310	-296.388045	753.995355	161.219265	1211.602665	-1.980792	-1.950499	-2.364512	-0.710790	-0.501067	-0.230747	-0.308928	-0.199960	-0.234617	-0.352309	-2.647691
0.192800	-457.558393	-296.358026	753.916419	161.200367	1211.474812	-1.894878	-1.865657	-2.241933	-0.735260	-0.517867	-0.254317	-0.246993	-0.157284	-0.201955	-0.352306	-2.647694
0.193000	-457.509472	-296.328007	753.837480	161.181465	1211.346952	-1.808920	-1.780961	-2.118404	-0.754240	-0.530890	-0.273922	-0.183076	-0.113246	-0.167043	-0.352302	-2.647698
0.193200	-457.460549	-296.297988	753.758537	161.162560	1211.219086	-1.722921	-1.696403	-1.993991	-0.767570	-0.540024	-0.289356	-0.117675	-0.068190	-0.130329	-0.352298	-2.647702
0.193400	-457.411621	-296.267969	753.679591	161.143652	1211.091212	-1.636883	-1.611977	-1.868774	-0.775137	-0.545193	-0.300459	-0.051301	-0.022464	-0.092278	-0.352295	-2.647705
0.193600	-457.362691	-296.237950	753.600641	161.124741	1210.963332	-1.550809	-1.527675	-1.742843	-0.776873	-0.546350	-0.307125	0.015529	0.023574	-0.053368	-0.352291	-2.647709
0.193800	-457.313757	-296.207931	753.521688	161.105826	1210.835445	-1.464704	-1.443490	-1.616305	-0.772758	-0.543481	-0.309296	0.082293	0.069565	-0.014085	-0.352287	-2.647713
0.194000	-457.264820	-296.177912	753.442732	161.086907	1210.707552	-1.378571	-1.359412	-1.489273	-0.762821	-0.536605	-0.306966	0.148467	0.115150	0.025080	-0.352284	-2.647716
0.194200	-457.215879	-296.147893	753.363772	161.067986	1210.579651	-1.292414	-1.275434	-1.361874	-0.747137	-0.525776	-0.300180	0.213535	0.159973	0.063643	-0.352280	-2.647720
0.194400	-457.166935	-296.117874	753.284809	161.049060	1210.451744	-1.206237	-1.191547	-1.234240	-0.725827	-0.511075	-0.289035	0.276988	0.203685	0.101124	-0.352276	-2.647724
0.194600	-457.117987	-296.087855	753.205842	161.030132	1210.323829	-1.120046	-1.107739	-1.106507	-0.699060	-0.492619	-0.273676	0.338331	0.245946	0.137057	-0.352273	-2.647727
0.194800	-457.069036	-296.057836	753.126872	161.011200	1210.195908	-1.033846	-1.024003	-0.978815	-0.667048	-0.470554	-0.254296	0.397088	0.286427	0.170996	-0.352269	-2.647731
0.195000	-457.020082	-296.027817	753.047899	160.992264	1210.067981	-0.947641	-0.940327	-0.851302	-0.630044	-0.445054	-0.231137	0.452803	0.324815	0.202516	-0.352265	-2.647735
0.195200	-456.971124	-295.997798	752.968922	160.973326	1209.940046	-0.861436	-0.856703	-0.724103	-0.588343	-0.416321	-0.204479	0.505044	0.360814	0.231219	-0.352261	-2.647739
0.195400	-456.922163	-295.967779	752.889942	160.954384	1209.812104	-0.775238	-0.773118	-0.597347	-0.542277	-0.384584	-0.174647	0.553410	0.394147	0.256740	-0.352258	-2.647742
0.195600	-456.873198	-295.937760	752.810958	160.935438	1209.684156	-0.689052	-0.689564	-0.471155	-0.492213	-0.350094	-0.142000	0.597532	0.424560	0.278749	-0.352254	-2.647746
0.195800	-456.824230	-295.907741	752.731971	160.916489	1209.556201	-0.602883	-0.606030	-0.345636	-0.438548	-0.313126	-0.106932	0.637075	0.451824	0.296957	-0.352250	-2.647750
0.196000	-456.775259	-295.877722	752.652980	160.897537	1209.428239	-0.516737	-0.522505	-0.220889	-0.381710	-0.273972	-0.069862	0.671744	0.475734	0.311115	-0.352247	-2.647753
0.196200	-456.726284	-295.847703	752.573986	160.878581	1209.300270	-0.430620	-0.438979	-0.097000	-0.322149	-0.232943	-0.031237	0.701282	0.496115	0.321021	-0.352243	-2.647757
0.196400	-456.677305	-295.817684	752.494989	160.859622	1209.172294	-0.344536	-0.355442	0.025959	-0.260337	-0.190362	0.008478	0.725477	0.512819	0.326520	-0.352239	-2.647761
0.196600	-456.628324	-295.787665	752.415988	160.840659	1209.044312	-0.258492	-0.271883	0.147929	-0.196761	-0.146566	0.048804	0.744157	0.525730	0.327505	-0.352235	-2.647765
0.196800	-456.579339	-295.757646	752.336984	160.821693	1208.916323	-0.172493	-0.188292	0.268863	-0.131923	-0.101899	0.089252	0.757199	0.534762	0.323923	-0.352232	-2.647768
0.197000	-456.530350	-295.727626	752.257976	160.802724	1208.788326	-0.086544	-0.104660	0.388729	-0.066331	-0.056709	0.129330	0.764525	0.539860	0.315769	-0.352228	-2.647772
0.197200	-456.481358	-295.697607	752.178965	160.783751	1208.660323	-0.000649	-0.020977	0.507503	-0.000497	-0.011351	0.168545	0.766103	0.541004	0.303092	-0.352224	-2.647776
0.197400	-456.432363	-295.667588	752.099951	160.764775	1208.532313	0.085186	0.062766	0.625175	0.065065	0.033825	0.206413	0.761948	0.538202	0.285989	-0.352220	-2.647780
0.197600	-456.383364	-295.637569	752.020933	160.745795	1208.404297	0.170957	0.146578	0.741741	0.129848	0.078468	0.242460	0.752122	0.531497	0.264611	-0.352217	-2.647783
0.197800	-456.334362	-295.607550	751.941911	160.726812	1208.276273	0.256661	0.230468	0.857208	0.193354	0.122237	0.276229	0.736731	0.520962	0.239156	-0.352213	-2.647787
0.198000	-456.285356	-295.577531	751.862887	160.707825	1208.148243	0.342292	0.314443	0.971588	0.255098	0.164796	0.307287	0.715927	0.506700	0.209869	-0.352209	-2.647791
0.198200	-456.236347	-295.547511	751.783858	160.688835	1208.020205	0.427848	0.398512	1.084900	0.314610	0.205824	0.335223	0.689905	0.488846	0.177041	-0.352205	-2.647795
0.198400	-456.187334	-295.517492	751.704827	160.669842	1207.892161	0.513326	0.482681	1.197167	0.371443	0.245013	0.359662	0.658898	0.467561	0.141004	-0.352201	-2.647799
0.198600	-456.138318	-295.487473	751.625792	160.650845	1207.764110	0.598723	0.566957	1.308415	0.425175	0.282071	0.380260	0.623183	0.443032	0.102128	-0.352198	-2.647802
0.198800	-456.089299	-295.457454	751.546753	160.631845	1207.636052	0.684035	0.651346	1.418676	0.475410	0.316728	0.396716	0.583069	0.415473	0.060818	-0.352194	-2.647806
0.199000	-456.040276	-295.427435	751.467711	160.612842	1207.507987	0.769263	0.735852	1.527980	0.521784	0.348731	0.408767	0.538900	0.385120	0.017513	-0.352190	-2.647810
0.199200	-455.991250	-295.397415	751.388666	160.593835	1207.379916	0.854403	0.820481	1.636362	0.563968	0.377855	0.416198	0.491051	0.352231	-0.027328	-0.352186	-2.647814
0.199400	-455.942220	-295.367396	751.309617	160.574824	1207.251837	0.939455	0.905236	1.743856	0.601668	0.403897	0.418844	0.439922	0.317081	-0.073217	-0.352182	-2.647818
0.199600	-455.893187	-295.337377	751.230564	160.555810	1207.123752	1.024418	0.990120	1.850497	0.634629	0.426682	0.416585	0.385940	0.279961	-0.119656	-0.352179	-2.647821
0.199800	-455.844151	-295.307358	751.151509	160.536793	1206.995659	1.109291	1.075135	1.956319	0.662638	0.446061	0.409358	0.329547	0.241177	-0.166130	-0.352175	-2.647825
0.200000	-455.795111	-295.277339	751.072449	160.517772	1206.867560	1.194075	1.160282	2.061358	0.685522	0.461916	0.397150	0.271203	0.201045	-0.212122	-0.352171	-2.647829
