#model:pLinear_down	end_point_b=0.20
#t	l_1	l_2	l_3	l_2-l_1	l_3-l_1	phase_1	phase_2	phase_3	RePsi_1	RePsi_2	RePsi_3	ImPsi_1	ImPsi_2	ImPsi_3
0.100200	-162309.044108	-149953.526158	312262.570266	12355.517950	474571.614375	1.636986	-2.014033	0.647111	0.803918	-0.516922	0.092311	-0.053289	-0.245404	0.122161	-0.076123	-2.923877
0.100400	-162308.992202	-149953.436608	312262.428810	12355.555594	474571.421012	1.683275	0.642764	-0.276641	0.812657	0.332503	-0.041826	-0.091794	0.444018	0.147316	-0.076124	-2.923876
0.100600	-162308.940296	-149953.347058	312262.287353	12355.593238	474571.227649	1.764080	-2.910742	-1.198789	0.797950	-0.128499	-0.142759	-0.156180	-0.546708	0.055701	-0.076124	-2.923876
0.100800	-162308.888390	-149953.257507	312262.145897	12355.630882	474571.034287	1.804588	-0.265767	-2.122088	0.787178	-0.148978	-0.130519	-0.187464	0.547300	-0.080254	-0.076124	-2.923876
0.101000	-162308.836484	-149953.167956	312262.004440	12355.668527	474570.840924	1.880679	2.453790	-3.044603	0.781606	0.349467	-0.014823	-0.250268	-0.425324	-0.152351	-0.076124	-2.923876
0.101200	-162308.784578	-149953.078405	312261.862984	12355.706173	474570.647562	1.935169	-1.155555	2.314545	0.751740	-0.525039	0.112657	-0.286716	0.231478	-0.103643	-0.076125	-2.923875
0.101400	-162308.732673	-149952.988854	312261.721527	12355.743819	474570.454200	1.991715	1.522637	1.390691	0.749470	0.549195	0.150516	-0.335519	0.026469	0.027406	-0.076125	-2.923875
0.101600	-162308.680768	-149952.899303	312261.580070	12355.781465	474570.260838	2.066222	-2.044322	0.467371	0.711233	-0.505774	0.069011	-0.384335	-0.259163	0.136746	-0.076125	-2.923875
0.101800	-162308.628863	-149952.809751	312261.438613	12355.819112	474570.067476	2.107285	0.601907	-0.456070	0.699634	0.317256	-0.067470	-0.416049	0.461840	0.137535	-0.076125	-2.923875
0.102000	-162308.576958	-149952.720199	312261.297156	12355.856759	474569.874114	2.188471	-2.950642	-1.378049	0.666055	-0.105502	-0.150389	-0.473168	-0.545778	0.029351	-0.076126	-2.923874
0.102200	-162308.525053	-149952.630646	312261.155699	12355.894407	474569.680753	2.233229	-0.296858	-2.301559	0.635664	-0.167178	-0.114060	-0.495824	0.546516	-0.102231	-0.076126	-2.923874
0.102400	-162308.473149	-149952.541094	312261.014242	12355.932055	474569.487391	2.301322	2.405755	3.058665	0.612247	0.368186	0.012674	-0.548491	-0.406617	-0.152485	-0.076126	-2.923874
0.102600	-162308.421244	-149952.451541	312260.872785	12355.969703	474569.294030	2.365259	-1.183632	2.134499	0.564249	-0.530368	0.129393	-0.574573	0.216254	-0.081792	-0.076126	-2.923874
0.102800	-162308.369340	-149952.361988	312260.731328	12356.007353	474569.100669	2.413049	1.476534	1.210708	0.544993	0.551180	0.143226	-0.610774	0.052110	0.053925	-0.076127	-2.923873
0.103000	-162308.317437	-149952.272435	312260.589871	12356.045002	474568.907308	2.492949	-2.078676	0.287851	0.490654	-0.491849	0.043500	-0.647244	-0.273752	0.146924	-0.076127	-2.923873
0.103200	-162308.265533	-149952.182881	312260.448414	12356.082652	474568.713947	2.532973	0.565551	-0.635382	0.463116	0.303327	-0.090932	-0.664570	0.477899	0.123315	-0.076127	-2.923873
0.103400	-162308.213629	-149952.093327	312260.306956	12356.120302	474568.520586	2.610263	-2.995275	-1.557437	0.415551	-0.080373	-0.153164	-0.707075	-0.545380	0.002046	-0.076128	-2.923872
0.103600	-162308.161726	-149952.003773	312260.165499	12356.157953	474568.327225	2.662621	-0.325682	-2.481286	0.370844	-0.183541	-0.093913	-0.714117	0.543489	-0.120929	-0.076128	-2.923872
0.103800	-162308.109823	-149951.914219	312260.024042	12356.195604	474568.133865	2.721169	2.356944	2.878556	0.335288	0.388138	0.039777	-0.749950	-0.388720	-0.147717	-0.076128	-2.923872
0.104000	-162308.057920	-149951.824664	312259.882584	12356.233256	474567.940504	2.793812	-1.213779	1.954490	0.275284	-0.533423	0.141976	-0.759374	0.198967	-0.057316	-0.076128	-2.923872
0.104200	-162308.006017	-149951.735109	312259.741127	12356.270908	474567.747144	2.835583	1.434175	1.030935	0.245494	0.553804	0.131332	-0.777043	0.076136	0.078699	-0.076129	-2.923871
0.104400	-162307.954115	-149951.645554	312259.599669	12356.308561	474567.553784	2.916842	-2.117972	0.108503	0.181895	-0.475773	0.016597	-0.795645	-0.289853	0.152359	-0.076129	-2.923871
0.104600	-162307.902213	-149951.555999	312259.458211	12356.346214	474567.360424	2.960199	0.533162	-0.814720	0.145537	0.290062	-0.111460	-0.793507	0.491486	0.105108	-0.076129	-2.923871
0.104800	-162307.850311	-149951.466443	312259.316754	12356.383868	474567.167064	3.030117	-3.043313	-1.737060	0.091424	-0.053846	-0.150998	-0.816729	-0.546126	-0.025339	-0.076129	-2.923871
0.105000	-162307.798409	-149951.376887	312259.175296	12356.421522	474566.973704	3.091769	-0.354143	-2.661249	0.040091	-0.198775	-0.070732	-0.803998	0.537622	-0.135750	-0.076130	-2.923870
0.105200	-162307.746507	-149951.287331	312259.033838	12356.459176	474566.780345	3.141212	2.309700	2.698388	0.000311	0.408509	0.065606	-0.819265	-0.372184	-0.138204	-0.076130	-2.923870
0.105400	-162307.694605	-149951.197775	312258.892380	12356.496831	474566.586985	-3.063187	-1.247672	1.774642	-0.063547	-0.534984	0.149994	-0.808827	0.179145	-0.031006	-0.076130	-2.923870
0.105600	-162307.642704	-149951.108218	312258.750922	12356.534486	474566.393626	-3.023435	1.396276	0.851380	-0.095591	0.556214	0.115208	-0.805240	0.098068	0.100927	-0.076130	-2.923870
0.105800	-162307.590803	-149951.018661	312258.609464	12356.572142	474566.200267	-2.945131	-2.162137	-0.070791	-0.159971	-0.458410	-0.010840	-0.803758	-0.307822	0.152873	-0.076131	-2.923869
0.106000	-162307.538902	-149950.929104	312258.468006	12356.609798	474566.006908	-2.894824	0.503408	-0.994219	-0.196605	0.276595	-0.128398	-0.780481	0.502229	0.083496	-0.076131	-2.923869
0.106200	-162307.487001	-149950.839546	312258.326548	12356.647455	474565.813549	-2.834236	-3.092654	-1.916954	-0.248608	-0.026853	-0.143966	-0.783225	-0.548279	-0.051926	-0.076131	-2.923869
0.106400	-162307.435101	-149950.749989	312258.185089	12356.685112	474565.620190	-2.763582	-0.384236	-2.841350	-0.297870	-0.213762	-0.045269	-0.750100	0.528679	-0.146216	-0.076131	-2.923869
0.106600	-162307.383200	-149950.660431	312258.043631	12356.722770	474565.426832	-2.720892	2.265876	2.518304	-0.333172	0.428335	0.089323	-0.744662	-0.357194	-0.124252	-0.076132	-2.923868
0.106800	-162307.331300	-149950.570873	312257.902173	12356.760428	474565.233473	-2.639791	-1.286361	1.595014	-0.392165	-0.535960	0.153181	-0.714789	0.156694	-0.003710	-0.076132	-2.923868
0.107000	-162307.279400	-149950.481314	312257.760714	12356.798086	474565.040115	-2.597662	1.362521	0.671969	-0.417832	0.557457	0.095367	-0.690876	0.117813	0.119889	-0.076132	-2.923868
0.107200	-162307.227501	-149950.391755	312257.619256	12356.835745	474564.846757	-2.526021	-2.210069	-0.250175	-0.474392	-0.440703	-0.037932	-0.670760	-0.327625	0.148447	-0.076132	-2.923868
0.107400	-162307.175601	-149950.302196	312257.477797	12356.873405	474564.653399	-2.466669	0.474461	-1.173962	-0.502852	0.262008	-0.141206	-0.628330	0.510150	0.059175	-0.076133	-2.923867
0.107600	-162307.123702	-149950.212637	312257.336339	12356.911064	474564.460041	-2.415432	-3.140942	-2.097066	-0.544406	-0.000359	-0.132299	-0.613051	-0.551708	-0.076854	-0.076133	-2.923867
0.107800	-162307.071802	-149950.123078	312257.194880	12356.948725	474564.266683	-2.337955	-0.417723	-3.021450	-0.583437	-0.229387	-0.018348	-0.562533	0.516820	-0.151986	-0.076133	-2.923867
0.108000	-162307.019904	-149950.033518	312257.053422	12356.986385	474564.073325	-2.298250	2.226419	2.338409	-0.606314	0.446670	0.110156	-0.539828	-0.343540	-0.106306	-0.076133	-2.923867
0.108200	-162306.968005	-149949.943958	312256.911963	12357.024047	474563.879968	-2.219134	-1.330002	1.415578	-0.652689	-0.537220	0.151426	-0.494468	0.131919	0.023695	-0.076134	-2.923866
0.108400	-162306.916106	-149949.854398	312256.770504	12357.061708	474563.686610	-2.170785	1.331741	0.492569	-0.664529	0.556644	0.072441	-0.454618	0.135663	0.134977	-0.076134	-2.923866
0.108600	-162306.864208	-149949.764837	312256.629045	12357.099370	474563.493253	-2.108149	-2.259815	-0.429770	-0.706052	-0.423512	-0.063813	-0.420691	-0.348842	0.139225	-0.076134	-2.923866
0.108800	-162306.812310	-149949.675277	312256.487586	12357.137033	474563.299896	-2.039594	0.444330	-1.353950	-0.719473	0.245491	-0.149474	-0.364380	0.515649	0.032931	-0.076134	-2.923866
0.109000	-162306.760412	-149949.585716	312256.346127	12357.174696	474563.106539	-1.995771	3.097006	-2.277277	-0.744019	0.024803	-0.116376	-0.336708	-0.555914	-0.099319	-0.076135	-2.923865
0.109200	-162306.708514	-149949.496154	312256.204668	12357.212359	474562.913182	-1.915054	-0.455814	3.081770	-0.766625	-0.246384	0.009156	-0.274862	0.502572	-0.152871	-0.076135	-2.923865
0.109400	-162306.656616	-149949.406593	312256.063209	12357.250023	474562.719825	-1.873965	2.191237	2.158734	-0.771279	0.462741	0.127429	-0.241265	-0.330663	-0.084941	-0.076135	-2.923865
0.109600	-162306.604719	-149949.317031	312255.921750	12357.287688	474562.526469	-1.800730	-1.377725	1.236233	-0.799600	-0.539438	0.144779	-0.187165	0.105464	0.050330	-0.076135	-2.923865
0.109800	-162306.552822	-149949.227469	312255.780291	12357.325352	474562.333112	-1.743680	1.302203	0.313039	-0.792645	0.553103	0.047163	-0.138417	0.152238	0.145706	-0.076136	-2.923864
0.110000	-162306.500924	-149949.137907	312255.638831	12357.363018	474562.139756	-1.690531	-2.309041	-0.609633	-0.814546	-0.407463	-0.087651	-0.097999	-0.370741	0.125507	-0.076136	-2.923864
0.110200	-162306.449028	-149949.048344	312255.497372	12357.400683	474561.946400	-1.614545	0.411184	-1.534106	-0.808841	0.226490	-0.152939	-0.035408	0.519425	0.005614	-0.076136	-2.923864
0.110400	-162306.397131	-149948.958781	312255.355912	12357.438350	474561.753044	-1.574650	3.055986	-2.457442	-0.812734	0.048067	-0.096714	-0.003132	-0.560113	-0.118588	-0.076136	-2.923864
0.110600	-162306.345235	-149948.869218	312255.214453	12357.476016	474561.559688	-1.494934	-0.498886	2.902018	-0.815752	-0.265196	0.036355	0.062004	0.486726	-0.148834	-0.076137	-2.923863
0.110800	-162306.293338	-149948.779655	312255.072993	12357.513683	474561.366332	-1.448426	2.159341	1.979224	-0.799529	0.476079	0.140579	0.098330	-0.317759	-0.060838	-0.076137	-2.923863
0.111000	-162306.241442	-149948.690092	312254.931534	12357.551351	474561.172976	-1.383769	-1.427753	1.056839	-0.807604	-0.542972	0.133450	0.152830	0.078202	0.075341	-0.076137	-2.923863
0.111200	-162306.189546	-149948.600528	312254.790074	12357.589019	474560.979621	-1.317409	1.271938	0.133282	-0.780217	0.546494	0.020344	0.202040	0.168367	0.151737	-0.076138	-2.923862
0.111400	-162306.137651	-149948.510964	312254.648614	12357.626687	474560.786265	-1.272252	-2.355630	-0.789734	-0.781321	-0.392843	-0.108679	0.240446	-0.392400	0.107741	-0.076138	-2.923862
0.111600	-162306.085755	-149948.421399	312254.507155	12357.664356	474560.592910	-1.192138	0.373669	-1.714297	-0.755872	0.204807	-0.151488	0.300730	0.522347	-0.021889	-0.076138	-2.923862
0.111800	-162306.033860	-149948.331835	312254.365695	12357.702025	474560.399555	-1.151875	3.019325	-2.637445	-0.738985	0.069228	-0.073946	0.329055	-0.563381	-0.134033	-0.076138	-2.923862
0.112000	-162305.981965	-149948.242270	312254.224235	12357.739695	474560.206200	-1.077199	-0.546307	2.722476	-0.722809	-0.285899	0.062370	0.388884	0.470201	-0.139997	-0.076139	-2.923861
0.112200	-162305.930070	-149948.152705	312254.082775	12357.777365	474560.012845	-1.022435	2.129108	1.799761	-0.686639	0.486588	0.149182	0.419436	-0.303923	-0.034767	-0.076139	-2.923861
0.112400	-162305.878175	-149948.063140	312253.941315	12357.815036	474559.819490	-0.967288	-1.477802	0.877264	-0.675866	-0.547802	0.117804	0.465875	0.051090	0.097929	-0.076139	-2.923861
0.112600	-162305.826281	-149947.973574	312253.799855	12357.852707	474559.626136	-0.892965	1.239061	-0.046728	-0.630003	0.536861	-0.007149	0.507204	0.184930	0.152877	-0.076139	-2.923861
0.112800	-162305.774387	-149947.884008	312253.658395	12357.890379	474559.432781	-0.852633	-2.398205	-0.969970	-0.612710	-0.379556	-0.126218	0.535400	-0.412865	0.086504	-0.076140	-2.923860
0.113000	-162305.722493	-149947.794442	312253.516935	12357.928051	474559.239427	-0.772532	0.331199	-1.894385	-0.570445	0.180628	-0.145166	0.585316	0.525289	-0.048685	-0.076140	-2.923860
0.113200	-162305.670599	-149947.704876	312253.375474	12357.965723	474559.046073	-0.727725	2.986226	-2.817233	-0.536162	0.088465	-0.048804	0.601869	-0.564807	-0.145150	-0.076140	-2.923860
0.113400	-162305.618705	-149947.615309	312253.234014	12358.003396	474558.852719	-0.661104	-0.596493	2.543058	-0.504639	-0.308182	0.086365	0.648740	0.453876	-0.126637	-0.076140	-2.923860
0.113600	-162305.566811	-149947.525742	312253.092554	12358.041069	474558.659365	-0.597023	2.098607	1.620202	-0.452840	0.494555	0.152959	0.666162	-0.288316	-0.007563	-0.076141	-2.923859
0.113800	-162305.514918	-149947.436175	312252.951093	12358.078743	474558.466011	-0.550347	-1.525667	0.697433	-0.427929	-0.553534	0.098345	0.697427	0.024997	0.117369	-0.076141	-2.923859
0.114000	-162305.463025	-149947.346608	312252.809633	12358.116417	474558.272658	-0.471052	1.202089	-0.226932	-0.368764	0.524618	-0.034428	0.724076	0.202700	0.149096	-0.076141	-2.923859
0.114200	-162305.411132	-149947.257040	312252.668172	12358.154092	474558.079304	-0.431381	-2.436387	-1.150201	-0.338593	-0.367143	-0.139698	0.735603	-0.431310	0.062485	-0.076141	-2.923859
0.114400	-162305.359239	-149947.167472	312252.526712	12358.191767	474557.885951	-0.355430	0.284166	-2.074273	-0.285450	0.154499	-0.134171	0.769004	0.528978	-0.073905	-0.076142	-2.923858
0.114600	-162305.307347	-149947.077904	312252.385251	12358.229443	474557.692598	-0.302911	2.955193	-2.996839	-0.240040	0.106299	-0.022095	0.768058	-0.563654	-0.151572	-0.076142	-2.923858
0.114800	-162305.255455	-149946.988336	312252.243790	12358.267119	474557.499245	-0.245712	-0.647245	2.363634	-0.199766	-0.331406	0.107568	0.796580	0.438445	-0.109181	-0.076142	-2.923858
0.115000	-162305.203562	-149946.898767	312252.102329	12358.304795	474557.305892	-0.173219	2.065917	1.440434	-0.139267	0.500586	0.151793	0.795936	-0.270309	0.019901	-0.076142	-2.923858
0.115200	-162305.151670	-149946.809198	312251.960868	12358.342472	474557.112539	-0.132208	-1.569777	0.517351	-0.107382	-0.559465	0.075705	0.807488	0.000570	0.133037	-0.076143	-2.923857
0.115400	-162305.099779	-149946.719629	312251.819408	12358.380150	474556.919186	-0.051939	1.160241	-0.407209	-0.042388	0.510476	-0.060607	0.815367	0.222206	0.140516	-0.076143	-2.923857
0.115600	-162305.047887	-149946.630059	312251.677947	12358.417828	474556.725834	-0.008661	-2.470771	-1.330299	-0.006987	-0.354874	-0.148676	0.806608	-0.447174	0.036462	-0.076143	-2.923857
0.115800	-162304.995996	-149946.540490	312251.536485	12358.455506	474556.532481	0.059843	0.233941	-2.253942	0.049149	0.127222	-0.118851	0.820309	0.533863	-0.096730	-0.076143	-2.923857
0.116000	-162304.944105	-149946.450920	312251.395024	12358.493185	474556.339129	0.121577	2.924352	3.106820	0.097647	0.123490	0.005325	0.799208	-0.559480	-0.153089	-0.076144	-2.923856
0.116200	-162304.892214	-149946.361350	312251.253563	12358.530864	474556.145777	0.169931	-0.696300	2.184066	0.138497	-0.354702	0.125300	0.807158	0.424293	-0.088186	-0.076144	-2.923856
0.116400	-162304.840323	-149946.271779	312251.112102	12358.568544	474555.952425	0.248192	2.029446	1.260413	0.199381	0.505493	0.145724	0.786770	-0.249596	0.046741	-0.076144	-2.923856
0.116600	-162304.788432	-149946.182208	312250.970641	12358.606224	474555.759073	0.287520	-1.609515	0.337102	0.229888	-0.564714	0.050619	0.777399	-0.021876	0.144428	-0.076144	-2.923856
0.116800	-162304.736542	-149946.092638	312250.829179	12358.643904	474555.565721	0.364569	1.113671	-0.587419	0.292255	0.495310	-0.084835	0.765812	0.243630	0.127414	-0.076145	-2.923855
0.117000	-162304.684652	-149946.003066	312250.687718	12358.681585	474555.372370	0.414914	-2.502706	-1.510193	0.324460	-0.341876	-0.152856	0.736594	-0.460245	0.009275	-0.076145	-2.923855
0.117200	-162304.632762	-149945.913495	312250.546257	12358.719267	474555.179018	0.474191	0.182612	-2.433454	0.375129	0.099728	-0.099693	0.730890	0.540036	-0.116423	-0.076145	-2.923855
0.117400	-162304.580872	-149945.823923	312250.404795	12358.756949	474554.985667	0.544695	2.891764	2.927234	0.418316	0.140901	0.032579	0.690485	-0.552208	-0.149648	-0.076145	-2.923855
0.117600	-162304.528982	-149945.734351	312250.263333	12358.794631	474554.792316	0.586617	-0.741910	2.004259	0.451416	-0.377125	0.138994	0.679161	0.411440	-0.064329	-0.076146	-2.923854
0.117800	-162304.477093	-149945.644779	312250.121872	12358.832314	474554.598965	0.666830	1.988229	1.080174	0.504430	0.510142	0.134953	0.640866	-0.226246	0.072090	-0.076146	-2.923854
0.118000	-162304.425204	-149945.555206	312249.980410	12358.869997	474554.405614	0.708779	-1.645259	0.156818	0.525481	-0.568363	0.023903	0.612871	-0.042400	0.151173	-0.076146	-2.923854
0.118200	-162304.373315	-149945.465634	312249.838948	12358.907681	474554.212263	0.779068	1.063525	-0.767449	0.577245	0.480008	-0.106324	0.584600	0.266780	0.110211	-0.076146	-2.923854
0.118400	-162304.321426	-149945.376061	312249.697487	12358.945365	474554.018912	0.838412	-2.533994	-1.689892	0.598513	-0.327291	-0.152095	0.538195	-0.470685	-0.018200	-0.076147	-2.923853
0.118600	-162304.269537	-149945.286487	312249.556025	12358.983050	474553.825562	0.888576	0.132465	-2.612931	0.636153	0.072914	-0.077307	0.516773	0.547216	-0.132348	-0.076147	-2.923853
0.118800	-162304.217649	-149945.196914	312249.414563	12359.020735	474553.632211	0.965583	2.855739	2.747465	0.666719	0.159335	0.058791	0.461247	-0.542135	-0.141362	-0.076147	-2.923853
0.119000	-162304.165761	-149945.107340	312249.273101	12359.058420	474553.438861	1.004824	-0.783226	1.824196	0.685036	-0.397809	0.148211	0.435204	0.399540	-0.038382	-0.076148	-2.923852
0.119200	-162304.113872	-149945.017766	312249.131639	12359.096106	474553.245511	1.082784	1.942186	0.899824	0.723403	0.515303	0.119832	0.384010	-0.200692	0.095127	-0.076148	-2.923852
0.119400	-162304.061985	-149944.928192	312248.990177	12359.133793	474553.052161	1.131063	-1.678197	-0.023366	0.728586	-0.569618	-0.003577	0.342767	-0.061414	0.153049	-0.076148	-2.923852
0.119600	-162304.010097	-149944.838617	312248.848714	12359.171480	474552.858811	1.192421	1.011748	-0.947259	0.763616	0.465320	-0.124374	0.303560	0.291115	0.089457	-0.076148	-2.923852
0.119800	-162303.958210	-149944.749043	312248.707252	12359.209167	474552.665462	1.260787	-2.566577	-1.869480	0.768225	-0.310423	-0.146411	0.246092	-0.478997	-0.045079	-0.076149	-2.923851
0.120000	-162303.906322	-149944.659468	312248.565790	12359.246855	474552.472112	1.303835	0.085401	-2.792513	0.787455	0.047496	-0.052412	0.215361	0.554795	-0.143995	-0.076149	-2.923851
0.120200	-162303.854435	-149944.569892	312248.424327	12359.284543	474552.278763	1.383759	2.815149	2.567446	0.800428	0.179392	0.083119	0.151481	-0.529873	-0.128502	-0.076149	-2.923851
0.120400	-162303.802548	-149944.480317	312248.282865	12359.322232	474552.085413	1.424602	-0.820399	1.643939	0.799417	-0.416104	0.152657	0.117710	0.387950	-0.011186	-0.076149	-2.923851
0.120600	-162303.750662	-149944.390741	312248.141403	12359.359921	474551.892064	1.496561	1.892231	0.719500	0.818989	0.521510	0.100851	0.060910	-0.173653	0.115102	-0.076150	-2.923850
0.120800	-162303.698775	-149944.301165	312247.999940	12359.397610	474551.698715	1.553506	-1.710043	-0.203362	0.804649	-0.567941	-0.030929	0.013914	-0.079599	0.149989	-0.076150	-2.923850
0.121000	-162303.646889	-149944.211589	312247.858477	12359.435300	474551.505366	1.605587	0.960617	-1.126886	0.819689	0.451726	-0.138396	-0.028529	0.315840	0.065817	-0.076150	-2.923850
0.121200	-162303.595003	-149944.122012	312247.717015	12359.472991	474551.312018	1.681122	-2.602217	-2.049091	0.804902	-0.290863	-0.135984	-0.089163	-0.485922	-0.070500	-0.076150	-2.923850
0.121400	-162303.543117	-149944.032435	312247.575552	12359.510682	474551.118669	1.720527	0.042497	-2.972307	0.803425	0.023895	-0.025808	-0.121205	0.561946	-0.150990	-0.076151	-2.923849
0.121600	-162303.491231	-149943.942858	312247.434089	12359.548373	474550.925320	1.799195	2.769686	2.387190	0.797004	0.201364	0.104779	-0.185267	-0.516242	-0.111485	-0.076151	-2.923849
0.121800	-162303.439346	-149943.853281	312247.292626	12359.586065	474550.731972	1.845549	-0.854441	1.463610	0.775367	-0.431684	0.152188	-0.218562	0.375841	0.016375	-0.076151	-2.923849
0.122000	-162303.387460	-149943.763703	312247.151163	12359.623757	474550.538624	1.908971	1.840138	0.539328	0.775302	0.528963	0.078623	-0.272662	-0.146020	0.131363	-0.076151	-2.923849
0.122200	-162303.335575	-149943.674125	312247.009701	12359.661450	474550.345276	1.975076	-1.742720	-0.383154	0.741147	-0.563135	-0.057270	-0.317098	-0.097782	0.142083	-0.076152	-2.923848
0.122400	-162303.283690	-149943.584547	312246.868238	12359.699143	474550.151928	2.019445	0.912161	-1.306439	0.736343	0.439363	-0.147937	-0.354468	0.340032	0.040046	-0.076152	-2.923848
0.122600	-162303.231806	-149943.494969	312246.726774	12359.736837	474549.958580	2.098833	-2.642199	-2.228855	0.702851	-0.268559	-0.121147	-0.409961	-0.492303	-0.093647	-0.076152	-2.923848
0.122800	-162303.179921	-149943.405390	312246.585311	12359.774531	474549.765232	2.138808	0.003835	3.130830	0.681816	0.002177	0.001648	-0.435112	0.567762	-0.153113	-0.076152	-2.923848
0.123000	-162303.128037	-149943.315811	312246.443848	12359.812225	474549.571885	2.212304	2.720025	2.206785	0.657646	0.225179	0.123070	-0.491189	-0.502123	-0.090866	-0.076153	-2.923847
0.123200	-162303.076153	-149943.226232	312246.302385	12359.849920	474549.378537	2.266877	-0.886956	1.283345	0.617526	-0.444585	0.146818	-0.516011	0.362351	0.043405	-0.076153	-2.923847
0.123400	-162303.024269	-149943.136653	312246.160922	12359.887616	474549.185190	2.320965	1.788143	0.359370	0.600401	0.537502	0.053865	-0.559520	-0.118699	0.143378	-0.076153	-2.923847
0.123600	-162302.972385	-149943.047073	312246.019458	12359.925312	474548.991843	2.394816	-1.778051	-0.562807	0.549523	-0.555371	-0.081749	-0.593697	-0.116780	0.129582	-0.076153	-2.923847
0.123800	-162302.920501	-149942.957493	312245.877995	12359.963008	474548.798496	2.434630	0.867672	-1.486053	0.528361	0.428005	-0.152688	-0.618501	0.362796	0.012970	-0.076154	-2.923846
0.124000	-162302.868618	-149942.867913	312245.736531	12360.000705	474548.605149	2.513781	-2.687040	-2.408858	0.480135	-0.243823	-0.102382	-0.661554	-0.498939	-0.113776	-0.076154	-2.923846
0.124200	-162302.816735	-149942.778333	312245.595068	12360.038402	474548.411802	2.558379	-0.031406	2.950566	0.443907	-0.017951	0.029065	-0.672819	0.571406	-0.150298	-0.076154	-2.923846
0.124400	-162302.764852	-149942.688752	312245.453604	12360.076100	474548.218456	2.623832	2.667750	2.026364	0.406765	0.250408	0.137398	-0.714133	-0.488306	-0.067317	-0.076154	-2.923846
0.124600	-162302.712969	-149942.599171	312245.312140	12360.113798	474548.025109	2.687583	-0.919835	1.103249	0.353350	-0.455193	0.136715	-0.724062	0.346731	0.069025	-0.076155	-2.923845
0.124800	-162302.661087	-149942.509590	312245.170677	12360.151496	474547.831763	2.733453	1.738371	0.179612	0.324679	0.546624	0.027372	-0.750840	-0.092467	0.150750	-0.076155	-2.923845
0.125000	-162302.609204	-149942.420009	312245.029213	12360.189195	474547.638417	2.812050	-1.817453	-0.742444	0.263002	-0.545153	-0.103577	-0.768979	-0.137261	0.112881	-0.076155	-2.923845
0.125200	-162302.557322	-149942.330427	312244.887749	12360.226895	474547.445071	2.851397	0.827470	-1.665850	0.231676	0.417107	-0.152497	-0.775809	0.383408	-0.014539	-0.076155	-2.923845
0.125400	-162302.505440	-149942.240845	312244.746285	12360.264595	474547.251725	2.926274	-2.736311	-2.589111	0.175266	-0.217277	-0.080297	-0.801365	-0.506435	-0.130241	-0.076156	-2.923844
0.125600	-162302.453558	-149942.151263	312244.604821	12360.302295	474547.058379	2.978538	-0.064704	2.770194	0.130647	-0.037079	0.055554	-0.794137	0.572251	-0.142639	-0.076156	-2.923844
0.125800	-162302.401677	-149942.061680	312244.463357	12360.339996	474546.865034	3.034706	2.615019	1.846058	0.087600	0.276339	0.147292	-0.816437	-0.475361	-0.041600	-0.076156	-2.923844
0.126000	-162302.349795	-149941.972098	312244.321893	12360.377697	474546.671688	3.106679	-0.954941	0.923358	0.028212	-0.464163	0.122200	-0.807707	0.328474	0.092404	-0.076156	-2.923844
0.126200	-162302.297914	-149941.882515	312244.180429	12360.415399	474546.478343	-3.136047	1.692315	-0.000034	-0.004516	0.555575	-0.000005	-0.814390	-0.067847	0.153239	-0.076157	-2.923843
0.126400	-162302.246033	-149941.792932	312244.038965	12360.453101	474546.284997	-3.056658	-1.861648	-0.922200	-0.069269	-0.533225	-0.122054	-0.813597	-0.159616	0.092516	-0.076157	-2.923843
0.126600	-162302.194152	-149941.703348	312243.897500	12360.490804	474546.091652	-3.013628	0.790941	-1.845893	-0.102938	0.405903	-0.147374	-0.800033	0.401428	-0.041597	-0.076157	-2.923843
0.126800	-162302.142271	-149941.613764	312243.756036	12360.528507	474545.898307	-2.946203	-2.788638	-2.769547	-0.159540	-0.189754	-0.055610	-0.806106	-0.515103	-0.142511	-0.076158	-2.923842
0.127000	-162302.090391	-149941.524180	312243.614571	12360.566211	474545.704963	-2.884863	-0.097897	2.589849	-0.204487	-0.055978	0.080252	-0.778930	0.569982	-0.130384	-0.076158	-2.923842
0.127200	-162302.038511	-149941.434596	312243.473107	12360.603915	474545.511618	-2.837324	2.564021	1.665953	-0.245307	0.302090	0.152427	-0.781186	-0.463539	-0.014548	-0.076158	-2.923842
0.127400	-162301.986631	-149941.345012	312243.331643	12360.641619	474545.318273	-2.759772	-0.993807	0.743631	-0.302470	-0.472300	0.103734	-0.753303	0.307407	0.112783	-0.076158	-2.923842
0.127600	-162301.934751	-149941.255427	312243.190178	12360.679324	474545.124929	-2.720808	1.650535	-0.179701	-0.331091	0.563472	-0.027387	-0.739846	-0.045026	0.150759	-0.076159	-2.923841
0.127800	-162301.882871	-149941.165842	312243.048713	12360.717029	474544.931585	-2.644738	-1.910445	-1.102176	-0.390714	-0.520443	-0.136587	-0.720574	-0.183894	0.069145	-0.076159	-2.923841
0.128000	-162301.830992	-149941.076257	312242.907249	12360.754735	474544.738240	-2.594688	0.756748	-2.026166	-0.418627	0.393543	-0.137489	-0.687565	0.416765	-0.067328	-0.076159	-2.923841
0.128200	-162301.779113	-149940.986671	312242.765784	12360.792441	474544.544896	-2.536386	-2.841971	-2.950044	-0.467349	-0.162154	-0.029125	-0.675547	-0.524903	-0.150186	-0.076159	-2.923841
0.128400	-162301.727233	-149940.897086	312242.624319	12360.830148	474544.351552	-2.466458	-0.132871	2.409648	-0.504680	-0.075469	0.102355	-0.630342	0.564638	-0.113927	-0.076160	-2.923840
0.128600	-162301.675355	-149940.807500	312242.482854	12360.867855	474544.158209	-2.425123	2.516432	1.486057	-0.535461	0.326755	0.152628	-0.614878	-0.452740	0.012965	-0.076160	-2.923840
0.128800	-162301.623476	-149940.717913	312242.341389	12360.905563	474543.964865	-2.345759	-1.037343	0.563960	-0.582715	-0.480412	0.081908	-0.570679	0.283714	0.129503	-0.076160	-2.923840
0.129000	-162301.571597	-149940.628327	312242.199924	12360.943271	474543.771522	-2.304096	1.612634	-0.359515	-0.599780	0.569451	-0.053894	-0.540329	-0.023838	0.143392	-0.076160	-2.923840
0.129200	-162301.519719	-149940.538740	312242.058459	12360.980979	474543.578178	-2.234787	-1.962696	-1.282408	-0.646974	-0.507628	-0.146710	-0.506270	-0.209791	0.043523	-0.076161	-2.923839
0.129400	-162301.467841	-149940.449153	312241.916994	12361.018688	474543.384835	-2.175881	0.723124	-2.206579	-0.662125	0.379238	-0.123165	-0.457944	0.429678	-0.090897	-0.076161	-2.923839
0.129600	-162301.415963	-149940.359566	312241.775529	12361.056398	474543.191492	-2.126517	-2.894089	-3.130466	-0.696178	-0.135300	-0.001703	-0.432329	-0.535449	-0.153016	-0.076161	-2.923839
0.129800	-162301.364085	-149940.269978	312241.634064	12361.094107	474542.998149	-2.050253	-0.171259	2.229650	-0.719409	-0.096266	0.121141	-0.374036	0.556603	-0.093796	-0.076161	-2.923839
0.130000	-162301.312208	-149940.180390	312241.492598	12361.131818	474542.804806	-2.011425	2.473049	1.306304	-0.733977	0.349547	0.147883	-0.346106	-0.442529	0.040052	-0.076162	-2.923838
0.130200	-162301.260331	-149940.090802	312241.351133	12361.169528	474542.611464	-1.934377	-1.085596	0.384210	-0.765444	-0.489168	0.057421	-0.291248	0.257908	0.142026	-0.076162	-2.923838
0.130400	-162301.208454	-149940.001214	312241.209667	12361.207240	474542.418121	-1.886427	1.577435	-0.539559	-0.765470	0.572809	-0.078673	-0.249962	-0.003803	0.131377	-0.076162	-2.923838
0.130600	-162301.156577	-149939.911625	312241.068202	12361.244951	474542.224779	-1.825961	-2.016491	-1.462851	-0.795058	-0.495422	-0.152099	-0.207392	-0.236691	0.016482	-0.076162	-2.923838
0.130800	-162301.104700	-149939.822037	312240.926736	12361.282663	474542.031436	-1.758216	0.688178	-2.387005	-0.792713	0.362396	-0.104868	-0.150334	0.440722	-0.111538	-0.076163	-2.923837
0.131000	-162301.052823	-149939.732447	312240.785271	12361.320376	474541.838094	-1.715775	-2.943160	2.972475	-0.807716	-0.109804	0.025766	-0.117929	-0.546073	-0.150901	-0.076163	-2.923837
0.131200	-162301.000947	-149939.642858	312240.643805	12361.358089	474541.644752	-1.636706	-0.214141	2.049836	-0.812902	-0.118857	0.135999	-0.053656	0.546533	-0.070637	-0.076163	-2.923837
0.131400	-162300.949071	-149939.553269	312240.502339	12361.395802	474541.451410	-1.596198	2.433703	1.126571	-0.807744	0.369922	0.138340	-0.020522	-0.432219	0.065843	-0.076163	-2.923837
0.131600	-162300.897195	-149939.463679	312240.360874	12361.433516	474541.258069	-1.525129	-1.137651	0.204265	-0.820316	-0.498982	0.031063	0.037487	0.230746	0.149950	-0.076164	-2.923836
0.131800	-162300.845319	-149939.374089	312240.219408	12361.471231	474541.064727	-1.468652	1.543261	-0.719843	-0.800698	0.573116	-0.100924	0.082072	0.015785	0.115106	-0.076164	-2.923836
0.132000	-162300.793444	-149939.284498	312240.077942	12361.508945	474540.871386	-1.417320	-2.069614	-1.643399	-0.810469	-0.484192	-0.152580	0.125373	-0.263772	-0.011097	-0.076164	-2.923836
0.132200	-162300.741568	-149939.194908	312239.936476	12361.546661	474540.678044	-1.342570	0.650201	-2.567316	-0.788941	0.342724	-0.083191	0.183250	0.450643	-0.128577	-0.076164	-2.923836
0.132400	-162300.689693	-149939.105317	312239.795010	12361.584376	474540.484703	-1.303622	-2.988156	2.792441	-0.783633	-0.085977	0.052391	0.214495	-0.555937	-0.143905	-0.076165	-2.923835
0.132600	-162300.637818	-149939.015726	312239.653544	12361.622092	474540.291362	-1.225838	-0.261792	1.870116	-0.770006	-0.143413	0.146444	0.276683	0.535240	-0.045191	-0.076165	-2.923835
0.132800	-162300.585943	-149938.926134	312239.512078	12361.659809	474540.098021	-1.179853	2.397393	0.946729	-0.744837	0.387658	0.124304	0.306990	-0.420991	0.089507	-0.076165	-2.923835
0.133000	-162300.534069	-149938.836543	312239.370612	12361.697526	474539.904680	-1.117230	-1.191767	0.024068	-0.738669	-0.509936	0.003684	0.360073	0.203102	0.153024	-0.076165	-2.923835
0.133200	-162300.482194	-149938.746951	312239.229145	12361.735244	474539.711340	-1.051775	1.508235	-0.900298	-0.700091	0.570279	-0.119928	0.399936	0.035724	0.095111	-0.076166	-2.923834
0.133400	-162300.430320	-149938.657359	312239.087679	12361.772962	474539.517999	-1.008003	-2.120099	-1.823915	-0.691139	-0.473960	-0.148135	0.436003	-0.290133	-0.038318	-0.076166	-2.923834
0.133600	-162300.378446	-149938.567766	312238.946213	12361.810680	474539.324659	-0.929496	0.607953	-2.747434	-0.652044	0.320273	-0.058834	0.486795	0.460244	-0.141454	-0.076166	-2.923834
0.133800	-162300.326572	-149938.478174	312238.804746	12361.848399	474539.131319	-0.889914	-3.029011	2.612574	-0.628464	-0.063784	0.077310	0.509133	-0.564165	-0.132245	-0.076167	-2.923833
0.134000	-162300.274699	-149938.388581	312238.663280	12361.886118	474538.937979	-0.817247	-0.313541	1.690361	-0.598529	-0.169755	0.152139	0.561569	0.523552	-0.018278	-0.076167	-2.923833
0.134200	-162300.222825	-149938.298988	312238.521813	12361.923838	474538.744639	-0.763171	2.362549	0.766677	-0.556311	0.402880	0.106230	0.581608	-0.408033	0.110284	-0.076167	-2.923833
0.134400	-162300.170952	-149938.209394	312238.380346	12361.961558	474538.551299	-0.709755	-1.245766	-0.156362	-0.534759	-0.521770	-0.023829	0.622462	0.175827	0.151151	-0.076167	-2.923833
0.134600	-162300.119079	-149938.119801	312238.238880	12361.999279	474538.357959	-0.636718	1.470586	-1.080803	-0.481052	0.564552	-0.135065	0.650550	0.056764	0.072041	-0.076168	-2.923832
0.134800	-162300.067206	-149938.030207	312238.097413	12362.037000	474538.164619	-0.597387	-2.166703	-2.004285	-0.457553	-0.464417	-0.138906	0.672567	-0.314941	-0.064292	-0.076168	-2.923832
0.135000	-162300.015334	-149937.940612	312237.955946	12362.074721	474537.971280	-0.519123	0.560944	-2.927353	-0.405517	0.295435	-0.032582	0.709692	0.470240	-0.149748	-0.076168	-2.923832
0.135200	-162299.963461	-149937.851018	312237.814479	12362.112443	474537.777941	-0.474950	-3.066533	2.432766	-0.368625	-0.042864	0.099720	0.716879	-0.569995	-0.116293	-0.076168	-2.923832
0.135400	-162299.911589	-149937.761423	312237.673012	12362.150166	474537.584602	-0.410214	-0.367837	1.510444	-0.327714	-0.197381	0.152900	0.753562	0.512177	0.009239	-0.076169	-2.923831
0.135600	-162299.859717	-149937.671828	312237.531545	12362.187889	474537.391263	-0.347134	2.327329	0.586383	-0.274131	0.416030	0.084705	0.757722	-0.392679	0.127504	-0.076169	-2.923831
0.135800	-162299.807845	-149937.582233	312237.390078	12362.225612	474537.197924	-0.301814	-1.297585	-0.336935	-0.243156	-0.533917	-0.050580	0.781035	0.149614	0.144394	-0.076169	-2.923831
0.136000	-162299.755974	-149937.492638	312237.248611	12362.263336	474537.004585	-0.224126	1.428940	-1.261229	-0.180637	0.556485	-0.145842	0.792422	0.079475	0.046648	-0.076169	-2.923831
0.136200	-162299.704102	-149937.403042	312237.107144	12362.301060	474536.811246	-0.185222	-2.209117	-2.184450	-0.149118	-0.454967	-0.125185	0.795850	-0.337557	-0.088176	-0.076170	-2.923830
0.136400	-162299.652231	-149937.313446	312236.965677	12362.338785	474536.617908	-0.111150	0.509600	-3.107142	-0.090977	0.268875	-0.005279	0.815134	0.481136	-0.153183	-0.076170	-2.923830
0.136600	-162299.600360	-149937.223850	312236.824210	12362.376510	474536.424569	-0.059426	-3.102165	2.252888	-0.047803	-0.022599	0.118897	0.803457	-0.572888	-0.096560	-0.076170	-2.923830
0.136800	-162299.548489	-149937.134253	312236.682742	12362.414235	474536.231231	-0.003842	-0.422577	1.330287	-0.003154	-0.225545	0.148706	0.821031	0.501581	0.036471	-0.076170	-2.923830
0.137000	-162299.496618	-149937.044657	312236.541275	12362.451962	474536.037893	0.067299	2.289918	0.405891	0.054355	0.427776	0.060429	0.806450	-0.374524	0.140612	-0.076171	-2.923829
0.137200	-162299.444748	-149936.955060	312236.399807	12362.489688	474535.844555	0.107284	-1.345774	-0.517523	0.087209	-0.545599	-0.075699	0.809757	0.124887	0.132974	-0.076171	-2.923829
0.137400	-162299.392877	-149936.865462	312236.258340	12362.527415	474535.651217	0.185767	1.382598	-1.441479	0.150807	0.546826	-0.151901	0.802451	0.104144	0.019754	-0.076171	-2.923829
0.137600	-162299.341007	-149936.775865	312236.116872	12362.565142	474535.457880	0.228308	-2.247944	-2.364433	0.182579	-0.444843	-0.107409	0.785760	-0.357633	-0.109193	-0.076171	-2.923829
0.137800	-162299.289137	-149936.686267	312235.975405	12362.602870	474535.264542	0.295070	0.455262	2.996263	0.238930	0.241422	0.022195	0.786100	0.493138	-0.151646	-0.076172	-2.923828
0.138000	-162299.237268	-149936.596669	312235.833937	12362.640599	474535.071205	0.355711	-3.137698	2.072826	0.280483	-0.002230	0.134226	0.754973	-0.572621	-0.073682	-0.076172	-2.923828
0.138200	-162299.185398	-149936.507071	312235.692469	12362.678327	474534.877868	0.402775	-0.475632	1.149885	0.320938	-0.253373	0.139696	0.753254	0.491918	0.062537	-0.076172	-2.923828
0.138400	-162299.133529	-149936.417472	312235.551001	12362.716056	474534.684530	0.479399	2.248824	0.225310	0.374433	0.438894	0.034193	0.720274	-0.353487	0.149182	-0.076172	-2.923828
0.138600	-162299.081660	-149936.327874	312235.409534	12362.753786	474534.491193	0.517893	-1.389786	-0.698001	0.401307	-0.555955	-0.098366	0.704335	0.101748	0.117260	-0.076173	-2.923827
0.138800	-162299.029791	-149936.238275	312235.268066	12362.791516	474534.297857	0.593157	1.331745	-1.621522	0.458130	0.536395	-0.153041	0.679578	0.130726	-0.007770	-0.076173	-2.923827
0.139000	-162298.977922	-149936.148675	312235.126598	12362.829247	474534.104520	0.642604	-2.284481	-2.544320	0.482452	-0.433229	-0.086148	0.644473	-0.375157	-0.126662	-0.076173	-2.923827
0.139200	-162298.926054	-149936.059076	312234.985130	12362.866978	474533.911183	0.700399	0.399921	2.816361	0.529374	0.213935	0.048957	0.627987	0.506114	-0.145186	-0.076173	-2.923827
0.139400	-162298.874185	-149935.969476	312234.843661	12362.904709	474533.717847	0.769477	3.108215	1.892526	0.561843	0.019009	0.145213	0.580025	-0.569309	-0.048401	-0.076174	-2.923826
0.139600	-162298.822317	-149935.879876	312234.702193	12362.942441	474533.524510	0.810387	-0.525369	0.969305	0.590806	-0.280004	0.126166	0.561993	0.483005	0.086591	-0.076174	-2.923826
0.139800	-162298.770449	-149935.790276	312234.560725	12362.980173	474533.331174	0.888826	2.203159	0.044769	0.633157	0.450129	0.006851	0.514076	-0.329827	0.152933	-0.076174	-2.923826
0.140000	-162298.718581	-149935.700675	312234.419257	12363.017906	474533.137838	0.929945	-1.430001	-0.878289	0.647189	-0.564174	-0.117841	0.482718	0.079962	0.097756	-0.076174	-2.923826
0.140200	-162298.666714	-149935.611074	312234.277788	12363.055640	474532.944502	0.998615	1.277495	-1.801405	0.690550	0.525943	-0.149216	0.444749	0.158841	-0.035034	-0.076175	-2.923825
0.140400	-162298.614847	-149935.521473	312234.136320	12363.093373	474532.751166	1.056771	-2.320448	-2.724238	0.701065	-0.419403	-0.062084	0.395860	-0.390442	-0.140017	-0.076175	-2.923825
0.140600	-162298.562979	-149935.431872	312233.994851	12363.131107	474532.557831	1.105746	0.345740	2.636242	0.732432	0.187169	0.074145	0.367501	0.519613	-0.134012	-0.076175	-2.923825
0.140800	-162298.511112	-149935.342270	312233.853383	12363.168842	474532.364495	1.181071	3.067613	1.712007	0.750025	0.041755	0.151506	0.308061	-0.563382	-0.021538	-0.076175	-2.923825
0.141000	-162298.459246	-149935.252669	312233.711914	12363.206577	474532.171160	1.219441	-0.571002	0.788666	0.762029	-0.304719	0.108558	0.279333	0.474357	0.107851	-0.076176	-2.923824
0.141200	-162298.407379	-149935.163067	312233.570446	12363.244313	474531.977825	1.295670	2.152869	-0.135621	0.788084	0.462064	-0.020706	0.222464	-0.304100	0.151739	-0.076176	-2.923824
0.141400	-162298.355513	-149935.073464	312233.428977	12363.282049	474531.784490	1.342946	-1.467557	-1.058384	0.784533	-0.569627	-0.133487	0.181915	0.059018	0.075090	-0.076176	-2.923824
0.141600	-162298.303647	-149934.983862	312233.287508	12363.319785	474531.591155	1.402955	1.221700	-1.981234	0.810001	0.516029	-0.140546	0.137243	0.187837	-0.061159	-0.076177	-2.923823
0.141800	-162298.251781	-149934.894259	312233.146039	12363.357522	474531.397820	1.469818	-2.357687	-2.904308	0.802734	-0.402856	-0.035993	0.081336	-0.404060	-0.148829	-0.076177	-2.923823
0.142000	-162298.199915	-149934.804656	312233.004570	12363.395259	474531.204485	1.511909	0.294509	2.455874	0.814921	0.161656	0.096944	0.048044	0.532940	-0.118490	-0.076177	-2.923823
0.142200	-162298.148049	-149934.715052	312232.863101	12363.432997	474531.011151	1.590044	3.022619	1.531360	0.814458	0.066404	0.152903	-0.015678	-0.555506	0.006033	-0.076177	-2.923823
0.142400	-162298.096184	-149934.625449	312232.721632	12363.470735	474530.817816	1.629982	-0.612682	0.608098	0.806749	-0.327051	0.087443	-0.047804	0.465276	0.125620	-0.076178	-2.923822
0.142600	-162298.044318	-149934.535845	312232.580163	12363.508474	474530.624482	1.700413	2.098831	-0.315806	0.814158	0.475020	-0.047584	-0.106124	-0.277070	0.145632	-0.076178	-2.923822
0.142800	-162297.992453	-149934.446241	312232.438694	12363.546213	474530.431148	1.756068	-1.504081	-1.238353	0.791170	-0.571959	-0.144794	-0.148282	0.038215	0.049991	-0.076178	-2.923822
0.143000	-162297.940589	-149934.356636	312232.297225	12363.583952	474530.237814	1.807085	1.166514	-2.161140	0.797273	0.506929	-0.127308	-0.191972	0.216890	-0.085304	-0.076178	-2.923822
0.143200	-162297.888724	-149934.267032	312232.155756	12363.621692	474530.044480	1.880879	-2.397870	-3.084607	0.771265	-0.383376	-0.008718	-0.247128	-0.416740	-0.152816	-0.076179	-2.923821
0.143400	-162297.836860	-149934.177427	312232.014286	12363.659433	474529.851146	1.919419	0.247245	2.275302	0.763719	0.137629	0.116617	-0.277587	0.545263	-0.099126	-0.076179	-2.923821
0.143600	-162297.784995	-149934.087822	312231.872817	12363.697174	474529.657812	1.996377	2.972950	1.350710	0.745127	0.093042	0.149357	-0.337753	-0.546469	0.033413	-0.076179	-2.923821
0.143800	-162297.733131	-149933.998216	312231.731348	12363.734915	474529.464479	2.041627	-0.651366	0.427697	0.718093	-0.346848	0.063506	-0.365518	0.454966	0.139318	-0.076179	-2.923821
0.144000	-162297.681267	-149933.908611	312231.589878	12363.772657	474529.271145	2.103819	2.042728	-0.495807	0.707663	0.488998	-0.072910	-0.417510	-0.249584	0.134802	-0.076180	-2.923820
0.144200	-162297.629404	-149933.819005	312231.448408	12363.810399	474529.077812	2.168331	-1.541401	-1.418313	0.666552	-0.571147	-0.151394	-0.453604	0.016794	0.023266	-0.076180	-2.923820
0.144400	-162297.577540	-149933.729399	312231.306939	12363.848142	474528.884479	2.211838	1.113858	-2.341234	0.654979	0.498597	-0.109930	-0.488721	0.245130	-0.106689	-0.076180	-2.923820
0.144600	-162297.525677	-149933.639792	312231.165469	12363.885885	474528.691146	2.289404	-2.442214	3.018047	0.612423	-0.361084	0.018857	-0.535630	-0.429235	-0.151853	-0.076180	-2.923820
0.144800	-162297.473814	-149933.550185	312231.023999	12363.923629	474528.497813	2.328430	0.204036	2.094628	0.587717	0.114993	0.132523	-0.555955	0.555748	-0.076553	-0.076181	-2.923819
0.145000	-162297.421951	-149933.460579	312230.882530	12363.961373	474528.304481	2.400457	2.919239	1.170179	0.554014	0.121422	0.140980	-0.605364	-0.537046	0.059708	-0.076181	-2.923819
0.145200	-162297.370088	-149933.370971	312230.741060	12363.999117	474528.111148	2.453630	-0.688572	0.247492	0.511092	-0.364285	0.037520	-0.621829	0.442664	0.148492	-0.076181	-2.923819
0.145400	-162297.318226	-149933.281364	312230.599590	12364.036862	474527.917816	2.506782	1.986670	-0.675712	0.486621	0.503674	-0.095866	-0.660713	-0.222439	0.119594	-0.076181	-2.923819
0.145600	-162297.266364	-149933.191756	312230.458120	12364.074607	474527.724484	2.578821	-1.581248	-1.598389	0.431626	-0.567486	-0.153073	-0.684232	-0.005931	-0.004225	-0.076182	-2.923818
0.145800	-162297.214502	-149933.102148	312230.316650	12364.112353	474527.531151	2.617821	1.064970	-2.521570	0.406918	0.490670	-0.088977	-0.704521	0.271778	-0.124627	-0.076182	-2.923818
0.146000	-162297.162640	-149933.012540	312230.175180	12364.150100	474527.337819	2.695259	-2.491219	2.837351	0.352772	-0.336413	0.045834	-0.737183	-0.442188	-0.145972	-0.076182	-2.923818
0.146200	-162297.110778	-149932.922932	312230.033710	12364.187846	474527.144487	2.738670	0.164120	1.913983	0.316155	0.093352	0.144143	-0.741726	0.563688	-0.051506	-0.076182	-2.923818
0.146400	-162297.058916	-149932.833323	312229.892239	12364.225594	474526.951156	2.802986	2.862974	0.989842	0.272926	0.151003	0.128038	-0.774984	-0.527873	0.084062	-0.076183	-2.923817
0.146600	-162297.007055	-149932.743714	312229.750769	12364.263341	474526.757824	2.865037	-0.726091	0.067438	0.220012	-0.379823	0.010323	-0.775158	0.427775	0.152841	-0.076183	-2.923817
0.146800	-162296.955194	-149932.654105	312229.609299	12364.301089	474526.564493	2.910165	1.932677	-0.855647	0.187634	0.518451	-0.115708	-0.796239	-0.196260	0.100495	-0.076183	-2.923817
0.147000	-162296.903333	-149932.564495	312229.467828	12364.338838	474526.371161	2.986893	-1.624977	-1.778676	0.125208	-0.561542	-0.149779	-0.802891	-0.030454	-0.031592	-0.076183	-2.923817
0.147200	-162296.851472	-149932.474885	312229.326358	12364.376587	474526.177830	3.025291	1.020179	-2.702129	0.093982	0.482539	-0.065130	-0.804438	0.296257	-0.138537	-0.076184	-2.923816
0.147400	-162296.799612	-149932.385275	312229.184887	12364.414336	474525.984499	3.098730	-2.544501	2.656607	0.035139	-0.310040	0.071334	-0.819310	-0.456025	-0.135368	-0.076184	-2.923816
0.147600	-162296.747751	-149932.295665	312229.043417	12364.452086	474525.791168	-3.133702	0.126108	1.733477	-0.006352	0.072089	0.151093	-0.804985	0.568611	-0.024799	-0.076184	-2.923816
0.147800	-162296.695891	-149932.206055	312228.901946	12364.489837	474525.597837	-3.078350	2.806186	0.809703	-0.051887	0.181030	0.110947	-0.819355	-0.519341	0.105680	-0.076184	-2.923816
0.148000	-162296.644031	-149932.116444	312228.760475	12364.527587	474525.404507	-3.008282	-0.765697	-0.112566	-0.107418	-0.394119	-0.017207	-0.800997	0.409962	0.152218	-0.076185	-2.923815
0.148200	-162296.592172	-149932.026833	312228.619005	12364.565339	474525.211176	-2.968544	1.882187	-1.035732	-0.140259	0.532553	-0.131798	-0.802409	-0.171408	0.078122	-0.076185	-2.923815
0.148400	-162296.540312	-149931.937222	312228.477534	12364.603090	474525.017846	-2.890888	-1.673293	-1.959203	-0.202517	-0.554045	-0.141623	-0.790796	-0.056987	-0.057951	-0.076185	-2.923815
0.148600	-162296.488453	-149931.847610	312228.336063	12364.640843	474524.824516	-2.849098	0.978933	-2.882826	-0.232668	0.473448	-0.039167	-0.772646	0.318279	-0.147968	-0.076186	-2.923814
0.148800	-162296.436594	-149931.757998	312228.194592	12364.678595	474524.631185	-2.782742	-2.600784	2.475942	-0.288514	-0.282776	0.094524	-0.769184	-0.470879	-0.120382	-0.076186	-2.923814
0.149000	-162296.384735	-149931.668386	312228.053121	12364.716348	474524.437856	-2.723225	0.088264	1.553162	-0.327216	0.050472	0.153142	-0.735951	0.570349	0.002701	-0.076186	-2.923814
0.149200	-162296.332876	-149931.578774	312227.911650	12364.754102	474524.244526	-2.676297	2.750957	0.629698	-0.367394	0.210651	0.090252	-0.731771	-0.511539	0.123861	-0.076186	-2.923814
0.149400	-162296.281017	-149931.489162	312227.770179	12364.791856	474524.051196	-2.600684	-0.808861	-0.292647	-0.417899	-0.407909	-0.044183	-0.695726	0.389203	0.146643	-0.076187	-2.923813
0.149600	-162296.229159	-149931.399549	312227.628708	12364.829610	474523.857866	-2.562621	1.835773	-1.216044	-0.443668	0.545144	-0.143618	-0.678703	-0.147929	0.053199	-0.076187	-2.923813
0.149800	-162296.177301	-149931.309936	312227.487236	12364.867365	474523.664537	-2.487976	-1.726055	-2.139926	-0.498251	-0.545772	-0.128873	-0.650520	-0.085423	-0.082445	-0.076187	-2.923813
0.150000	-162296.125443	-149931.220322	312227.345765	12364.905120	474523.471208	-2.439536	0.939991	-3.063537	-0.520006	0.462621	-0.011936	-0.614802	0.337875	-0.152613	-0.076187	-2.923813
0.150200	-162296.073585	-149931.130709	312227.204294	12364.942876	474523.277878	-2.381946	-2.658152	2.295449	-0.565613	-0.255440	0.114646	-0.595521	-0.486561	-0.101500	-0.076188	-2.923812
0.150400	-162296.021727	-149931.041095	312227.062822	12364.980632	474523.084549	-2.314042	0.048794	1.373019	-0.594486	0.027789	0.150216	-0.546368	0.569057	0.030103	-0.076188	-2.923812
0.150600	-162295.969870	-149930.951481	312226.921351	12365.018389	474522.891221	-2.273306	2.698907	0.449708	-0.622443	0.239043	0.066619	-0.526953	-0.504240	0.138015	-0.076188	-2.923812
0.150800	-162295.918013	-149930.861867	312226.779879	12365.056146	474522.697892	-2.195716	-0.856478	-0.472913	-0.661245	-0.421880	-0.069734	-0.476996	0.365798	0.136296	-0.076188	-2.923812
0.151000	-162295.866156	-149930.772252	312226.638408	12365.093903	474522.504563	-2.155301	1.793107	-1.396589	-0.673548	0.555459	-0.150787	-0.445637	-0.125560	0.026537	-0.076189	-2.923811
0.151200	-162295.814299	-149930.682637	312226.496936	12365.131661	474522.311235	-2.087012	-1.782218	-2.320742	-0.714247	-0.537417	-0.111945	-0.405369	-0.115345	-0.104277	-0.076189	-2.923811
0.151400	-162295.762442	-149930.593022	312226.355464	12365.169420	474522.117906	-2.030058	0.901694	3.039041	-0.721744	0.449392	0.015675	-0.356924	0.355377	-0.152315	-0.076189	-2.923811
0.151600	-162295.710586	-149930.503407	312226.213992	12365.207179	474521.924578	-1.981176	-2.714499	2.115161	-0.751479	-0.228732	0.131041	-0.326956	-0.502589	-0.079329	-0.076189	-2.923811
0.151800	-162295.658729	-149930.413791	312226.072521	12365.244938	474521.731250	-1.906951	0.006130	1.192964	-0.765239	0.003465	0.142405	-0.267387	0.565179	0.056521	-0.076190	-2.923810
0.152000	-162295.606873	-149930.324175	312225.931049	12365.282698	474521.537922	-1.868934	2.650846	0.269610	-0.776013	0.265539	0.040810	-0.238466	-0.496941	0.147683	-0.076190	-2.923810
0.152200	-162295.555017	-149930.234559	312225.789577	12365.320458	474521.344594	-1.793316	-0.908645	-0.653418	-0.798468	-0.436547	-0.093033	-0.180666	0.340314	0.121515	-0.076190	-2.923810
0.152400	-162295.503162	-149930.144943	312225.648105	12365.358219	474521.151267	-1.747043	1.753115	-1.577304	-0.793074	0.562921	-0.153074	-0.141243	-0.103784	-0.000996	-0.076190	-2.923810
0.152600	-162295.451306	-149930.055326	312225.506633	12365.395980	474520.957939	-1.687203	-1.840012	-2.501525	-0.815963	-0.529474	-0.091392	-0.095415	-0.146089	-0.122731	-0.076191	-2.923809
0.152800	-162295.399451	-149929.965709	312225.365160	12365.433742	474520.764612	-1.621624	0.862246	2.858614	-0.805730	0.433308	0.042768	-0.040988	0.371350	-0.147080	-0.076191	-2.923809
0.153000	-162295.347596	-149929.876092	312225.223688	12365.471504	474520.571284	-1.579646	-2.768051	1.935034	-0.816463	-0.203130	0.143172	-0.007225	-0.518263	-0.054584	-0.076191	-2.923809
0.153200	-162295.295741	-149929.786475	312225.082216	12365.509266	474520.377957	-1.502418	-0.040795	1.012874	-0.812419	-0.022832	0.129957	0.055638	0.559368	0.081101	-0.076191	-2.923809
0.153400	-162295.243886	-149929.696857	312224.940744	12365.547029	474520.184630	-1.463119	2.606682	0.089310	-0.803729	0.289720	0.013661	0.086879	-0.488952	0.152556	-0.076192	-2.923808
0.153600	-162295.192032	-149929.607239	312224.799271	12365.584793	474519.991303	-1.393036	-0.964557	-0.834144	-0.807950	-0.452168	-0.113327	0.145154	0.313504	0.102784	-0.076192	-2.923808
0.153800	-162295.140178	-149929.517621	312224.657799	12365.622556	474519.797976	-1.338632	1.714232	-1.758076	-0.783455	0.567224	-0.150407	0.185231	-0.081923	-0.028502	-0.076192	-2.923808
0.154000	-162295.088324	-149929.428003	312224.516326	12365.660321	474519.604650	-1.287660	-1.897344	-2.682165	-0.787490	-0.522165	-0.067880	0.229122	-0.176843	-0.137204	-0.076192	-2.923808
0.154200	-162295.036470	-149929.338384	312224.374854	12365.698085	474519.411323	-1.215082	0.820002	2.678373	-0.758992	0.414209	0.068462	0.281979	0.386490	-0.137070	-0.076193	-2.923807
0.154400	-162294.984616	-149929.248765	312224.233381	12365.735851	474519.217997	-1.176824	-2.817765	1.754968	-0.750563	-0.178821	0.150643	0.312013	-0.532772	-0.028062	-0.076193	-2.923807
0.154600	-162294.932762	-149929.159146	312224.091908	12365.773616	474519.024671	-1.100497	-0.092308	0.832633	-0.729023	-0.051134	0.113276	0.370593	0.552378	0.103050	-0.076193	-2.923807
0.154800	-162294.880909	-149929.069527	312223.950436	12365.811382	474518.831345	-1.056217	2.565523	-0.091225	-0.701612	0.311471	-0.013949	0.396682	-0.479506	0.152478	-0.076193	-2.923807
0.155000	-162294.829056	-149928.979907	312223.808963	12365.849149	474518.638019	-0.994142	-1.022620	-1.015005	-0.688739	-0.468692	-0.129953	0.447954	0.286183	0.080714	-0.076194	-2.923806
0.155200	-162294.777203	-149928.890287	312223.667490	12365.886916	474518.444693	-0.931008	1.674684	-1.938781	-0.646769	0.568374	-0.142868	0.481335	-0.059261	-0.055082	-0.076194	-2.923806
0.155400	-162294.725350	-149928.800667	312223.526017	12365.924683	474518.251367	-0.887556	-1.952318	-2.862608	-0.633926	-0.515402	-0.042171	0.516037	-0.206768	-0.147218	-0.076194	-2.923806
0.155600	-162294.673498	-149928.711046	312223.384544	12365.962451	474518.058042	-0.810997	0.773743	2.498254	-0.589621	0.392249	0.091921	0.560181	0.401501	-0.122603	-0.076195	-2.923805
0.155800	-162294.621645	-149928.621426	312223.243071	12366.000220	474517.864717	-0.772543	-2.863495	1.574837	-0.564838	-0.155685	0.153211	0.579550	-0.545315	-0.000619	-0.076195	-2.923805
0.156000	-162294.569793	-149928.531805	312223.101598	12366.037988	474517.671391	-0.700842	-0.147851	0.652164	-0.529033	-0.081161	0.092901	0.627018	0.544934	0.121659	-0.076195	-2.923805
0.156200	-162294.517941	-149928.442184	312222.960125	12366.075758	474517.478066	-0.648933	2.525921	-0.271955	-0.486519	0.330981	-0.041120	0.641404	-0.467887	0.147455	-0.076195	-2.923805
0.156400	-162294.466090	-149928.352562	312222.818652	12366.113527	474517.284741	-0.595761	-1.080795	-1.195881	-0.460505	-0.485768	-0.142370	0.679280	0.259104	0.056027	-0.076196	-2.923804
0.156600	-162294.414238	-149928.262940	312222.677178	12366.151298	474517.091416	-0.525063	1.632768	-2.119326	-0.405430	0.566682	-0.130699	0.699857	-0.035163	-0.079868	-0.076196	-2.923804
0.156800	-162294.362387	-149928.173318	312222.535705	12366.189068	474516.898092	-0.486280	-2.003673	-3.042868	-0.380349	-0.508808	-0.015099	0.719513	-0.235124	-0.152443	-0.076196	-2.923804
0.157000	-162294.310535	-149928.083696	312222.394232	12366.226839	474516.704767	-0.409535	0.722924	2.318145	-0.325276	0.367873	0.112388	0.749349	0.416970	-0.104145	-0.076196	-2.923804
0.157200	-162294.258684	-149927.994074	312222.252758	12366.264611	474516.511443	-0.367046	-2.905929	1.394535	-0.289431	-0.133324	0.150794	0.752807	-0.555227	0.026858	-0.076197	-2.923803
0.157400	-162294.206834	-149927.904451	312222.111285	12366.302383	474516.318118	-0.302790	-0.206028	0.471459	-0.244970	-0.112359	0.069499	0.784165	0.537620	0.136326	-0.076197	-2.923803
0.157600	-162294.154983	-149927.814828	312221.969811	12366.340155	474516.124794	-0.242182	2.486142	-0.452783	-0.193241	0.348704	-0.066967	0.782257	-0.453545	0.137653	-0.076197	-2.923803
0.157800	-162294.103133	-149927.725205	312221.828337	12366.377928	474515.931470	-0.197038	-1.137093	-1.376653	-0.160188	-0.502794	-0.150169	0.802432	0.232849	0.029526	-0.076197	-2.923803
0.158000	-162294.051282	-149927.635581	312221.686864	12366.415701	474515.738146	-0.121446	1.587131	-2.299679	-0.098406	0.562699	-0.114291	0.806303	-0.009192	-0.102051	-0.076198	-2.923802
0.158200	-162293.999432	-149927.545957	312221.545390	12366.453475	474515.544822	-0.083557	-2.051020	3.060157	-0.067619	-0.501778	0.012463	0.807376	-0.261374	-0.152702	-0.076198	-2.923802
0.158400	-162293.947583	-149927.456333	312221.403916	12366.491249	474515.351499	-0.010455	0.667856	2.137925	-0.008570	0.341749	0.129199	0.819725	0.433268	-0.082290	-0.076198	-2.923802
0.158600	-162293.895733	-149927.366709	312221.262442	12366.529024	474515.158175	0.039046	-2.946382	1.214006	0.031430	-0.111138	0.143473	0.804543	-0.562074	0.053478	-0.076198	-2.923802
0.158800	-162293.843884	-149927.277085	312221.120968	12366.566799	474514.964852	0.094501	-0.264890	0.290581	0.077475	-0.143982	0.043833	0.817395	0.530780	0.146575	-0.076199	-2.923801
0.159000	-162293.792034	-149927.187460	312220.979494	12366.604574	474514.771529	0.163118	2.444449	-0.633585	0.131217	0.365270	-0.090645	0.797282	-0.436187	0.123390	-0.076199	-2.923801
0.159200	-162293.740185	-149927.097835	312220.838020	12366.642350	474514.578205	0.202710	-1.190058	-1.557244	0.164056	-0.519004	-0.153089	0.798200	0.207741	0.002075	-0.076199	-2.923801
0.159400	-162293.688336	-149927.008210	312220.696546	12366.680127	474514.384883	0.279569	1.537027	-2.479880	0.225153	0.557129	-0.094169	0.784266	0.018821	-0.120907	-0.076199	-2.923801
0.159600	-162293.636488	-149926.918584	312220.555072	12366.717904	474514.191560	0.320484	-2.094831	2.879977	0.254281	-0.493582	0.039624	0.766078	-0.285257	-0.147986	-0.076200	-2.923800
0.159800	-162293.584639	-149926.828958	312220.413598	12366.755681	474513.998237	0.386823	0.609715	1.957498	0.309850	0.314661	0.141811	0.760657	0.450485	-0.057746	-0.076200	-2.923800
0.160000	-162293.532791	-149926.739332	312220.272123	12366.793459	474513.804914	0.444861	-2.986525	1.033263	0.346602	-0.088434	0.131489	0.727036	-0.565714	0.078378	-0.076200	-2.923800
0.160200	-162293.480943	-149926.649706	312220.130649	12366.831237	474513.611592	0.491901	-0.322398	0.109639	0.386836	-0.175201	0.016740	0.721934	0.524469	0.152073	-0.076200	-2.923800
0.160400	-162293.429095	-149926.560079	312219.989175	12366.869016	474513.418270	0.566243	2.399374	-0.814254	0.435230	0.381373	-0.111378	0.684667	-0.415817	0.105129	-0.076201	-2.923799
0.160600	-162293.377248	-149926.470452	312219.847700	12366.906795	474513.224948	0.603859	-1.239057	-1.737643	0.460616	-0.533592	-0.151029	0.667736	0.183807	-0.025435	-0.076201	-2.923799
0.160800	-162293.325400	-149926.380825	312219.706225	12366.944575	474513.031626	0.678111	1.482523	-2.660026	0.513816	0.550705	-0.070982	0.637852	0.048739	-0.135824	-0.076201	-2.923799
0.161000	-162293.273553	-149926.291198	312219.564751	12366.982355	474512.838304	0.725318	-2.136263	2.699662	0.534274	-0.483481	0.065505	0.602664	-0.306813	-0.138447	-0.076201	-2.923799
0.161200	-162293.221706	-149926.201571	312219.423276	12367.020135	474512.644982	0.783098	0.550325	1.776832	0.579427	0.287392	0.149820	0.582099	0.468406	-0.031313	-0.076202	-2.923798
0.161400	-162293.169859	-149926.111943	312219.281801	12367.057916	474512.451660	0.849467	-3.028112	0.852385	0.606209	-0.064542	0.115235	0.533114	-0.566309	0.100745	-0.076202	-2.923798
0.161600	-162293.118012	-149926.022315	312219.140327	12367.095698	474512.258339	0.890152	-0.376922	-0.071242	0.634084	-0.205226	-0.010893	0.513436	0.518446	0.152637	-0.076202	-2.923798
0.161800	-162293.066166	-149925.932686	312218.998852	12367.133479	474512.065017	0.966813	2.349987	-0.994734	0.670774	0.397649	-0.128487	0.462835	-0.392743	0.083459	-0.076202	-2.923798
0.162000	-162293.014319	-149925.843058	312218.857377	12367.171262	474511.871696	1.006396	-1.284332	-1.917909	0.682630	-0.545827	-0.144051	0.432171	0.160782	-0.052112	-0.076203	-2.923797
0.162200	-162292.962473	-149925.753429	312218.715902	12367.209044	474511.678375	1.074674	1.424560	-2.840238	0.722039	0.544076	-0.045478	0.390824	0.080136	-0.146316	-0.076203	-2.923797
0.162400	-162292.910627	-149925.663800	312218.574427	12367.246828	474511.485054	1.130130	-2.176909	2.519136	0.728276	-0.470847	0.089269	0.343452	-0.326367	-0.124395	-0.076203	-2.923797
0.162600	-162292.858782	-149925.574170	312218.432952	12367.284611	474511.291733	1.179242	0.491737	1.595961	0.757683	0.260605	0.152966	0.312827	0.486547	-0.003850	-0.076204	-2.923796
0.162800	-162292.806936	-149925.484541	312218.291477	12367.322395	474511.098413	1.252073	-3.072701	0.671489	0.769513	-0.038937	0.095242	0.253919	-0.564291	0.119849	-0.076204	-2.923796
0.163000	-162292.755091	-149925.394911	312218.150002	12367.360180	474510.905092	1.289723	-0.427588	-0.251970	0.780356	-0.233419	-0.038164	0.225302	0.512216	0.148245	-0.076204	-2.923796
0.163200	-162292.703246	-149925.305281	312218.008526	12367.397965	474510.711772	1.364848	2.296118	-1.175039	0.800980	0.414569	-0.141410	0.167333	-0.367526	0.059081	-0.076204	-2.923796
0.163400	-162292.651401	-149925.215650	312217.867051	12367.435750	474510.518452	1.409903	-1.326868	-2.098150	0.795348	-0.555160	-0.132375	0.129082	0.138170	-0.077091	-0.076205	-2.923795
0.163600	-162292.599556	-149925.126020	312217.725576	12367.473536	474510.325131	1.470004	1.364804	-3.020625	0.817292	0.537697	-0.018483	0.082657	0.112355	-0.152046	-0.076205	-2.923795
0.163800	-162292.547711	-149925.036389	312217.584100	12367.511323	474510.131811	1.533986	-2.218513	2.338385	0.806087	-0.455263	0.110145	0.029686	-0.344455	-0.106290	-0.076205	-2.923795
0.164000	-162292.495867	-149924.946758	312217.442625	12367.549109	474509.938492	1.576038	0.435727	1.414982	0.816841	0.234749	0.151149	-0.004282	0.504218	0.023744	-0.076205	-2.923795
0.164200	-162292.444023	-149924.857126	312217.301149	12367.586897	474509.745172	1.652197	-3.121387	0.490692	0.811247	-0.011322	0.072161	-0.066183	-0.560287	0.135062	-0.076206	-2.923794
0.164400	-162292.392179	-149924.767495	312217.159673	12367.624684	474509.551852	1.690717	-0.474403	-0.432505	0.802978	-0.259383	-0.064185	-0.096758	0.505109	0.139032	-0.076206	-2.923794
0.164600	-162292.340335	-149924.677863	312217.018198	12367.662472	474509.358533	1.760749	2.238462	-1.355247	0.805833	0.432352	-0.149725	-0.154938	-0.340893	0.032782	-0.076206	-2.923794
0.164800	-162292.288491	-149924.588230	312216.876722	12367.700261	474509.165213	1.813636	-1.368153	-2.278486	0.781474	-0.561304	-0.116378	-0.193594	0.115327	-0.099564	-0.076206	-2.923794
0.165000	-162292.236648	-149924.498598	312216.735246	12367.738050	474508.971894	1.864959	1.305279	3.081941	0.785055	0.531763	0.009127	-0.237834	0.144606	-0.152831	-0.076207	-2.923793
0.165200	-162292.184805	-149924.408965	312216.593770	12367.775840	474508.778575	1.936040	-2.262704	2.157466	0.756001	-0.436589	0.127454	-0.289096	-0.361735	-0.084724	-0.076207	-2.923793
0.165400	-162292.132962	-149924.319332	312216.452294	12367.813630	474508.585256	1.974043	0.383395	1.234016	0.748050	0.209999	0.144427	-0.319138	0.520630	0.050567	-0.076207	-2.923793
0.165600	-162292.081119	-149924.229699	312216.310818	12367.851420	474508.391938	2.049752	3.108615	0.310071	0.725434	0.018310	0.046742	-0.376706	-0.555010	0.145884	-0.076207	-2.923793
0.165800	-162292.029277	-149924.140066	312216.169342	12367.889211	474508.198619	2.092831	-0.518160	-0.612883	0.698864	-0.283004	-0.088108	-0.402033	0.496392	0.125292	-0.076208	-2.923792
0.166000	-162291.977434	-149924.050432	312216.027866	12367.927002	474508.005300	2.155198	2.178502	-1.535472	0.685141	0.450930	-0.153158	-0.453206	-0.313626	0.005412	-0.076208	-2.923792
0.166200	-162291.925592	-149923.960798	312215.886390	12367.964794	474507.811982	2.216678	-1.409905	-2.459011	0.643715	-0.564268	-0.096580	-0.485185	0.091577	-0.118804	-0.076208	-2.923792
0.166400	-162291.873750	-149923.871164	312215.744914	12368.002586	474507.618664	2.260355	1.247875	2.901097	0.630913	0.526178	0.036454	-0.520247	0.176078	-0.148647	-0.076208	-2.923792
0.166600	-162291.821908	-149923.781529	312215.603438	12368.040379	474507.425346	2.335717	-2.310726	1.976484	0.586464	-0.414985	0.140631	-0.562924	-0.378865	-0.060403	-0.076209	-2.923791
0.166800	-162291.770066	-149923.691895	312215.461961	12368.078172	474507.232028	2.373470	0.334979	1.053169	0.562582	0.186237	0.133015	-0.582364	0.535014	0.075741	-0.076209	-2.923791
0.167000	-162291.718225	-149923.602260	312215.320485	12368.115965	474507.038710	2.445037	3.051384	0.129639	0.526129	0.049673	0.019811	-0.629027	-0.549147	0.151956	-0.076209	-2.923791
0.167200	-162291.666384	-149923.512625	312215.179008	12368.153759	474506.845392	2.495405	-0.560222	-0.793194	0.484810	-0.304461	-0.109155	-0.642808	0.485384	0.107466	-0.076209	-2.923791
0.167400	-162291.614543	-149923.422989	312215.037532	12368.191554	474506.652075	2.549031	2.118196	-1.715832	0.458376	0.469950	-0.151599	-0.680818	-0.286450	-0.022143	-0.076210	-2.923790
0.167600	-162291.562702	-149923.333353	312214.896055	12368.229349	474506.458757	2.618141	-1.453801	-2.639762	0.404152	-0.564345	-0.073626	-0.700249	0.066329	-0.134187	-0.076210	-2.923790
0.167800	-162291.510861	-149923.243717	312214.754579	12368.267144	474506.265440	2.656819	1.193899	2.720104	0.379484	0.520571	0.062606	-0.720502	0.206052	-0.139634	-0.076210	-2.923790
0.168000	-162291.459021	-149923.154081	312214.613102	12368.304940	474506.072123	2.732815	-2.363191	1.795559	0.324542	-0.390884	0.149243	-0.749212	-0.396391	-0.034121	-0.076210	-2.923790
0.168200	-162291.407180	-149923.064445	312214.471625	12368.342736	474505.878806	2.774132	0.289893	0.872503	0.289868	0.163086	0.117281	-0.753011	0.546726	0.098443	-0.076211	-2.923789
0.168400	-162291.355340	-149922.974808	312214.330148	12368.380533	474505.685489	2.838666	2.991378	-0.050659	0.245023	0.082223	-0.007761	-0.783960	-0.543248	0.153076	-0.076211	-2.923789
0.168600	-162291.303501	-149922.885171	312214.188671	12368.418330	474505.492172	2.897557	-0.602257	-0.973556	0.194663	-0.324178	-0.126644	-0.781784	0.471562	0.086130	-0.076211	-2.923789
0.168800	-162291.251661	-149922.795534	312214.047194	12368.456127	474505.298855	2.943082	2.059504	-1.896407	0.161428	0.488821	-0.145101	-0.802485	-0.259920	-0.048990	-0.076211	-2.923789
0.169000	-162291.199821	-149922.705896	312213.905717	12368.493925	474505.105539	3.017360	-1.501212	-2.820709	0.100602	-0.562061	-0.048266	-0.805615	0.039174	-0.145216	-0.076212	-2.923788
0.169200	-162291.147982	-149922.616258	312213.764240	12368.531724	474504.912222	3.054668	1.143835	2.539076	0.070382	0.514363	0.086727	-0.807650	0.234008	-0.126086	-0.076212	-2.923788
0.169400	-162291.096143	-149922.526620	312213.622763	12368.569523	474504.718906	3.127532	-2.419896	1.614788	0.011521	-0.364928	0.153004	-0.819329	-0.414656	-0.006735	-0.076212	-2.923788
0.169600	-162291.044304	-149922.436982	312213.481286	12368.607322	474504.525590	-3.107719	0.246920	0.692012	-0.027274	0.139982	0.097731	-0.804857	0.555344	0.117930	-0.076213	-2.923787
0.169800	-162290.992465	-149922.347343	312213.339809	12368.645122	474504.332274	-3.051745	2.930450	-0.230926	-0.073673	0.115235	-0.035080	-0.817771	-0.537635	0.149202	-0.076213	-2.923787
0.170000	-162290.940627	-149922.257705	312213.198331	12368.682922	474504.138958	-2.984811	-0.645971	-1.154078	-0.126114	-0.342744	-0.140009	-0.797793	0.454648	0.061974	-0.076213	-2.923787
0.170200	-162290.888789	-149922.168066	312213.056854	12368.720723	474503.945643	-2.945146	2.003926	-2.077215	-0.159144	0.506803	-0.133877	-0.799666	-0.234353	-0.074257	-0.076213	-2.923787
0.170400	-162290.836950	-149922.078426	312212.915377	12368.758524	474503.752327	-2.869162	-1.552944	-3.001762	-0.219428	-0.558079	-0.021328	-0.785420	0.009964	-0.151530	-0.076214	-2.923786
0.170600	-162290.785113	-149921.988787	312212.773899	12368.796326	474503.559012	-2.829354	1.097323	2.358127	-0.248090	0.506854	0.108026	-0.768561	0.259683	-0.108445	-0.076214	-2.923786
0.170800	-162290.733275	-149921.899147	312212.632422	12368.834128	474503.365696	-2.762786	-2.479796	1.434209	-0.303662	-0.337872	0.151784	-0.762912	-0.433732	0.020862	-0.076214	-2.923786
0.171000	-162290.681437	-149921.809507	312212.490944	12368.871930	474503.172381	-2.706540	0.204462	0.511625	-0.339426	0.116271	0.074996	-0.730339	0.560724	0.133566	-0.076214	-2.923786
0.171200	-162290.629600	-149921.719866	312212.349466	12368.909733	474502.979066	-2.658982	2.870596	-0.411281	-0.380226	0.147906	-0.061262	-0.725715	-0.532361	0.140459	-0.076215	-2.923785
0.171400	-162290.577763	-149921.630226	312212.207989	12368.947537	474502.785751	-2.586070	-0.692839	-1.334818	-0.427629	-0.360811	-0.148817	-0.688914	0.434649	0.035784	-0.076215	-2.923785
0.171600	-162290.525926	-149921.540585	312212.066511	12368.985341	474502.592437	-2.548872	1.952187	-2.258204	-0.453451	0.523116	-0.118296	-0.673273	-0.209783	-0.097120	-0.076215	-2.923785
0.171800	-162290.474089	-149921.450944	312211.925033	12369.023145	474502.399122	-2.474969	-1.609039	3.100381	-0.506210	-0.553096	0.006306	-0.643400	-0.021162	-0.152923	-0.076215	-2.923785
0.172000	-162290.422252	-149921.361303	312211.783555	12369.060950	474502.205808	-2.429331	1.053308	2.177340	-0.526528	0.497337	0.125805	-0.609782	0.283100	-0.087282	-0.076216	-2.923784
0.172200	-162290.370416	-149921.271661	312211.642077	12369.098755	474502.012493	-2.371008	-2.541179	1.253793	-0.572084	-0.310469	0.145618	-0.589289	-0.453409	0.047772	-0.076216	-2.923784
0.172400	-162290.318580	-149921.182019	312211.500599	12369.136561	474501.819179	-2.306434	0.160807	0.331230	-0.598300	0.091324	0.049811	-0.541535	0.563008	0.144842	-0.076216	-2.923784
0.172600	-162290.266744	-149921.092377	312211.359121	12369.174367	474501.625865	-2.265493	2.813478	-0.591822	-0.627141	0.179468	-0.085457	-0.522574	-0.527196	0.127131	-0.076216	-2.923784
0.172800	-162290.214908	-149921.002735	312211.217643	12369.212173	474501.432551	-2.189828	-0.743845	-1.515775	-0.663327	-0.378974	-0.152785	-0.472586	0.411855	0.008415	-0.076217	-2.923783
0.173000	-162290.163073	-149920.913092	312211.076165	12369.249981	474501.239237	-2.151238	1.904162	-2.439275	-0.676031	0.537048	-0.098869	-0.443341	-0.185974	-0.116831	-0.076217	-2.923783
0.173200	-162290.111237	-149920.823449	312210.934686	12369.287788	474501.045924	-2.082801	-1.668692	2.919459	-0.715515	-0.547729	0.033731	-0.402115	-0.053792	-0.149344	-0.076217	-2.923783
0.173400	-162290.059402	-149920.733806	312210.793208	12369.325596	474500.852610	-2.029210	1.010284	1.996734	-0.722077	0.485210	0.139479	-0.356326	0.304548	-0.063284	-0.076217	-2.923783
0.173600	-162290.007567	-149920.644163	312210.651730	12369.363404	474500.659297	-1.979477	-2.602054	1.073455	-0.752401	-0.283365	0.134700	-0.325838	-0.473219	0.073123	-0.076218	-2.923782
0.173800	-162289.955732	-149920.554519	312210.510251	12369.401213	474500.465983	-1.908209	0.114399	0.150713	-0.764189	0.064642	0.022991	-0.268099	0.562594	0.151391	-0.076218	-2.923782
0.174000	-162289.903898	-149920.464875	312210.368773	12369.439022	474500.272670	-1.870783	2.760055	-0.772592	-0.776479	0.209293	-0.106882	-0.240182	-0.521672	0.109655	-0.076218	-2.923782
0.174200	-162289.852063	-149920.375231	312210.227294	12369.476832	474500.079357	-1.796114	-0.799265	-1.696878	-0.797148	-0.397678	-0.151786	-0.182714	0.386800	-0.019240	-0.076218	-2.923782
0.174400	-162289.800229	-149920.285587	312210.085816	12369.514642	474499.886044	-1.752590	1.858979	-2.620309	-0.792821	0.548059	-0.076231	-0.145739	-0.162463	-0.132745	-0.076219	-2.923781
0.174600	-162289.748395	-149920.195942	312209.944337	12369.552453	474499.692732	-1.691953	-1.730362	2.738721	-0.815383	-0.542416	0.060051	-0.099275	-0.087293	-0.140905	-0.076219	-2.923781
0.174800	-162289.696561	-149920.106297	312209.802858	12369.590264	474499.499419	-1.629893	0.966557	1.816263	-0.804975	0.470067	0.148599	-0.047627	0.324524	-0.037227	-0.076219	-2.923781
0.175000	-162289.644727	-149920.016652	312209.661379	12369.628076	474499.306107	-1.587417	-2.660630	0.893077	-0.817145	-0.257002	0.119382	-0.013583	-0.492497	0.096090	-0.076219	-2.923781
0.175200	-162289.592894	-149919.927006	312209.519900	12369.665888	474499.112794	-1.512387	0.064094	-0.030006	-0.812000	0.035946	-0.004592	0.047483	0.560069	0.153004	-0.076220	-2.923780
0.175400	-162289.541061	-149919.837361	312209.378421	12369.703700	474498.919482	-1.474699	2.710443	-0.953568	-0.805601	0.236978	-0.124838	0.077655	-0.515154	0.088602	-0.076220	-2.923780
0.175600	-162289.489228	-149919.747715	312209.236942	12369.741513	474498.726170	-1.404582	-0.858540	-1.878020	-0.808975	-0.417133	-0.145851	0.135715	0.360177	-0.046274	-0.076220	-2.923780
0.175800	-162289.437395	-149919.658069	312209.095463	12369.779326	474498.532858	-1.353606	1.815246	-2.801211	-0.786288	0.555855	-0.051119	0.173511	-0.138651	-0.144336	-0.076220	-2.923780
0.176000	-162289.385562	-149919.568422	312208.953984	12369.817140	474498.339546	-1.301595	-1.792104	2.558164	-0.790912	-0.537353	0.084407	0.218212	-0.120901	-0.127874	-0.076221	-2.923779
0.176200	-162289.333730	-149919.478776	312208.812505	12369.854954	474498.146235	-1.232234	0.920510	1.635829	-0.763002	0.451765	0.152863	0.268669	0.343638	-0.009955	-0.076221	-2.923779
0.176400	-162289.281897	-149919.389129	312208.671026	12369.892769	474497.952923	-1.194255	-2.715727	0.712552	-0.756809	-0.231570	0.100161	0.299248	-0.510485	0.115930	-0.076221	-2.923779
0.176600	-162289.230065	-149919.299481	312208.529547	12369.930584	474497.759612	-1.119116	0.009395	-0.210951	-0.734964	0.005225	-0.032041	0.356552	0.556108	0.149630	-0.076222	-2.923778
0.176800	-162289.178233	-149919.209834	312208.388067	12369.968399	474497.566301	-1.077477	2.663973	-1.134667	-0.710496	0.262387	-0.138740	0.382005	-0.506942	0.064661	-0.076222	-2.923778
0.177000	-162289.126402	-149919.120186	312208.246588	12370.006216	474497.372990	-1.014593	-0.920329	-2.059083	-0.697560	-0.437275	-0.135172	0.433655	0.332741	-0.071802	-0.076222	-2.923778
0.177200	-162289.074570	-149919.030538	312208.105108	12370.044032	474497.179679	-0.955160	1.771308	-2.981934	-0.657951	0.560421	-0.024351	0.465397	-0.113902	-0.151222	-0.076222	-2.923778
0.177400	-162289.022739	-149918.940890	312207.963629	12370.081849	474496.986368	-0.910920	-1.852034	2.377725	-0.646379	-0.532460	0.106005	0.501530	-0.153825	-0.110671	-0.076223	-2.923777
0.177600	-162288.970908	-149918.851242	312207.822149	12370.119666	474496.793057	-0.836848	0.870861	1.455315	-0.603171	0.430441	0.152134	0.544093	0.362508	0.017647	-0.076223	-2.923777
0.177800	-162288.919077	-149918.761593	312207.680670	12370.157484	474496.599747	-0.799735	-2.766982	0.531812	-0.581119	-0.206980	0.077663	0.564691	-0.526430	0.132000	-0.076223	-2.923777
0.178000	-162288.867246	-149918.671944	312207.539190	12370.195302	474496.406436	-0.728158	-0.049388	-0.392078	-0.545482	-0.027253	-0.058459	0.611798	0.551365	0.141382	-0.076223	-2.923777
0.178200	-162288.815416	-149918.582295	312207.397710	12370.233121	474496.213126	-0.679703	2.619388	-1.315776	-0.506206	0.285662	-0.148132	0.626360	-0.496379	0.038618	-0.076224	-2.923776
0.178400	-162288.763585	-149918.492645	312207.256230	12370.270940	474496.019816	-0.625341	-0.982773	-2.239983	-0.480526	-0.457773	-0.120095	0.665545	0.305195	-0.094987	-0.076224	-2.923776
0.178600	-162288.711755	-149918.402995	312207.114750	12370.308760	474495.826506	-0.558129	1.725510	3.120688	-0.427958	0.562012	0.003203	0.685449	-0.087651	-0.153171	-0.076224	-2.923776
0.178800	-162288.659925	-149918.313345	312206.973270	12370.346580	474495.633196	-0.519287	-1.908772	2.197297	-0.404386	-0.527400	0.124142	0.707445	-0.185361	-0.089850	-0.076224	-2.923776
0.179000	-162288.608095	-149918.223695	312206.831790	12370.384400	474495.439886	-0.443998	0.816909	1.274625	-0.350464	0.406498	0.146435	0.736773	0.381654	0.044684	-0.076225	-2.923775
0.179200	-162288.556266	-149918.134044	312206.690310	12370.422221	474495.246576	-0.403981	-2.814849	0.350853	-0.317359	-0.182899	0.052622	0.742371	-0.539700	0.143778	-0.076225	-2.923775
0.179400	-162288.504437	-149918.044394	312206.548830	12370.460043	474495.053267	-0.338952	-0.111133	-0.573293	-0.273045	-0.060971	-0.082982	0.774467	0.546373	0.128530	-0.076225	-2.923775
0.179600	-162288.452607	-149917.954743	312206.407350	12370.497865	474494.859958	-0.282206	2.575094	-1.496786	-0.224332	0.307178	-0.152704	0.773708	-0.482955	0.011322	-0.076225	-2.923775
0.179800	-162288.400778	-149917.865091	312206.265870	12370.535687	474494.666648	-0.236002	-1.043935	-2.420695	-0.191481	-0.478066	-0.101106	0.796233	0.278095	-0.115068	-0.076226	-2.923774
0.180000	-162288.348950	-149917.775440	312206.124390	12370.573510	474494.473339	-0.163209	1.676454	2.940203	-0.131818	0.561106	0.030647	0.800480	-0.059507	-0.150116	-0.076226	-2.923774
0.180200	-162288.297121	-149917.685788	312205.982909	12370.611333	474494.280030	-0.126341	-1.961711	2.016765	-0.102229	-0.521631	0.138228	0.804836	-0.214977	-0.066086	-0.076226	-2.923774
0.180400	-162288.245293	-149917.596136	312205.841429	12370.649157	474494.086721	-0.053559	0.758716	1.093711	-0.043840	0.380540	0.135955	0.817750	0.401409	0.070277	-0.076226	-2.923774
0.180600	-162288.193465	-149917.506484	312205.699948	12370.686981	474493.893413	-0.007484	-2.860426	0.169735	-0.006029	-0.158810	0.025858	0.805582	-0.549862	0.150880	-0.076227	-2.923773
0.180800	-162288.141637	-149917.416831	312205.558468	12370.724805	474493.700104	0.049268	-0.174106	-0.754476	0.040442	-0.095235	-0.104805	0.820184	0.541459	0.111496	-0.076227	-2.923773
0.181000	-162288.089809	-149917.327178	312205.416987	12370.762630	474493.506796	0.114128	2.529420	-1.677630	0.091940	0.327475	-0.152300	0.802079	-0.466384	-0.016333	-0.076227	-2.923773
0.181200	-162288.037981	-149917.237525	312205.275506	12370.800456	474493.313488	0.154127	-1.102259	-2.601257	0.125254	-0.497449	-0.078818	0.806221	0.251772	-0.131389	-0.076227	-2.923773
0.181400	-162287.986154	-149917.147872	312205.134026	12370.838282	474493.120179	0.229226	1.623252	2.759684	0.185149	0.558326	0.057092	0.793515	-0.029314	-0.142153	-0.076228	-2.923772
0.181600	-162287.934326	-149917.058218	312204.992545	12370.876108	474492.926871	0.267905	-2.011071	1.836043	0.213924	-0.514492	0.147808	0.779310	-0.242386	-0.040152	-0.076228	-2.923772
0.181800	-162287.882499	-149916.968565	312204.851064	12370.913935	474492.733564	0.334939	0.697170	0.912588	0.269827	0.353289	0.121037	0.775248	0.421856	0.093591	-0.076228	-2.923772
0.182000	-162287.830673	-149916.878910	312204.709583	12370.951762	474492.540256	0.388991	-2.905226	-0.011438	0.305440	-0.134102	-0.001751	0.745201	-0.556743	0.153075	-0.076228	-2.923772
0.182200	-162287.778846	-149916.789256	312204.568102	12370.989590	474492.346948	0.437333	-0.236358	-0.935530	0.347140	-0.129268	-0.123211	0.742504	0.536694	0.090833	-0.076229	-2.923771
0.182400	-162287.727020	-149916.699602	312204.426621	12371.027418	474492.153641	0.508539	2.480876	-1.858300	0.394514	0.347159	-0.146927	0.707722	-0.446648	-0.043446	-0.076229	-2.923771
0.182600	-162287.675193	-149916.609947	312204.285140	12371.065247	474491.960333	0.545493	-1.156899	-2.781762	0.421481	-0.515162	-0.053954	0.694458	0.226297	-0.143414	-0.076229	-2.923771
0.182800	-162287.623367	-149916.520292	312204.143659	12371.103076	474491.767026	0.619188	1.565727	2.579025	0.474793	0.554331	0.081679	0.666204	0.002810	-0.129541	-0.076229	-2.923771
0.183000	-162287.571541	-149916.430636	312204.002178	12371.140905	474491.573719	0.663066	-2.057777	1.655099	0.496120	-0.505306	0.152571	0.635212	-0.267568	-0.012893	-0.076230	-2.923770
0.183200	-162287.519716	-149916.340981	312203.860696	12371.178735	474491.380412	0.722209	0.633845	0.731332	0.542934	0.325475	0.102172	0.616282	0.442810	0.113864	-0.076230	-2.923770
0.183400	-162287.467890	-149916.251325	312203.719215	12371.216566	474491.187105	0.784560	-2.950911	-0.192553	0.569940	-0.108180	-0.029301	0.570897	-0.560444	0.150288	-0.076230	-2.923770
0.183600	-162287.416065	-149916.161669	312203.577734	12371.254396	474490.993799	0.825994	-0.296189	-1.116401	0.600591	-0.162314	-0.137594	0.553706	0.531888	0.067213	-0.076231	-2.923769
0.183800	-162287.364240	-149916.072012	312203.436252	12371.292228	474490.800492	0.900554	2.428405	-2.038853	0.637718	0.366797	-0.136755	0.505487	-0.424001	-0.069133	-0.076231	-2.923769
0.184000	-162287.312415	-149915.982356	312203.294771	12371.330059	474490.607186	0.938197	-1.207835	-2.962323	0.652461	-0.530506	-0.027319	0.478322	0.201479	-0.150753	-0.076231	-2.923769
0.184200	-162287.260590	-149915.892699	312203.153289	12371.367892	474490.413880	1.007047	1.504521	2.398155	0.693443	0.549719	0.103609	0.438384	0.036486	-0.112691	-0.076231	-2.923769
0.184400	-162287.208766	-149915.803042	312203.011808	12371.405724	474490.220573	1.058445	-2.103233	1.473970	0.701890	-0.493483	0.152366	0.394778	-0.290758	0.014799	-0.076232	-2.923768
0.184600	-162287.156942	-149915.713384	312202.870326	12371.443557	474490.027267	1.109071	0.570660	0.550055	0.734351	0.297738	0.079978	0.365412	0.463838	0.130431	-0.076232	-2.923768
0.184800	-162287.105118	-149915.623727	312202.728844	12371.481391	474489.833962	1.178414	-2.999043	-0.373523	0.747801	-0.080561	-0.055890	0.309472	-0.561312	0.142606	-0.076232	-2.923768
0.185000	-162287.053294	-149915.534069	312202.587362	12371.519225	474489.640656	1.215783	-0.352526	-1.297102	0.762710	-0.193739	-0.147479	0.282753	0.526617	0.041403	-0.076232	-2.923768
0.185200	-162287.001470	-149915.444410	312202.445880	12371.557059	474489.447350	1.290067	2.371604	-2.219391	0.785167	0.386823	-0.122111	0.226399	-0.398932	-0.092559	-0.076233	-2.923767
0.185400	-162286.949646	-149915.354752	312202.304398	12371.594894	474489.254045	1.331960	-1.255797	3.140144	0.783620	-0.542933	0.000222	0.190799	0.176914	-0.153166	-0.076233	-2.923767
0.185600	-162286.897823	-149915.265093	312202.162916	12371.632730	474489.060740	1.393448	1.441021	2.217061	0.808442	0.544932	0.122169	0.144898	0.071118	-0.092155	-0.076233	-2.923767
0.185800	-162286.846000	-149915.175434	312202.021434	12371.670566	474488.867434	1.453180	-2.149074	1.292742	0.800598	-0.478613	0.147198	0.094600	-0.312395	0.042018	-0.076233	-2.923767
0.186000	-162286.794177	-149915.085775	312201.879952	12371.708402	474488.674129	1.496312	0.509424	0.368868	0.815550	0.270540	0.055180	0.060858	0.484316	0.142747	-0.076234	-2.923766
0.186200	-162286.742354	-149914.996116	312201.738470	12371.746238	474488.480824	1.569989	-3.050823	-0.554314	0.812687	-0.050960	-0.080647	0.000656	-0.559881	0.130275	-0.076234	-2.923766
0.186400	-162286.690532	-149914.906456	312201.596988	12371.784076	474488.287520	1.606912	-0.405104	-1.477704	0.809439	-0.223113	-0.152540	-0.029246	0.520291	0.014241	-0.076234	-2.923766
0.186600	-162286.638709	-149914.816796	312201.455506	12371.821913	474488.094215	1.677344	2.310865	-2.400027	0.815143	0.407456	-0.103469	-0.087181	-0.372095	-0.112962	-0.076234	-2.923766
0.186800	-162286.586887	-149914.727136	312201.314023	12371.859751	474487.900911	1.726170	-1.302061	2.959214	0.795655	-0.552119	0.027771	-0.124628	0.152052	-0.150578	-0.076235	-2.923765
0.187000	-162286.535065	-149914.637476	312201.172541	12371.897590	474487.707606	1.779188	1.377073	2.035795	0.802951	0.540186	0.136752	-0.169793	0.105976	-0.068607	-0.076235	-2.923765
0.187200	-162286.483244	-149914.547815	312201.031058	12371.935429	474487.514302	1.846427	-2.196907	1.111527	0.777916	-0.460524	0.137238	-0.220018	-0.333039	0.067869	-0.076235	-2.923765
0.187400	-162286.431422	-149914.458154	312200.889576	12371.973268	474487.320998	1.884541	0.451417	0.187843	0.774762	0.244106	0.028589	-0.251380	0.503514	0.150403	-0.076235	-2.923765
0.187600	-162286.379601	-149914.368493	312200.748093	12372.011108	474487.127694	1.959069	-3.106868	-0.734959	0.755417	-0.019342	-0.102763	-0.308993	-0.556784	0.113690	-0.076236	-2.923764
0.187800	-162286.327779	-149914.278831	312200.606611	12372.048948	474486.934390	1.999218	-0.454439	-1.658314	0.734211	-0.250254	-0.152610	-0.335323	0.512247	-0.013390	-0.076236	-2.923764
0.188000	-162286.275958	-149914.189169	312200.465128	12372.086789	474486.741086	2.062953	2.247361	-2.580849	0.723708	0.428663	-0.081437	-0.388024	-0.344214	-0.129680	-0.076236	-2.923764
0.188200	-162286.224138	-149914.099507	312200.323645	12372.124630	474486.547783	2.120000	-1.348208	2.778079	0.687266	-0.558002	0.054429	-0.420613	0.126297	-0.143075	-0.076236	-2.923764
0.188400	-162286.172317	-149914.009845	312200.182162	12372.162472	474486.354479	2.165072	1.314554	1.854458	0.678308	0.535444	0.146881	-0.458378	0.140288	-0.042819	-0.076237	-2.923763
0.188600	-162286.120497	-149913.920183	312200.040679	12372.200314	474486.161176	2.237539	-2.248058	0.930426	0.637813	-0.439315	0.122807	-0.501937	-0.353272	0.091506	-0.076237	-2.923763
0.188800	-162286.068676	-149913.830520	312199.899196	12372.238156	474485.967873	2.274075	0.397152	0.006998	0.618569	0.218403	0.001072	-0.524490	0.520700	0.153144	-0.076237	-2.923763
0.189000	-162286.016856	-149913.740857	312199.757713	12372.275999	474485.774570	2.345810	3.116151	-0.915540	0.585160	0.014063	-0.121514	-0.573132	-0.552651	0.093388	-0.076237	-2.923763
0.189200	-162285.965037	-149913.651194	312199.616230	12372.313843	474485.581267	2.392183	-0.501657	-1.839040	0.548754	-0.275243	-0.147685	-0.589745	0.501849	-0.040594	-0.076238	-2.923762
0.189400	-162285.913217	-149913.561530	312199.474747	12372.351687	474485.387964	2.447652	2.182827	-2.761897	0.525105	0.450154	-0.056734	-0.631149	-0.315984	-0.142169	-0.076238	-2.923762
0.189600	-162285.861398	-149913.471866	312199.333264	12372.389531	474485.194662	2.512584	-1.395869	2.596805	0.475167	-0.560780	0.079323	-0.653063	0.099109	-0.130905	-0.076238	-2.923762
0.189800	-162285.809578	-149913.382202	312199.191781	12372.427376	474485.001359	2.551773	1.254929	1.673161	0.453641	0.530421	0.152223	-0.677789	0.173346	-0.015637	-0.076239	-2.923761
0.190000	-162285.757759	-149913.292538	312199.050297	12372.465221	474484.808057	2.626193	-2.303338	0.749497	0.401768	-0.415336	0.104373	-0.709249	-0.373596	0.112150	-0.076239	-2.923761
0.190200	-162285.705940	-149913.202874	312198.908814	12372.503067	474484.614755	2.664869	0.346341	-0.173715	0.370735	0.193159	-0.026476	-0.717848	0.535234	0.150875	-0.076239	-2.923761
0.190400	-162285.654122	-149913.113209	312198.767331	12372.540913	474484.421452	2.730696	3.052806	-1.096171	0.327881	0.048784	-0.136291	-0.752541	-0.548012	0.070026	-0.076239	-2.923761
0.190600	-162285.602303	-149913.023544	312198.625847	12372.578760	474484.228151	2.785030	-0.548265	-2.019960	0.281159	-0.298389	-0.137927	-0.754821	0.488585	-0.066484	-0.076240	-2.923760
0.190800	-162285.550485	-149912.933879	312198.484364	12372.616607	474484.034849	2.832251	2.119167	-2.943144	0.249452	0.471416	-0.030169	-0.780510	-0.287972	-0.150024	-0.076240	-2.923760
0.191000	-162285.498667	-149912.844213	312198.342880	12372.654454	474483.841547	2.903206	-1.446471	2.415498	0.191412	-0.560872	0.101637	-0.787679	0.070092	-0.114467	-0.076240	-2.923760
0.191200	-162285.446849	-149912.754547	312198.201396	12372.692302	474483.648246	2.939706	1.198954	1.491998	0.162836	0.524629	0.152597	-0.795586	0.204597	0.012049	-0.076240	-2.923760
0.191400	-162285.395031	-149912.664881	312198.059913	12372.730150	474483.454944	3.012436	-2.362846	0.568736	0.105392	-0.389142	0.082535	-0.811456	-0.394353	0.129124	-0.076241	-2.923759
0.191600	-162285.343214	-149912.575215	312197.918429	12372.767999	474483.261643	3.056509	0.298027	-0.354390	0.068487	0.167920	-0.053158	-0.803002	0.546658	0.143665	-0.076241	-2.923759
0.191800	-162285.291397	-149912.485548	312197.776945	12372.805848	474483.068342	3.114433	2.987870	-1.276952	0.022301	0.084169	-0.146613	-0.820897	-0.543215	0.044366	-0.076241	-2.923759
0.192000	-162285.239580	-149912.395881	312197.635461	12372.843698	474482.875041	-3.106295	-0.595891	-2.201094	-0.028477	-0.320171	-0.123658	-0.806430	0.472144	-0.090217	-0.076241	-2.923759
0.192200	-162285.187763	-149912.306214	312197.493977	12372.881548	474482.681740	-3.065714	2.058001	-3.124511	-0.061904	0.491783	-0.002613	-0.814260	-0.260548	-0.152988	-0.076242	-2.923758
0.192400	-162285.135946	-149912.216547	312197.352493	12372.919399	474482.488439	-2.991748	-1.501001	2.234265	-0.121528	-0.558847	0.120636	-0.804953	0.039069	-0.094299	-0.076242	-2.923758
0.192600	-162285.084130	-149912.126879	312197.211009	12372.957250	474482.295139	-2.954242	1.146578	1.311010	-0.150646	0.517455	0.147986	-0.794658	0.233704	0.039334	-0.076242	-2.923758
0.192800	-162285.032313	-149912.037212	312197.069525	12372.995102	474482.101838	-2.886527	-2.425882	0.388082	-0.207003	-0.361416	0.057999	-0.793893	-0.415657	0.141871	-0.076242	-2.923758
0.193000	-162284.980497	-149911.947543	312196.928041	12373.032954	474481.908538	-2.834896	0.250804	-0.535136	-0.243145	0.142126	-0.078105	-0.767773	0.554750	0.131747	-0.076243	-2.923757
0.193200	-162284.928681	-149911.857875	312196.786556	12373.070806	474481.715238	-2.785363	2.923227	-1.457946	-0.285976	0.119468	-0.152146	-0.768538	-0.538377	0.017243	-0.076243	-2.923757
0.193400	-162284.876865	-149911.768207	312196.645072	12373.108659	474481.521937	-2.716200	-0.646043	-2.382400	-0.334110	-0.341148	-0.105346	-0.737456	0.452464	-0.111017	-0.076243	-2.923757
0.193600	-162284.825050	-149911.678538	312196.503588	12373.146512	474481.328638	-2.679370	2.000315	2.977297	-0.362630	0.510525	0.025028	-0.727851	-0.233840	-0.150963	-0.076243	-2.923757
0.193800	-162284.773235	-149911.588869	312196.362103	12373.184366	474481.135338	-2.605972	-1.559787	2.053187	-0.417169	-0.555332	0.135695	-0.702906	0.006114	-0.071057	-0.076244	-2.923756
0.194000	-162284.721419	-149911.499199	312196.220619	12373.222220	474480.942038	-2.564001	1.097035	1.130178	-0.440314	0.508250	0.138535	-0.675606	0.260583	0.065324	-0.076244	-2.923756
0.194200	-162284.669604	-149911.409530	312196.079134	12373.260075	474480.748739	-2.503680	-2.491040	0.207430	-0.489059	-0.332871	0.031563	-0.659727	-0.437368	0.149973	-0.076244	-2.923756
0.194400	-162284.617790	-149911.319860	312195.937649	12373.297930	474480.555439	-2.443834	0.203065	-0.716048	-0.518077	0.115213	-0.100506	-0.617887	0.559548	0.115511	-0.076244	-2.923756
0.194600	-162284.565975	-149911.230190	312195.796165	12373.335786	474480.362140	-2.401567	2.860618	-1.639156	-0.551284	0.153934	-0.152710	-0.603725	-0.533363	-0.010456	-0.076245	-2.923755
0.194800	-162284.514161	-149911.140519	312195.654680	12373.373642	474480.168841	-2.328393	-0.699858	-2.563786	-0.590628	-0.361864	-0.083593	-0.558668	0.429744	-0.128202	-0.076245	-2.923755
0.195000	-162284.462347	-149911.050849	312195.513195	12373.411498	474479.975542	-2.291718	1.946304	2.796014	-0.608308	0.526944	0.051849	-0.534521	-0.207728	-0.144013	-0.076245	-2.923755
0.195200	-162284.410533	-149910.961178	312195.371710	12373.449355	474479.782243	-2.222358	-1.622382	1.872287	-0.651919	-0.550913	0.146316	-0.497201	-0.028444	-0.045500	-0.076245	-2.923755
0.195400	-162284.358719	-149910.871506	312195.230225	12373.487212	474479.588944	-2.173379	1.049042	0.949426	-0.663535	0.496432	0.124546	-0.456469	0.285395	0.089172	-0.076246	-2.923754
0.195600	-162284.306905	-149910.781835	312195.088740	12373.525070	474479.395646	-2.121427	-2.556494	0.026672	-0.699233	-0.304151	0.004086	-0.429310	-0.459110	0.153166	-0.076246	-2.923754
0.195800	-162284.255092	-149910.692163	312194.947255	12373.562928	474479.202347	-2.054310	0.153251	-0.897171	-0.715978	0.086704	-0.119632	-0.375949	0.561330	0.095486	-0.076246	-2.923754
0.196000	-162284.203279	-149910.602491	312194.805770	12373.600787	474479.009049	-2.016785	2.801243	-1.820527	-0.734632	0.186915	-0.148290	-0.351240	-0.527815	-0.037822	-0.076246	-2.923754
0.196200	-162284.151466	-149910.512819	312194.664285	12373.638646	474478.815751	-1.943054	-0.757885	-2.745143	-0.760489	-0.382750	-0.059111	-0.296943	0.404413	-0.141206	-0.076247	-2.923753
0.196400	-162284.099653	-149910.423147	312194.522800	12373.676506	474478.622453	-1.902942	1.895410	2.614891	-0.762962	0.540472	0.076967	-0.263164	-0.181878	-0.132361	-0.076247	-2.923753
0.196600	-162284.047840	-149910.333474	312194.381314	12373.714366	474478.429155	-1.840332	-1.687583	1.691527	-0.791473	-0.546048	0.152147	-0.218651	-0.064063	-0.018459	-0.076247	-2.923753
0.196800	-162283.996028	-149910.243801	312194.239829	12373.752227	474478.235857	-1.783199	1.001039	0.768650	-0.787777	0.481571	0.106473	-0.169888	0.308507	0.110101	-0.076248	-2.923752
0.197000	-162283.944216	-149910.154128	312194.098344	12373.790088	474478.042559	-1.738992	-2.620425	-0.154274	-0.806865	-0.275753	-0.023536	-0.137006	-0.480311	0.151346	-0.076248	-2.923752
0.197200	-162283.892404	-149910.064455	312193.956858	12373.827949	474477.849262	-1.666940	0.100092	-1.078491	-0.808147	0.056296	-0.134857	-0.077938	0.560568	0.072331	-0.076248	-2.923752
0.197400	-162283.840592	-149909.974781	312193.815373	12373.865811	474477.655964	-1.630731	2.745545	-2.001958	-0.809366	0.217937	-0.139031	-0.048567	-0.521202	-0.063958	-0.076248	-2.923752
0.197600	-162283.788780	-149909.885107	312193.673887	12373.903673	474477.462667	-1.559996	-0.819923	-2.926376	-0.819161	-0.404056	-0.032703	0.008847	0.377077	-0.149599	-0.076249	-2.923751
0.197800	-162283.736969	-149909.795433	312193.532401	12373.941536	474477.269370	-1.513566	1.846495	2.433936	-0.804258	0.550739	0.099560	0.046079	-0.155806	-0.116381	-0.076249	-2.923751
0.198000	-162283.685157	-149909.705758	312193.390916	12373.979399	474477.076073	-1.459144	-1.753668	1.510821	-0.815755	-0.540997	0.152994	0.091461	-0.100051	0.009187	-0.076249	-2.923751
0.198200	-162283.633346	-149909.616084	312193.249430	12374.017263	474476.882776	-1.394308	0.951435	0.587745	-0.795281	0.463454	0.084905	0.141834	0.330417	0.127428	-0.076249	-2.923751
0.198400	-162283.581536	-149909.526409	312193.107944	12374.055127	474476.689480	-1.355737	-2.681442	-0.335439	-0.796566	-0.247957	-0.050401	0.174000	-0.500280	0.144576	-0.076250	-2.923750
0.198600	-162283.529725	-149909.436733	312192.966458	12374.092991	474476.496183	-1.282015	0.042841	-1.259936	-0.781602	0.023913	-0.145685	0.232203	0.557847	0.046805	-0.076250	-2.923750
0.198800	-162283.477914	-149909.347058	312192.824972	12374.130856	474476.302887	-1.243469	2.693190	-2.183339	-0.764953	0.246752	-0.125235	0.259733	-0.512904	-0.088004	-0.076250	-2.923750
0.199000	-162283.426104	-149909.257382	312192.683486	12374.168722	474476.109590	-1.178722	-0.884999	-3.107434	-0.758583	-0.425795	-0.005232	0.313660	0.348427	-0.153100	-0.076250	-2.923750
0.199200	-162283.374294	-149909.167706	312192.542000	12374.206588	474475.916294	-1.124360	1.798069	2.253097	-0.726631	0.557617	0.118886	0.347815	-0.128959	-0.096592	-0.076251	-2.923749
0.199400	-162283.322484	-149909.078030	312192.400514	12374.244454	474475.722998	-1.078009	-1.818781	1.330059	-0.721708	-0.535784	0.148827	0.387538	-0.135658	0.036537	-0.076251	-2.923749
0.199600	-162283.270674	-149908.988353	312192.259028	12374.282321	474475.529702	-1.007400	0.898855	0.406642	-0.685504	0.442119	0.060544	0.433027	0.351669	0.140590	-0.076251	-2.923749
0.199800	-162283.218865	-149908.898677	312192.117542	12374.320188	474475.336407	-0.971277	-2.738858	-0.516794	-0.670307	-0.220808	-0.075631	0.458109	-0.518303	0.133080	-0.076251	-2.923749
0.200000	-162283.167056	-149908.809000	312191.976055	12374.358056	474475.143111	-0.899460	-0.018547	-1.441401	-0.640814	-0.010272	-0.151759	0.509083	0.553774	0.019747	-0.076252	-2.923748
