#model:pLinear_down	end_point_b=0.20
#t	l_1	l_2	l_3	l_2-l_1	l_3-l_1	phase_1	phase_2	phase_3	RePsi_1	RePsi_2	RePsi_3	ImPsi_1	ImPsi_2	ImPsi_3
0.100200	-16489.377268	-15374.318865	31863.696134	1115.058403	48353.073402	1.659602	1.924846	-2.281601	0.815521	0.518399	-0.117890	-0.072614	-0.191613	-0.101495	-0.067623	-2.932377
0.100400	-16489.315142	-15374.242168	31863.557310	1115.072973	48352.872451	1.746478	2.272771	0.123667	0.797587	0.431816	0.019107	-0.141581	-0.365174	0.153715	-0.067624	-2.932376
0.100600	-16489.253017	-15374.165468	31863.418485	1115.087549	48352.671502	1.831567	2.611641	2.560668	0.768993	0.296072	0.084099	-0.205204	-0.505370	-0.128104	-0.067625	-2.932375
0.100800	-16489.190895	-15374.088764	31863.279660	1115.102131	48352.470555	1.912049	2.938484	-1.300325	0.731558	0.123200	-0.150182	-0.259811	-0.598210	0.041640	-0.067626	-2.932374
0.101000	-16489.128776	-15374.012058	31863.140834	1115.116718	48352.269610	1.986962	-3.031114	1.110729	0.689068	-0.070480	0.138200	-0.304555	-0.635354	0.068483	-0.067627	-2.932373
0.101200	-16489.066659	-15373.935349	31863.002007	1115.131310	48352.068666	2.055581	-2.728913	-2.735230	0.643217	-0.268390	-0.060823	-0.338787	-0.613013	-0.141347	-0.067629	-2.932371
0.101400	-16489.004544	-15373.858636	31862.863181	1115.145908	48351.867725	2.114721	-2.437282	-0.318920	0.598030	-0.452023	-0.048788	-0.361675	-0.531990	0.147756	-0.067630	-2.932370
0.101600	-16488.942432	-15373.781921	31862.724353	1115.160511	48351.666785	2.164637	-2.155035	2.100125	0.556347	-0.604784	0.132898	-0.375608	-0.399909	-0.077747	-0.067631	-2.932369
0.101800	-16488.880322	-15373.705203	31862.585525	1115.175120	48351.465847	2.203823	-1.879354	-1.751379	0.519752	-0.713339	-0.151962	-0.381374	-0.227369	-0.027744	-0.067632	-2.932368
0.102000	-16488.818215	-15373.628481	31862.446696	1115.189734	48351.264912	2.231231	-1.609194	0.665044	0.491326	-0.766834	0.095659	-0.381663	-0.029459	0.121980	-0.067633	-2.932367
0.102200	-16488.756111	-15373.551757	31862.307867	1115.204354	48351.063978	2.249853	-1.343341	3.089229	0.470846	-0.760973	0.008072	-0.380021	0.176135	-0.154015	-0.067634	-2.932366
0.102400	-16488.694008	-15373.475029	31862.169037	1115.218979	48350.863046	2.260186	-1.079370	-0.769649	0.458737	-0.695701	-0.107627	-0.378142	0.372355	0.111072	-0.067635	-2.932365
0.102600	-16488.631909	-15373.398299	31862.030207	1115.233610	48350.662116	2.267095	-0.816612	1.652359	0.454661	-0.576168	0.153973	-0.380088	0.541277	-0.012586	-0.067637	-2.932363
0.102800	-16488.569811	-15373.321565	31861.891376	1115.248246	48350.461188	2.275750	-0.553899	-2.207547	0.455704	-0.413527	-0.124466	-0.387709	0.668616	-0.092043	-0.067638	-2.932362
0.103000	-16488.507716	-15373.244828	31861.752545	1115.262888	48350.260261	2.288668	-0.288971	0.212576	0.460804	-0.221082	0.032562	-0.402424	0.743652	0.150862	-0.067639	-2.932361
0.103200	-16488.445624	-15373.168089	31861.613713	1115.277535	48350.059337	2.311328	-0.021247	2.641660	0.466439	-0.016136	0.074007	-0.426356	0.759316	-0.135490	-0.067640	-2.932360
0.103400	-16488.383534	-15373.091346	31861.474880	1115.292188	48349.858415	2.344160	0.250763	-1.224463	0.469437	0.183274	-0.146070	-0.458272	0.715480	0.052713	-0.067641	-2.932359
0.103600	-16488.321447	-15373.014601	31861.336047	1115.306846	48349.657494	2.387547	0.529529	1.197571	0.467933	0.360440	0.143135	-0.498235	0.615837	0.056048	-0.067642	-2.932358
0.103800	-16488.259362	-15372.937852	31861.197214	1115.321510	48349.456576	2.442305	0.815803	-2.652939	0.458056	0.499081	-0.072667	-0.544610	0.469618	-0.136679	-0.067643	-2.932357
0.104000	-16488.197279	-15372.861100	31861.058380	1115.336179	48349.255659	2.505401	1.111463	-0.243214	0.438863	0.587950	-0.037409	-0.594149	0.290811	0.150765	-0.067645	-2.932355
0.104200	-16488.135199	-15372.784346	31860.919545	1115.350854	48349.054744	2.576682	1.418965	2.185910	0.409026	0.619492	0.125134	-0.645343	0.094788	-0.088415	-0.067646	-2.932354
0.104400	-16488.073122	-15372.707588	31860.780710	1115.365534	48348.853831	2.654584	1.738324	-1.667312	0.367506	0.590891	-0.154757	-0.693994	-0.099927	-0.014983	-0.067647	-2.932353
0.104600	-16488.011047	-15372.630827	31860.641874	1115.380220	48348.652920	2.736456	2.069948	0.738885	0.316235	0.506103	0.104302	-0.737382	-0.275928	0.114486	-0.067648	-2.932352
0.104800	-16487.948974	-15372.554063	31860.503037	1115.394911	48348.452011	2.822479	2.413397	-3.107226	0.255519	0.372444	-0.005263	-0.773347	-0.417691	-0.153089	-0.067649	-2.932351
0.105000	-16487.886904	-15372.477296	31860.364200	1115.409607	48348.251104	2.910211	2.764240	-0.684938	0.188111	0.202750	-0.098699	-0.798428	-0.511546	0.120827	-0.067650	-2.932350
0.105200	-16487.824836	-15372.400527	31860.225363	1115.424310	48348.050199	2.998262	3.117884	1.723964	0.117247	0.013038	0.152350	-0.812410	-0.549826	-0.023519	-0.067651	-2.932349
0.105400	-16487.762771	-15372.323754	31860.086525	1115.439017	48347.849295	3.086519	-2.813446	-2.118201	0.044876	-0.179952	-0.131206	-0.814012	-0.528561	-0.079976	-0.067653	-2.932347
0.105600	-16487.700708	-15372.246978	31859.947686	1115.453730	48347.648394	-3.111056	-2.469576	0.295895	-0.024537	-0.357524	0.045511	-0.803272	-0.449410	0.149291	-0.067654	-2.932346
0.105800	-16487.638648	-15372.170199	31859.808847	1115.468449	48347.447495	-3.028480	-2.136861	2.712321	-0.088884	-0.503788	0.063929	-0.782449	-0.320122	-0.139662	-0.067655	-2.932345
0.106000	-16487.576590	-15372.093417	31859.670007	1115.483173	48347.246597	-2.950115	-1.815868	-1.132329	-0.145813	-0.605165	-0.139761	-0.752183	-0.151351	0.065535	-0.067656	-2.932344
0.106200	-16487.514535	-15372.016632	31859.531167	1115.497903	48347.045701	-2.878789	-1.507698	1.277849	-0.192624	-0.651398	0.149005	-0.716003	0.041156	0.044944	-0.067657	-2.932343
0.106400	-16487.452482	-15371.939844	31859.392326	1115.512638	48346.844807	-2.814337	-1.211071	-2.580958	-0.229739	-0.638692	-0.081631	-0.676776	0.240205	-0.130020	-0.067658	-2.932342
0.106600	-16487.390431	-15371.863053	31859.253484	1115.527378	48346.643916	-2.759218	-0.923602	-0.149675	-0.256084	-0.566913	-0.023095	-0.636758	0.428466	0.153146	-0.067659	-2.932341
0.106800	-16487.328383	-15371.786259	31859.114642	1115.542124	48346.443026	-2.714945	-0.644604	2.262877	-0.272817	-0.442108	0.119328	-0.600166	0.588125	-0.098904	-0.067661	-2.932339
0.107000	-16487.266338	-15371.709462	31858.975800	1115.556876	48346.242137	-2.680569	-0.372058	-1.592403	-0.282300	-0.275331	-0.153901	-0.568324	0.705557	-0.003326	-0.067662	-2.932338
0.107200	-16487.204295	-15371.632662	31858.836957	1115.571633	48346.041251	-2.657764	-0.103682	0.831734	-0.285613	-0.080102	0.114491	-0.543521	0.769804	0.104344	-0.067663	-2.932337
0.107400	-16487.142254	-15371.555859	31858.698113	1115.586395	48345.840367	-2.643488	0.161034	-3.032163	-0.286771	0.125825	-0.016878	-0.527304	0.774595	-0.153616	-0.067664	-2.932336
0.107600	-16487.080216	-15371.479053	31858.559269	1115.601163	48345.639485	-2.634522	0.423935	-0.607027	-0.288113	0.324973	-0.088154	-0.518638	0.720080	0.126931	-0.067665	-2.932335
0.107800	-16487.018180	-15371.402244	31858.420424	1115.615937	48345.438604	-2.628128	0.686879	1.814579	-0.292151	0.500272	0.149899	-0.518075	0.610011	-0.037284	-0.067666	-2.932334
0.108000	-16486.956147	-15371.325431	31858.281579	1115.630716	48345.237726	-2.617498	0.950231	-2.042919	-0.302467	0.635810	-0.137684	-0.523290	0.454453	-0.070307	-0.067667	-2.932333
0.108200	-16486.894116	-15371.248616	31858.142733	1115.645500	48345.036849	-2.600487	1.215941	0.375345	-0.319619	0.720845	0.056787	-0.531871	0.267102	0.144121	-0.067669	-2.932331
0.108400	-16486.832088	-15371.171798	31858.003886	1115.660290	48344.835974	-2.573999	1.485798	2.800628	-0.345620	0.747636	0.051454	-0.542082	0.063701	-0.145013	-0.067670	-2.932330
0.108600	-16486.770062	-15371.094977	31857.865039	1115.675086	48344.635101	-2.535833	1.760358	-1.055299	-0.380688	0.714244	-0.134950	-0.549631	-0.137039	0.076462	-0.067671	-2.932329
0.108800	-16486.708039	-15371.018153	31857.726191	1115.689886	48344.434230	-2.487947	2.042002	1.356821	-0.423296	0.624651	0.151242	-0.552625	-0.318250	0.032865	-0.067672	-2.932328
0.109000	-16486.646018	-15370.941325	31857.587343	1115.704693	48344.233361	-2.429503	2.332677	-2.493548	-0.473247	0.486370	-0.092682	-0.548268	-0.464014	-0.122413	-0.067673	-2.932327
0.109200	-16486.584000	-15370.864495	31857.448495	1115.719505	48344.032494	-2.362422	2.633035	-0.070975	-0.527178	0.312881	-0.011044	-0.533785	-0.561255	0.155349	-0.067674	-2.932326
0.109400	-16486.521984	-15370.787662	31857.309645	1115.734322	48343.831629	-2.288939	2.945377	2.340056	-0.582693	0.119779	0.110772	-0.509150	-0.602590	-0.107253	-0.067676	-2.932324
0.109600	-16486.459970	-15370.710825	31857.170796	1115.749145	48343.630766	-2.208980	-3.012608	-1.503841	-0.637301	-0.075745	-0.153384	-0.472702	-0.583978	0.010285	-0.067677	-2.932323
0.109800	-16486.397959	-15370.633986	31857.031945	1115.763973	48343.429904	-2.125463	-2.676132	0.910544	-0.686707	-0.255113	0.123283	-0.425445	-0.507922	0.095730	-0.067678	-2.932322
0.110000	-16486.335951	-15370.557144	31856.893094	1115.778807	48343.229045	-2.039303	-2.329547	-2.956551	-0.729358	-0.402893	-0.028242	-0.369119	-0.381973	-0.150878	-0.067679	-2.932321
0.110200	-16486.273945	-15370.480298	31856.754243	1115.793646	48343.028187	-1.951076	-1.976717	-0.516126	-0.762229	-0.505178	-0.076174	-0.304691	-0.217120	0.134245	-0.067680	-2.932320
0.110400	-16486.211941	-15370.403450	31856.615391	1115.808491	48342.827332	-1.863572	-1.624112	1.891438	-0.783470	-0.552471	0.147961	-0.236168	-0.029483	-0.049138	-0.067681	-2.932319
0.110600	-16486.149940	-15370.326598	31856.476538	1115.823342	48342.626478	-1.776767	-1.276110	-1.967134	-0.793326	-0.541058	-0.141254	-0.165752	0.164224	-0.059112	-0.067682	-2.932318
0.110800	-16486.087941	-15370.249744	31856.337685	1115.838197	48342.425626	-1.692300	-0.936844	0.468190	-0.790589	-0.470907	0.069968	-0.096535	0.346204	0.138362	-0.067684	-2.932316
0.111000	-16486.025945	-15370.172886	31856.198831	1115.853059	48342.224776	-1.612441	-0.610006	2.874379	-0.777245	-0.348803	0.041009	-0.032387	0.499055	-0.149797	-0.067685	-2.932315
0.111200	-16485.963951	-15370.096026	31856.059977	1115.867925	48342.023928	-1.537036	-0.295393	-0.977260	-0.754981	-0.185462	-0.127061	0.025498	0.609479	0.085726	-0.067686	-2.932314
0.111400	-16485.901960	-15370.019162	31855.921122	1115.882798	48341.823082	-1.468924	0.007697	1.449796	-0.725473	0.005129	0.154282	0.074162	0.666339	0.018760	-0.067687	-2.932313
0.111600	-16485.839971	-15369.942296	31855.782267	1115.897675	48341.622237	-1.409350	0.299537	-2.422473	-0.692887	0.205128	-0.101871	0.112846	0.664213	-0.116356	-0.067688	-2.932312
0.111800	-16485.777985	-15369.865426	31855.643411	1115.912559	48341.421395	-1.358587	0.582685	0.010411	-0.659074	0.397488	0.001602	0.142000	0.603156	0.153825	-0.067689	-2.932311
0.112000	-16485.716001	-15369.788553	31855.504554	1115.927447	48341.220555	-1.319458	0.858919	2.431190	-0.627421	0.564706	0.101253	0.161101	0.487227	-0.117705	-0.067691	-2.932309
0.112200	-16485.654019	-15369.711678	31855.365697	1115.942341	48341.019716	-1.290573	1.129008	-1.433563	-0.600939	0.691503	-0.152880	0.172948	0.327058	0.021113	-0.067692	-2.932308
0.112400	-16485.592040	-15369.634799	31855.226839	1115.957241	48340.818880	-1.271450	1.395411	0.994687	-0.580402	0.767276	0.129501	0.179124	0.135966	0.084127	-0.067693	-2.932307
0.112600	-16485.530064	-15369.557917	31855.087981	1115.972146	48340.618045	-1.260816	1.659481	-2.868361	-0.568290	0.784289	-0.041751	0.182027	-0.069738	-0.148984	-0.067694	-2.932306
0.112800	-16485.468090	-15369.481033	31854.949122	1115.987057	48340.417212	-1.252889	1.921843	-0.444558	-0.564123	0.741418	-0.066459	0.185635	-0.271519	0.139514	-0.067695	-2.932305
0.113000	-16485.406118	-15369.404145	31854.810263	1116.001973	48340.216381	-1.245219	2.184765	1.976543	-0.567193	0.642407	0.142095	0.191479	-0.452796	-0.061042	-0.067696	-2.932304
0.113200	-16485.344149	-15369.327254	31854.671403	1116.016895	48340.015552	-1.232491	2.449328	-1.881367	-0.577033	0.495252	-0.146808	0.203018	-0.597301	-0.047119	-0.067698	-2.932302
0.113400	-16485.282182	-15369.250360	31854.532543	1116.031822	48339.814725	-1.210740	2.716288	0.542037	-0.590173	0.313758	0.080014	0.222181	-0.692698	0.132869	-0.067699	-2.932301
0.113600	-16485.220218	-15369.173464	31854.393682	1116.046754	48339.613900	-1.179802	2.988109	2.958490	-0.605002	0.113169	0.028106	0.249392	-0.731533	-0.151781	-0.067700	-2.932300
0.113800	-16485.158256	-15369.096564	31854.254820	1116.061692	48339.413076	-1.137106	-3.017249	-0.892112	-0.618358	-0.088736	-0.119899	0.286358	-0.709953	0.096697	-0.067701	-2.932299
0.114000	-16485.096297	-15369.019661	31854.115958	1116.076636	48339.212255	-1.084276	-2.732279	1.525254	-0.626622	-0.273789	0.155475	0.331437	-0.631119	0.007086	-0.067702	-2.932298
0.114200	-16485.034340	-15368.942755	31853.977095	1116.091585	48339.011435	-1.022642	-2.437382	-2.340204	-0.628391	-0.426660	-0.110428	0.383676	-0.502242	-0.106951	-0.067703	-2.932297
0.114400	-16484.972386	-15368.865846	31853.838232	1116.106539	48338.810618	-0.952217	-2.131579	0.096824	-0.620272	-0.533246	0.014927	0.441488	-0.334900	0.153683	-0.067704	-2.932296
0.114600	-16484.910434	-15368.788934	31853.699368	1116.121499	48338.609802	-0.876198	-1.814223	2.506376	-0.601372	-0.584801	0.092424	0.501001	-0.145236	-0.125383	-0.067706	-2.932294
0.114800	-16484.848484	-15368.712019	31853.560504	1116.136465	48338.408988	-0.795064	-1.483896	-1.352322	-0.571423	-0.577363	-0.149516	0.560482	0.050300	0.033195	-0.067707	-2.932293
0.115000	-16484.786538	-15368.635102	31853.421639	1116.151436	48338.208177	-0.710010	-1.142515	1.083031	-0.529587	-0.511266	0.137011	0.616123	0.233414	0.072687	-0.067708	-2.932292
0.115200	-16484.724593	-15368.558181	31853.282774	1116.166412	48338.007367	-0.623668	-0.793607	-2.795249	-0.478335	-0.393721	-0.052744	0.664853	0.387310	-0.146149	-0.067709	-2.932291
0.115400	-16484.662651	-15368.481257	31853.143908	1116.181394	48337.806559	-0.535823	-0.440560	-0.362323	-0.418746	-0.235080	-0.054235	0.705237	0.498616	0.143078	-0.067710	-2.932290
0.115600	-16484.600711	-15368.404330	31853.005041	1116.196382	48337.605752	-0.448599	-0.089561	2.065861	-0.353376	-0.049950	0.137005	0.734168	0.556224	-0.073970	-0.067711	-2.932289
0.115800	-16484.538774	-15368.327400	31852.866174	1116.211375	48337.404948	-0.363653	0.253846	-1.810948	-0.286072	0.144093	-0.150239	0.751673	0.555394	-0.036790	-0.067713	-2.932287
0.116000	-16484.476840	-15368.250467	31852.727306	1116.226373	48337.204146	-0.280975	0.587408	0.626997	-0.218625	0.330137	0.089996	0.757511	0.495844	0.124213	-0.067714	-2.932286
0.116200	-16484.414907	-15368.173530	31852.588438	1116.241377	48337.003345	-0.203490	0.908755	3.046828	-0.155123	0.490352	0.014748	0.751762	0.382171	-0.155160	-0.067715	-2.932285
0.116400	-16484.352978	-15368.096591	31852.449569	1116.256386	48336.802547	-0.131900	1.217262	-0.823257	-0.097824	0.610171	-0.112993	0.737345	0.225177	0.104746	-0.067716	-2.932284
0.116600	-16484.291050	-15368.019649	31852.310700	1116.271401	48336.601750	-0.067191	1.515023	1.613378	-0.048139	0.678782	0.153913	0.715380	0.037897	-0.006558	-0.067717	-2.932283
0.116800	-16484.229126	-15367.942704	31852.171830	1116.286421	48336.400955	-0.012357	1.802876	-2.254630	-0.008516	0.688719	-0.120547	0.689141	-0.162770	-0.098249	-0.067718	-2.932282
0.117000	-16484.167203	-15367.865756	31852.032959	1116.301447	48336.200162	0.033145	2.082116	0.166202	0.021951	0.639401	0.025466	0.662027	-0.358763	0.151807	-0.067720	-2.932280
0.117200	-16484.105283	-15367.788805	31851.894088	1116.316479	48335.999372	0.067746	2.355473	2.596476	0.043140	0.534232	0.080153	0.635813	-0.533461	-0.132178	-0.067721	-2.932279
0.117400	-16484.043366	-15367.711851	31851.755217	1116.331515	48335.798582	0.091183	2.623862	-1.270037	0.056178	0.381870	-0.147948	0.614401	-0.670475	0.045889	-0.067722	-2.932278
0.117600	-16483.981451	-15367.634893	31851.616344	1116.346558	48335.597795	0.106759	2.888554	1.154761	0.064196	0.196046	0.141125	0.599027	-0.758160	0.062352	-0.067723	-2.932277
0.117800	-16483.919538	-15367.557933	31851.477472	1116.361605	48335.397010	0.115339	-3.131300	-2.705167	0.068462	-0.008119	-0.065373	0.590933	-0.788750	-0.140159	-0.067724	-2.932276
0.118000	-16483.857628	-15367.480970	31851.338598	1116.376659	48335.196227	0.122420	-2.868745	-0.282212	0.072777	-0.212348	-0.043012	0.591516	-0.758858	0.148342	-0.067725	-2.932275
0.118200	-16483.795721	-15367.404004	31851.199724	1116.391717	48334.995445	0.132608	-2.605694	2.140292	0.079905	-0.399060	0.130431	0.599031	-0.671969	-0.083509	-0.067727	-2.932273
0.118400	-16483.733816	-15367.327034	31851.060850	1116.406781	48334.794666	0.148353	-2.339941	-1.722549	0.091653	-0.552697	-0.152468	0.613264	-0.535017	-0.023317	-0.067728	-2.932272
0.118600	-16483.671913	-15367.250062	31850.921975	1116.421851	48334.593888	0.174510	-2.070933	0.707015	0.111412	-0.659240	0.100339	0.631934	-0.360262	0.117444	-0.067729	-2.932271
0.118800	-16483.610013	-15367.173087	31850.783100	1116.436926	48334.393112	0.210731	-1.797044	3.122717	0.139431	-0.710505	0.002931	0.651831	-0.163550	-0.155248	-0.067730	-2.932270
0.119000	-16483.548115	-15367.096108	31850.644223	1116.452007	48334.192339	0.257405	-1.515856	-0.736820	0.176721	-0.702149	-0.103224	0.671317	0.038615	0.113773	-0.067731	-2.932269
0.119200	-16483.486220	-15367.019127	31850.505347	1116.467093	48333.991567	0.314801	-1.226667	1.694906	0.223452	-0.635100	0.153778	0.686216	0.227614	-0.019184	-0.067732	-2.932268
0.119400	-16483.424327	-15366.942143	31850.366470	1116.482185	48333.790797	0.379888	-0.927552	-2.179286	0.277259	-0.516619	-0.127338	0.694391	0.387257	-0.088713	-0.067734	-2.932266
0.119600	-16483.362437	-15366.865155	31850.227592	1116.497282	48333.590029	0.452668	-0.616319	0.251991	0.337463	-0.356882	0.038203	0.693869	0.503809	0.148382	-0.067735	-2.932265
0.119800	-16483.300549	-15366.788165	31850.088714	1116.512384	48333.389262	0.531296	-0.293319	2.679607	0.400746	-0.171087	0.069374	0.681936	0.566455	-0.139327	-0.067736	-2.932264
0.120000	-16483.238663	-15366.711171	31849.949835	1116.527492	48333.188498	0.613420	0.041442	-1.196660	0.464010	0.023669	-0.143942	0.659084	0.570815	0.056516	-0.067737	-2.932263
0.120200	-16483.176780	-15366.634175	31849.810955	1116.542606	48332.987736	0.699207	0.386786	1.241884	0.525154	0.210267	0.145102	0.624489	0.516243	0.049525	-0.067738	-2.932262
0.120400	-16483.114900	-15366.557175	31849.672075	1116.557725	48332.786975	0.786072	0.737681	-2.621914	0.579917	0.370794	-0.077506	0.579136	0.407983	-0.135468	-0.067739	-2.932261
0.120600	-16483.053022	-15366.480173	31849.533195	1116.572849	48332.586217	0.872932	1.089391	-0.210772	0.626766	0.491245	-0.032204	0.525634	0.256626	0.150523	-0.067741	-2.932259
0.120800	-16482.991146	-15366.403167	31849.394314	1116.587979	48332.385460	0.959458	1.437442	2.230098	0.663561	0.560391	0.121633	0.465099	0.075177	-0.094264	-0.067742	-2.932258
0.121000	-16482.929273	-15366.326159	31849.255432	1116.603115	48332.184705	1.042805	1.776239	-1.641119	0.688440	0.571255	-0.155613	0.401513	-0.119039	-0.010961	-0.067743	-2.932257
0.121200	-16482.867403	-15366.249147	31849.116550	1116.618256	48331.983952	1.122786	2.103465	0.778110	0.702386	0.523398	0.107732	0.337569	-0.308547	0.109314	-0.067744	-2.932256
0.121400	-16482.805534	-15366.172132	31848.977667	1116.633402	48331.783201	1.197904	2.419049	-3.068223	0.704810	0.419975	-0.011332	0.275718	-0.476390	-0.154170	-0.067745	-2.932255
0.121600	-16482.743669	-15366.095115	31848.838783	1116.648554	48331.582452	1.265553	2.722280	-0.658595	0.697698	0.270281	-0.095149	0.219838	-0.606354	0.122954	-0.067747	-2.932253
0.121800	-16482.681805	-15366.018094	31848.699900	1116.663711	48331.381705	1.325960	3.014738	1.767791	0.683580	0.087649	0.150568	0.170792	-0.687235	-0.030051	-0.067748	-2.932252
0.122000	-16482.619945	-15365.941071	31848.561015	1116.678874	48331.180960	1.376500	-2.984442	-2.086186	0.663983	-0.112643	-0.134861	0.130658	-0.710875	-0.076393	-0.067749	-2.932251
0.122200	-16482.558086	-15365.864044	31848.422130	1116.694042	48330.980216	1.416254	-2.708235	0.327203	0.643123	-0.312095	0.049763	0.100189	-0.674521	0.146619	-0.067750	-2.932250
0.122400	-16482.496230	-15365.787014	31848.283244	1116.709216	48330.779475	1.446236	-2.437748	2.755616	0.623074	-0.493691	0.057990	0.078014	-0.581578	-0.142705	-0.067751	-2.932249
0.122600	-16482.434377	-15365.709981	31848.144358	1116.724395	48330.578735	1.465241	-2.170877	-1.104756	0.606454	-0.641444	-0.138374	0.064253	-0.438911	0.069602	-0.067752	-2.932248
0.122800	-16482.372526	-15365.632946	31848.005472	1116.739580	48330.377998	1.477144	-1.907147	1.315725	0.596313	-0.741721	0.149498	0.056010	-0.259332	0.038982	-0.067754	-2.932246
0.123000	-16482.310677	-15365.555907	31847.866584	1116.754770	48330.177262	1.485080	-1.644645	-2.543129	0.592806	-0.786572	-0.087104	0.050938	-0.058193	-0.127740	-0.067755	-2.932245
0.123200	-16482.248831	-15365.478865	31847.727697	1116.769966	48329.976528	1.492318	-1.381650	-0.121307	0.597647	-0.771344	-0.018682	0.046999	0.147662	0.153247	-0.067756	-2.932244
0.123400	-16482.186988	-15365.401820	31847.588808	1116.785167	48329.775796	1.505265	-1.117771	2.304678	0.610288	-0.697632	0.114858	0.040050	0.339602	-0.103594	-0.067757	-2.932243
0.123600	-16482.125147	-15365.324773	31847.449919	1116.800374	48329.575066	1.525361	-0.850954	-1.561268	0.629019	-0.572408	-0.154857	0.028599	0.501881	0.001476	-0.067758	-2.932242
0.123800	-16482.063308	-15365.247722	31847.311030	1116.815586	48329.374338	1.555552	-0.579513	0.865463	0.653205	-0.405961	0.117123	0.009959	0.620288	0.099724	-0.067759	-2.932241
0.124000	-16482.001472	-15365.170668	31847.172140	1116.830804	48329.173611	1.597117	-0.302827	-2.991782	0.679155	-0.213873	-0.023171	-0.017880	0.684533	-0.153507	-0.067761	-2.932239
0.124200	-16481.939638	-15365.093611	31847.033249	1116.846027	48328.972887	1.648012	-0.018423	-0.579613	0.704675	-0.012717	-0.084675	-0.054520	0.690216	0.129350	-0.067762	-2.932238
0.124400	-16481.877807	-15365.016551	31846.894358	1116.861256	48328.772165	1.708994	0.275480	1.854740	0.727094	0.179919	0.147474	-0.101127	0.636503	-0.043037	-0.067763	-2.932237
0.124600	-16481.815978	-15364.939488	31846.755466	1116.876490	48328.571444	1.777774	0.579478	-2.008391	0.742548	0.346337	-0.141145	-0.155923	0.529225	-0.066034	-0.067764	-2.932236
0.124800	-16481.754152	-15364.862422	31846.616574	1116.891729	48328.370725	1.852478	0.895693	0.404358	0.749933	0.472789	0.060573	-0.217013	0.378512	0.141547	-0.067765	-2.932235
0.125000	-16481.692328	-15364.785353	31846.477681	1116.906974	48328.170009	1.933032	1.224433	2.843998	0.746537	0.547617	0.045141	-0.282906	0.197642	-0.147181	-0.067767	-2.932233
0.125200	-16481.630506	-15364.708281	31846.338788	1116.922225	48327.969294	2.016480	1.563578	-1.027341	0.731401	0.564441	-0.133557	-0.349421	0.004075	0.080687	-0.067768	-2.932232
0.125400	-16481.568687	-15364.631206	31846.199894	1116.937481	48327.768581	2.102226	1.911374	1.391775	0.705183	0.522564	0.150880	-0.414534	-0.185190	0.027303	-0.067769	-2.932231
0.125600	-16481.506871	-15364.554128	31846.060999	1116.952742	48327.567870	2.189416	2.263343	-2.452492	0.667325	0.425125	-0.098317	-0.475020	-0.352695	-0.119343	-0.067770	-2.932230
0.125800	-16481.445057	-15364.477047	31845.922104	1116.968009	48327.367161	2.275405	2.613054	-0.046146	0.620516	0.281846	-0.007184	-0.527561	-0.482651	0.155560	-0.067771	-2.932229
0.126000	-16481.383245	-15364.399963	31845.783208	1116.983282	48327.166453	2.360339	2.956611	2.381470	0.566599	0.105519	0.105482	-0.571315	-0.563909	-0.110954	-0.067772	-2.932228
0.126200	-16481.321436	-15364.322876	31845.644312	1116.998560	48326.965748	2.442269	-2.992744	-1.469186	0.507809	-0.088178	-0.154462	-0.603720	-0.588022	0.015749	-0.067774	-2.932226
0.126400	-16481.259629	-15364.245786	31845.505415	1117.013843	48326.765044	2.519210	-2.671530	0.937573	0.448336	-0.280866	0.124999	-0.624848	-0.552838	0.091757	-0.067775	-2.932225
0.126600	-16481.197825	-15364.168693	31845.366518	1117.029132	48326.564343	2.591212	-2.362152	-2.912327	0.389919	-0.455879	-0.034858	-0.635432	-0.461343	-0.149371	-0.067776	-2.932224
0.126800	-16481.136023	-15364.091597	31845.227620	1117.044426	48326.363643	2.655277	-2.063761	-0.487968	0.336025	-0.596769	-0.072900	-0.635611	-0.320585	0.137346	-0.067777	-2.932223
0.127000	-16481.074224	-15364.014498	31845.088722	1117.059726	48326.162945	2.710592	-1.775870	1.924655	0.289073	-0.690473	0.144892	-0.628649	-0.143617	-0.053524	-0.067778	-2.932222
0.127200	-16481.012427	-15363.937396	31844.949823	1117.075031	48325.962250	2.756692	-1.495862	-1.925654	0.249626	-0.728888	-0.144401	-0.616198	0.054721	-0.053507	-0.067780	-2.932220
0.127400	-16480.950633	-15363.860290	31844.810923	1117.090342	48325.761556	2.791138	-1.222151	0.493665	0.219726	-0.707266	0.073547	-0.601092	0.257087	0.136678	-0.067781	-2.932219
0.127600	-16480.888841	-15363.783182	31844.672023	1117.105658	48325.560864	2.815952	-0.953924	2.913775	0.198239	-0.627722	0.034844	-0.587094	0.445180	-0.150293	-0.067782	-2.932218
0.127800	-16480.827051	-15363.706071	31844.533122	1117.120980	48325.360173	2.831668	-0.688743	-0.942282	0.184335	-0.496728	-0.124990	-0.575607	0.603393	0.090848	-0.067783	-2.932217
0.128000	-16480.765264	-15363.628957	31844.394221	1117.136307	48325.159485	2.840533	-0.425431	1.478085	0.176978	-0.324941	0.153970	-0.569981	0.717148	0.014316	-0.067784	-2.932216
0.128200	-16480.703480	-15363.551840	31844.255319	1117.151640	48324.958799	2.848367	-0.163284	-2.380954	0.172549	-0.127971	-0.106582	-0.571488	0.776755	-0.111995	-0.067785	-2.932215
0.128400	-16480.641698	-15363.474719	31844.116417	1117.166978	48324.758114	2.857451	0.099976	0.039272	0.169496	0.077988	0.006070	-0.580377	0.777462	0.154493	-0.067787	-2.932213
0.128600	-16480.579918	-15363.397596	31843.977514	1117.182322	48324.557432	2.873134	0.365308	2.465733	0.164457	0.274819	0.096446	-0.597811	0.718527	-0.120282	-0.067788	-2.932212
0.128800	-16480.518141	-15363.320470	31843.838610	1117.197671	48324.356751	2.898281	0.633606	-1.395365	0.154309	0.445291	-0.152812	-0.621638	0.606124	0.027086	-0.067789	-2.932211
0.129000	-16480.456366	-15363.243340	31843.699706	1117.213026	48324.156072	2.932864	0.907360	1.021682	0.137854	0.575552	0.131534	-0.650828	0.449867	0.080484	-0.067790	-2.932210
0.129200	-16480.394594	-15363.166208	31843.560802	1117.228386	48323.955395	2.979005	1.187609	-2.828173	0.112085	0.653708	-0.047532	-0.683297	0.263518	-0.146657	-0.067791	-2.932209
0.129400	-16480.332824	-15363.089073	31843.421897	1117.243751	48323.754720	3.034552	1.475616	-0.412975	0.076855	0.673899	-0.062462	-0.715257	0.064336	0.142551	-0.067793	-2.932207
0.129600	-16480.271057	-15363.011934	31843.282991	1117.259122	48323.554047	3.098486	1.774082	2.007047	0.032137	0.634920	0.139178	-0.745073	-0.130878	-0.064886	-0.067794	-2.932206
0.129800	-16480.209292	-15362.934793	31843.144085	1117.274499	48323.353376	-3.112730	2.083694	-1.839994	-0.022200	0.540160	-0.149082	-0.768946	-0.304201	-0.041131	-0.067795	-2.932205
0.130000	-16480.147529	-15362.857648	31843.005178	1117.289881	48323.152707	-3.035853	2.404902	0.567957	-0.083258	0.399446	0.083705	-0.784448	-0.440384	0.131180	-0.067796	-2.932204
0.130200	-16480.085769	-15362.780501	31842.866270	1117.305268	48322.952040	-2.954277	2.738576	2.995621	-0.149808	0.225097	0.022268	-0.790387	-0.527958	-0.151464	-0.067797	-2.932203
0.130400	-16480.024012	-15362.703351	31842.727362	1117.320661	48322.751374	-2.869507	3.082022	-0.854943	-0.218809	0.033305	-0.117220	-0.784248	-0.558421	0.101953	-0.067798	-2.932202
0.130600	-16479.962257	-15362.626197	31842.588454	1117.336060	48322.550711	-2.783890	-2.851928	1.550107	-0.286610	-0.157962	0.155066	-0.766783	-0.529991	0.003209	-0.067800	-2.932200
0.130800	-16479.900504	-15362.549041	31842.449545	1117.351463	48322.350049	-2.697195	-2.500639	-2.297652	-0.351429	-0.332043	-0.114412	-0.738042	-0.445081	-0.101744	-0.067801	-2.932199
0.131000	-16479.838754	-15362.471881	31842.310635	1117.366873	48322.149389	-2.611783	-2.153413	0.127034	-0.409308	-0.472172	0.019745	-0.698882	-0.311121	0.154592	-0.067802	-2.932198
0.131200	-16479.777006	-15362.394719	31842.171725	1117.382288	48321.948731	-2.528977	-1.815042	2.535372	-0.458607	-0.565835	0.087966	-0.652524	-0.141018	-0.126879	-0.067803	-2.932197
0.131400	-16479.715261	-15362.317553	31842.032814	1117.397708	48321.748075	-2.448993	-1.487086	-1.309120	-0.498085	-0.604460	-0.148384	-0.600309	0.050718	0.039740	-0.067804	-2.932196
0.131600	-16479.653518	-15362.240385	31841.893903	1117.413134	48321.547421	-2.374821	-1.171376	1.107850	-0.525947	-0.583451	0.139443	-0.545914	0.246280	0.069599	-0.067806	-2.932194
0.131800	-16479.591778	-15362.163213	31841.754991	1117.428565	48321.346769	-2.306852	-0.867951	-2.759479	-0.543638	-0.505109	-0.057387	-0.492473	0.427911	-0.142801	-0.067807	-2.932193
0.132000	-16479.530040	-15362.086038	31841.616079	1117.444002	48321.146119	-2.246417	-0.574559	-0.323855	-0.551281	-0.375377	-0.049095	-0.441821	0.579805	0.146259	-0.067808	-2.932192
0.132200	-16479.468305	-15362.008861	31841.477166	1117.459444	48320.945470	-2.196180	-0.290409	2.090160	-0.550675	-0.205392	0.134894	-0.397625	0.687257	-0.077121	-0.067809	-2.932191
0.132400	-16479.406572	-15361.931680	31841.338252	1117.474892	48320.744824	-2.155302	-0.014057	-1.770036	-0.545013	-0.010418	-0.150860	-0.360595	0.741038	-0.030462	-0.067810	-2.932190
0.132600	-16479.344841	-15361.854496	31841.199338	1117.490345	48320.544179	-2.125399	0.257102	0.658439	-0.535749	0.193469	0.094658	-0.331873	0.735847	0.122360	-0.067812	-2.932188
0.132800	-16479.283113	-15361.777310	31841.060423	1117.505803	48320.343537	-2.105755	0.523838	3.075644	-0.526858	0.387777	0.010200	-0.312215	0.671279	-0.154444	-0.067813	-2.932187
0.133000	-16479.221388	-15361.700120	31840.921508	1117.521268	48320.142896	-2.092884	0.787526	-0.782323	-0.520704	0.555837	-0.108815	-0.299580	0.553477	0.109486	-0.067814	-2.932186
0.133200	-16479.159665	-15361.622927	31840.782592	1117.536737	48319.942257	-2.085497	1.050390	1.639933	-0.519111	0.683397	0.154253	-0.293582	0.391656	-0.010682	-0.067815	-2.932185
0.133400	-16479.097944	-15361.545732	31840.643676	1117.552212	48319.741620	-2.077579	1.312923	-2.219210	-0.525033	0.758619	-0.123095	-0.291468	0.200082	-0.093270	-0.067816	-2.932184
0.133600	-16479.036226	-15361.468533	31840.504759	1117.567693	48319.540985	-2.065319	1.576552	0.202153	-0.538235	0.775919	0.031107	-0.290222	-0.004466	0.151779	-0.067818	-2.932182
0.133800	-16478.974510	-15361.391331	31840.365841	1117.583179	48319.340352	-2.046281	1.843398	2.623251	-0.559576	0.733525	0.076358	-0.288117	-0.205065	-0.133876	-0.067819	-2.932181
0.134000	-16478.912797	-15361.314127	31840.226923	1117.598670	48319.139720	-2.016378	2.113984	-1.230269	-0.588563	0.635260	-0.145734	-0.281108	-0.383552	0.051638	-0.067820	-2.932180
0.134200	-16478.851086	-15361.236919	31840.088005	1117.614167	48318.939091	-1.976670	2.390115	1.183921	-0.622689	0.490687	0.143736	-0.267591	-0.525158	0.058559	-0.067821	-2.932179
0.134400	-16478.789378	-15361.159708	31839.949086	1117.629670	48318.738463	-1.926659	2.674102	-2.673316	-0.661073	0.311903	-0.069299	-0.245712	-0.617859	-0.137009	-0.067822	-2.932178
0.134600	-16478.727672	-15361.082494	31839.810166	1117.645178	48318.537838	-1.866701	2.966584	-0.243368	-0.700094	0.115527	-0.037397	-0.213427	-0.653365	0.150619	-0.067824	-2.932176
0.134800	-16478.665968	-15361.005277	31839.671246	1117.660691	48318.337214	-1.799694	-3.013659	2.165274	-0.736978	-0.081030	0.128385	-0.171702	-0.629920	-0.086796	-0.067825	-2.932175
0.135000	-16478.604267	-15360.928057	31839.532325	1117.676210	48318.136592	-1.725503	-2.698439	-1.684052	-0.769567	-0.260777	-0.152298	-0.120016	-0.549422	-0.017323	-0.067826	-2.932174
0.135200	-16478.542569	-15360.850835	31839.393403	1117.691734	48317.935972	-1.646296	-2.371747	0.740194	-0.793954	-0.406892	0.105089	-0.060057	-0.419749	0.115047	-0.067827	-2.932173
0.135400	-16478.480873	-15360.773609	31839.254481	1117.707264	48317.735354	-1.564025	-2.034034	-3.134416	-0.809152	-0.507194	-0.001108	0.005479	-0.253337	-0.154327	-0.067828	-2.932172
0.135600	-16478.419179	-15360.696380	31839.115559	1117.722799	48317.534738	-1.478630	-1.687302	-0.694593	-0.813230	-0.552494	-0.098282	0.075165	-0.064661	0.117973	-0.067829	-2.932171
0.135800	-16478.357488	-15360.619148	31838.976636	1117.738340	48317.334124	-1.392820	-1.337093	1.721283	-0.805111	-0.538536	0.154334	0.144823	0.128200	-0.023402	-0.067831	-2.932169
0.136000	-16478.295799	-15360.541913	31838.837712	1117.753886	48317.133512	-1.307322	-0.988078	-2.147552	-0.786165	-0.467404	-0.128808	0.212064	0.308047	-0.083795	-0.067832	-2.932168
0.136200	-16478.234113	-15360.464675	31838.698788	1117.769438	48316.932901	-1.222780	-0.644491	0.292506	-0.756211	-0.344660	0.044463	0.274340	0.458601	0.147647	-0.067833	-2.932167
0.136400	-16478.172429	-15360.387434	31838.559863	1117.784995	48316.732293	-1.141957	-0.311223	2.702243	-0.717873	-0.181845	0.066292	0.328224	0.565305	-0.141051	-0.067834	-2.932166
0.136600	-16478.110748	-15360.310190	31838.420938	1117.800558	48316.531686	-1.064846	0.010303	-1.158205	-0.673696	0.006378	-0.140499	0.373264	0.619068	0.061499	-0.067835	-2.932165
0.136800	-16478.049069	-15360.232943	31838.282012	1117.816126	48316.331081	-0.993336	0.320409	1.276226	-0.625578	0.203761	0.148171	0.407592	0.614026	0.044954	-0.067837	-2.932163
0.137000	-16477.987393	-15360.155693	31838.143086	1117.831699	48316.130478	-0.929684	0.618719	-2.597571	-0.577776	0.391724	-0.080353	0.431179	0.550191	-0.132834	-0.067838	-2.932162
0.137200	-16477.925719	-15360.078440	31838.004159	1117.847278	48315.929877	-0.873657	0.907107	-0.168934	-0.532105	0.554058	-0.025824	0.445590	0.433292	0.151408	-0.067839	-2.932161
0.137400	-16477.864047	-15360.001184	31837.865231	1117.862863	48315.729278	-0.828009	1.187747	2.257641	-0.491275	0.675954	0.119936	0.451096	0.272378	-0.098353	-0.067840	-2.932160
0.137600	-16477.802378	-15359.923925	31837.726303	1117.878453	48315.528681	-0.792898	1.461275	-1.610856	-0.457822	0.745886	-0.154537	0.451006	0.082019	-0.006194	-0.067841	-2.932159
0.137800	-16477.740711	-15359.846663	31837.587374	1117.894048	48315.328086	-0.767331	1.729849	0.817799	-0.431650	0.758177	0.112481	0.447537	-0.121617	0.105418	-0.067843	-2.932157
0.138000	-16477.679047	-15359.769398	31837.448445	1117.909649	48315.127493	-0.751858	1.995356	-3.043809	-0.414248	0.710611	-0.015118	0.443012	-0.321233	-0.154117	-0.067844	-2.932156
0.138200	-16477.617386	-15359.692130	31837.309515	1117.925256	48314.926901	-0.741819	2.258259	-0.622013	-0.404479	0.607436	-0.090007	0.441364	-0.498753	0.125541	-0.067845	-2.932155
0.138400	-16477.555726	-15359.614859	31837.170585	1117.940868	48314.726312	-0.734326	2.520565	1.801226	-0.400631	0.457654	0.150584	0.443796	-0.639663	-0.035327	-0.067846	-2.932154
0.138600	-16477.494070	-15359.537585	31837.031654	1117.956485	48314.525724	-0.725546	2.783820	-2.059493	-0.401735	0.273425	-0.136232	0.452951	-0.731353	-0.072437	-0.067847	-2.932153
0.138800	-16477.432415	-15359.460307	31836.892723	1117.972108	48314.325138	-0.709770	3.048477	0.366342	-0.403970	0.071527	0.055447	0.470208	-0.765922	0.144520	-0.067849	-2.932151
0.139000	-16477.370763	-15359.383027	31836.753791	1117.987736	48314.124554	-0.686227	-2.966475	2.782701	-0.405397	-0.131154	0.054360	0.494983	-0.741277	-0.144906	-0.067850	-2.932150
0.139200	-16477.309114	-15359.305744	31836.614858	1118.003370	48313.923972	-0.652106	-2.693123	-1.071899	-0.403223	-0.317100	-0.135071	0.528101	-0.659020	0.073596	-0.067851	-2.932149
0.139400	-16477.247467	-15359.228458	31836.475925	1118.019009	48313.723392	-0.607114	-2.413936	1.351936	-0.394056	-0.469726	0.151692	0.567288	-0.527364	0.033740	-0.067852	-2.932148
0.139600	-16477.185823	-15359.151169	31836.336991	1118.034654	48313.522814	-0.553205	-2.126354	-2.518337	-0.377127	-0.576845	-0.090099	0.610709	-0.358093	-0.125340	-0.067853	-2.932147
0.139800	-16477.124181	-15359.073876	31836.198057	1118.050304	48313.322238	-0.489754	-1.828841	-0.082536	-0.349978	-0.628727	-0.012678	0.656530	-0.165939	0.153262	-0.067855	-2.932145
0.140000	-16477.062541	-15358.996581	31836.059122	1118.065960	48313.121663	-0.419395	-1.520876	2.334300	-0.312377	-0.621501	0.112613	0.700637	0.031051	-0.107786	-0.067856	-2.932144
0.140200	-16477.000904	-15358.919283	31835.920187	1118.081621	48312.921091	-0.343553	-1.200587	-1.533326	-0.265181	-0.556689	-0.153586	0.741267	0.216053	0.005758	-0.067857	-2.932143
0.140400	-16476.939269	-15358.841982	31835.781251	1118.097288	48312.720520	-0.262553	-0.868380	0.905915	-0.208333	-0.439740	0.121399	0.775172	0.372208	0.095172	-0.067858	-2.932142
0.140600	-16476.877637	-15358.764677	31835.642314	1118.112960	48312.519951	-0.179325	-0.526927	-2.968110	-0.144953	-0.282352	-0.026913	0.799644	0.485311	-0.153572	-0.067860	-2.932140
0.140800	-16476.816007	-15358.687370	31835.503377	1118.128637	48312.319385	-0.094137	-0.178548	-0.545069	-0.076866	-0.098539	-0.079416	0.814118	0.546015	0.130976	-0.067861	-2.932139
0.141000	-16476.754380	-15358.610060	31835.364440	1118.144320	48312.118820	-0.008205	0.171746	1.891342	-0.006699	0.095060	0.147070	0.816430	0.548039	-0.048827	-0.067862	-2.932138
0.141200	-16476.692755	-15358.532746	31835.225501	1118.160009	48311.918257	0.076064	0.517792	-1.986326	0.061528	0.280100	-0.142220	0.807345	0.491720	-0.062750	-0.067863	-2.932137
0.141400	-16476.631133	-15358.455430	31835.086563	1118.175703	48311.717695	0.158883	0.856336	0.444777	0.126224	0.440544	0.065881	0.787750	0.382090	0.138223	-0.067864	-2.932136
0.141600	-16476.569513	-15358.378111	31834.947623	1118.191402	48311.517136	0.237956	1.184363	2.873585	0.183941	0.561043	0.041175	0.758357	0.228284	-0.149939	-0.067866	-2.932134
0.141800	-16476.507895	-15358.300788	31834.808684	1118.207107	48311.316579	0.311688	1.499802	-1.001538	0.232849	0.630487	-0.130356	0.722707	0.044837	0.083418	-0.067867	-2.932133
0.142000	-16476.446280	-15358.223463	31834.669743	1118.222817	48311.116023	0.379922	1.803944	1.433352	0.272523	0.642729	0.152109	0.682463	-0.152627	0.021039	-0.067868	-2.932132
0.142200	-16476.384668	-15358.146134	31834.530802	1118.238533	48310.915470	0.439569	2.097684	-2.428658	0.301342	0.595333	-0.101732	0.640806	-0.346332	-0.117658	-0.067869	-2.932131
0.142400	-16476.323058	-15358.068803	31834.391861	1118.254255	48310.714918	0.490338	2.381729	-0.013599	0.320944	0.492753	-0.002098	0.601219	-0.518583	0.154247	-0.067870	-2.932130
0.142600	-16476.261450	-15357.991469	31834.252919	1118.269981	48310.514368	0.531485	2.658728	2.418777	0.332200	0.343278	0.101997	0.565049	-0.654789	-0.115635	-0.067872	-2.932128
0.142800	-16476.199845	-15357.914131	31834.113976	1118.285714	48310.313821	0.561185	2.930036	-1.446380	0.336640	0.159339	-0.153926	0.535537	-0.741903	0.019250	-0.067873	-2.932127
0.143000	-16476.138242	-15357.836791	31833.975033	1118.301451	48310.113275	0.582066	-3.086635	0.975494	0.337899	-0.042493	0.127717	0.513426	-0.772411	0.086498	-0.067874	-2.932126
0.143200	-16476.076642	-15357.759447	31833.836089	1118.317194	48309.912730	0.594715	-2.822503	-2.881977	0.337485	-0.245664	-0.039688	0.498939	-0.743580	-0.149421	-0.067875	-2.932125
0.143400	-16476.015044	-15357.682101	31833.697145	1118.332943	48309.712188	0.602457	-2.559782	-0.461007	0.338922	-0.432147	-0.068747	0.492798	-0.656999	0.138407	-0.067876	-2.932124
0.143600	-16475.953448	-15357.604751	31833.558200	1118.348697	48309.511648	0.610839	-2.297633	1.963084	0.344882	-0.585793	0.142946	0.492570	-0.520909	-0.059141	-0.067878	-2.932122
0.143800	-16475.891855	-15357.527399	31833.419254	1118.364457	48309.311110	0.621984	-2.033782	-1.900475	0.356496	-0.694064	-0.146203	0.497268	-0.346458	-0.050026	-0.067879	-2.932121
0.144000	-16475.830265	-15357.450043	31833.280308	1118.380222	48309.110573	0.641125	-1.767412	0.527285	0.376463	-0.746924	0.077597	0.504444	-0.148779	0.133265	-0.067880	-2.932120
0.144200	-16475.768677	-15357.372685	31833.141362	1118.395992	48308.910039	0.669919	-1.497439	2.947466	0.404415	-0.740756	0.029954	0.510546	0.054438	-0.152357	-0.067881	-2.932119
0.144400	-16475.707091	-15357.295323	31833.002414	1118.411768	48308.709506	0.708324	-1.221377	-0.917292	0.440331	-0.676334	-0.122278	0.514033	0.246436	0.093634	-0.067882	-2.932118
0.144600	-16475.645508	-15357.217958	31832.863467	1118.427550	48308.508975	0.757915	-0.938317	1.516295	0.483827	-0.559254	0.154149	0.511180	0.409888	0.008410	-0.067884	-2.932116
0.144800	-16475.583928	-15357.140591	31832.724518	1118.443337	48308.308446	0.816118	-0.646846	-2.354088	0.531859	-0.401027	-0.110236	0.500146	0.530994	-0.109773	-0.067885	-2.932115
0.145000	-16475.522349	-15357.063220	31832.585570	1118.459129	48308.107919	0.882295	-0.344421	0.069167	0.583196	-0.215167	0.010601	0.479866	0.599821	0.153028	-0.067886	-2.932114
0.145200	-16475.460774	-15356.985847	31832.446620	1118.474927	48307.907394	0.955664	-0.030739	2.503372	0.634512	-0.018755	0.092326	0.448337	0.609935	-0.124465	-0.067887	-2.932113
0.145400	-16475.399200	-15356.908470	31832.307670	1118.490730	48307.706871	1.033281	0.294422	-1.373040	0.682508	0.170335	-0.152329	0.406814	0.561725	0.030523	-0.067889	-2.932111
0.145600	-16475.337629	-15356.831090	31832.168720	1118.506539	48307.506349	1.115172	0.631245	1.058346	0.725453	0.335875	0.133424	0.355480	0.459459	0.075061	-0.067890	-2.932110
0.145800	-16475.276061	-15356.753708	31832.029769	1118.522353	48307.305830	1.199464	0.976217	-2.796052	0.759616	0.462169	-0.052712	0.295792	0.312523	-0.146430	-0.067891	-2.932109
0.146000	-16475.214495	-15356.676322	31831.890817	1118.538173	48307.105312	1.284195	1.325024	-0.389973	0.783928	0.538420	-0.058825	0.231035	0.135059	0.143117	-0.067892	-2.932108
0.146200	-16475.152932	-15356.598933	31831.751865	1118.553998	48306.904797	1.369524	1.673723	2.047910	0.797267	0.557749	0.136181	0.162671	-0.057611	-0.070399	-0.067893	-2.932107
0.146400	-16475.091371	-15356.521542	31831.612912	1118.569829	48306.704283	1.452855	2.016433	-1.814918	0.798443	0.517736	-0.151335	0.094609	-0.247315	-0.037696	-0.067895	-2.932105
0.146600	-16475.029812	-15356.444147	31831.473959	1118.585665	48306.503771	1.533276	2.349285	0.596462	0.789274	0.422672	0.086540	0.029628	-0.416872	0.127460	-0.067896	-2.932104
0.146800	-16474.968256	-15356.366749	31831.335005	1118.601507	48306.303261	1.610218	2.671378	3.035244	0.770056	0.280178	0.016337	-0.030373	-0.551276	-0.153038	-0.067897	-2.932103
0.147000	-16474.906702	-15356.289348	31831.196051	1118.617354	48306.102753	1.680731	2.981351	-0.833948	0.743135	0.103005	-0.115363	-0.082027	-0.637296	0.104672	-0.067898	-2.932102
0.147200	-16474.845151	-15356.211945	31831.057096	1118.633206	48305.902247	1.744741	-3.003448	1.585427	0.711648	-0.092815	0.153718	-0.125051	-0.667586	-0.002249	-0.067899	-2.932101
0.147400	-16474.783602	-15356.134538	31830.918140	1118.649064	48305.701742	1.800495	-2.714337	-2.263991	0.677226	-0.290774	-0.118875	-0.158353	-0.638636	-0.098752	-0.067901	-2.932099
0.147600	-16474.722056	-15356.057128	31830.779184	1118.664928	48305.501240	1.845869	-2.433784	0.149281	0.643940	-0.472537	0.023083	-0.181738	-0.552206	0.153481	-0.067902	-2.932098
0.147800	-16474.660512	-15355.979715	31830.640227	1118.680797	48305.300739	1.881929	-2.160174	2.574446	0.613802	-0.622408	0.082690	-0.197384	-0.416176	-0.129822	-0.067903	-2.932097
0.148000	-16474.598971	-15355.902299	31830.501270	1118.696671	48305.100241	1.907114	-1.891066	-1.282359	0.588731	-0.727243	-0.148408	-0.205820	-0.241218	0.044035	-0.067904	-2.932096
0.148200	-16474.537432	-15355.824881	31830.362312	1118.712551	48304.899744	1.923281	-1.625836	1.135804	0.571298	-0.776985	0.140248	-0.210150	-0.042809	0.065170	-0.067906	-2.932094
0.148400	-16474.475895	-15355.747459	31830.223354	1118.728436	48304.699249	1.933900	-1.362956	-2.722114	0.560988	-0.767967	-0.062910	-0.213148	0.161953	-0.141071	-0.067907	-2.932093
0.148600	-16474.414361	-15355.670034	31830.084395	1118.744327	48304.498756	1.940798	-1.100359	-0.300589	0.558620	-0.700228	-0.045762	-0.216669	0.356077	0.147628	-0.067908	-2.932092
0.148800	-16474.352830	-15355.592606	31829.945436	1118.760224	48304.298265	1.950267	-0.837623	2.124495	0.563211	-0.579621	0.131395	-0.224608	0.522036	-0.081229	-0.067909	-2.932091
0.149000	-16474.291300	-15355.515175	31829.806476	1118.776125	48304.097776	1.965150	-0.573128	-1.738819	0.572311	-0.417127	-0.152779	-0.238169	0.646318	-0.025915	-0.067910	-2.932090
0.149200	-16474.229774	-15355.437741	31829.667515	1118.792033	48303.897289	1.987945	-0.304878	0.683722	0.584924	-0.226024	0.097273	-0.259213	0.718243	0.119377	-0.067912	-2.932088
0.149400	-16474.168250	-15355.360304	31829.528554	1118.807945	48303.696803	2.021783	-0.032364	3.112813	0.597290	-0.023682	0.004455	-0.289251	0.731473	-0.154745	-0.067913	-2.932087
0.149600	-16474.106728	-15355.282864	31829.389592	1118.823863	48303.496320	2.065057	0.246427	-0.757506	0.607009	0.172578	-0.106543	-0.327101	0.686089	0.112659	-0.067914	-2.932086
0.149800	-16474.045208	-15355.205421	31829.250630	1118.839787	48303.295838	2.118414	0.533634	1.671304	0.611865	0.346053	0.152724	-0.373135	0.585727	-0.015402	-0.067915	-2.932085
0.150000	-16473.983692	-15355.127975	31829.111667	1118.855716	48303.095359	2.180820	0.829818	-2.184774	0.608339	0.480973	-0.127052	-0.425201	0.440035	-0.089553	-0.067917	-2.932083
0.150200	-16473.922177	-15355.050527	31828.972704	1118.871651	48302.894881	2.249667	1.136964	0.224368	0.595855	0.566599	0.034409	-0.480733	0.262487	0.150777	-0.067918	-2.932082
0.150400	-16473.860665	-15354.973075	31828.833740	1118.887591	48302.694405	2.325145	1.456364	2.660785	0.572610	0.595256	0.070965	-0.538112	0.068415	-0.136042	-0.067919	-2.932081
0.150600	-16473.799156	-15354.895620	31828.694775	1118.903536	48302.493931	2.404761	1.786694	-1.202406	0.538172	0.564687	-0.145497	-0.593160	-0.123845	0.056164	-0.067920	-2.932080
0.150800	-16473.737649	-15354.818162	31828.555810	1118.919487	48302.293459	2.487053	2.127007	1.209032	0.494084	0.478637	0.144004	-0.643847	-0.297561	0.054494	-0.067921	-2.932079
0.151000	-16473.676144	-15354.740701	31828.416844	1118.935443	48302.092988	2.571852	2.474442	-2.633744	0.440459	0.344263	-0.074832	-0.687570	-0.437089	-0.134461	-0.067923	-2.932077
0.151200	-16473.614642	-15354.663237	31828.277878	1118.951405	48301.892520	2.656392	2.823098	-0.221730	0.380347	0.174510	-0.034315	-0.721394	-0.529268	0.152218	-0.067924	-2.932076
0.151400	-16473.553142	-15354.585770	31828.138912	1118.967373	48301.692054	2.740323	-3.114582	2.197016	0.316169	-0.015307	0.124301	-0.745172	-0.566557	-0.089912	-0.067925	-2.932075
0.151600	-16473.491645	-15354.508299	31827.999944	1118.983345	48301.491589	2.822572	-2.776118	-1.648086	0.250113	-0.208444	-0.154116	-0.757222	-0.544716	-0.011935	-0.067926	-2.932074
0.151800	-16473.430150	-15354.430826	31827.860976	1118.999324	48301.291126	2.900581	-2.448785	0.759858	0.186340	-0.386559	0.107194	-0.758129	-0.465695	0.112815	-0.067928	-2.932072
0.152000	-16473.368658	-15354.353350	31827.722008	1119.015307	48301.090666	2.974488	-2.133117	-3.096611	0.126426	-0.534225	-0.006894	-0.749515	-0.336662	-0.153158	-0.067929	-2.932071
0.152200	-16473.307168	-15354.275871	31827.583039	1119.031296	48300.890207	3.041978	-1.828522	-0.665602	0.073160	-0.637588	-0.095787	-0.732001	-0.168060	0.122003	-0.067930	-2.932070
0.152400	-16473.245680	-15354.198389	31827.444069	1119.047291	48300.689750	3.101300	-1.535072	1.744378	0.028590	-0.686769	0.152631	-0.709165	0.024545	-0.026763	-0.067931	-2.932069
0.152600	-16473.184195	-15354.120904	31827.305099	1119.063291	48300.489295	-3.130616	-1.250627	-2.108149	-0.007498	-0.677669	-0.132047	-0.683075	0.224700	-0.078678	-0.067932	-2.932068
0.152800	-16473.122713	-15354.043416	31827.166129	1119.079297	48300.288841	-3.090133	-0.973229	0.315517	-0.033805	-0.609748	0.048154	-0.656336	0.414977	0.147523	-0.067934	-2.932066
0.153000	-16473.061233	-15353.965925	31827.027157	1119.095308	48300.088390	-3.059722	-0.702236	2.732016	-0.051911	-0.489030	0.061520	-0.632645	0.577969	-0.141710	-0.067935	-2.932065
0.153200	-16472.999755	-15353.888431	31826.888186	1119.111324	48299.887941	-3.038501	-0.435397	-1.122759	-0.063425	-0.325703	-0.139078	-0.613049	0.700182	0.066846	-0.067936	-2.932064
0.153400	-16472.938280	-15353.810933	31826.749213	1119.127346	48299.687493	-3.026120	-0.171093	1.297844	-0.069617	-0.133080	0.149053	-0.600207	0.770219	0.041726	-0.067937	-2.932063
0.153600	-16472.876807	-15353.733433	31826.610240	1119.143374	48299.487047	-3.017324	0.091182	-2.562285	-0.074325	0.071498	-0.084573	-0.595016	0.781955	-0.129281	-0.067939	-2.932061
0.153800	-16472.815337	-15353.655930	31826.471267	1119.159407	48299.286604	-3.009574	0.353535	-0.140348	-0.079264	0.271176	-0.021640	-0.596905	0.734816	0.153175	-0.067940	-2.932060
0.154000	-16472.753869	-15353.578424	31826.332293	1119.175445	48299.086162	-2.998503	0.617298	2.283299	-0.087376	0.448655	0.116698	-0.606466	0.632054	-0.100814	-0.067941	-2.932059
0.154200	-16472.692403	-15353.500915	31826.193318	1119.191489	48298.885722	-2.979420	0.883038	-1.574877	-0.101626	0.588367	-0.154942	-0.621149	0.483387	-0.000632	-0.067942	-2.932058
0.154400	-16472.630941	-15353.423403	31826.054343	1119.207538	48298.685284	-2.952075	1.153052	0.841049	-0.122633	0.679285	0.115232	-0.639312	0.301514	0.103071	-0.067943	-2.932057
0.154600	-16472.569480	-15353.345887	31825.915367	1119.223593	48298.484847	-2.913853	1.428691	-3.011549	-0.152700	0.713079	-0.019955	-0.658872	0.102020	-0.152584	-0.067945	-2.932055
0.154800	-16472.508022	-15353.268369	31825.776391	1119.239653	48298.284413	-2.865450	1.710816	-0.590633	-0.191544	0.687647	-0.086615	-0.675921	-0.096918	0.129185	-0.067946	-2.932054
0.155000	-16472.446566	-15353.190848	31825.637414	1119.255719	48298.083981	-2.808536	2.002032	1.824084	-0.238331	0.605901	0.149151	-0.688930	-0.278785	-0.038607	-0.067947	-2.932053
0.155200	-16472.385113	-15353.113324	31825.498437	1119.271790	48297.883550	-2.742731	2.303545	-2.022425	-0.292765	0.474811	-0.138608	-0.694657	-0.427273	-0.067234	-0.067948	-2.932052
0.155400	-16472.323663	-15353.035796	31825.359459	1119.287866	48297.683121	-2.670935	2.615790	0.390800	-0.351550	0.307237	0.059369	-0.690948	-0.529451	0.144104	-0.067950	-2.932050
0.155600	-16472.262214	-15352.958266	31825.220480	1119.303948	48297.482695	-2.594059	2.940264	2.810367	-0.413008	0.117804	0.049894	-0.677378	-0.577206	-0.145084	-0.067951	-2.932049
0.155800	-16472.200769	-15352.880733	31825.081501	1119.320036	48297.282270	-2.512808	-3.007471	-1.035188	-0.474250	-0.076341	-0.132992	-0.652109	-0.565771	0.078927	-0.067952	-2.932048
0.156000	-16472.139325	-15352.803196	31824.942522	1119.336129	48297.081847	-2.429967	-2.664250	1.371630	-0.531560	-0.257135	0.152594	-0.616403	-0.497131	0.030800	-0.067953	-2.932047
0.156200	-16472.077884	-15352.725657	31824.803541	1119.352227	48296.881426	-2.345517	-2.316088	-2.483761	-0.583483	-0.409102	-0.093591	-0.571154	-0.377537	-0.121132	-0.067955	-2.932045
0.156400	-16472.016446	-15352.648115	31824.664561	1119.368331	48296.681007	-2.261114	-1.968396	-0.051300	-0.626646	-0.517755	-0.007965	-0.517529	-0.217440	0.155125	-0.067956	-2.932044
0.156600	-16471.955010	-15352.570569	31824.525579	1119.384441	48296.480589	-2.178796	-1.626797	2.354434	-0.659758	-0.573425	0.109845	-0.459155	-0.032146	-0.109459	-0.067957	-2.932043
0.156800	-16471.893576	-15352.493021	31824.386597	1119.400555	48296.280174	-2.098401	-1.293807	-1.494250	-0.682430	-0.571230	-0.152794	-0.397655	0.162399	0.011719	-0.067958	-2.932042
0.157000	-16471.832145	-15352.415470	31824.247615	1119.416676	48296.079760	-2.022548	-0.971898	0.930022	-0.693438	-0.510289	0.124802	-0.336468	0.348283	0.093071	-0.067959	-2.932041
0.157200	-16471.770717	-15352.337915	31824.108632	1119.432801	48295.879349	-1.952350	-0.662325	-2.942652	-0.694766	-0.396515	-0.030516	-0.278751	0.508459	-0.151365	-0.067961	-2.932039
0.157400	-16471.709291	-15352.260358	31823.969648	1119.448933	48295.678939	-1.888316	-0.363380	-0.506868	-0.687266	-0.239225	-0.074669	-0.225862	0.629098	0.134478	-0.067962	-2.932038
0.157600	-16471.647867	-15352.182797	31823.830664	1119.465069	48295.478531	-1.833463	-0.074211	1.911064	-0.672894	-0.051916	0.146608	-0.180927	0.698280	-0.051905	-0.067963	-2.932037
0.157800	-16471.586446	-15352.105234	31823.691680	1119.481211	48295.278125	-1.787535	0.206130	-1.954034	-0.655209	0.148461	-0.142906	-0.144276	0.710002	-0.057616	-0.067964	-2.932036
0.158000	-16471.525027	-15352.027668	31823.552694	1119.497359	48295.077721	-1.751599	0.480278	0.477150	-0.635722	0.345288	0.070913	-0.116210	0.662786	0.137165	-0.067966	-2.932034
0.158200	-16471.463610	-15351.950098	31823.413709	1119.513512	48294.877319	-1.726589	0.749327	2.894321	-0.618105	0.520753	0.037936	-0.097083	0.559745	-0.150278	-0.067967	-2.932033
0.158400	-16471.402196	-15351.872526	31823.274722	1119.529671	48294.676919	-1.709394	1.014319	-0.965266	-0.604653	0.659632	-0.126838	-0.084344	0.410326	0.087808	-0.067968	-2.932032
0.158600	-16471.340785	-15351.794950	31823.135735	1119.545835	48294.476520	-1.699301	1.277602	1.458819	-0.596573	0.750290	0.153683	-0.077087	0.226509	0.017281	-0.067969	-2.932031
0.158800	-16471.279376	-15351.717372	31822.996748	1119.562004	48294.276124	-1.691898	1.539936	-2.402353	-0.596341	0.784006	-0.104067	-0.072573	0.024203	-0.114147	-0.067971	-2.932029
0.159000	-16471.217969	-15351.639790	31822.857760	1119.578179	48294.075729	-1.682276	1.802354	0.021065	-0.603285	0.758634	0.003261	-0.067534	-0.178876	0.154769	-0.067972	-2.932028
0.159200	-16471.156565	-15351.562206	31822.718771	1119.594359	48293.875336	-1.668378	2.067092	2.440629	-0.617493	0.676137	0.099573	-0.060448	-0.366130	-0.117986	-0.067973	-2.932027
0.159400	-16471.095164	-15351.484618	31822.579782	1119.610545	48293.674946	-1.645321	2.334821	-1.413652	-0.638212	0.543514	-0.152413	-0.047651	-0.520763	0.024150	-0.067974	-2.932026
0.159600	-16471.033764	-15351.407028	31822.440792	1119.626736	48293.474557	-1.612669	2.606870	1.004158	-0.662462	0.373179	0.131029	-0.027755	-0.630074	0.083365	-0.067975	-2.932025
0.159800	-16470.972368	-15351.329434	31822.301802	1119.642933	48293.274170	-1.570297	2.885668	-2.858235	-0.689078	0.179268	-0.043000	0.000344	-0.685113	-0.147669	-0.067977	-2.932023
0.160000	-16470.910973	-15351.251838	31822.162811	1119.659135	48293.073784	-1.517313	-3.111210	-0.425332	-0.714579	-0.020693	-0.063822	0.038254	-0.680853	0.140892	-0.067978	-2.932022
0.160200	-16470.849581	-15351.174238	31822.023820	1119.675343	48292.873401	-1.456536	-2.815806	1.985245	-0.736073	-0.209118	0.142242	0.084472	-0.619017	-0.062576	-0.067979	-2.932021
0.160400	-16470.788192	-15351.096636	31821.884828	1119.691556	48292.673020	-1.388201	-2.509044	-1.870605	-0.751837	-0.370137	-0.146449	0.138828	-0.504945	-0.045271	-0.067980	-2.932020
0.160600	-16470.726805	-15351.019030	31821.745835	1119.707775	48292.472640	-1.313617	-2.191087	0.560277	-0.758386	-0.488864	0.082544	0.199458	-0.349219	0.131578	-0.067982	-2.932018
0.160800	-16470.665420	-15350.941422	31821.606842	1119.723999	48292.272262	-1.235388	-1.861996	2.966876	-0.755100	-0.555682	0.026942	0.263212	-0.166549	-0.152633	-0.067983	-2.932017
0.161000	-16470.604038	-15350.863810	31821.467848	1119.740228	48292.071887	-1.153359	-1.522409	-0.881090	-0.740870	-0.564740	-0.118182	0.328578	0.027348	0.097481	-0.067984	-2.932016
0.161200	-16470.542659	-15350.786196	31821.328854	1119.756463	48291.871513	-1.069777	-1.176648	1.542646	-0.715012	-0.515031	0.155813	0.391559	0.214208	0.004387	-0.067985	-2.932015
0.161400	-16470.481281	-15350.708578	31821.189859	1119.772704	48291.671141	-0.986111	-0.829161	-2.331899	-0.679516	-0.411979	-0.111724	0.449761	0.377411	-0.106422	-0.067987	-2.932013
0.161600	-16470.419907	-15350.630957	31821.050864	1119.788949	48291.470771	-0.902433	-0.483963	0.107624	-0.634769	-0.264135	0.016501	0.501210	0.502485	0.152727	-0.067988	-2.932012
0.161800	-16470.358534	-15350.553334	31820.911868	1119.805201	48291.270403	-0.821481	-0.146496	2.523325	-0.583524	-0.085175	0.090412	0.542863	0.577247	-0.127109	-0.067989	-2.932011
0.162000	-16470.297165	-15350.475707	31820.772872	1119.821458	48291.070036	-0.743738	0.180411	-1.344256	-0.528745	0.108623	-0.149805	0.574743	0.595539	0.034530	-0.067990	-2.932010
0.162200	-16470.235797	-15350.398077	31820.633875	1119.837720	48290.869672	-0.670253	0.496437	1.093404	-0.472236	0.300581	0.137039	0.595756	0.554900	0.070890	-0.067992	-2.932008
0.162400	-16470.174432	-15350.320445	31820.494877	1119.853987	48290.669309	-0.603769	0.800627	-2.778343	-0.418080	0.472619	-0.055285	0.606189	0.458439	-0.145441	-0.067993	-2.932007
0.162600	-16470.113070	-15350.242809	31820.355879	1119.870261	48290.468949	-0.544110	1.094068	-0.354969	-0.367996	0.609797	-0.053393	0.608228	0.314936	0.144046	-0.067994	-2.932006
0.162800	-16470.051710	-15350.165171	31820.216880	1119.886539	48290.268590	-0.493460	1.379016	2.076039	-0.324061	0.699665	0.135464	0.602522	0.135852	-0.074929	-0.067995	-2.932005
0.163000	-16469.990352	-15350.087529	31820.077881	1119.902823	48290.068233	-0.453171	1.656109	-1.793867	-0.288503	0.733367	-0.151139	0.592442	-0.062718	-0.034285	-0.067997	-2.932003
0.163200	-16469.928997	-15350.009884	31819.938881	1119.919113	48289.867878	-0.422082	1.927163	0.633231	-0.260691	0.708374	0.091128	0.580512	-0.263700	0.124140	-0.067998	-2.932002
0.163400	-16469.867644	-15349.932236	31819.799881	1119.935408	48289.667525	-0.401490	2.194388	3.057255	-0.241475	0.625759	0.013046	0.568779	-0.450137	-0.154315	-0.067999	-2.932001
0.163600	-16469.806294	-15349.854586	31819.660880	1119.951708	48289.467174	-0.388329	2.458298	-0.806318	-0.229505	0.492588	-0.111537	0.560995	-0.605052	0.106965	-0.068000	-2.932000
0.163800	-16469.744946	-15349.776932	31819.521878	1119.968014	48289.266825	-0.379371	2.720606	1.618407	-0.222516	0.320504	0.154393	0.558126	-0.715799	-0.007356	-0.068002	-2.931998
0.164000	-16469.683601	-15349.699275	31819.382876	1119.984326	48289.066477	-0.372110	2.983172	-2.243414	-0.219404	0.123414	-0.120815	0.562152	-0.772502	-0.096232	-0.068003	-2.931997
0.164200	-16469.622258	-15349.621616	31819.243874	1120.000642	48288.866132	-0.360357	-3.036797	0.182416	-0.216363	-0.080998	0.028040	0.574195	-0.770087	0.152006	-0.068004	-2.931996
0.164400	-16469.560918	-15349.543953	31819.104870	1120.016965	48288.665788	-0.342299	-2.771088	2.600620	-0.211331	-0.275658	0.079786	0.593084	-0.709647	-0.132810	-0.068005	-2.931995
0.164600	-16469.499580	-15349.466287	31818.965867	1120.033292	48288.465446	-0.315317	-2.501078	-1.257847	-0.201969	-0.444073	-0.146409	0.619156	-0.595796	0.047376	-0.068007	-2.931993
0.164800	-16469.438244	-15349.388618	31818.826862	1120.049626	48288.265106	-0.277430	-2.226219	1.169652	-0.185100	-0.571254	0.142744	0.649991	-0.439178	0.060544	-0.068008	-2.931992
0.165000	-16469.376911	-15349.310947	31818.687858	1120.065964	48288.064768	-0.230531	-1.944289	-2.701335	-0.160372	-0.647353	-0.065977	0.683293	-0.253689	-0.140050	-0.068009	-2.931991
0.165200	-16469.315580	-15349.233272	31818.548852	1120.082308	48287.864432	-0.173867	-1.653408	-0.269382	-0.125988	-0.665565	-0.040867	0.717311	-0.055109	0.148017	-0.068010	-2.931990
0.165400	-16469.254252	-15349.155594	31818.409846	1120.098658	48287.664098	-0.109170	-1.353085	2.153703	-0.081984	-0.624858	0.129962	0.747991	0.138229	-0.085688	-0.068011	-2.931989
0.165600	-16469.192926	-15349.077913	31818.270840	1120.115013	48287.463766	-0.038574	-1.041390	-1.718447	-0.029857	-0.529813	-0.152579	0.773633	0.310004	-0.022693	-0.068013	-2.931987
0.165800	-16469.131603	-15349.000230	31818.131832	1120.131373	48287.263435	0.038011	-0.717720	0.719838	0.030103	-0.388465	0.101345	0.791564	0.444955	0.115587	-0.068014	-2.931986
0.166000	-16469.070282	-15348.922543	31817.992825	1120.147739	48287.063107	0.117842	-0.383967	3.135001	0.094630	-0.214479	0.001028	0.799306	0.530862	-0.156007	-0.068015	-2.931985
0.166200	-16469.008964	-15348.844853	31817.853817	1120.164111	48286.862780	0.200003	-0.041606	-0.732320	0.161535	-0.023356	-0.102691	0.796867	0.561046	0.114215	-0.068016	-2.931984
0.166400	-16468.947648	-15348.767160	31817.714808	1120.180488	48286.662455	0.283946	0.305641	1.707163	0.228414	0.167915	0.152894	0.782693	0.532172	-0.020980	-0.068018	-2.931982
0.166600	-16468.886334	-15348.689464	31817.575798	1120.196870	48286.462132	0.366979	0.651770	-2.167465	0.291301	0.341292	-0.128918	0.757823	0.447302	-0.087568	-0.068019	-2.931981
0.166800	-16468.825023	-15348.611765	31817.436788	1120.213258	48286.261811	0.449082	0.992923	0.256550	0.348816	0.481882	0.038879	0.723800	0.314251	0.148207	-0.068020	-2.931980
0.167000	-16468.763714	-15348.534064	31817.297778	1120.229651	48286.061492	0.528669	1.325636	2.691183	0.398103	0.576376	0.067476	0.681531	0.144205	-0.139541	-0.068021	-2.931979
0.167200	-16468.702408	-15348.456359	31817.158767	1120.246049	48285.861175	0.603544	1.646703	-1.184801	0.437548	0.615933	-0.143847	0.634725	-0.046843	0.058457	-0.068023	-2.931977
0.167400	-16468.641104	-15348.378651	31817.019755	1120.262454	48285.660860	0.673841	1.956418	1.245933	0.467363	0.597253	0.145345	0.585283	-0.242453	0.048952	-0.068024	-2.931976
0.167600	-16468.579803	-15348.300940	31816.880743	1120.278863	48285.460546	0.736860	2.255512	-2.610580	0.486406	0.520712	-0.078670	0.536074	-0.425157	-0.133957	-0.068025	-2.931975
0.167800	-16468.518504	-15348.223226	31816.741730	1120.295278	48285.260235	0.791503	2.544214	-0.198885	0.496574	0.393277	-0.030553	0.490548	-0.578098	0.151592	-0.068026	-2.931974
0.168000	-16468.457208	-15348.145509	31816.602717	1120.311699	48285.059925	0.837615	2.824882	2.233108	0.499308	0.225612	0.121363	0.449708	-0.688380	-0.094641	-0.068028	-2.931972
0.168200	-16468.395914	-15348.067789	31816.463703	1120.328125	48284.859617	0.872730	3.099184	-1.629379	0.496160	0.031625	-0.154929	0.416273	-0.745290	-0.009087	-0.068029	-2.931971
0.168400	-16468.334622	-15347.990066	31816.324689	1120.344556	48284.659311	0.898479	-2.915354	0.789542	0.490912	-0.171196	0.109586	0.390782	-0.743751	0.108681	-0.068030	-2.931970
0.168600	-16468.273333	-15347.912341	31816.185674	1120.360993	48284.459007	0.915562	-2.650043	-3.066198	0.485133	-0.366149	-0.011635	0.372823	-0.683904	-0.154024	-0.068031	-2.931969
0.168800	-16468.212047	-15347.834612	31816.046658	1120.377435	48284.258705	0.925498	-2.386745	-0.645951	0.481953	-0.536086	-0.093110	0.362820	-0.569885	0.123515	-0.068033	-2.931967
0.169000	-16468.150763	-15347.756880	31815.907642	1120.393883	48284.058405	0.933783	-2.124850	1.777978	0.483992	-0.666152	0.151246	0.358111	-0.412146	-0.031792	-0.068034	-2.931966
0.169200	-16468.089481	-15347.679145	31815.768626	1120.410336	48283.858106	0.942595	-1.862163	-2.084592	0.491899	-0.745929	-0.134694	0.357297	-0.223706	-0.076015	-0.068035	-2.931965
0.169400	-16468.028202	-15347.601407	31815.629608	1120.426795	48283.657810	0.956729	-1.597599	0.340715	0.507925	-0.767853	0.051518	0.358082	-0.020586	0.145308	-0.068036	-2.931964
0.169600	-16467.966925	-15347.523666	31815.490591	1120.443259	48283.457515	0.979545	-1.330401	2.764022	0.531478	-0.730796	0.057180	0.356818	0.179144	-0.144177	-0.068038	-2.931962
0.169800	-16467.905650	-15347.445922	31815.351572	1120.459728	48283.257223	1.011023	-1.058186	-1.102784	0.561927	-0.638268	-0.137766	0.352122	0.359211	0.069636	-0.068039	-2.931961
0.170000	-16467.844378	-15347.368175	31815.212553	1120.476203	48283.056932	1.053443	-0.779826	1.329521	0.598747	-0.498041	0.149589	0.340719	0.503622	0.036809	-0.068040	-2.931960
0.170200	-16467.783109	-15347.290425	31815.073534	1120.492684	48282.856643	1.105195	-0.494266	-2.536363	0.638668	-0.323459	-0.088530	0.320895	0.600243	-0.127963	-0.068042	-2.931958
0.170400	-16467.721842	-15347.212672	31814.934514	1120.509170	48282.656356	1.165082	-0.198930	-0.118427	0.680219	-0.129331	-0.018166	0.292185	0.641533	0.152672	-0.068043	-2.931957
0.170600	-16467.660577	-15347.134916	31814.795493	1120.525661	48282.456071	1.233066	0.106965	2.317854	0.720341	0.066951	0.113307	0.252973	0.623524	-0.104935	-0.068044	-2.931956
0.170800	-16467.599315	-15347.057157	31814.656472	1120.542158	48282.255787	1.306146	0.423743	-1.555494	0.755684	0.247648	-0.155680	0.204796	0.549025	0.002382	-0.068045	-2.931955
0.171000	-16467.538055	-15346.979395	31814.517450	1120.558660	48282.055506	1.383913	0.752369	0.869200	0.784861	0.397586	0.117026	0.148410	0.424757	0.098890	-0.068047	-2.931953
0.171200	-16467.476798	-15346.901630	31814.378428	1120.575168	48281.855226	1.465169	1.090630	-2.979737	0.804585	0.502741	-0.024995	0.085304	0.261838	-0.153079	-0.068048	-2.931952
0.171400	-16467.415543	-15346.823862	31814.239405	1120.591681	48281.654949	1.547439	1.434879	-0.574054	0.813991	0.554254	-0.084327	0.019016	0.075800	0.130395	-0.068049	-2.931951
0.171600	-16467.354291	-15346.746091	31814.100382	1120.608200	48281.454673	1.630911	1.781846	1.858674	0.812618	0.547764	0.146810	-0.048909	-0.117353	-0.043471	-0.068050	-2.931950
0.171800	-16467.293041	-15346.668317	31813.961358	1120.624724	48281.254399	1.713468	2.125934	-1.997352	0.799568	0.483184	-0.141717	-0.114856	-0.299669	-0.064404	-0.068052	-2.931948
0.172000	-16467.231794	-15346.590540	31813.822334	1120.641254	48281.054127	1.793574	2.462322	0.410171	0.777001	0.367060	0.061652	-0.176020	-0.454589	0.141782	-0.068053	-2.931947
0.172200	-16467.170549	-15346.512760	31813.683308	1120.657789	48280.853857	1.871160	2.789272	2.847331	0.745684	0.209063	0.044522	-0.230964	-0.568629	-0.146909	-0.068054	-2.931946
0.172400	-16467.109306	-15346.434977	31813.544283	1120.674329	48280.653589	1.943386	3.104814	-1.016672	0.707924	0.023198	-0.132471	-0.276688	-0.630461	0.081973	-0.068055	-2.931945
0.172600	-16467.048066	-15346.357191	31813.405257	1120.690875	48280.453322	2.009677	-2.874679	1.397628	0.667111	-0.173591	0.151753	-0.313152	-0.634847	0.026545	-0.068057	-2.931943
0.172800	-16466.986828	-15346.279402	31813.266230	1120.707426	48280.253058	2.069018	-2.580849	-2.450124	0.624809	-0.364721	-0.098295	-0.339893	-0.580779	-0.118741	-0.068058	-2.931942
0.173000	-16466.925593	-15346.201610	31813.127203	1120.723983	48280.052795	2.118718	-2.296132	-0.034987	0.584805	-0.532534	-0.005436	-0.356877	-0.472119	0.155320	-0.068059	-2.931941
0.173200	-16466.864360	-15346.123815	31812.988175	1120.740546	48279.852535	2.159519	-2.019305	2.386614	0.549100	-0.662389	0.105505	-0.366638	-0.318753	-0.112128	-0.068060	-2.931940
0.173400	-16466.803130	-15346.046016	31812.849146	1120.757113	48279.652276	2.190056	-1.747825	-1.467524	0.519088	-0.743011	-0.153808	-0.370002	-0.132926	0.015941	-0.068062	-2.931938
0.173600	-16466.741902	-15345.968215	31812.710117	1120.773686	48279.452019	2.210602	-1.480856	0.949614	0.497084	-0.766353	0.125903	-0.369951	0.069113	0.090108	-0.068063	-2.931937
0.173800	-16466.680676	-15345.890411	31812.571088	1120.790265	48279.251764	2.224493	-1.217150	-2.908737	0.482294	-0.730930	-0.035614	-0.369463	0.269835	-0.150171	-0.068064	-2.931936
0.174000	-16466.619453	-15345.812604	31812.432058	1120.806849	48279.051511	2.232753	-0.954481	-0.486193	0.475008	-0.639123	-0.072261	-0.370147	0.452730	0.136727	-0.068065	-2.931935
0.174200	-16466.558233	-15345.734794	31812.293027	1120.823439	48278.851260	2.240717	-0.692283	1.937216	0.474212	-0.498596	0.144178	-0.375635	0.601311	-0.055328	-0.068067	-2.931933
0.174400	-16466.497015	-15345.656981	31812.153996	1120.840034	48278.651010	2.252307	-0.429264	-1.923917	0.477129	-0.322002	-0.145342	-0.387029	0.703475	-0.053569	-0.068068	-2.931932
0.174600	-16466.435799	-15345.579165	31812.014964	1120.856634	48278.450763	2.269674	-0.163297	0.496456	0.482667	-0.123675	0.073453	-0.405620	0.750619	0.135594	-0.068069	-2.931931
0.174800	-16466.374586	-15345.501346	31811.875931	1120.873240	48278.250517	2.297017	0.106175	2.925878	0.487259	0.078696	0.033072	-0.432751	0.738403	-0.150927	-0.068070	-2.931930
0.175000	-16466.313375	-15345.423524	31811.736898	1120.889851	48278.050273	2.333698	0.380773	-0.942017	0.488395	0.267831	-0.125547	-0.466901	0.669061	0.091304	-0.068072	-2.931928
0.175200	-16466.252167	-15345.345698	31811.597865	1120.906468	48277.850032	2.380135	0.662785	1.482214	0.484274	0.427977	0.153022	-0.508035	0.548283	0.013591	-0.068073	-2.931927
0.175400	-16466.190961	-15345.267870	31811.458831	1120.923090	48277.649792	2.436382	0.952829	-2.370232	0.471621	0.544673	-0.108073	-0.554043	0.387178	-0.111151	-0.068074	-2.931926
0.175600	-16466.129757	-15345.190039	31811.319796	1120.939718	48277.449553	2.499642	1.252656	0.039036	0.450086	0.608845	0.006053	-0.602057	0.200509	0.154972	-0.068075	-2.931925
0.175800	-16466.068556	-15345.112205	31811.180761	1120.956351	48277.249317	2.569995	1.564087	2.470804	0.418448	0.614958	0.095289	-0.650547	0.004126	-0.120081	-0.068077	-2.931923
0.176000	-16466.007358	-15345.034368	31811.041725	1120.972990	48277.049083	2.645566	1.886420	-1.386347	0.376391	0.562650	-0.153028	-0.695533	-0.183727	0.028550	-0.068078	-2.931922
0.176200	-16465.946161	-15344.956528	31810.902689	1120.989634	48276.848851	2.724264	2.219244	1.021804	0.325870	0.457673	0.131808	-0.734980	-0.346805	0.080629	-0.068079	-2.931921
0.176400	-16465.884968	-15344.878685	31810.763652	1121.006283	48276.648620	2.806196	2.560965	-2.823082	0.267279	0.308863	-0.048061	-0.766797	-0.470780	-0.145754	-0.068081	-2.931919
0.176600	-16465.823776	-15344.800838	31810.624615	1121.022938	48276.448391	2.888804	2.906577	-0.405162	0.203615	0.130250	-0.061496	-0.788243	-0.543975	0.143384	-0.068082	-2.931918
0.176800	-16465.762588	-15344.722989	31810.485577	1121.039599	48276.248165	2.971186	-3.031465	2.007805	0.137575	-0.061997	0.139385	-0.799503	-0.560675	-0.065111	-0.068083	-2.931917
0.177000	-16465.701401	-15344.645137	31810.346538	1121.056264	48276.047940	3.052859	-2.690716	-1.835774	0.071122	-0.251129	-0.148686	-0.799423	-0.518714	-0.040347	-0.068084	-2.931916
0.177200	-16465.640217	-15344.567282	31810.207499	1121.072936	48275.847717	3.131097	-2.359174	0.575528	0.008278	-0.419255	0.084831	-0.788659	-0.421760	0.130752	-0.068086	-2.931914
0.177400	-16465.579036	-15344.489424	31810.068460	1121.089612	48275.647495	-3.077377	-2.038551	2.996547	-0.049468	-0.551830	0.022183	-0.769271	-0.278754	-0.151861	-0.068087	-2.931913
0.177600	-16465.517857	-15344.411562	31809.929419	1121.106295	48275.447276	-3.007836	-1.728737	-0.851794	-0.099846	-0.636574	-0.116417	-0.742016	-0.101385	0.101901	-0.068088	-2.931912
0.177800	-16465.456680	-15344.333698	31809.790378	1121.122982	48275.247059	-2.945769	-1.430301	1.558225	-0.140924	-0.665177	0.155298	-0.710428	0.094074	0.001952	-0.068089	-2.931911
0.178000	-16465.395506	-15344.255831	31809.651337	1121.139675	48275.046843	-2.890909	-1.141661	-2.297603	-0.173306	-0.635438	-0.114796	-0.676789	0.290761	-0.102075	-0.068091	-2.931909
0.178200	-16465.334335	-15344.177961	31809.512295	1121.156374	48274.846630	-2.845773	-0.860726	0.129708	-0.196078	-0.548708	0.020053	-0.643380	0.471697	0.153735	-0.068092	-2.931908
0.178400	-16465.273165	-15344.100088	31809.373253	1121.173078	48274.646418	-2.810717	-0.586909	2.544163	-0.210848	-0.412503	0.087029	-0.613816	0.620224	-0.127914	-0.068093	-2.931907
0.178600	-16465.211998	-15344.022211	31809.234210	1121.189787	48274.446208	-2.784674	-0.318186	-1.310763	-0.219620	-0.238485	-0.148955	-0.588970	0.724050	0.039631	-0.068094	-2.931906
0.178800	-16465.150834	-15343.944332	31809.095166	1121.206502	48274.246000	-2.768338	-0.052646	1.111114	-0.223620	-0.040759	0.138785	-0.571025	0.773486	0.068706	-0.068096	-2.931904
0.179000	-16465.089672	-15343.866450	31808.956122	1121.223222	48274.045794	-2.757542	0.210178	-2.750723	-0.226643	0.162979	-0.058852	-0.560836	0.763984	-0.142821	-0.068097	-2.931903
0.179200	-16465.028513	-15343.788565	31808.817077	1121.239948	48273.845590	-2.749499	0.472200	-0.327181	-0.230494	0.355898	-0.049704	-0.557416	0.696834	0.146455	-0.068098	-2.931902
0.179400	-16464.967356	-15343.710676	31808.678032	1121.256679	48273.645388	-2.740892	0.735010	2.094797	-0.237709	0.521514	0.133627	-0.561137	0.576909	-0.077221	-0.068100	-2.931900
0.179600	-16464.906201	-15343.632785	31808.538986	1121.273416	48273.445187	-2.726150	0.999049	-1.762522	-0.251199	0.645224	-0.151893	-0.569460	0.415161	-0.029484	-0.068101	-2.931899
0.179800	-16464.845049	-15343.554891	31808.399940	1121.290158	48273.244989	-2.704367	1.266379	0.654261	-0.271294	0.717439	0.094214	-0.580437	0.225407	0.122843	-0.068102	-2.931898
0.180000	-16464.783899	-15343.476994	31808.260893	1121.306906	48273.044792	-2.672837	1.538567	3.081744	-0.299888	0.731539	0.009202	-0.592193	0.023585	-0.153571	-0.068103	-2.931897
0.180200	-16464.722752	-15343.399093	31808.121845	1121.323659	48272.844597	-2.630868	1.816263	-0.776827	-0.336669	0.686937	-0.108873	-0.600863	-0.172090	0.110755	-0.068105	-2.931895
0.180400	-16464.661607	-15343.321190	31807.982797	1121.340417	48272.644404	-2.580308	2.101868	1.636021	-0.380377	0.588270	0.154137	-0.604983	-0.345525	-0.010068	-0.068106	-2.931894
0.180600	-16464.600465	-15343.243284	31807.843748	1121.357181	48272.444213	-2.520450	2.396901	-2.212513	-0.430644	0.443799	-0.123168	-0.601764	-0.481485	-0.092033	-0.068107	-2.931893
0.180800	-16464.539325	-15343.165374	31807.704699	1121.373950	48272.244024	-2.453653	2.701800	0.205670	-0.484170	0.267330	0.031820	-0.589102	-0.568151	0.152527	-0.068108	-2.931892
0.181000	-16464.478187	-15343.087462	31807.565649	1121.390725	48272.043837	-2.381422	3.018313	2.620403	-0.539067	0.074218	0.076589	-0.566976	-0.598979	-0.133397	-0.068110	-2.931890
0.181200	-16464.417052	-15343.009547	31807.426599	1121.407505	48271.843651	-2.303972	-2.937010	-1.224176	-0.592761	-0.118434	-0.144996	-0.533872	-0.570808	0.052373	-0.068111	-2.931889
0.181400	-16464.355920	-15342.931629	31807.287548	1121.424291	48271.643468	-2.224141	-2.600256	1.186303	-0.641551	-0.292817	0.144512	-0.491105	-0.487015	0.058474	-0.068112	-2.931888
0.181600	-16464.294790	-15342.853707	31807.148497	1121.441082	48271.443286	-2.142306	-2.256644	-2.675149	-0.684179	-0.434209	-0.068931	-0.439996	-0.355348	-0.136904	-0.068114	-2.931886
0.181800	-16464.233662	-15342.775783	31807.009445	1121.457879	48271.243107	-2.059547	-1.910668	-0.238648	-0.717705	-0.529359	-0.036603	-0.381664	-0.187177	0.150456	-0.068115	-2.931885
0.182000	-16464.172537	-15342.697856	31806.870392	1121.474681	48271.042929	-1.978280	-1.568114	2.167685	-0.740876	-0.569787	0.128601	-0.319794	0.001529	-0.087395	-0.068116	-2.931884
0.182200	-16464.111414	-15342.619925	31806.731339	1121.491488	48270.842753	-1.898334	-1.232141	-1.685777	-0.753771	-0.552215	-0.152162	-0.256114	0.194503	-0.017573	-0.068117	-2.931883
0.182400	-16464.050293	-15342.541992	31806.592285	1121.508301	48270.642579	-1.821845	-0.905750	0.743658	-0.755370	-0.477181	0.105201	-0.193722	0.374216	0.114372	-0.068119	-2.931881
0.182600	-16463.989175	-15342.464056	31806.453231	1121.525120	48270.442406	-1.750458	-0.591185	-3.131269	-0.747741	-0.351822	-0.001598	-0.135805	0.524111	-0.154816	-0.068120	-2.931880
0.182800	-16463.928060	-15342.386116	31806.314176	1121.541943	48270.242236	-1.684264	-0.287445	-0.697342	-0.732099	-0.186658	-0.098612	-0.083428	0.631387	0.117710	-0.068121	-2.931879
0.183000	-16463.866947	-15342.308174	31806.175121	1121.558773	48270.042068	-1.626185	0.006213	1.724499	-0.710252	0.004258	0.153664	-0.039380	0.685415	-0.023806	-0.068122	-2.931878
0.183200	-16463.805836	-15342.230229	31806.036065	1121.575607	48269.841901	-1.576575	0.290340	-2.143921	-0.685858	0.203594	-0.129656	-0.003964	0.681410	-0.083678	-0.068124	-2.931876
0.183400	-16463.744728	-15342.152280	31805.897008	1121.592448	48269.641736	-1.536025	0.567430	0.288144	-0.660414	0.394793	0.043812	0.022973	0.619430	0.147817	-0.068125	-2.931875
0.183600	-16463.683622	-15342.074329	31805.757951	1121.609293	48269.441573	-1.506345	0.838818	2.706409	-0.637256	0.560685	0.065396	0.041129	0.503768	-0.140663	-0.068126	-2.931874
0.183800	-16463.622519	-15341.996375	31805.618894	1121.626144	48269.241413	-1.485102	1.105356	-1.155220	-0.618736	0.686723	-0.141129	0.053152	0.344901	0.062277	-0.068128	-2.931872
0.184000	-16463.561418	-15341.918417	31805.479835	1121.643001	48269.041253	-1.471745	1.369388	1.270588	-0.605691	0.762482	0.147682	0.060192	0.155681	0.045717	-0.068129	-2.931871
0.184200	-16463.500320	-15341.840457	31805.340777	1121.659863	48268.841096	-1.463384	1.631913	-2.591896	-0.600392	0.780493	-0.080745	0.064739	-0.047761	-0.131787	-0.068130	-2.931870
0.184400	-16463.439224	-15341.762494	31805.201717	1121.676730	48268.640941	-1.454785	1.893743	-0.167780	-0.602123	0.739801	-0.025828	0.070168	-0.247584	0.152492	-0.068131	-2.931869
0.184600	-16463.378130	-15341.684527	31805.062657	1121.693603	48268.440788	-1.443999	2.157098	2.251909	-0.610576	0.643753	0.120070	0.077837	-0.427589	-0.097318	-0.068133	-2.931867
0.184800	-16463.317039	-15341.606558	31804.923597	1121.710481	48268.240636	-1.426074	2.422816	-1.604125	-0.625088	0.500253	-0.154123	0.091101	-0.571780	-0.005139	-0.068134	-2.931866
0.185000	-16463.255950	-15341.528586	31804.784536	1121.727365	48268.040486	-1.399168	2.691923	0.816553	-0.642564	0.322538	0.113127	0.111378	-0.668267	0.106289	-0.068135	-2.931865
0.185200	-16463.194864	-15341.450610	31804.645474	1121.744254	48267.840339	-1.363260	2.966820	-3.048458	-0.661756	0.125260	-0.014329	0.139345	-0.709389	-0.153408	-0.068136	-2.931864
0.185400	-16463.133780	-15341.372632	31804.506412	1121.761149	48267.640193	-1.316647	-3.034789	-0.615452	-0.679482	-0.074110	-0.089107	0.176507	-0.691256	0.126024	-0.068138	-2.931862
0.185600	-16463.072699	-15341.294650	31804.367350	1121.778049	48267.440049	-1.261637	-2.745233	1.798124	-0.692763	-0.258093	0.151537	0.221269	-0.616697	-0.035055	-0.068139	-2.931861
0.185800	-16463.011620	-15341.216666	31804.228286	1121.794954	48267.239907	-1.198854	-2.445288	-2.062499	-0.700179	-0.411483	-0.135292	0.273140	-0.492210	-0.072459	-0.068140	-2.931860
0.186000	-16462.950544	-15341.138679	31804.089222	1121.811865	48267.039766	-1.128935	-2.134674	0.371467	-0.698502	-0.520264	0.056228	0.330431	-0.328997	0.144341	-0.068142	-2.931858
0.186200	-16462.889470	-15341.060688	31803.950158	1121.828781	48266.839628	-1.054737	-1.813218	2.778996	-0.687146	-0.575714	0.055107	0.389846	-0.142366	-0.145259	-0.068143	-2.931857
0.186400	-16462.828398	-15340.982695	31803.811093	1121.845703	48266.639491	-0.976274	-1.480691	-1.073746	-0.665448	-0.573243	-0.134620	0.449926	0.051793	0.073028	-0.068144	-2.931856
0.186600	-16462.767329	-15340.904699	31803.672028	1121.862631	48266.439357	-0.895310	-1.140301	1.355148	-0.632739	-0.512810	0.151949	0.506965	0.235493	0.033285	-0.068145	-2.931855
0.186800	-16462.706262	-15340.826699	31803.532962	1121.879563	48266.239224	-0.813811	-0.795993	-2.521464	-0.591169	-0.400821	-0.089943	0.558495	0.392416	-0.125953	-0.068147	-2.931853
0.187000	-16462.645198	-15340.748697	31803.393895	1121.896501	48266.039093	-0.731637	-0.451352	-0.084515	-0.541358	-0.246699	-0.012944	0.602936	0.508948	0.152787	-0.068148	-2.931852
0.187200	-16462.584136	-15340.670691	31803.254828	1121.913445	48265.838964	-0.651287	-0.111906	2.336241	-0.485849	-0.064478	0.112410	0.637399	0.573771	-0.108011	-0.068149	-2.931851
0.187400	-16462.523077	-15340.592683	31803.115760	1121.930394	48265.638837	-0.573700	0.218578	-1.535460	-0.427786	0.129199	-0.154006	0.662001	0.581647	0.005444	-0.068151	-2.931849
0.187600	-16462.462020	-15340.514672	31802.976692	1121.947349	48265.438712	-0.499402	0.539076	0.902602	-0.368806	0.317793	0.120816	0.676055	0.531271	0.095362	-0.068152	-2.931848
0.187800	-16462.400966	-15340.436657	31802.837623	1121.964308	48265.238588	-0.431235	0.848094	-2.966160	-0.312774	0.483652	-0.027180	0.679770	0.426513	-0.153342	-0.068153	-2.931847
0.188000	-16462.339914	-15340.358640	31802.698553	1121.981274	48265.038467	-0.369284	1.145974	-0.546942	-0.261461	0.612304	-0.079970	0.675541	0.276988	0.131334	-0.068154	-2.931846
0.188200	-16462.278864	-15340.280619	31802.559483	1121.998245	48264.838347	-0.315177	1.434818	1.886437	-0.216531	0.692253	0.146898	0.664115	0.094716	-0.047971	-0.068156	-2.931844
0.188400	-16462.217817	-15340.202596	31802.420413	1122.015221	48264.638230	-0.270941	1.715251	-1.983278	-0.180179	0.715447	-0.142173	0.648657	-0.104075	-0.062213	-0.068157	-2.931843
0.188600	-16462.156772	-15340.124570	31802.281342	1122.032203	48264.438114	-0.235535	1.988805	0.441750	-0.151641	0.680261	0.065811	0.631864	-0.302162	0.139159	-0.068158	-2.931842
0.188800	-16462.095730	-15340.046540	31802.142270	1122.049190	48264.238000	-0.210426	2.257830	2.867960	-0.131466	0.588745	0.041832	0.615515	-0.482984	-0.149042	-0.068160	-2.931840
0.189000	-16462.034690	-15339.968508	31802.003198	1122.066182	48264.037888	-0.193920	2.522947	-0.997140	-0.118467	0.448525	-0.129892	0.603232	-0.630069	0.083928	-0.068161	-2.931839
0.189200	-16461.973653	-15339.890472	31801.864125	1122.083180	48263.837778	-0.182779	2.785657	1.428109	-0.110163	0.271897	0.152886	0.595982	-0.731359	0.021964	-0.068162	-2.931838
0.189400	-16461.912618	-15339.812434	31801.725052	1122.100184	48263.637669	-0.175398	3.047982	-2.433647	-0.105509	0.073037	-0.100517	0.595360	-0.777937	-0.117432	-0.068163	-2.931837
0.189600	-16461.851585	-15339.734392	31801.585978	1122.117193	48263.437563	-0.165906	-2.972827	-0.008826	-0.100895	-0.130418	-0.001363	0.602556	-0.765426	0.154464	-0.068165	-2.931835
0.189800	-16461.790555	-15339.656348	31801.446903	1122.134207	48263.237458	-0.151595	-2.708812	2.411270	-0.094139	-0.321434	0.103363	0.616225	-0.695757	-0.115425	-0.068166	-2.931834
0.190000	-16461.729527	-15339.578301	31801.307828	1122.151227	48263.037355	-0.130063	-2.441217	-1.449589	-0.083260	-0.484090	-0.152899	0.636543	-0.574293	0.018624	-0.068167	-2.931833
0.190200	-16461.668502	-15339.500250	31801.168752	1122.168252	48262.837255	-0.098176	-2.169538	0.979139	-0.065133	-0.603913	0.128477	0.661291	-0.412045	0.086332	-0.068169	-2.931831
0.190400	-16461.607479	-15339.422197	31801.029676	1122.185283	48262.637156	-0.057334	-1.891840	-2.890740	-0.039488	-0.671709	-0.038485	0.687979	-0.223376	-0.150186	-0.068170	-2.931830
0.190600	-16461.546459	-15339.344140	31800.890600	1122.202319	48262.437059	-0.006810	-1.606091	-0.462352	-0.004870	-0.681550	-0.068493	0.715058	-0.024065	0.137430	-0.068171	-2.931829
0.190800	-16461.485441	-15339.266081	31800.751522	1122.219360	48262.236963	0.052501	-1.311779	1.964472	0.038815	-0.632959	0.143510	0.738633	0.167715	-0.059608	-0.068172	-2.931828
0.191000	-16461.424426	-15339.188019	31800.612444	1122.236407	48262.036870	0.118137	-1.007049	-1.909026	0.089844	-0.531252	-0.145880	0.756962	0.335848	-0.051313	-0.068174	-2.931826
0.191200	-16461.363413	-15339.109953	31800.473366	1122.253460	48261.836779	0.190301	-0.690719	0.526717	0.147898	-0.384948	0.077161	0.767773	0.465731	0.132690	-0.068175	-2.931825
0.191400	-16461.302402	-15339.031885	31800.334287	1122.270518	48261.636689	0.266593	-0.364072	2.946609	0.209893	-0.207914	0.030206	0.768576	0.545621	-0.152948	-0.068176	-2.931824
0.191600	-16461.241394	-15338.953813	31800.195207	1122.287581	48261.436601	0.345593	-0.027955	-0.924560	0.273470	-0.015925	-0.122929	0.759550	0.569504	0.092723	-0.068178	-2.931822
0.191800	-16461.180388	-15338.875739	31800.056127	1122.304650	48261.236516	0.427112	0.314993	1.514977	0.336524	0.174251	0.153688	0.739402	0.534770	0.008588	-0.068179	-2.931821
0.192000	-16461.119385	-15338.797661	31799.917047	1122.321724	48261.036432	0.508458	0.659318	-2.356049	0.395165	0.344791	-0.110304	0.709024	0.444884	-0.110272	-0.068180	-2.931820
0.192200	-16461.058384	-15338.719581	31799.777965	1122.338804	48260.836350	0.589283	1.001011	0.063090	0.448052	0.481140	0.009674	0.670217	0.308250	0.153137	-0.068181	-2.931819
0.192400	-16460.997386	-15338.641497	31799.638883	1122.355889	48260.636270	0.668511	1.336361	2.500314	0.492699	0.570649	0.092492	0.623802	0.136286	-0.123896	-0.068183	-2.931817
0.192600	-16460.936390	-15338.563411	31799.499801	1122.372979	48260.436191	0.743677	1.661397	-1.374581	0.527411	0.604877	-0.152569	0.573363	-0.054953	0.030327	-0.068184	-2.931816
0.192800	-16460.875397	-15338.485322	31799.360718	1122.390075	48260.236115	0.814911	1.975493	1.052270	0.552629	0.581155	0.133198	0.520936	-0.248933	0.076004	-0.068185	-2.931815
0.193000	-16460.814406	-15338.407229	31799.221635	1122.407176	48260.036040	0.879965	2.279030	-2.800612	0.567348	0.500384	-0.051876	0.469047	-0.428560	-0.146194	-0.068187	-2.931813
0.193200	-16460.753417	-15338.329134	31799.082551	1122.424283	48259.835968	0.937214	2.571818	-0.390217	0.573320	0.369792	-0.058929	0.421170	-0.577213	0.143271	-0.068188	-2.931812
0.193400	-16460.692431	-15338.251035	31798.943466	1122.441396	48259.635897	0.986772	2.855863	2.040370	0.572226	0.200472	0.137109	0.378204	-0.682415	-0.069573	-0.068189	-2.931811
0.193600	-16460.631447	-15338.172934	31798.804381	1122.458513	48259.435828	1.026055	3.132966	-1.819670	0.565419	0.006333	-0.150398	0.342583	-0.734042	-0.038223	-0.068190	-2.931810
0.193800	-16460.570466	-15338.094829	31798.665295	1122.475636	48259.235761	1.055829	-2.879437	0.597135	0.556626	-0.195163	0.086852	0.314994	-0.727323	0.127734	-0.068192	-2.931808
0.194000	-16460.509487	-15338.016722	31798.526209	1122.492765	48259.035696	1.076889	-2.612776	3.025395	0.547474	-0.387380	0.017892	0.294769	-0.662950	-0.153288	-0.068193	-2.931807
0.194200	-16460.448510	-15337.938611	31798.387122	1122.509899	48258.835632	1.089579	-2.348691	-0.837423	0.540750	-0.553611	-0.114989	0.282357	-0.545364	0.103607	-0.068194	-2.931806
0.194400	-16460.387537	-15337.860498	31798.248035	1122.527038	48258.635571	1.098815	-2.086652	1.585639	0.539171	-0.679214	0.154459	0.275226	-0.385163	-0.002293	-0.068196	-2.931804
0.194600	-16460.326565	-15337.782382	31798.108947	1122.544183	48258.435511	1.106869	-1.824579	-2.275645	0.543216	-0.754217	-0.117831	0.271798	-0.195625	-0.100228	-0.068197	-2.931803
0.194800	-16460.265596	-15337.704262	31797.969858	1122.561334	48258.235454	1.117880	-1.561197	0.147852	0.554967	-0.771510	0.022721	0.270078	0.007406	0.152550	-0.068198	-2.931802
0.195000	-16460.204629	-15337.626140	31797.830769	1122.578490	48258.035398	1.136250	-1.295914	2.572587	0.574001	-0.730164	0.083475	0.266414	0.205922	-0.130519	-0.068200	-2.931800
0.195200	-16460.143665	-15337.548014	31797.691679	1122.595651	48257.835344	1.162288	-1.026483	-1.294362	0.599443	-0.634124	-0.148711	0.259474	0.383840	0.042189	-0.068201	-2.931799
0.195400	-16460.082703	-15337.469886	31797.552589	1122.612817	48257.635292	1.198619	-0.751640	1.135908	0.630927	-0.491251	0.139606	0.246295	0.525592	0.064854	-0.068202	-2.931798
0.195600	-16460.021744	-15337.391754	31797.413498	1122.629989	48257.435242	1.244624	-0.470531	-2.726751	0.665273	-0.314944	-0.062672	0.225031	0.619196	-0.142307	-0.068203	-2.931797
0.195800	-16459.960787	-15337.313620	31797.274407	1122.647167	48257.235194	1.298849	-0.180674	-0.311368	0.700923	-0.120108	-0.047195	0.195456	0.657531	0.146643	-0.068205	-2.931795
0.196000	-16459.899832	-15337.235482	31797.135315	1122.664350	48257.035147	1.361695	0.118996	2.124595	0.735168	0.076148	0.131092	0.156005	0.636895	-0.081060	-0.068206	-2.931794
0.196200	-16459.838880	-15337.157342	31796.996222	1122.681538	48256.835103	1.430377	0.428871	-1.745546	0.764602	0.256153	-0.153408	0.108076	0.560198	-0.027084	-0.068207	-2.931793
0.196400	-16459.777931	-15337.079199	31796.857129	1122.698732	48256.635060	1.504090	0.750325	0.674852	0.787992	0.404989	0.095862	0.052642	0.434442	0.119801	-0.068209	-2.931791
0.196600	-16459.716984	-15337.001052	31796.718036	1122.715932	48256.435019	1.582089	1.082070	3.111291	0.802294	0.508971	0.004688	-0.009060	0.270648	-0.154654	-0.068210	-2.931790
0.196800	-16459.656039	-15336.922903	31796.578942	1122.733136	48256.234980	1.661695	1.421136	-0.764777	0.806505	0.559313	-0.107712	-0.073513	0.084338	0.112249	-0.068211	-2.931789
0.197000	-16459.595097	-15336.844750	31796.439847	1122.750346	48256.034943	1.742939	1.764935	1.663654	0.800442	0.551994	0.152468	-0.139168	-0.108530	-0.014199	-0.068213	-2.931787
0.197200	-16459.534157	-15336.766595	31796.300752	1122.767562	48255.834908	1.824124	2.108389	-2.188449	0.783140	0.486988	-0.126664	-0.202747	-0.290323	-0.089978	-0.068214	-2.931786
0.197400	-16459.473219	-15336.688436	31796.161656	1122.784783	48255.634875	1.903338	2.446308	0.218026	0.756680	0.370847	0.033518	-0.261333	-0.444523	0.151291	-0.068215	-2.931785
0.197600	-16459.412284	-15336.610275	31796.022559	1122.802009	48255.434844	1.980694	2.776322	2.652705	0.721993	0.213367	0.072012	-0.313713	-0.557919	-0.135371	-0.068216	-2.931784
0.197800	-16459.351352	-15336.532110	31795.883462	1122.819241	48255.234814	2.053606	3.095926	-1.207405	0.681082	0.028305	-0.145514	-0.357015	-0.619379	0.055336	-0.068218	-2.931782
0.198000	-16459.290422	-15336.453943	31795.744365	1122.836479	48255.034786	2.121103	-2.879314	1.204078	0.637401	-0.167427	0.144068	-0.391063	-0.623651	0.055335	-0.068219	-2.931781
0.198200	-16459.229494	-15336.375773	31795.605267	1122.853722	48254.834761	2.182611	-2.581497	-2.643692	0.592425	-0.357402	-0.073503	-0.415660	-0.569944	-0.135221	-0.068220	-2.931780
0.198400	-16459.168569	-15336.297599	31795.466168	1122.870970	48254.634737	2.235292	-2.293154	-0.226479	0.549683	-0.524246	-0.034915	-0.430585	-0.461991	0.151517	-0.068222	-2.931778
0.198600	-16459.107646	-15336.219423	31795.327069	1122.888223	48254.434715	2.279504	-2.013359	2.192489	0.511325	-0.653304	0.125226	-0.438350	-0.309611	-0.089720	-0.068223	-2.931777
0.198800	-16459.046726	-15336.141243	31795.187969	1122.905482	48254.234695	2.314150	-1.739608	-1.660141	0.478491	-0.733540	-0.153855	-0.439857	-0.125020	-0.013783	-0.068224	-2.931776
0.199000	-16458.985808	-15336.063061	31795.048869	1122.922747	48254.034676	2.338525	-1.470910	0.756819	0.453512	-0.756918	0.106395	-0.437762	0.075859	0.112657	-0.068226	-2.931774
0.199200	-16458.924892	-15335.984875	31794.909768	1122.940017	48253.834660	2.355571	-1.206180	-3.102430	0.435706	-0.721861	-0.006040	-0.435163	0.275522	-0.154150	-0.068227	-2.931773
0.199400	-16458.863979	-15335.906687	31794.770666	1122.957292	48253.634645	2.365886	-0.943146	-0.678723	0.425170	-0.630817	-0.097101	-0.433492	0.457671	0.120390	-0.068228	-2.931772
0.199600	-16458.803069	-15335.828495	31794.631564	1122.974573	48253.434633	2.373739	-0.681103	1.743286	0.421174	-0.491155	0.152170	-0.436218	0.605999	-0.026511	-0.068229	-2.931771
0.199800	-16458.742160	-15335.750301	31794.492461	1122.991859	48253.234622	2.383551	-0.418953	-2.116654	0.420917	-0.315424	-0.132303	-0.444600	0.708311	-0.080363	-0.068231	-2.931769
0.200000	-16458.681255	-15335.672104	31794.353358	1123.009151	48253.034613	2.397297	-0.154540	0.303097	0.423354	-0.117795	0.046077	-0.459669	0.756155	0.147335	-0.068232	-2.931768
