#model:pLinear_down	end_point_b=0.20
#t	l_1	l_2	l_3	l_2-l_1	l_3-l_1	phase_1	phase_2	phase_3	RePsi_1	RePsi_2	RePsi_3	ImPsi_1	ImPsi_2	ImPsi_3
0.100200	-2040.903766	-1729.900325	3770.804091	311.003441	5811.707857	1.661561	1.688130	2.520863	0.817672	0.544653	0.092156	-0.074421	-0.064201	-0.128887
0.100400	-2040.815710	-1729.868416	3770.684126	310.947294	5811.499837	1.751112	1.804083	-2.864570	0.805138	0.533746	-0.046767	-0.146773	-0.126825	-0.164478
0.100600	-2040.727653	-1729.836506	3770.564158	310.891147	5811.291811	1.838961	1.917940	-2.024607	0.786031	0.516820	-0.164354	-0.215988	-0.186983	-0.080166
0.100800	-2040.639592	-1729.804594	3770.444187	310.834998	5811.083779	1.925650	2.029939	-1.217730	0.761754	0.494879	-0.176286	-0.282260	-0.244659	0.064963
0.101000	-2040.551530	-1729.772683	3770.324212	310.778847	5810.875742	2.012482	2.141059	-0.412355	0.732675	0.468229	-0.073631	-0.346439	-0.300293	0.168324
0.101200	-2040.463465	-1729.740770	3770.204235	310.722696	5810.667700	2.100775	2.252377	0.423169	0.698028	0.436409	0.070770	-0.408966	-0.354050	0.157134
0.101400	-2040.375398	-1729.708856	3770.084254	310.666542	5810.459653	2.191114	2.364382	1.314739	0.656677	0.398718	0.154346	-0.469122	-0.405301	0.040409
0.101600	-2040.287329	-1729.676942	3769.964271	310.610387	5810.251600	2.283044	2.476649	2.260922	0.608175	0.354941	0.118090	-0.525125	-0.452697	-0.097489
0.101800	-2040.199257	-1729.645026	3769.844284	310.554231	5810.043541	2.375369	2.588045	-3.069882	0.553379	0.305772	-0.011288	-0.575019	-0.494780	-0.157142
0.102000	-2040.111184	-1729.613110	3769.724294	310.498073	5809.835478	2.466856	2.697317	-2.166125	0.494166	0.252618	-0.140454	-0.617713	-0.530695	-0.095130
0.102200	-2040.023107	-1729.581194	3769.604301	310.441914	5809.627409	2.556963	2.803737	-1.321003	0.432451	0.196923	-0.176152	-0.653440	-0.560513	0.044940
0.102400	-2039.935029	-1729.549276	3769.484305	310.385753	5809.419334	2.646201	2.907483	-0.511626	0.369212	0.139491	-0.091852	-0.683304	-0.584913	0.163584
0.102600	-2039.846948	-1729.517357	3769.364306	310.329591	5809.211254	2.735892	3.009524	0.293149	0.304212	0.080300	0.053284	-0.708245	-0.604479	0.176526
0.102800	-2039.758865	-1729.485438	3769.244303	310.273427	5809.003169	2.827426	3.111053	1.124768	0.236602	0.018913	0.156663	-0.728168	-0.619095	0.074911
0.103000	-2039.670780	-1729.453518	3769.124298	310.217262	5808.795078	2.921466	-3.070378	2.009877	0.165991	-0.044790	0.145570	-0.741849	-0.627883	-0.068368
0.103200	-2039.582693	-1729.421597	3769.004289	310.161096	5808.586982	3.017596	-2.968510	2.950940	0.093191	-0.110097	0.029096	-0.747702	-0.629731	-0.150758
0.103400	-2039.494603	-1729.389675	3768.884278	310.104928	5808.378881	3.114591	-2.867381	-2.378711	0.020117	-0.175537	-0.108342	-0.744844	-0.624024	-0.113334
0.103600	-2039.406511	-1729.357752	3768.764263	310.048758	5808.170774	-3.072057	-2.768076	-1.468984	-0.051102	-0.239488	-0.167354	-0.733707	-0.611071	0.017098
0.103800	-2039.318416	-1729.325829	3768.644245	309.992587	5807.962662	-2.976628	-2.671281	-0.617969	-0.119158	-0.300900	-0.104605	-0.715759	-0.591906	0.147155
0.104000	-2039.230320	-1729.293905	3768.524224	309.936415	5807.754544	-2.881863	-2.576880	0.194735	-0.184028	-0.359607	0.036214	-0.692532	-0.567621	0.183608
0.104200	-2039.142221	-1729.261979	3768.404200	309.880241	5807.546421	-2.786418	-2.483993	0.999497	-0.246519	-0.416019	0.155582	-0.664645	-0.538698	0.100009
0.104400	-2039.054120	-1729.230054	3768.284173	309.824066	5807.338293	-2.688804	-2.391455	1.827414	-0.307243	-0.470418	0.169272	-0.631538	-0.504819	-0.044418
0.104600	-2038.966016	-1729.198127	3768.164143	309.767889	5807.130159	-2.588236	-2.298470	2.705687	-0.365745	-0.522360	0.068509	-0.592076	-0.465285	-0.147082
0.104800	-2038.877910	-1729.166199	3768.044110	309.711711	5806.922020	-2.485073	-2.205017	-2.642550	-0.420421	-0.570618	-0.073765	-0.545617	-0.419746	-0.135333
0.105000	-2038.789802	-1729.134271	3767.924073	309.655532	5806.713875	-2.380593	-2.111809	-1.688718	-0.469282	-0.613711	-0.155018	-0.492758	-0.368721	-0.018365
0.105200	-2038.701692	-1729.102341	3767.804033	309.599351	5806.505725	-2.276280	-2.019834	-0.772838	-0.511021	-0.650637	-0.116408	-0.435240	-0.313522	0.119370
0.105400	-2038.613579	-1729.070411	3767.683991	309.543168	5806.297570	-2.173001	-1.929771	0.084792	-0.545633	-0.681300	0.015172	-0.375056	-0.255646	0.178500
0.105600	-2038.525464	-1729.038480	3767.563945	309.486984	5806.089409	-2.070495	-1.841566	0.901402	-0.574132	-0.706323	0.146297	-0.313425	-0.196066	0.115761
0.105800	-2038.437347	-1729.006549	3767.443896	309.430799	5805.881243	-1.967486	-1.754434	1.706449	-0.597589	-0.726377	0.183766	-0.250328	-0.134910	-0.025082
0.106000	-2038.349228	-1728.974616	3767.323844	309.374612	5805.673072	-1.862420	-1.667284	2.530685	-0.616166	-0.741524	0.101189	-0.184962	-0.071771	-0.144500
0.106200	-2038.261106	-1728.942683	3767.203789	309.318423	5805.464895	-1.754389	-1.579337	-2.881357	-0.628846	-0.751028	-0.042150	-0.116767	-0.006415	-0.158294
0.106400	-2038.172982	-1728.910748	3767.083731	309.262234	5805.256713	-1.643673	-1.490535	-1.953158	-0.634050	-0.753781	-0.143663	-0.046289	0.060630	-0.057775
0.106600	-2038.084856	-1728.878813	3766.963669	309.206043	5805.048525	-1.531603	-1.401530	-0.999478	-0.630698	-0.749036	-0.130768	0.024732	0.128011	0.084061
0.106800	-2037.996727	-1728.846877	3766.843605	309.149850	5804.840332	-1.419872	-1.313271	-0.077236	-0.618971	-0.736924	-0.012746	0.094133	0.194086	0.164696
0.107000	-2037.908597	-1728.814941	3766.723537	309.093656	5804.632134	-1.309666	-1.226430	0.787513	-0.600202	-0.718390	0.125885	0.160393	0.257656	0.125354
0.107200	-2037.820463	-1728.783003	3766.603467	309.037460	5804.423930	-1.201040	-1.140987	1.608352	-0.576006	-0.694581	0.185776	0.223250	0.318389	-0.006980
0.107400	-2037.732328	-1728.751065	3766.483393	308.981263	5804.215721	-1.092923	-1.056208	2.413719	-0.547245	-0.666147	0.123727	0.283424	0.376638	-0.138848
0.107600	-2037.644190	-1728.719125	3766.363316	308.925065	5804.007506	-0.983777	-0.971044	-3.049040	-0.513580	-0.632920	-0.016436	0.341657	0.432773	-0.177075
0.107800	-2037.556050	-1728.687185	3766.243236	308.868865	5803.799286	-0.872556	-0.884725	-2.185108	-0.473924	-0.594233	-0.135168	0.397757	0.486530	-0.095342
0.108000	-2037.467908	-1728.655244	3766.123153	308.812664	5803.591061	-0.759366	-0.797179	-1.263855	-0.427467	-0.549623	-0.148339	0.450324	0.536823	0.047017
0.108200	-2037.379764	-1728.623303	3766.003066	308.756461	5803.382830	-0.645446	-0.709040	-0.310607	-0.374547	-0.499426	-0.047323	0.497378	0.582176	0.147426
0.108400	-2037.291617	-1728.591360	3765.882977	308.700257	5803.174594	-0.532548	-0.621246	0.618095	-0.316728	-0.444833	0.094823	0.537423	0.621456	0.133359
0.108600	-2037.203468	-1728.559417	3765.762885	308.644051	5802.966352	-0.422052	-0.534478	1.490192	-0.256040	-0.387367	0.175585	0.570200	0.654393	0.014184
0.108800	-2037.115317	-1728.527472	3765.642789	308.587844	5802.758106	-0.314269	-0.448732	2.315280	-0.193918	-0.328146	0.136249	0.596594	0.681520	-0.125533
0.109000	-2037.027163	-1728.495527	3765.522690	308.531636	5802.549853	-0.208308	-0.363280	3.120889	-0.130580	-0.267462	0.003861	0.617764	0.703566	-0.186443
0.109200	-2036.939007	-1728.463581	3765.402588	308.475426	5802.341596	-0.102634	-0.277063	-2.345655	-0.065311	-0.204968	-0.128078	0.634112	0.720759	-0.125406
0.109400	-2036.850849	-1728.431634	3765.282484	308.419215	5802.133333	0.004003	-0.189287	-1.488714	0.002581	-0.140336	-0.166428	0.644849	0.732518	0.013692
0.109600	-2036.762689	-1728.399687	3765.162375	308.363002	5801.925064	0.111815	-0.099858	-0.574209	0.072809	-0.073918	-0.084941	0.648443	0.737768	0.131300
0.109800	-2036.674526	-1728.367738	3765.042264	308.306788	5801.716790	0.219863	-0.009407	0.378446	0.143841	-0.006920	0.056993	0.643654	0.735648	0.143339
0.110000	-2036.586361	-1728.335789	3764.922150	308.250572	5801.508511	0.326580	0.081104	1.313374	0.213522	0.059020	0.156793	0.630400	0.726108	0.041278
0.110200	-2036.498194	-1728.303839	3764.802033	308.194355	5801.300226	0.430617	0.170961	2.192667	0.280143	0.122575	0.142003	0.609844	0.709974	-0.101779
0.110400	-2036.410024	-1728.271888	3764.681912	308.138136	5801.091936	0.531563	0.260146	3.021827	0.343190	0.183242	0.022061	0.583638	0.688417	-0.183316
0.110600	-2036.321852	-1728.239936	3764.561788	308.081916	5800.883641	0.630187	0.349401	-2.455626	0.403258	0.241285	-0.118423	0.552862	0.662235	-0.144669
0.110800	-2036.233678	-1728.207983	3764.441662	308.025695	5800.675340	0.727992	0.439840	-1.642545	0.461177	0.297139	-0.180113	0.517417	0.631424	-0.012945
0.111000	-2036.145502	-1728.176030	3764.321532	307.969472	5800.467034	0.826347	0.532329	-0.792024	0.516998	0.350704	-0.119923	0.476301	0.595374	0.118345
0.111200	-2036.057323	-1728.144075	3764.201399	307.913248	5800.258722	0.925708	0.627007	0.116159	0.569551	0.401055	0.018213	0.428577	0.553530	0.156084
0.111400	-2035.969143	-1728.112120	3764.081263	307.857022	5800.050405	1.025413	0.723242	1.067975	0.616906	0.446748	0.134734	0.374320	0.506047	0.074100
0.111600	-2035.880959	-1728.080164	3763.961123	307.800795	5799.842083	1.124098	0.820011	2.008606	0.657405	0.486542	0.145608	0.314890	0.453975	-0.068160
0.111800	-2035.792774	-1728.048207	3763.840981	307.744567	5799.633755	1.220486	0.916511	2.894636	0.690534	0.519988	0.042380	0.252307	0.398825	-0.168106
0.112000	-2035.704586	-1728.016249	3763.720836	307.688337	5799.425422	1.314117	1.012650	-2.555546	0.717009	0.547503	-0.101780	0.188193	0.341844	-0.153318
0.112200	-2035.616396	-1727.984291	3763.600687	307.632105	5799.217083	1.405634	1.109156	-1.749585	0.738026	0.569843	-0.184355	0.123015	0.283493	-0.033316
0.112400	-2035.528204	-1727.952331	3763.480535	307.575873	5799.008739	1.496441	1.207201	-0.939580	0.754210	0.587385	-0.146730	0.056183	0.223508	0.107257
0.112600	-2035.440009	-1727.920371	3763.360381	307.519638	5798.800390	1.587899	1.307745	-0.094726	0.765010	0.599715	-0.016065	-0.013085	0.161498	0.169086
0.112800	-2035.351813	-1727.888410	3763.240223	307.463403	5798.592035	1.680562	1.410994	0.807644	0.768984	0.605815	0.114112	-0.084749	0.097643	0.109144
0.113000	-2035.263614	-1727.856448	3763.120062	307.407166	5798.383675	1.773910	1.516297	1.758146	0.764762	0.604736	0.150735	-0.157505	0.032991	-0.028575
0.113200	-2035.175412	-1727.824485	3762.999897	307.350927	5798.175310	1.866706	1.622513	2.703516	0.752004	0.596249	0.067695	-0.229256	-0.030863	-0.144514
0.113400	-2035.087209	-1727.792521	3762.879730	307.294687	5797.966939	1.957725	1.728639	-2.687497	0.731668	0.581035	-0.075500	-0.298132	-0.092482	-0.154676
0.113600	-2034.999003	-1727.760557	3762.759560	307.238446	5797.758562	2.046471	1.834374	-1.850766	0.705395	0.560261	-0.176248	-0.363367	-0.151190	-0.050675
0.113800	-2034.910795	-1727.728591	3762.639386	307.182203	5797.550181	2.133497	1.940296	-1.044236	0.674454	0.534848	-0.162170	-0.425390	-0.207140	0.094270
0.114000	-2034.822584	-1727.696625	3762.519209	307.125959	5797.341794	2.220114	2.047529	-0.236554	0.638991	0.504962	-0.042824	-0.485075	-0.260796	0.177645
0.114200	-2034.734372	-1727.664658	3762.399030	307.069714	5797.133401	2.307641	2.157071	0.603528	0.598130	0.470077	0.097103	-0.542695	-0.312213	0.140867
0.114400	-2034.646157	-1727.632690	3762.278847	307.013467	5796.925003	2.396657	2.269173	1.500467	0.550840	0.429573	0.158325	-0.597323	-0.360634	0.011153
0.114600	-2034.557939	-1727.600721	3762.158661	306.957218	5796.716600	2.486711	2.383148	2.448957	0.496948	0.383431	0.097873	-0.647122	-0.404679	-0.117951
0.114800	-2034.469720	-1727.568751	3762.038471	306.900968	5796.508191	2.576623	2.497695	-2.885324	0.437581	0.332539	-0.040200	-0.690306	-0.443019	-0.153418
0.115000	-2034.381498	-1727.536781	3761.918279	306.844717	5796.299777	2.665192	2.611531	-1.987630	0.374703	0.278369	-0.156307	-0.726107	-0.475032	-0.069210
0.115200	-2034.293274	-1727.504809	3761.798084	306.788465	5796.091358	2.751903	2.724024	-1.147049	0.310088	0.222271	-0.166503	-0.755038	-0.500994	0.075105
0.115400	-2034.205048	-1727.472837	3761.677885	306.732211	5795.882933	2.837258	2.835469	-0.339360	0.244455	0.164874	-0.062454	-0.778289	-0.521656	0.176916
0.115600	-2034.116819	-1727.440864	3761.557683	306.675955	5795.674503	2.922525	2.946846	0.466793	0.177372	0.106026	0.082583	-0.796673	-0.537527	0.163875
0.115800	-2034.028588	-1727.408890	3761.437479	306.619698	5795.466067	3.009012	3.059171	1.302908	0.108009	0.045299	0.166097	-0.809887	-0.548359	0.045591
0.116000	-2033.940355	-1727.376915	3761.317271	306.563440	5795.257626	3.097316	-3.110362	2.194589	0.036181	-0.017283	0.129563	-0.816613	-0.553222	-0.093240
0.116200	-2033.852120	-1727.344940	3761.197060	306.507180	5795.049179	-3.096172	-2.995931	3.140073	-0.037061	-0.080847	0.000233	-0.815390	-0.551102	-0.153350
0.116400	-2033.763882	-1727.312963	3761.076845	306.450919	5794.840728	-3.006243	-2.881964	-2.191933	-0.109712	-0.143862	-0.128324	-0.805629	-0.541599	-0.091832
0.116600	-2033.675642	-1727.280986	3760.956628	306.394657	5794.632270	-2.917295	-2.769788	-1.289090	-0.179784	-0.204809	-0.163106	-0.788055	-0.525232	0.047203
0.116800	-2033.587400	-1727.249007	3760.836408	306.338393	5794.423808	-2.829873	-2.660168	-0.444279	-0.246261	-0.262845	-0.078138	-0.764252	-0.503127	0.164148
0.117000	-2033.499156	-1727.217028	3760.716184	306.282127	5794.215340	-2.743493	-2.552942	0.365338	-0.309377	-0.317986	0.066966	-0.735640	-0.476310	0.175069
0.117200	-2033.410909	-1727.185048	3760.595957	306.225861	5794.006866	-2.656883	-2.447163	1.170801	-0.370003	-0.370695	0.169572	-0.702612	-0.445113	0.071693
0.117400	-2033.322660	-1727.153067	3760.475727	306.169593	5793.798388	-2.568700	-2.341688	2.003523	-0.428607	-0.421162	0.157373	-0.664448	-0.409117	-0.072695
0.117600	-2033.234409	-1727.121086	3760.355495	306.113323	5793.589903	-2.478300	-2.235869	2.889826	-0.484515	-0.468802	0.040023	-0.620064	-0.367665	-0.155597
0.117800	-2033.146155	-1727.089103	3760.235258	306.057052	5793.381414	-2.386085	-2.129923	-2.451947	-0.536018	-0.512326	-0.097761	-0.569058	-0.320580	-0.118535
0.118000	-2033.057899	-1727.057120	3760.115019	306.000780	5793.172919	-2.293235	-2.024806	-1.499659	-0.581244	-0.550342	-0.156740	-0.512304	-0.268573	0.011169
0.118200	-2032.969641	-1727.025135	3759.994777	305.944506	5792.964418	-2.201016	-1.921667	-0.591832	-0.619181	-0.582062	-0.094069	-0.451662	-0.213044	0.139940
0.118400	-2032.881381	-1726.993150	3759.874531	305.888231	5792.755912	-2.110033	-1.821223	0.257817	-0.650114	-0.607602	0.046090	-0.389023	-0.155423	0.174794
0.118600	-2032.793119	-1726.961164	3759.754283	305.831954	5792.547401	-2.019834	-1.723350	1.070108	-0.675177	-0.627675	0.164110	-0.325347	-0.096504	0.089801
0.118800	-2032.704854	-1726.929177	3759.634031	305.775676	5792.338885	-1.929112	-1.627144	1.875525	-0.695339	-0.642895	0.176079	-0.260391	-0.036264	-0.055381
0.119000	-2032.616587	-1726.897190	3759.513776	305.719397	5792.130363	-1.836439	-1.531428	2.705174	-0.710544	-0.653183	0.073753	-0.193320	0.025728	-0.158128
0.119200	-2032.528317	-1726.865201	3759.393518	305.663116	5791.921835	-1.741088	-1.435417	-2.697398	-0.719633	-0.657717	-0.069554	-0.123746	0.089589	-0.146148
0.119400	-2032.440046	-1726.833212	3759.273257	305.606834	5791.713303	-1.643422	-1.339126	-1.761051	-0.721092	-0.655444	-0.151358	-0.052462	0.154623	-0.029149
0.119600	-2032.351772	-1726.801221	3759.152993	305.550550	5791.504764	-1.544666	-1.243308	-0.808447	-0.714101	-0.645805	-0.113231	0.018664	0.219394	0.108128
0.119800	-2032.263495	-1726.769230	3759.032725	305.494266	5791.296221	-1.446199	-1.148983	0.104461	-0.699134	-0.629143	0.017452	0.087564	0.282328	0.166462
0.120000	-2032.175217	-1726.737238	3758.912455	305.437979	5791.087672	-1.348763	-1.056836	0.959606	-0.677672	-0.606510	0.147075	0.152988	0.342418	0.103054
0.120200	-2032.086936	-1726.705245	3758.792181	305.381691	5790.879117	-1.251997	-0.966799	1.775229	-0.651245	-0.579008	0.182677	0.214948	0.399528	-0.037874
0.120400	-2031.998653	-1726.673251	3758.671904	305.325402	5790.670558	-1.154595	-0.878061	2.580965	-0.620485	-0.547131	0.098369	0.274270	0.454088	-0.156683
0.120600	-2031.910368	-1726.641256	3758.551624	305.269112	5790.461992	-1.055038	-0.789515	-2.875670	-0.584859	-0.510586	-0.046163	0.331582	0.506399	-0.169483
0.120800	-2031.822081	-1726.609261	3758.431341	305.212820	5790.253422	-0.952483	-0.700372	-2.001115	-0.543271	-0.468707	-0.148296	0.386465	0.556049	-0.068069
0.121000	-2031.733791	-1726.577264	3758.311055	305.156527	5790.044846	-0.847240	-0.610583	-1.070560	-0.495114	-0.421172	-0.135793	0.437373	0.601857	0.074225
0.121200	-2031.645499	-1726.545267	3758.190766	305.100232	5789.836265	-0.740596	-0.520813	-0.118157	-0.440995	-0.368509	-0.018393	0.482392	0.642402	0.154936
0.121400	-2031.557205	-1726.513269	3758.070473	305.043936	5789.627678	-0.634114	-0.432016	0.800107	-0.382633	-0.312018	0.119133	0.520281	0.676735	0.115678
0.121600	-2031.468908	-1726.481270	3757.950178	304.987638	5789.419086	-0.528790	-0.344863	1.661344	-0.321991	-0.253177	0.177571	0.551078	0.704801	-0.016123
0.121800	-2031.380609	-1726.449270	3757.829879	304.931339	5789.210488	-0.424494	-0.259326	2.480693	-0.260256	-0.192937	0.114164	0.575821	0.727242	-0.146825
0.122000	-2031.292308	-1726.417269	3757.709577	304.875039	5789.001885	-0.320037	-0.174661	-2.996328	-0.197398	-0.131418	-0.026841	0.595592	0.744749	-0.183471
0.122200	-2031.204005	-1726.385267	3757.589272	304.818738	5788.793277	-0.213881	-0.089823	-2.173000	-0.132619	-0.068216	-0.145777	0.610577	0.757405	-0.100204
0.122400	-2031.115699	-1726.353265	3757.468964	304.762435	5788.584663	-0.105070	-0.004049	-1.304780	-0.065363	-0.003096	-0.158784	0.619803	0.764512	0.043265
0.122600	-2031.027391	-1726.321261	3757.348653	304.706130	5788.376044	0.006176	0.082721	-0.380334	0.003840	0.063427	-0.057698	0.621746	0.765008	0.144318
0.122800	-2030.939081	-1726.289257	3757.228338	304.649824	5788.167419	0.118549	0.169855	0.571684	0.073296	0.130035	0.084122	0.615382	0.758188	0.130757
0.123000	-2030.850769	-1726.257252	3757.108020	304.593517	5787.958789	0.230314	0.256424	1.495528	0.140900	0.195129	0.164218	0.600918	0.744210	0.012384
0.123200	-2030.762454	-1726.225246	3756.987700	304.537209	5787.750154	0.340197	0.341766	2.363197	0.205186	0.257553	0.124257	0.579689	0.724021	-0.126010
0.123400	-2030.674137	-1726.193239	3756.867376	304.480899	5787.541513	0.448025	0.425895	-3.096817	0.265927	0.317005	-0.008299	0.553299	0.698769	-0.185216
0.123600	-2030.585818	-1726.161231	3756.747049	304.424587	5787.332867	0.554783	0.509530	-2.290396	0.323859	0.373852	-0.139787	0.522601	0.669097	-0.122503
0.123800	-2030.497497	-1726.129222	3756.626719	304.368275	5787.124216	0.661997	0.593699	-1.470439	0.379734	0.428478	-0.177260	0.487269	0.634852	0.017849
0.124000	-2030.409173	-1726.097212	3756.506386	304.311961	5786.915559	0.770777	0.679160	-0.608548	0.433380	0.480639	-0.094890	0.446242	0.595386	0.136188
0.124200	-2030.320847	-1726.065202	3756.386049	304.255645	5786.706896	0.881129	0.765978	0.309833	0.483446	0.529286	0.047595	0.398735	0.550254	0.148667
0.124400	-2030.232519	-1726.033191	3756.265710	304.199328	5786.498228	0.991923	0.853525	1.261470	0.528012	0.572992	0.147583	0.345087	0.499793	0.047165
0.124600	-2030.144188	-1726.001178	3756.145367	304.143010	5786.289555	1.101482	0.940869	2.191014	0.565639	0.610668	0.132909	0.286838	0.445179	-0.094929
0.124800	-2030.055856	-1725.969165	3756.025021	304.086690	5786.080877	1.208444	1.027336	3.065122	0.596105	0.642075	0.013421	0.225978	0.387906	-0.175159
0.125000	-2029.967521	-1725.937151	3755.904672	304.030369	5785.872193	1.312473	1.112935	-2.391230	0.620308	0.667758	-0.126054	0.163902	0.329063	-0.135211
0.125200	-2029.879184	-1725.905136	3755.784320	303.974047	5785.663503	1.414422	1.198397	-1.584730	0.639401	0.688451	-0.186310	0.100809	0.268926	-0.002596
0.125400	-2029.790844	-1725.873121	3755.663965	303.917723	5785.454809	1.515816	1.284781	-0.768157	0.653797	0.704390	-0.124641	0.035982	0.207146	0.129015
0.125600	-2029.702502	-1725.841104	3755.543606	303.861398	5785.246108	1.617945	1.372878	0.087684	0.662731	0.715015	0.014654	-0.031270	0.143392	0.166691
0.125800	-2029.614158	-1725.809086	3755.423245	303.805072	5785.037403	1.721108	1.462774	1.000374	0.664714	0.719284	0.131921	-0.100674	0.078003	0.084636
0.126000	-2029.525812	-1725.777068	3755.302880	303.748744	5784.828692	1.824475	1.553831	1.951619	0.658542	0.716365	0.143356	-0.170736	0.012154	-0.057395
0.126200	-2029.437463	-1725.745049	3755.182512	303.692415	5784.619976	1.926574	1.645083	2.886604	0.644153	0.706224	0.040873	-0.239361	-0.052560	-0.156805
0.126400	-2029.349113	-1725.713028	3755.062141	303.636084	5784.411254	2.026111	1.735812	-2.516334	0.622701	0.689680	-0.102111	-0.304891	-0.114853	-0.141452
0.126600	-2029.260760	-1725.681007	3754.941767	303.579752	5784.202527	2.122690	1.826004	-1.686148	0.595812	0.667890	-0.183136	-0.366850	-0.174250	-0.021219
0.126800	-2029.172404	-1725.648985	3754.821390	303.523419	5783.993794	2.217052	1.916407	-0.879678	0.564543	0.641635	-0.143907	-0.425842	-0.231029	0.119042
0.127000	-2029.084047	-1725.616963	3754.701009	303.467084	5783.785056	2.310661	2.008146	-0.066215	0.528790	0.610908	-0.011945	-0.482701	-0.285628	0.180129
0.127200	-2028.995687	-1725.584939	3754.580626	303.410748	5783.576313	2.404861	2.102086	0.784185	0.487564	0.575107	0.119059	-0.537489	-0.337962	0.119349
0.127400	-2028.907325	-1725.552914	3754.460239	303.354411	5783.367564	2.500117	2.198361	1.691692	0.439941	0.533685	0.156198	-0.589070	-0.387131	-0.018976
0.127600	-2028.818961	-1725.520889	3754.339849	303.298072	5783.158810	2.595805	2.296317	2.642441	0.385993	0.486794	0.073708	-0.635563	-0.431729	-0.135194
0.127800	-2028.730594	-1725.488862	3754.219456	303.241732	5782.950050	2.690617	2.394908	-2.700933	0.327049	0.435458	-0.068628	-0.675359	-0.470550	-0.145527
0.128000	-2028.642225	-1725.456835	3754.099060	303.185390	5782.741285	2.783326	2.493303	-1.815119	0.265082	0.381156	-0.168199	-0.707970	-0.503170	-0.041933
0.128200	-2028.553854	-1725.424807	3753.978661	303.129047	5782.532515	2.873501	2.591391	-0.981845	0.201665	0.325097	-0.152899	-0.734115	-0.530007	0.102142
0.128400	-2028.465481	-1725.392778	3753.858258	303.072703	5782.323739	2.961779	2.689884	-0.175303	0.137237	0.267719	-0.032632	-0.754977	-0.551810	0.184236
0.128600	-2028.377105	-1725.360748	3753.737853	303.016358	5782.114958	3.049527	2.789942	0.635512	0.071200	0.208749	0.107738	-0.771170	-0.568953	0.146067
0.128800	-2028.288727	-1725.328717	3753.617444	302.960011	5781.906171	3.138053	2.892511	1.481250	0.002769	0.147792	0.169015	-0.782153	-0.581026	0.015175
0.129000	-2028.200347	-1725.296685	3753.497032	302.903662	5781.697379	-3.055314	2.997772	2.384067	-0.068028	0.085014	0.108537	-0.786506	-0.587029	-0.114762
0.129200	-2028.111965	-1725.264652	3753.376617	302.847313	5781.488582	-2.964731	3.105034	-2.949308	-0.139924	0.021434	-0.029369	-0.782887	-0.586030	-0.150852
0.129400	-2028.023580	-1725.232619	3753.256199	302.790962	5781.279779	-2.874602	-3.070079	-2.005582	-0.210875	-0.041391	-0.145045	-0.770963	-0.577806	-0.067363
0.129600	-2027.935193	-1725.200584	3753.135777	302.734609	5781.070971	-2.786108	-2.962257	-1.114782	-0.279063	-0.102066	-0.154730	-0.751672	-0.563023	0.075894
0.129800	-2027.846804	-1725.168549	3753.015353	302.678255	5780.862157	-2.699699	-2.855047	-0.278515	-0.343760	-0.159943	-0.050413	-0.726618	-0.542818	0.176301
0.130000	-2027.758413	-1725.136512	3752.894925	302.621900	5780.653338	-2.614802	-2.747927	0.528484	-0.405403	-0.215185	0.094441	-0.697030	-0.518085	0.161746
0.130200	-2027.670019	-1725.104475	3752.774494	302.565544	5780.444514	-2.530120	-2.639818	1.337381	-0.464863	-0.268254	0.177356	-0.663035	-0.488972	0.042166
0.130400	-2027.581623	-1725.072437	3752.654060	302.509186	5780.235684	-2.444381	-2.529764	2.179241	-0.522414	-0.319213	0.140069	-0.623754	-0.454949	-0.097573
0.130600	-2027.493225	-1725.040398	3752.533623	302.452827	5780.026849	-2.357065	-2.417541	3.077660	-0.577152	-0.367316	0.010134	-0.578157	-0.415393	-0.158289
0.130800	-2027.404825	-1725.008358	3752.413183	302.396466	5779.818008	-2.268662	-2.303855	-2.257364	-0.627275	-0.411215	-0.118772	-0.526062	-0.370275	-0.097343
0.131000	-2027.316422	-1724.976318	3752.292740	302.340104	5779.609162	-2.180355	-2.190024	-1.310845	-0.671039	-0.449606	-0.153779	-0.468561	-0.320454	0.040900
0.131200	-2027.228017	-1724.944276	3752.172293	302.283741	5779.400310	-2.093307	-2.077334	-0.415575	-0.707694	-0.481882	-0.069189	-0.407562	-0.267359	0.156794
0.131400	-2027.139610	-1724.912233	3752.051843	302.227377	5779.191454	-2.007980	-1.966425	0.423864	-0.737748	-0.508313	0.075165	-0.344783	-0.212297	0.166584
0.131600	-2027.051201	-1724.880190	3751.931391	302.171011	5778.982591	-1.923824	-1.857009	1.231878	-0.762365	-0.529635	0.176657	-0.280903	-0.155868	0.062275
0.131800	-2026.962789	-1724.848146	3751.810935	302.114643	5778.773724	-1.839560	-1.748110	2.039631	-0.782332	-0.546334	0.163183	-0.215476	-0.097901	-0.082653
0.132000	-2026.874375	-1724.816100	3751.690475	302.058275	5778.564851	-1.753919	-1.638707	2.878287	-0.797339	-0.558157	0.044677	-0.147665	-0.037963	-0.165736
0.132200	-2026.785959	-1724.784054	3751.570013	302.001905	5778.355972	-1.666368	-1.528394	-2.510858	-0.806077	-0.564177	-0.093991	-0.077273	0.023937	-0.128712
0.132400	-2026.697541	-1724.752007	3751.449548	301.945533	5778.147088	-1.577386	-1.417669	-1.565281	-0.807095	-0.563383	-0.153651	-0.005319	0.086950	0.000847
0.132600	-2026.609120	-1724.719959	3751.329079	301.889161	5777.938199	-1.488158	-1.307695	-0.616976	-0.799803	-0.555370	-0.091690	0.066246	0.149586	0.129259
0.132800	-2026.520697	-1724.687910	3751.208607	301.832787	5777.729304	-1.399868	-1.199714	0.282493	-0.784896	-0.540634	0.047505	0.135483	0.210365	0.163667
0.133000	-2026.432272	-1724.655860	3751.088132	301.776411	5777.520404	-1.312999	-1.094407	1.125529	-0.763910	-0.520259	0.164262	0.201416	0.268470	0.078391
0.133200	-2026.343844	-1724.623810	3750.967654	301.720035	5777.311499	-1.227006	-0.991552	1.935274	-0.738209	-0.495231	0.174843	0.264284	0.323925	-0.066707
0.133400	-2026.255415	-1724.591758	3750.847173	301.663657	5777.102588	-1.140585	-0.890180	2.742558	-0.708151	-0.465850	0.071259	0.324954	0.377190	-0.168998
0.133600	-2026.166983	-1724.559706	3750.726688	301.607277	5776.893671	-1.052419	-0.789153	-2.704830	-0.672998	-0.431681	-0.073007	0.383885	0.428451	-0.156388
0.133800	-2026.078549	-1724.527652	3750.606201	301.550897	5776.684750	-0.961931	-0.687828	-1.815414	-0.631659	-0.392053	-0.155499	0.440412	0.477129	-0.038815
0.134000	-2025.990112	-1724.495598	3750.485710	301.494515	5776.475823	-0.869595	-0.586412	-0.873406	-0.583712	-0.346770	-0.117985	0.492854	0.521952	0.098853
0.134200	-2025.901674	-1724.463543	3750.365216	301.438131	5776.266890	-0.776626	-0.485812	0.075813	-0.529989	-0.296509	0.011961	0.539370	0.561548	0.157466
0.134400	-2025.813233	-1724.431486	3750.244719	301.381746	5776.057952	-0.684277	-0.387106	0.979528	-0.472291	-0.242622	0.140646	0.578958	0.595135	0.094429
0.134600	-2025.724790	-1724.399429	3750.124219	301.325360	5775.849009	-0.593095	-0.290930	1.826762	-0.412443	-0.186487	0.175216	0.611891	0.622816	-0.045855
0.134800	-2025.636344	-1724.367371	3750.003716	301.268973	5775.640060	-0.502553	-0.197105	2.638904	-0.351356	-0.128860	0.090003	0.639268	0.645276	-0.163702
0.135000	-2025.547897	-1724.335313	3749.883209	301.212584	5775.431106	-0.411306	-0.104718	-2.836979	-0.288762	-0.069693	-0.055134	0.662018	0.663098	-0.175362
0.135200	-2025.459447	-1724.303253	3749.762699	301.156194	5775.222146	-0.317948	-0.012638	-2.003927	-0.223817	-0.008546	-0.157550	0.680061	0.676181	-0.072854
0.135400	-2025.370995	-1724.271192	3749.642187	301.099803	5775.013181	-0.221821	0.079857	-1.119563	-0.156120	0.054714	-0.145162	0.692230	0.683689	0.070342
0.135600	-2025.282540	-1724.239130	3749.521671	301.043410	5774.804211	-0.123376	0.172701	-0.181920	-0.086433	0.119415	-0.027921	0.697010	0.684565	0.151782
0.135800	-2025.194084	-1724.207068	3749.401151	300.987016	5774.595235	-0.023892	0.265135	0.767690	-0.016574	0.184158	0.109306	0.693570	0.678232	0.113248
0.136000	-2025.105625	-1724.175004	3749.280629	300.930620	5774.386254	0.075247	0.356178	1.675891	0.051442	0.247410	0.167372	0.682344	0.664999	-0.017655
0.136200	-2025.017164	-1724.142940	3749.160104	300.874224	5774.177267	0.173347	0.445219	2.527936	0.116401	0.308190	0.103706	0.664750	0.645868	-0.147232
0.136400	-2024.928700	-1724.110875	3749.039575	300.817826	5773.968275	0.270831	0.532386	-2.940231	0.178324	0.366369	-0.037279	0.642255	0.621885	-0.182626
0.136600	-2024.840235	-1724.078809	3748.919043	300.761426	5773.759278	0.369041	0.618507	-2.132784	0.238026	0.422370	-0.155896	0.615437	0.593501	-0.098171
0.136800	-2024.751767	-1724.046741	3748.798508	300.705025	5773.550275	0.469465	0.704650	-1.302617	0.296122	0.476483	-0.168395	0.583729	0.560391	0.046275
0.137000	-2024.663297	-1724.014673	3748.677970	300.648623	5773.341267	0.572864	0.791518	-0.423705	0.352190	0.528292	-0.066792	0.546018	0.521865	0.148089
0.137200	-2024.574824	-1723.982604	3748.557429	300.592220	5773.132253	0.678823	0.879082	0.509035	0.404703	0.576628	0.075445	0.501668	0.477576	0.135183
0.137400	-2024.486350	-1723.950535	3748.436884	300.535815	5772.923234	0.785981	0.966645	1.458867	0.451765	0.620078	0.155875	0.451239	0.428008	0.017520
0.137600	-2024.397873	-1723.918464	3748.316337	300.479409	5772.714210	0.892757	1.053276	2.371972	0.492145	0.657694	0.116295	0.396385	0.374408	-0.120024
0.137800	-2024.309394	-1723.886392	3748.195786	300.423002	5772.505180	0.998193	1.138377	-3.053896	0.525858	0.689399	-0.015677	0.338993	0.318194	-0.178305
0.138000	-2024.220913	-1723.854319	3748.075232	300.366593	5772.296145	1.102477	1.222053	-2.235788	0.553898	0.715801	-0.146330	0.280191	0.260269	-0.114742
0.138200	-2024.132429	-1723.822246	3747.954675	300.310183	5772.087104	1.206825	1.305082	-1.428260	0.577296	0.737545	-0.182801	0.219917	0.200722	0.026234
0.138400	-2024.043943	-1723.790171	3747.834115	300.253772	5771.878058	1.312746	1.388484	-0.601234	0.596196	0.754678	-0.099421	0.157357	0.139132	0.144940
0.138600	-2023.955455	-1723.758096	3747.713551	300.197359	5771.669006	1.421108	1.472935	0.271960	0.609603	0.766478	0.043958	0.091938	0.075249	0.157630
0.138800	-2023.866965	-1723.726020	3747.592984	300.140945	5771.459949	1.531590	1.558409	1.199668	0.615982	0.771864	0.144723	0.024163	0.009562	0.056321
0.139000	-2023.778472	-1723.693942	3747.472415	300.084530	5771.250887	1.642826	1.644223	2.149780	0.614282	0.770104	0.130811	-0.044323	-0.056648	-0.085513
0.139200	-2023.689978	-1723.661864	3747.351842	300.028113	5771.041819	1.753096	1.729467	3.068076	0.604664	0.761310	0.012185	-0.111467	-0.121821	-0.165452
0.139400	-2023.601481	-1723.629785	3747.231266	299.971695	5770.832746	1.861200	1.813549	-2.352314	0.588392	0.746371	-0.126270	-0.175842	-0.184829	-0.125294
0.139600	-2023.512981	-1723.597705	3747.110686	299.915276	5770.623668	1.967068	1.896575	-1.531219	0.566988	0.726366	-0.185404	-0.237231	-0.245377	0.007342
0.139800	-2023.424480	-1723.565624	3746.990104	299.858856	5770.414584	2.071757	1.979315	-0.723853	0.541239	0.701881	-0.122632	-0.296356	-0.303824	0.138738
0.140000	-2023.335976	-1723.533542	3746.869518	299.802434	5770.205494	2.176791	2.062782	0.099869	0.510771	0.672716	0.017639	-0.353951	-0.360537	0.176029
0.140200	-2023.247470	-1723.501459	3746.748930	299.746011	5769.996400	2.283207	2.147653	0.967402	0.474491	0.638191	0.135718	-0.409832	-0.415262	0.093528
0.140400	-2023.158962	-1723.469376	3746.628338	299.689586	5769.787299	2.390932	2.233897	1.890286	0.431578	0.597822	0.147869	-0.462654	-0.466950	-0.048918
0.140600	-2023.070451	-1723.437291	3746.507742	299.633160	5769.578194	2.498802	2.320824	2.840906	0.382317	0.551901	0.046111	-0.510511	-0.514177	-0.148703
0.140800	-2022.981939	-1723.405205	3746.387144	299.576733	5769.369083	2.605185	2.407512	-2.518729	0.328175	0.501539	-0.096079	-0.551965	-0.555849	-0.133771
0.141000	-2022.893424	-1723.373119	3746.266543	299.520305	5769.159966	2.708841	2.493362	-1.650603	0.271060	0.448164	-0.176270	-0.586768	-0.591701	-0.014097
0.141200	-2022.804907	-1723.341032	3746.145938	299.463875	5768.950845	2.809584	2.578484	-0.826805	0.212297	0.392807	-0.136268	-0.615761	-0.622230	0.125426
0.141400	-2022.716387	-1723.308943	3746.025330	299.407444	5768.741717	2.908367	2.663673	-0.019854	0.152041	0.335706	-0.003686	-0.640040	-0.648119	0.185642
0.141600	-2022.627865	-1723.276854	3745.904719	299.351012	5768.532585	3.006723	2.749981	0.800531	0.089552	0.276485	0.127765	-0.659959	-0.669553	0.123955
0.141800	-2022.539342	-1723.244764	3745.784105	299.294578	5768.323447	3.105855	2.838120	1.662773	0.024123	0.214798	0.165217	-0.674716	-0.685937	-0.015239
0.142000	-2022.450815	-1723.212672	3745.663488	299.238143	5768.114303	-3.077236	2.928069	2.581284	-0.044003	0.150955	0.082987	-0.682794	-0.696193	-0.132275
0.142200	-2022.362287	-1723.180580	3745.542867	299.181707	5767.905154	-2.977079	3.019119	-2.750701	-0.113381	0.086096	-0.059102	-0.682959	-0.699456	-0.143417
0.142400	-2022.273756	-1723.148487	3745.422244	299.125269	5767.696000	-2.878307	3.110302	-1.822147	-0.181966	0.021774	-0.158441	-0.675089	-0.695637	-0.040685
0.142600	-2022.185224	-1723.116393	3745.301617	299.068830	5767.486840	-2.782098	-3.082212	-0.949082	-0.248142	-0.040753	-0.142975	-0.660257	-0.685484	0.102442
0.142800	-2022.096688	-1723.084298	3745.180987	299.012390	5767.277675	-2.688695	-2.991960	-0.122938	-0.311445	-0.101021	-0.022676	-0.639998	-0.670078	0.183523
0.143000	-2022.008151	-1723.052202	3745.060354	298.955949	5767.068505	-2.597241	-2.901302	0.683516	-0.372468	-0.159297	0.117566	-0.615283	-0.650125	0.144342
0.143200	-2021.919612	-1723.020106	3744.939717	298.899506	5766.859329	-2.506270	-2.809121	1.500870	-0.432018	-0.215999	0.178578	-0.585947	-0.625559	0.012508
0.143400	-2021.831070	-1722.988008	3744.819078	298.843062	5766.650148	-2.414544	-2.714634	2.358432	-0.490139	-0.271026	0.117754	-0.550955	-0.595734	-0.118283
0.143600	-2021.742526	-1722.955909	3744.698435	298.786616	5766.440961	-2.321749	-2.617831	-3.010094	-0.545693	-0.323471	-0.020522	-0.509338	-0.560057	-0.155165
0.143800	-2021.653979	-1722.923810	3744.577789	298.730170	5766.231769	-2.228622	-2.519456	-2.058455	-0.596804	-0.371925	-0.136598	-0.461107	-0.518623	-0.072450
0.144000	-2021.565431	-1722.891709	3744.457140	298.673722	5766.022571	-2.136477	-2.420573	-1.125538	-0.641858	-0.415169	-0.146744	-0.407510	-0.472388	0.070029
0.144200	-2021.476880	-1722.859608	3744.336488	298.617273	5765.813368	-2.046437	-2.321947	-0.248105	-0.680337	-0.452749	-0.042984	-0.350430	-0.422753	0.169680
0.144400	-2021.388327	-1722.827505	3744.215833	298.560822	5765.604160	-1.958776	-2.223589	0.580131	-0.712899	-0.485030	0.101207	-0.291358	-0.370863	0.154431
0.144600	-2021.299772	-1722.795402	3744.095174	298.504370	5765.394946	-1.872728	-2.124710	1.386191	-0.740654	-0.512699	0.183383	-0.230680	-0.317106	0.034243
0.144800	-2021.211215	-1722.763298	3743.974512	298.447917	5765.185727	-1.786912	-2.024159	2.201053	-0.764148	-0.536067	0.145309	-0.167765	-0.261177	-0.106004
0.145000	-2021.122655	-1722.731192	3743.853847	298.391462	5764.976502	-1.700126	-1.921091	3.054695	-0.782785	-0.554674	0.014561	-0.101806	-0.202657	-0.167144
0.145200	-2021.034093	-1722.699086	3743.733179	298.335007	5764.767272	-1.612027	-1.815470	-2.317302	-0.795109	-0.567480	-0.115173	-0.032802	-0.141686	-0.106545
0.145400	-2020.945529	-1722.666979	3743.612508	298.278550	5764.558037	-1.523280	-1.708102	-1.365687	-0.799732	-0.573503	-0.151033	0.038029	-0.079244	0.031420
0.145600	-2020.856962	-1722.634871	3743.491833	298.222091	5764.348796	-1.435127	-1.600215	-0.429213	-0.796254	-0.572459	-0.067324	0.108695	-0.016846	0.147103
0.145800	-2020.768394	-1722.602762	3743.371156	298.165632	5764.139550	-1.348655	-1.492813	0.452037	-0.785525	-0.564934	0.076123	0.177426	0.044145	0.156771
0.146000	-2020.679823	-1722.570652	3743.250475	298.109171	5763.930298	-1.264147	-1.386152	1.282333	-0.769043	-0.551975	0.176699	0.243507	0.103093	0.052434
0.146200	-2020.591250	-1722.538541	3743.129791	298.052709	5763.721041	-1.180886	-1.279625	2.088416	-0.747938	-0.534391	0.162325	0.307365	0.160151	-0.092429
0.146400	-2020.502675	-1722.506429	3743.009104	297.996245	5763.511778	-1.097542	-1.172151	2.901466	-0.722258	-0.512257	0.042939	0.369844	0.215762	-0.175370
0.146600	-2020.414097	-1722.474316	3742.888413	297.939781	5763.302510	-1.012949	-1.062868	-2.531346	-0.691064	-0.484984	-0.096598	0.431193	0.269963	-0.138137
0.146800	-2020.325517	-1722.442203	3742.767720	297.883314	5763.093237	-0.926765	-0.951696	-1.623485	-0.653274	-0.451895	-0.157120	0.490496	0.321998	-0.008286
0.147000	-2020.236935	-1722.410088	3742.647023	297.826847	5762.883958	-0.839635	-0.839455	-0.672661	-0.608635	-0.412897	-0.096002	0.545952	0.370507	0.120516
0.147200	-2020.148351	-1722.377972	3742.526323	297.770379	5762.674674	-0.752776	-0.727474	0.266411	-0.558150	-0.368770	0.042413	0.595808	0.414172	0.155415
0.147400	-2020.059764	-1722.345856	3742.405620	297.713909	5762.465385	-0.667263	-0.616955	1.151138	-0.503628	-0.320861	0.158473	0.639277	0.452349	0.070705
0.147600	-2019.971176	-1722.313738	3742.284914	297.657437	5762.256090	-0.583378	-0.508383	1.983731	-0.446695	-0.270400	0.168434	0.676803	0.485252	-0.073795
0.147800	-2019.882585	-1722.281620	3742.164205	297.600965	5762.046789	-0.500410	-0.401329	2.790427	-0.387963	-0.217927	0.064283	0.709469	0.513542	-0.175469
0.148000	-2019.793992	-1722.249500	3742.043492	297.544491	5761.837483	-0.417037	-0.294763	-2.680798	-0.326942	-0.163230	-0.080526	0.737980	0.537637	-0.162208
0.148200	-2019.705396	-1722.217380	3741.922776	297.488016	5761.628172	-0.332090	-0.187723	-1.833191	-0.262771	-0.105849	-0.163530	0.761960	0.557219	-0.043922
0.148400	-2019.616799	-1722.185259	3741.802057	297.431540	5761.418856	-0.245225	-0.079928	-0.928834	-0.195216	-0.045761	-0.126466	0.780046	0.571307	0.094546
0.148600	-2019.528199	-1722.153136	3741.681335	297.375062	5761.209534	-0.157091	0.028025	0.020323	-0.125249	0.016226	0.003131	0.790736	0.578834	0.154036
0.148800	-2019.439597	-1722.121013	3741.560610	297.318584	5761.000206	-0.068920	0.134961	0.961164	-0.054766	0.078665	0.131606	0.793365	0.579325	0.091910
0.149000	-2019.350992	-1722.088889	3741.439881	297.262103	5760.790873	0.018192	0.239742	1.849275	0.014347	0.140112	0.166093	0.788529	0.573187	-0.047487
0.149200	-2019.262386	-1722.056764	3741.319149	297.205622	5760.581535	0.103956	0.341863	2.684642	0.081133	0.199766	0.080883	0.777645	0.561402	-0.164512
0.149400	-2019.173777	-1722.024637	3741.198414	297.149139	5760.372191	0.189093	0.441707	-2.790591	0.145825	0.257645	-0.064225	0.761968	0.544857	-0.175399
0.149600	-2019.085166	-1721.992510	3741.077676	297.092656	5760.162842	0.274967	0.540313	-1.979225	0.209260	0.314185	-0.166615	0.741758	0.523768	-0.072105
0.149800	-2018.996553	-1721.960382	3740.956935	297.036170	5759.953488	0.362792	0.638761	-1.134180	0.271867	0.369547	-0.154159	0.716206	0.497626	0.071939
0.150000	-2018.907937	-1721.928253	3740.836191	296.979684	5759.744128	0.452941	0.737548	-0.233733	0.332968	0.423133	-0.036734	0.684151	0.465696	0.154290
0.150200	-2018.819320	-1721.896123	3740.715443	296.923196	5759.534762	0.544755	0.836330	0.712841	0.390873	0.473657	0.100848	0.645099	0.427709	0.116657
0.150400	-2018.730700	-1721.863993	3740.594692	296.866707	5759.325392	0.636950	0.934150	1.654918	0.443728	0.519727	0.159423	0.599783	0.384257	-0.013443
0.150600	-2018.642077	-1721.831861	3740.473938	296.810217	5759.116016	0.728366	1.030002	2.546667	0.490496	0.560521	0.096337	0.549896	0.336598	-0.142360
0.150800	-2018.553453	-1721.799728	3740.353181	296.753725	5758.906634	0.818659	1.123406	-2.897794	0.531379	0.596081	-0.044082	0.497157	0.286024	-0.177217
0.151000	-2018.464826	-1721.767594	3740.232420	296.697232	5758.697247	0.908554	1.214703	-2.088021	0.567391	0.627014	-0.162183	0.442397	0.233217	-0.092263
0.151200	-2018.376198	-1721.735459	3740.111657	296.640738	5758.487855	0.999470	1.304875	-1.276930	0.599364	0.653820	-0.174175	0.385296	0.178082	0.052710
0.151400	-2018.287567	-1721.703324	3739.990890	296.584243	5758.278457	1.092710	1.394992	-0.434543	0.627142	0.676324	-0.071985	0.324973	0.120141	0.155097
0.151600	-2018.198933	-1721.671187	3739.870120	296.527746	5758.069053	1.188708	1.485618	0.461469	0.649493	0.693627	0.070987	0.260990	0.059226	0.142751
0.151800	-2018.110298	-1721.639049	3739.749347	296.471249	5757.859645	1.286799	1.576523	1.404782	0.664839	0.704603	0.152305	0.194058	-0.004035	0.025520
0.152000	-2018.021660	-1721.606911	3739.628571	296.414749	5757.650231	1.385614	1.666873	2.347864	0.672269	0.708598	0.113674	0.125935	-0.068290	-0.111795
0.152200	-2017.933020	-1721.574771	3739.507791	296.358249	5757.440811	1.483856	1.755741	-3.039534	0.672106	0.705824	-0.017415	0.058581	-0.132047	-0.170041
0.152400	-2017.844378	-1721.542631	3739.387008	296.301747	5757.231386	1.581041	1.842659	-2.196900	0.665646	0.697170	-0.147318	-0.006820	-0.194347	-0.106535
0.152600	-2017.755734	-1721.510489	3739.266223	296.245244	5757.021956	1.677817	1.927921	-1.385014	0.654225	0.683572	-0.183139	-0.070284	-0.255057	0.034421
0.152800	-2017.667087	-1721.478347	3739.145433	296.188740	5756.812520	1.775620	2.012432	-0.574184	0.638313	0.665380	-0.099091	-0.132601	-0.314579	0.153181
0.153000	-2017.578438	-1721.446203	3739.024641	296.132235	5756.603079	1.875836	2.097206	0.265290	0.617254	0.642183	0.045083	-0.194353	-0.373175	0.165934
0.153200	-2017.489787	-1721.414059	3738.903846	296.075728	5756.393633	1.978980	2.182787	1.156421	0.589857	0.613215	0.146775	-0.255098	-0.430407	0.064558
0.153400	-2017.401134	-1721.381913	3738.783047	296.019220	5756.184181	2.084394	2.268978	2.096128	0.555401	0.578047	0.133823	-0.313297	-0.485088	-0.077572
0.153600	-2017.312478	-1721.349767	3738.662245	295.962711	5755.974723	2.190598	2.354994	3.040376	0.514341	0.537070	0.016049	-0.367039	-0.535782	-0.158023
0.153800	-2017.223820	-1721.317620	3738.541440	295.906201	5755.765261	2.296084	2.439949	-2.342542	0.468212	0.491427	-0.121761	-0.415055	-0.581500	-0.118481
0.154000	-2017.135160	-1721.285471	3738.420632	295.849689	5755.555792	2.400119	2.523392	-1.495657	0.418786	0.442437	-0.180431	-0.457292	-0.622103	0.013583
0.154200	-2017.046498	-1721.253322	3738.299820	295.793176	5755.346319	2.503145	2.605595	-0.681602	0.367094	0.390919	-0.117260	-0.494647	-0.658110	0.144530
0.154400	-2016.957834	-1721.221172	3738.179006	295.736662	5755.136840	2.606510	2.687425	0.128740	0.313010	0.336901	0.023489	-0.528051	-0.690080	0.181446
0.154600	-2016.869167	-1721.189021	3738.058188	295.680146	5754.927355	2.711644	2.769849	0.964941	0.255674	0.279917	0.142183	-0.557559	-0.717974	0.098500
0.154800	-2016.780498	-1721.156869	3737.937367	295.623630	5754.717865	2.819165	2.853390	1.850986	0.194471	0.219673	0.154992	-0.582098	-0.740996	-0.044601
0.155000	-2016.691827	-1721.124716	3737.816543	295.567112	5754.508370	2.928487	2.937842	2.787112	0.129848	0.156614	0.053767	-0.600060	-0.757988	-0.145271
0.155200	-2016.603154	-1721.092561	3737.695715	295.510593	5754.298869	3.038107	3.022435	-2.550397	0.063385	0.091965	-0.088160	-0.610309	-0.768133	-0.131330
0.155400	-2016.514478	-1721.060406	3737.574885	295.454072	5754.089363	-3.136819	3.106297	-1.645318	-0.002926	0.027240	-0.168351	-0.612889	-0.771438	-0.012569
0.155600	-2016.425801	-1721.028250	3737.454051	295.397550	5753.879852	-3.030878	-3.094194	-0.794117	-0.067694	-0.036462	-0.128462	-0.608929	-0.768670	0.126241
0.155800	-2016.337121	-1720.996093	3737.333214	295.341028	5753.670335	-2.927033	-3.012387	0.021890	-0.130707	-0.098848	0.004070	-0.599811	-0.760785	0.185908
0.156000	-2016.248439	-1720.963935	3737.212374	295.284503	5753.460812	-2.824043	-2.930602	0.831450	-0.192666	-0.160260	0.135623	-0.586195	-0.748254	0.123673
0.156200	-2016.159754	-1720.931776	3737.091530	295.227978	5753.251285	-2.720430	-2.847875	1.664204	-0.254268	-0.221036	0.173249	-0.567604	-0.730779	-0.016230
0.156400	-2016.071068	-1720.899616	3736.970684	295.171451	5753.041751	-2.615385	-2.763694	2.545265	-0.315308	-0.280898	0.091082	-0.542854	-0.707590	-0.134189
0.156600	-2015.982379	-1720.867455	3736.849834	295.114923	5752.832213	-2.509262	-2.678273	-2.805013	-0.374427	-0.338779	-0.051210	-0.511030	-0.678114	-0.146359
0.156800	-2015.893688	-1720.835293	3736.728981	295.058394	5752.622669	-2.403392	-2.592400	-1.857624	-0.429702	-0.393229	-0.151053	-0.472306	-0.642536	-0.044555
0.157000	-2015.804994	-1720.803130	3736.608125	295.001864	5752.413119	-2.299364	-2.506955	-0.947723	-0.479657	-0.443113	-0.136248	-0.428017	-0.601858	0.097902
0.157200	-2015.716299	-1720.770967	3736.487266	294.945332	5752.203565	-2.198182	-2.422374	-0.092452	-0.523974	-0.488101	-0.016557	-0.379944	-0.557392	0.178581
0.157400	-2015.627601	-1720.738802	3736.366403	294.888800	5751.994004	-2.099732	-2.338361	0.725136	-0.563399	-0.528603	0.123269	-0.329300	-0.510077	0.139099
0.157600	-2015.538901	-1720.706636	3736.245537	294.832265	5751.784439	-2.002846	-2.254014	1.533606	-0.598915	-0.565204	0.184022	-0.276163	-0.460074	0.006847
0.157800	-2015.450199	-1720.674469	3736.124668	294.775730	5751.574867	-1.906006	-2.168332	2.362971	-0.630779	-0.597998	0.122897	-0.219735	-0.406953	-0.124574
0.158000	-2015.361495	-1720.642301	3736.003796	294.719194	5751.365291	-1.808230	-2.080782	-3.043702	-0.658099	-0.626302	-0.015930	-0.159259	-0.350316	-0.162211
0.158200	-2015.272788	-1720.610132	3735.882921	294.662656	5751.155709	-1.709631	-1.991583	-2.113543	-0.679281	-0.648959	-0.132865	-0.094919	-0.290420	-0.080140
0.158400	-2015.184079	-1720.577963	3735.762042	294.606117	5750.946122	-1.611305	-1.901556	-1.164328	-0.692993	-0.665008	-0.144046	-0.028087	-0.228347	0.062003
0.158600	-2015.095368	-1720.545792	3735.641160	294.549577	5750.736529	-1.514690	-1.811627	-0.249858	-0.698994	-0.674250	-0.041251	0.039259	-0.165594	0.161649
0.158800	-2015.006655	-1720.513620	3735.520275	294.493035	5750.526931	-1.420757	-1.722265	0.609008	-0.698212	-0.677303	0.102224	0.105553	-0.103382	0.146569
0.159000	-2014.917940	-1720.481447	3735.399387	294.436492	5750.317327	-1.329446	-1.633171	1.427820	-0.692028	-0.675111	0.183924	0.170342	-0.042164	0.026477
0.159200	-2014.829222	-1720.449274	3735.278496	294.379949	5750.107718	-1.239684	-1.543401	2.235151	-0.681274	-0.668252	0.145430	0.234200	0.018312	-0.113887
0.159400	-2014.740502	-1720.417099	3735.157601	294.323403	5749.898104	-1.149995	-1.451885	3.061451	-0.665664	-0.656551	0.014079	0.297908	0.078441	-0.175304
0.159600	-2014.651780	-1720.384923	3735.036704	294.266857	5749.688484	-1.059355	-1.358037	-2.349156	-0.644062	-0.639258	-0.116555	0.361481	0.138098	-0.114925
0.159800	-2014.563056	-1720.352747	3734.915803	294.210309	5749.478859	-0.967754	-1.262073	-1.421290	-0.615392	-0.615679	-0.153506	0.423767	0.196353	0.023123
0.160000	-2014.474329	-1720.320569	3734.794898	294.153761	5749.269228	-0.876141	-1.164868	-0.470466	-0.579545	-0.585798	-0.070825	0.482873	0.251775	0.139267
0.160200	-2014.385601	-1720.288390	3734.673991	294.097211	5749.059592	-0.785843	-1.067450	0.447953	-0.537630	-0.550445	0.071903	0.537151	0.303106	0.149632
0.160400	-2014.296870	-1720.256211	3734.553080	294.040659	5748.849950	-0.697791	-0.970398	1.309890	-0.491384	-0.510901	0.172106	0.586014	0.349825	0.045951
0.160600	-2014.208137	-1720.224030	3734.432167	293.984107	5748.640303	-0.611964	-0.873485	2.129693	-0.442178	-0.468197	0.157514	0.630021	0.392210	-0.098511
0.160800	-2014.119401	-1720.191848	3734.311250	293.927553	5748.430651	-0.527369	-0.775776	2.936082	-0.390298	-0.422634	0.037790	0.670169	0.430846	-0.181289
0.161000	-2014.030664	-1720.159666	3734.190329	293.870998	5748.220993	-0.442608	-0.676158	-2.523277	-0.335046	-0.373839	-0.102371	0.706892	0.465944	-0.143907
0.161200	-2013.941924	-1720.127482	3734.069406	293.814442	5748.011330	-0.356686	-0.573993	-1.653942	-0.275555	-0.321336	-0.163725	0.739500	0.496951	-0.013644
0.161400	-2013.853182	-1720.095297	3733.948479	293.757885	5747.801661	-0.269560	-0.469498	-0.728133	-0.211757	-0.265202	-0.103380	0.766447	0.522735	0.115954
0.161600	-2013.764438	-1720.063112	3733.827550	293.701326	5747.591987	-0.182115	-0.363642	0.223826	-0.144791	-0.206350	0.034581	0.786245	0.542218	0.151910
0.161800	-2013.675691	-1720.030925	3733.706617	293.644766	5747.382308	-0.095617	-0.257629	1.145409	-0.076571	-0.146233	0.150601	0.798370	0.554997	0.068230
0.162000	-2013.586943	-1719.998738	3733.585680	293.588205	5747.172623	-0.010962	-0.152264	2.009965	-0.008809	-0.086166	0.160769	0.803519	0.561521	-0.075524
0.162200	-2013.498192	-1719.966549	3733.464741	293.531643	5746.962933	0.071863	-0.047529	2.830811	0.057807	-0.026764	0.056781	0.803023	0.562690	-0.176783
0.162400	-2013.409439	-1719.934359	3733.343798	293.475080	5746.753237	0.153807	0.057377	-2.646497	0.123693	0.032119	-0.088139	0.797859	0.559173	-0.163234
0.162600	-2013.320684	-1719.902169	3733.222852	293.418515	5746.543536	0.236218	0.163533	-1.824527	0.189667	0.090906	-0.171519	0.787941	0.550921	-0.044478
0.162800	-2013.231926	-1719.869977	3733.101903	293.361949	5746.333830	0.320060	0.271605	-0.957862	0.255955	0.149611	-0.134837	0.772214	0.537229	0.094830
0.163000	-2013.143167	-1719.837784	3732.980951	293.305382	5746.124118	0.405365	0.381399	-0.034169	0.321624	0.207459	-0.005314	0.749477	0.517309	0.155453
0.163200	-2013.054405	-1719.805591	3732.859996	293.248814	5745.914400	0.491265	0.491907	0.918114	0.384862	0.263069	0.123546	0.719350	0.490947	0.094444
0.163400	-2012.965641	-1719.773396	3732.739037	293.192244	5745.704677	0.576516	0.601794	1.842118	0.443881	0.315083	0.158742	0.682683	0.458788	-0.044159
0.163600	-2012.876874	-1719.741201	3732.618075	293.135674	5745.494949	0.660241	0.710054	2.709124	0.497833	0.362798	0.074231	0.641132	0.422043	-0.160809
0.163800	-2012.788106	-1719.709004	3732.497110	293.079102	5745.285216	0.742462	0.816499	-2.751868	0.547062	0.406338	-0.070464	0.596180	0.381818	-0.171558
0.164000	-2012.699335	-1719.676806	3732.376142	293.022529	5745.075477	0.824130	0.921794	-1.945898	0.592536	0.446261	-0.172771	0.548325	0.338548	-0.068028
0.164200	-2012.610562	-1719.644608	3732.255170	292.965954	5744.865732	0.906590	1.027009	-1.125148	0.634842	0.482877	-0.160324	0.496997	0.291942	0.076586
0.164400	-2012.521787	-1719.612408	3732.134195	292.909379	5744.655982	0.990792	1.132934	-0.260845	0.673501	0.515770	-0.042659	0.441260	0.241469	0.159816
0.164600	-2012.433010	-1719.580208	3732.013217	292.852802	5744.446227	1.076762	1.239564	0.660384	0.707054	0.543861	0.095609	0.380807	0.187035	0.123093
0.164800	-2012.344230	-1719.548006	3731.892236	292.796224	5744.236466	1.163611	1.346071	1.612111	0.733895	0.565981	0.155236	0.316521	0.129375	-0.006417
0.165000	-2012.255448	-1719.515803	3731.771252	292.739645	5744.026700	1.250083	1.451234	2.537940	0.753230	0.581532	0.093241	0.250209	0.069863	-0.135228
0.165200	-2012.166665	-1719.483600	3731.650264	292.683065	5743.816929	1.335292	1.554073	-2.875694	0.765495	0.590775	-0.046389	0.183686	0.009880	-0.170330
0.165400	-2012.077878	-1719.451395	3731.529273	292.626483	5743.607152	1.419272	1.654365	-2.051648	0.771935	0.594539	-0.164118	0.117870	-0.049801	-0.085619
0.165600	-2011.989090	-1719.419189	3731.408279	292.569901	5743.397369	1.503004	1.752741	-1.245047	0.773635	0.593559	-0.175955	0.052527	-0.109203	0.059434
0.165800	-2011.900299	-1719.386983	3731.287282	292.513317	5743.187582	1.587873	1.850312	-0.425090	0.770707	0.587910	-0.073454	-0.013162	-0.168748	0.162260
0.166000	-2011.811507	-1719.354775	3731.166282	292.456732	5742.977788	1.674861	1.948003	0.436883	0.762209	0.576958	0.070257	-0.079607	-0.228578	0.150451
0.166200	-2011.722712	-1719.322566	3731.045278	292.400145	5742.767990	1.763994	2.046030	1.355071	0.746859	0.559845	0.152702	-0.146114	-0.288078	0.033462
0.166400	-2011.633915	-1719.290357	3730.924271	292.343558	5742.558186	1.854352	2.143800	2.305464	0.724017	0.536170	0.115268	-0.210984	-0.345945	-0.104128
0.166600	-2011.545115	-1719.258146	3730.803261	292.286969	5742.348376	1.944624	2.240276	-3.050260	0.694258	0.506380	-0.014935	-0.272339	-0.400753	-0.163064
0.166800	-2011.456314	-1719.225934	3730.682248	292.230379	5742.138561	2.033873	2.334575	-2.177811	0.659107	0.471586	-0.144442	-0.329083	-0.451623	-0.100313
0.167000	-2011.367510	-1719.193721	3730.561231	292.173788	5741.928741	2.122113	2.426480	-1.351356	0.620125	0.432937	-0.180200	-0.381326	-0.498512	0.040190
0.167200	-2011.278704	-1719.161508	3730.440212	292.117196	5741.718915	2.210359	2.516580	-0.543666	0.578010	0.390998	-0.096050	-0.429961	-0.541922	0.158911
0.167400	-2011.189896	-1719.129293	3730.319189	292.060603	5741.509084	2.300065	2.605944	0.275638	0.532345	0.345578	0.048597	-0.475704	-0.582242	0.171821
0.167600	-2011.101085	-1719.097077	3730.198162	292.004008	5741.299248	2.392285	2.695513	1.134995	0.482164	0.296116	0.151183	-0.518287	-0.619193	0.070400
0.167800	-2011.012273	-1719.064860	3730.077133	291.947412	5741.089406	2.487072	2.785584	2.049552	0.426942	0.242364	0.139255	-0.556377	-0.651774	-0.072278
0.168000	-2010.923458	-1719.032643	3729.956100	291.890815	5740.879558	2.583465	2.875683	2.998089	0.367295	0.184865	0.022216	-0.588289	-0.678752	-0.153748
0.168200	-2010.834641	-1719.000424	3729.835065	291.834217	5740.669706	2.680052	2.964883	-2.355940	0.304877	0.124884	-0.115412	-0.612979	-0.699346	-0.115353
0.168400	-2010.745822	-1718.968204	3729.714026	291.777618	5740.459847	2.775771	3.052367	-1.480087	0.241564	0.063843	-0.174353	-0.630610	-0.713619	0.015859
0.168600	-2010.657000	-1718.935983	3729.592983	291.721017	5740.249984	2.870543	3.137916	-0.650776	0.178486	0.002656	-0.111509	-0.642293	-0.722298	0.146447
0.168800	-2010.568177	-1718.903761	3729.471938	291.664416	5740.040115	2.965357	-3.061120	0.158194	0.115610	-0.058562	0.029245	-0.649187	-0.726154	0.183320
0.169000	-2010.479351	-1718.871538	3729.350889	291.607813	5739.830240	3.061721	-2.977370	0.976743	0.052155	-0.120207	0.148398	-0.651596	-0.725386	0.100234
0.169200	-2010.390523	-1718.839314	3729.229837	291.551209	5739.620360	-3.122412	-2.893127	1.833108	-0.012444	-0.182529	0.161864	-0.648722	-0.719444	-0.043460
0.169400	-2010.301693	-1718.807089	3729.108782	291.494603	5739.410475	-3.020574	-2.808097	2.743580	-0.077740	-0.245078	0.061057	-0.639235	-0.707429	-0.145218
0.169600	-2010.212860	-1718.774863	3728.987724	291.437997	5739.200584	-2.916951	-2.722720	-2.593018	-0.142187	-0.306654	-0.081004	-0.622266	-0.688768	-0.132544
0.169800	-2010.124026	-1718.742636	3728.866662	291.381389	5738.990688	-2.813100	-2.637870	-1.661843	-0.203858	-0.365795	-0.161855	-0.598102	-0.663698	-0.014777
0.170000	-2010.035189	-1718.710408	3728.745597	291.324781	5738.780786	-2.710293	-2.554325	-0.782148	-0.261434	-0.421462	-0.122784	-0.568093	-0.633201	0.123584
0.170200	-2009.946350	-1718.678179	3728.624529	291.268171	5738.570879	-2.608820	-2.472293	0.050250	-0.314775	-0.473434	0.009216	-0.533836	-0.598439	0.183253
0.170400	-2009.857509	-1718.645949	3728.503458	291.211559	5738.360967	-2.507831	-2.391261	0.860407	-0.364665	-0.522131	0.140733	-0.496216	-0.560096	0.121059
0.170600	-2009.768665	-1718.613718	3728.382384	291.154947	5738.151049	-2.405843	-2.310275	1.677832	-0.411911	-0.567996	0.178641	-0.454986	-0.518089	-0.019194
0.170800	-2009.679820	-1718.581486	3728.261306	291.098334	5737.941126	-2.301650	-2.228485	2.530851	-0.456454	-0.610886	0.096618	-0.409191	-0.471854	-0.138021
0.171000	-2009.590972	-1718.549253	3728.140225	291.041719	5737.731197	-2.195074	-2.145625	-2.846093	-0.497117	-0.649897	-0.046060	-0.358116	-0.421005	-0.151309
0.171200	-2009.502122	-1718.517019	3728.019141	290.985103	5737.521263	-2.087100	-2.062136	-1.901269	-0.532184	-0.683763	-0.146867	-0.302102	-0.365888	-0.050383
0.171400	-2009.413270	-1718.484784	3727.898054	290.928486	5737.311324	-1.979375	-1.978876	-0.967647	-0.560384	-0.711538	-0.133261	-0.242614	-0.307634	0.091786
0.171600	-2009.324416	-1718.452547	3727.776963	290.871868	5737.101379	-1.873355	-1.896602	-0.083811	-0.581598	-0.733077	-0.014510	-0.181541	-0.247667	0.172727
0.171800	-2009.235559	-1718.420310	3727.655869	290.815249	5736.891428	-1.769562	-1.815502	0.751606	-0.596767	-0.748978	0.124923	-0.120204	-0.187027	0.133665
0.172000	-2009.146700	-1718.388072	3727.534772	290.758628	5736.681473	-1.667322	-1.735054	1.562655	-0.607082	-0.760023	0.185713	-0.058782	-0.125974	0.001512
0.172200	-2009.057839	-1718.355833	3727.413672	290.702007	5736.471512	-1.565204	-1.654308	2.378617	-0.613027	-0.766519	0.124619	0.003428	-0.064163	-0.130337
0.172400	-2008.968976	-1718.323592	3727.292569	290.645384	5736.261545	-1.461909	-1.572430	-3.055076	-0.613967	-0.768019	-0.014634	0.067119	-0.001255	-0.168729
0.172600	-2008.880111	-1718.291351	3727.171462	290.588760	5736.051573	-1.357073	-1.489174	-2.152870	-0.608573	-0.763607	-0.132591	0.132083	0.062466	-0.087263
0.172800	-2008.791243	-1718.259109	3727.050352	290.532135	5735.841595	-1.251502	-1.405000	-1.209369	-0.595769	-0.752558	-0.145100	0.196965	0.125927	0.054853
0.173000	-2008.702374	-1718.226865	3726.929239	290.475509	5735.631613	-1.146737	-1.320780	-0.273008	-0.575550	-0.734894	-0.043428	0.259832	0.187662	0.155101
0.173200	-2008.613502	-1718.194621	3726.808122	290.418881	5735.421624	-1.044233	-1.237267	0.614926	-0.549059	-0.711440	0.099515	0.319173	0.246495	0.140901
0.173400	-2008.524628	-1718.162375	3726.687003	290.362253	5735.211631	-0.944595	-1.154633	1.453034	-0.517882	-0.683340	0.181246	0.374591	0.302022	0.021443
0.173600	-2008.435751	-1718.130129	3726.565880	290.305623	5735.001632	-0.847252	-1.072325	2.264530	-0.483068	-0.651377	0.142918	0.426722	0.354557	-0.118855
0.173800	-2008.346873	-1718.097881	3726.444754	290.248992	5734.791627	-0.750805	-0.989362	3.078786	-0.444556	-0.615585	0.011360	0.476429	0.404575	-0.180642
0.174000	-2008.257992	-1718.065632	3726.323625	290.192360	5734.581617	-0.653861	-0.904887	-2.358296	-0.401435	-0.575420	-0.120086	0.523852	0.452060	-0.120591
0.174200	-2008.169109	-1718.033383	3726.202492	290.135727	5734.371602	-0.555861	-0.818656	-1.459647	-0.352838	-0.530380	-0.158221	0.567995	0.496225	0.017659
0.174400	-2008.080224	-1718.001132	3726.081356	290.079092	5734.161581	-0.457370	-0.731154	-0.516986	-0.298826	-0.480612	-0.076573	0.607151	0.535800	0.134678
0.174600	-2007.991337	-1717.968880	3725.960217	290.022457	5733.951555	-0.359729	-0.643289	0.422236	-0.240647	-0.427084	0.065715	0.639858	0.569697	0.146276
0.174800	-2007.902448	-1717.936628	3725.839075	289.965820	5733.741523	-0.264290	-0.555846	1.313904	-0.180155	-0.371193	0.166136	0.665711	0.597564	0.043643
0.175000	-2007.813556	-1717.904374	3725.717930	289.909182	5733.531486	-0.171654	-0.469000	2.154209	-0.118830	-0.314081	0.152037	0.685448	0.619845	-0.100353
0.175200	-2007.724662	-1717.872119	3725.596781	289.852543	5733.321444	-0.081320	-0.382170	2.965821	-0.057070	-0.256152	0.032540	0.700248	0.637303	-0.183217
0.175400	-2007.635766	-1717.839863	3725.475629	289.795903	5733.111396	0.008042	-0.294317	-2.504836	0.005716	-0.197133	-0.107990	0.710756	0.650343	-0.146028
0.175600	-2007.546868	-1717.807606	3725.354474	289.739262	5732.901342	0.097818	-0.204531	-1.661764	0.070313	-0.136620	-0.170180	0.716517	0.658629	-0.015524
0.175800	-2007.457968	-1717.775348	3725.233316	289.682620	5732.691284	0.188652	-0.112544	-0.766029	0.136745	-0.074736	-0.110627	0.716237	0.661254	0.114998
0.176000	-2007.369065	-1717.743089	3725.112154	289.625976	5732.481219	0.280117	-0.018867	0.176132	0.203872	-0.012404	0.027110	0.708672	0.657366	0.152324
0.176200	-2007.280160	-1717.710829	3724.990989	289.569331	5732.271150	0.371018	0.075523	1.117925	0.269806	0.048940	0.143640	0.693526	0.646772	0.069895
0.176400	-2007.191254	-1717.678568	3724.869821	289.512686	5732.061075	0.460095	0.169756	2.012748	0.332873	0.108006	0.154723	0.671701	0.630118	-0.073210
0.176600	-2007.102344	-1717.646306	3724.748650	289.456039	5731.850995	0.546764	0.263588	2.854766	0.392422	0.164213	0.051466	0.644729	0.608498	-0.174484
0.176800	-2007.013433	-1717.614042	3724.627476	289.399391	5731.640909	0.631475	0.357581	-2.616839	0.448912	0.217750	-0.093323	0.613792	0.582773	-0.161211
0.177000	-2006.924520	-1717.581778	3724.506298	289.342741	5731.430817	0.715475	0.452809	-1.805757	0.503222	0.269095	-0.177134	0.579020	0.553097	-0.042403
0.177200	-2006.835604	-1717.549513	3724.385117	289.286091	5731.220721	0.800087	0.550237	-0.965107	0.555672	0.318353	-0.140960	0.539583	0.518971	0.097618
0.177400	-2006.746686	-1717.517247	3724.263933	289.229439	5731.010619	0.885948	0.650161	-0.071682	0.605466	0.364865	-0.011450	0.494491	0.479796	0.159464
0.177600	-2006.657766	-1717.484979	3724.142745	289.172787	5730.800511	0.972680	0.752033	0.870088	0.650949	0.407391	0.118144	0.443540	0.435525	0.099654
0.177800	-2006.568844	-1717.452711	3724.021555	289.116133	5730.590398	1.059158	0.854760	1.813863	0.690505	0.444725	0.154578	0.387727	0.386946	-0.038331
0.178000	-2006.479919	-1717.420441	3723.900361	289.059478	5730.380280	1.144184	0.957297	2.711137	0.723449	0.476313	0.071223	0.328827	0.335392	-0.155111
0.178200	-2006.390993	-1717.388171	3723.779163	289.002822	5730.170156	1.227203	1.059220	-2.728639	0.750284	0.502430	-0.072913	0.268441	0.282079	-0.166411
0.178400	-2006.302064	-1717.355899	3723.657963	288.946165	5729.960027	1.308645	1.160953	-1.916976	0.772139	0.523789	-0.175326	0.207185	0.227558	-0.063241
0.178600	-2006.213133	-1717.323626	3723.536759	288.889507	5729.749892	1.389707	1.263508	-1.106917	0.789790	0.540877	-0.163227	0.144606	0.171642	0.081661
0.178800	-2006.124200	-1717.291353	3723.415553	288.832847	5729.539752	1.471658	1.367858	-0.268039	0.802972	0.553473	-0.045530	0.079867	0.113889	0.165775
0.179000	-2006.035264	-1717.259078	3723.294342	288.776187	5729.329607	1.555100	1.474317	0.623516	0.810461	0.560708	0.093519	0.012722	0.054265	0.130026
0.179200	-2005.946327	-1717.226802	3723.173129	288.719525	5729.119456	1.639651	1.582314	1.564617	0.810883	0.561627	0.154510	-0.055921	-0.006469	0.000955
0.179400	-2005.857387	-1717.194525	3723.051913	288.662862	5728.909300	1.724208	1.690650	2.509602	0.803662	0.555831	0.093883	-0.124268	-0.066939	-0.128226
0.179600	-2005.768445	-1717.162247	3722.930693	288.606198	5728.699138	1.807608	1.798101	-2.874392	0.789431	0.543770	-0.044959	-0.190521	-0.125775	-0.164236
0.179800	-2005.679501	-1717.129968	3722.809470	288.549533	5728.488971	1.889321	1.904021	-2.029651	0.769623	0.526454	-0.162658	-0.253786	-0.182223	-0.080357
0.180000	-2005.590555	-1717.097688	3722.688243	288.492867	5728.278798	1.969794	2.008651	-1.217531	0.745516	0.504800	-0.174863	-0.314319	-0.236329	0.064478
0.180200	-2005.501607	-1717.065407	3722.567014	288.436199	5728.068620	2.050217	2.112909	-0.407899	0.717432	0.479081	-0.072495	-0.372975	-0.288553	0.167759
0.180400	-2005.412656	-1717.033125	3722.445781	288.379531	5727.858437	2.131837	2.217792	0.429737	0.684650	0.448861	0.071784	-0.430234	-0.339103	0.156630
0.180600	-2005.323703	-1717.000842	3722.324545	288.322861	5727.648248	2.215229	2.323730	1.319541	0.646094	0.413471	0.155453	-0.485512	-0.387460	0.039902
0.180800	-2005.234748	-1716.968557	3722.203306	288.266191	5727.438054	2.299989	2.430283	2.259438	0.601308	0.372681	0.119362	-0.537247	-0.432440	-0.098242
0.181000	-2005.145791	-1716.936272	3722.082063	288.209519	5727.227854	2.384998	2.536345	-3.078366	0.551018	0.327082	-0.010027	-0.583710	-0.472752	-0.158380
0.181200	-2005.056832	-1716.903986	3721.960818	288.152846	5727.017649	2.469094	2.640715	-2.177592	0.496871	0.277910	-0.139559	-0.623952	-0.507650	-0.096876
0.181400	-2004.967870	-1716.871698	3721.839569	288.096172	5726.807439	2.551766	2.742704	-1.331282	0.440549	0.226430	-0.175904	-0.658219	-0.537221	0.042956
0.181600	-2004.878907	-1716.839410	3721.718316	288.039497	5726.597223	2.633488	2.842492	-0.518228	0.382876	0.173326	-0.092247	-0.687546	-0.562106	0.161777
0.181800	-2004.789941	-1716.807120	3721.597061	287.982821	5726.387002	2.715486	2.940984	0.291508	0.323558	0.118519	0.052562	-0.712814	-0.582848	0.175174
0.182000	-2004.700973	-1716.774829	3721.475802	287.926143	5726.176775	2.799032	3.039260	1.128231	0.261740	0.061547	0.156035	-0.733944	-0.599345	0.073948
0.182200	-2004.612003	-1716.742538	3721.354540	287.869465	5725.966543	2.884695	3.137927	2.016107	0.196980	0.002239	0.145227	-0.749822	-0.610791	-0.069315
0.182400	-2004.523030	-1716.710245	3721.233275	287.812785	5725.756305	2.972045	-3.046415	2.954114	0.129931	-0.058822	0.028853	-0.758980	-0.616151	-0.152093
0.182600	-2004.434056	-1716.677951	3721.112007	287.756105	5725.546062	3.059921	-2.948288	-2.383833	0.062257	-0.120354	-0.108964	-0.760580	-0.614835	-0.115160
0.182800	-2004.345079	-1716.645656	3720.990735	287.699423	5725.335814	-3.136065	-2.851937	-1.481485	-0.004174	-0.180934	-0.168781	-0.754970	-0.607083	0.015114
0.183000	-2004.256100	-1716.613360	3720.869460	287.642740	5725.125560	-3.050066	-2.757992	-0.633182	-0.068235	-0.239651	-0.106869	-0.743439	-0.593793	0.145598
0.183200	-2004.167119	-1716.581063	3720.748182	287.586056	5724.915301	-2.964768	-2.666285	0.181328	-0.129966	-0.296398	0.033538	-0.727323	-0.575909	0.182924
0.183400	-2004.078136	-1716.548765	3720.626900	287.529371	5724.705036	-2.878886	-2.575943	0.991502	-0.190162	-0.351589	0.153127	-0.707127	-0.553816	0.100170
0.183600	-2003.989150	-1716.516466	3720.505616	287.472684	5724.494766	-2.791088	-2.485883	1.827275	-0.249435	-0.405518	0.167425	-0.682263	-0.527158	-0.043908
0.183800	-2003.900163	-1716.484165	3720.384328	287.415997	5724.284490	-2.700770	-2.395432	2.712821	-0.307419	-0.457809	0.067124	-0.651608	-0.495222	-0.146836
0.184000	-2003.811173	-1716.451864	3720.263037	287.359309	5724.074210	-2.608384	-2.304681	-2.634875	-0.362685	-0.507361	-0.075275	-0.614475	-0.457608	-0.135616
0.184200	-2003.722181	-1716.419562	3720.141742	287.302619	5723.863923	-2.515157	-2.214387	-1.690074	-0.413436	-0.552829	-0.157257	-0.571305	-0.414700	-0.018847
0.184400	-2003.633187	-1716.387258	3720.020445	287.245929	5723.653631	-2.422383	-2.125506	-0.785843	-0.458479	-0.593290	-0.119512	-0.523575	-0.367605	0.119406
0.184600	-2003.544190	-1716.354953	3719.899144	287.189237	5723.443334	-2.330664	-2.038622	0.064963	-0.497792	-0.628634	0.011688	-0.473002	-0.317607	0.179668
0.184800	-2003.455192	-1716.322648	3719.777840	287.132544	5723.233032	-2.239522	-1.953587	0.881294	-0.532280	-0.659401	0.143252	-0.420598	-0.265509	0.118111
0.185000	-2003.366191	-1716.290341	3719.656532	287.075850	5723.022724	-2.147630	-1.869587	1.692009	-0.562890	-0.686168	0.181753	-0.366246	-0.211347	-0.022139
0.185200	-2003.277188	-1716.258033	3719.535222	287.019155	5722.812410	-2.053582	-1.785599	2.526602	-0.589732	-0.708948	0.100156	-0.309112	-0.154670	-0.141788
0.185400	-2003.188183	-1716.225724	3719.413908	286.962459	5722.602091	-1.956712	-1.700974	-2.873859	-0.611824	-0.727016	-0.042877	-0.248577	-0.095179	-0.156304
0.185600	-2003.099176	-1716.193414	3719.292591	286.905762	5722.391767	-1.857483	-1.615778	-1.941240	-0.627652	-0.739288	-0.144892	-0.185037	-0.033277	-0.056272
0.185800	-2003.010167	-1716.161103	3719.171270	286.849064	5722.181437	-1.757213	-1.530715	-0.996791	-0.636140	-0.744997	-0.132820	-0.119980	0.029877	0.085886
0.186000	-2002.921155	-1716.128791	3719.049947	286.792364	5721.971102	-1.657353	-1.446680	-0.090248	-0.637343	-0.744165	-0.015171	-0.055305	0.092840	0.167644
0.186200	-2002.832142	-1716.096478	3718.928620	286.735664	5721.760762	-1.558676	-1.364221	0.763465	-0.632362	-0.737549	0.124054	0.007665	0.154564	0.129619
0.186400	-2002.743126	-1716.064164	3718.807290	286.678962	5721.550416	-1.460832	-1.283195	1.581732	-0.622556	-0.726093	0.185349	0.068736	0.214780	-0.002027
0.186600	-2002.654108	-1716.031848	3718.685956	286.622260	5721.340064	-1.362538	-1.202827	2.392747	-0.608594	-0.710279	0.124777	0.128610	0.273833	-0.134249
0.186800	-2002.565088	-1715.999532	3718.564620	286.565556	5721.129707	-1.262344	-1.122147	-3.057418	-0.590043	-0.689844	-0.014645	0.188000	0.332084	-0.173571
0.187000	-2002.476065	-1715.967214	3718.443280	286.508851	5720.919345	-1.159522	-1.040551	-2.177870	-0.565771	-0.664056	-0.133672	0.246759	0.389300	-0.092845
0.187200	-2002.387041	-1715.934896	3718.321937	286.452145	5720.708978	-1.054511	-0.958123	-1.248177	-0.534890	-0.632361	-0.147701	0.303625	0.444490	0.049376
0.187400	-2002.298014	-1715.902576	3718.200590	286.395438	5720.498604	-0.948704	-0.875555	-0.303698	-0.497546	-0.594928	-0.047213	0.356776	0.496281	0.150651
0.187600	-2002.208985	-1715.870255	3718.079241	286.338730	5720.288226	-0.843716	-0.793714	0.605658	-0.455009	-0.552712	0.095449	0.404809	0.543595	0.137837
0.187800	-2002.119954	-1715.837933	3717.957888	286.282021	5720.077842	-0.740541	-0.713116	1.462444	-0.408987	-0.506976	0.177746	0.447429	0.586126	0.019335
0.188000	-2002.030921	-1715.805610	3717.836532	286.225311	5719.867453	-0.639033	-0.633599	2.282490	-0.360653	-0.458626	0.140186	0.485374	0.624286	-0.120907
0.188200	-2001.941886	-1715.773286	3717.715172	286.168599	5719.657058	-0.538020	-0.554392	3.093448	-0.310080	-0.407819	0.008834	0.519621	0.658661	-0.183345
0.188400	-2001.852848	-1715.740961	3717.593810	286.111887	5719.446658	-0.436040	-0.474549	-2.358676	-0.256487	-0.354132	-0.123322	0.550458	0.689372	-0.123936
0.188600	-2001.763809	-1715.708635	3717.472444	286.055174	5719.236252	-0.332252	-0.393497	-1.482440	-0.199111	-0.297159	-0.162762	0.577061	0.715788	0.014419
0.188800	-2001.674767	-1715.676308	3717.351074	285.998459	5719.025841	-0.226970	-0.311351	-0.555360	-0.138087	-0.237118	-0.082224	0.597912	0.736809	0.132511
0.189000	-2001.585723	-1715.643979	3717.229702	285.941743	5718.815425	-0.121508	-0.228817	0.389633	-0.074698	-0.175024	0.059826	0.611729	0.751510	0.145694
0.189200	-2001.496677	-1715.611650	3717.108326	285.885027	5718.605003	-0.017495	-0.146756	1.302061	-0.010817	-0.112297	0.160976	0.618270	0.759695	0.044332
0.189400	-2001.407628	-1715.579319	3716.986947	285.828309	5718.394576	0.083981	-0.065664	2.161803	0.052058	-0.050105	0.147998	0.618420	0.761952	-0.099309
0.189600	-2001.318578	-1715.546988	3716.865565	285.771590	5718.184143	0.182937	0.014653	2.983214	0.113503	0.011125	0.029176	0.613512	0.759194	-0.182676
0.189800	-2001.229525	-1715.514655	3716.744180	285.714870	5717.973705	0.280466	0.094995	-2.489486	0.174091	0.071650	-0.111610	0.604360	0.751986	-0.146175
0.190000	-2001.140470	-1715.482321	3716.622791	285.658149	5717.763261	0.378064	0.176320	-1.660565	0.234608	0.131876	-0.174785	0.590699	0.740166	-0.015732
0.190200	-2001.051413	-1715.449986	3716.501399	285.601427	5717.552812	0.476719	0.259193	-0.787437	0.295113	0.191710	-0.116183	0.571429	0.723005	0.115711
0.190400	-2000.962354	-1715.417650	3716.380004	285.544704	5717.342358	0.576338	0.343473	0.137570	0.354538	0.250289	0.021402	0.545488	0.699817	0.154592
0.190600	-2000.873293	-1715.385313	3716.258605	285.487980	5717.131898	0.675815	0.428422	1.083580	0.411089	0.306251	0.138804	0.512732	0.670557	0.073541
0.190800	-2000.784229	-1715.352974	3716.137204	285.431255	5716.921433	0.773656	0.513156	1.999047	0.463185	0.358390	0.151310	0.474191	0.635997	-0.069074
0.191000	-2000.695164	-1715.320635	3716.015799	285.374529	5716.710962	0.868813	0.597181	2.861320	0.510257	0.406202	0.049175	0.431517	0.597351	-0.170836
0.191200	-2000.606096	-1715.288295	3715.894390	285.317801	5716.500486	0.961264	0.680720	-2.599567	0.552847	0.449953	-0.095412	0.386011	0.555599	-0.158443
0.191400	-2000.517026	-1715.255953	3715.772979	285.261073	5716.290005	1.052037	0.764621	-1.789865	0.591928	0.490215	-0.179888	0.337941	0.511021	-0.040050
0.191600	-2000.427954	-1715.223610	3715.651564	285.204344	5716.079518	1.142607	0.849890	-0.963076	0.627943	0.527205	-0.144550	0.286613	0.463241	0.100539
0.191800	-2000.338880	-1715.191267	3715.530146	285.147613	5715.869026	1.234035	0.937111	-0.092577	0.660250	0.560402	-0.015200	0.231151	0.411769	0.163723
0.192000	-2000.249803	-1715.158922	3715.408725	285.090881	5715.658528	1.326370	1.026129	0.830980	0.687362	0.588715	0.115293	0.171438	0.356639	0.105234
0.192200	-2000.160725	-1715.126576	3715.287300	285.034149	5715.448025	1.418672	1.116158	1.778207	0.707832	0.611090	0.153322	0.108517	0.298694	-0.032265
0.192400	-2000.071644	-1715.094229	3715.165873	284.977415	5715.237516	1.509587	1.206257	2.696372	0.721125	0.627114	0.071402	0.044195	0.239303	-0.149634
0.192600	-1999.982561	-1715.061881	3715.044441	284.920680	5715.027002	1.598128	1.295889	-2.722568	0.727878	0.637190	-0.072197	-0.019899	0.179719	-0.162093
0.192800	-1999.893476	-1715.029531	3714.923007	284.863945	5714.816483	1.684260	1.385272	-1.899806	0.729359	0.642170	-0.175063	-0.083113	0.120524	-0.059770
0.193000	-1999.804389	-1714.997181	3714.801570	284.807208	5714.605958	1.768940	1.475294	-1.090942	0.726499	0.642682	-0.163788	-0.145865	0.061565	0.085239
0.193200	-1999.715299	-1714.964829	3714.680129	284.750470	5714.395428	1.853571	1.567017	-0.265937	0.719206	0.638668	-0.046400	-0.208973	0.002414	0.170345
0.193400	-1999.626208	-1714.932477	3714.558685	284.693731	5714.184892	1.939187	1.661067	0.602553	0.706444	0.629429	0.093379	-0.272697	-0.056974	0.135746
0.193600	-1999.537114	-1714.900123	3714.437237	284.636991	5713.974351	2.025876	1.757278	1.525192	0.687016	0.614167	0.155922	-0.336181	-0.115877	0.007116
0.193800	-1999.448018	-1714.867768	3714.315786	284.580250	5713.763805	2.112777	1.854795	2.473528	0.660497	0.592628	0.096853	-0.397702	-0.172982	-0.122738
0.194000	-1999.358920	-1714.835412	3714.194333	284.523508	5713.553253	2.198624	1.952559	-2.889445	0.627649	0.565388	-0.041263	-0.455543	-0.226979	-0.160161
0.194200	-1999.269820	-1714.803055	3714.072875	284.466765	5713.342696	2.282488	2.049910	-2.023810	0.590017	0.533569	-0.159333	-0.508874	-0.277181	-0.077559
0.194400	-1999.180718	-1714.770697	3713.951415	284.410021	5713.132133	2.364340	2.146971	-1.200800	0.548999	0.498207	-0.172495	-0.558016	-0.323693	0.066904
0.194600	-1999.091613	-1714.738338	3713.829951	284.353276	5712.921565	2.445092	2.244592	-0.392631	0.505053	0.459697	-0.070745	-0.603896	-0.367046	0.170827
0.194800	-1999.002507	-1714.705977	3713.708484	284.296529	5712.710991	2.526082	2.343849	0.431115	0.457595	0.417729	0.073919	-0.647094	-0.407540	0.160705
0.195000	-1998.913398	-1714.673616	3713.587014	284.239782	5712.500412	2.608287	2.445392	1.298239	0.405673	0.371748	0.158916	-0.687155	-0.444774	0.044419
0.195200	-1998.824287	-1714.641253	3713.465541	284.183034	5712.289828	2.691773	2.549038	2.220203	0.348929	0.321615	0.124322	-0.722670	-0.477696	-0.094394
0.195400	-1998.735174	-1714.608890	3713.344064	284.126284	5712.079238	2.775702	2.653845	-3.113976	0.288147	0.267982	-0.004312	-0.752063	-0.505152	-0.156081
0.195600	-1998.646059	-1714.576525	3713.222584	284.069534	5711.868643	2.858852	2.758593	-2.192387	0.225016	0.212133	-0.134233	-0.774519	-0.526521	-0.096153
0.195800	-1998.556941	-1714.544159	3713.101100	284.012783	5711.658042	2.940340	2.862416	-1.325782	0.161255	0.155374	-0.171737	-0.790408	-0.542009	0.042941
0.196000	-1998.467822	-1714.511792	3712.979614	283.956030	5711.447436	3.020165	2.965247	-0.502468	0.097731	0.098432	-0.089089	-0.800887	-0.552375	0.162125
0.196200	-1998.378700	-1714.479424	3712.858124	283.899277	5711.236824	3.099236	3.067806	0.305433	0.034201	0.041270	0.055638	-0.806971	-0.558292	0.176462
0.196400	-1998.289576	-1714.447054	3712.736631	283.842522	5711.026207	-3.104326	-3.112052	1.128490	-0.030153	-0.016542	0.160064	-0.808744	-0.559806	0.075806
0.196600	-1998.200450	-1714.414684	3712.615134	283.785767	5710.815585	-3.023221	-3.007275	1.994671	-0.095768	-0.075169	0.150587	-0.805265	-0.556267	-0.067949
0.196800	-1998.111322	-1714.382312	3712.493635	283.729010	5710.604957	-2.940605	-2.901177	2.915890	-0.162021	-0.134051	0.034951	-0.795238	-0.546795	-0.152218
0.197000	-1998.022192	-1714.349940	3712.372132	283.672252	5710.394324	-2.857333	-2.794687	-2.418307	-0.227301	-0.191947	-0.103289	-0.777972	-0.530937	-0.116989
0.197200	-1997.933060	-1714.317566	3712.250626	283.615494	5710.183685	-2.774619	-2.689071	-1.495992	-0.289804	-0.247487	-0.164465	-0.753941	-0.509055	0.012326
0.197400	-1997.843925	-1714.285191	3712.129116	283.558734	5709.973041	-2.693315	-2.585296	-0.628533	-0.348454	-0.299805	-0.103963	-0.724539	-0.482155	0.143028
0.197600	-1997.754788	-1714.252815	3712.007603	283.501973	5709.762392	-2.613384	-2.483549	0.195375	-0.403337	-0.348840	0.035889	-0.691221	-0.451295	0.181350
0.197800	-1997.665650	-1714.220438	3711.886087	283.445212	5709.551737	-2.533884	-2.383183	1.003522	-0.455297	-0.395058	0.156050	-0.654619	-0.416979	0.099424
0.198000	-1997.576509	-1714.188060	3711.764568	283.388449	5709.341077	-2.453500	-2.283140	1.826400	-0.505023	-0.438825	0.171494	-0.614283	-0.378975	-0.044815
0.198200	-1997.487365	-1714.155680	3711.643046	283.331685	5709.130411	-2.371321	-2.182620	2.691823	-0.552257	-0.479864	0.071926	-0.569222	-0.336690	-0.148985
0.198400	-1997.398220	-1714.123300	3711.521520	283.274921	5708.919740	-2.287352	-2.081568	-2.671277	-0.595702	-0.517189	-0.070865	-0.518852	-0.289818	-0.139398
0.198600	-1997.309073	-1714.090918	3711.399991	283.218155	5708.709063	-2.202490	-1.980726	-1.722965	-0.633695	-0.549573	-0.154289	-0.463683	-0.238815	-0.023661
0.198800	-1997.219923	-1714.058535	3711.278458	283.161388	5708.498381	-2.117974	-1.881217	-0.800307	-0.665169	-0.576209	-0.118229	-0.405240	-0.184843	0.114755
0.199000	-1997.130771	-1714.026151	3711.156923	283.104620	5708.287694	-2.034652	-1.783940	0.068157	-0.690210	-0.597094	0.012023	-0.345284	-0.129230	0.176135
0.199200	-1997.041618	-1713.993766	3711.035384	283.047851	5708.077001	-1.952454	-1.689077	0.893125	-0.709823	-0.612867	0.143827	-0.284878	-0.072830	0.115755
0.199400	-1996.952462	-1713.961380	3710.913842	282.991081	5707.866303	-1.870384	-1.595997	1.701980	-0.725076	-0.624222	0.183353	-0.223965	-0.015734	-0.024192
0.199600	-1996.863303	-1713.928993	3710.792296	282.934311	5707.655599	-1.787081	-1.503627	2.524887	-0.736220	-0.631305	0.102588	-0.161763	0.042468	-0.144704
0.199800	-1996.774143	-1713.896604	3710.670747	282.877539	5707.444890	-1.701610	-1.411083	-2.893761	-0.742436	-0.633533	-0.040657	-0.097679	0.102053	-0.160677
0.200000	-1996.684981	-1713.864215	3710.549195	282.820766	5707.234176	-1.614002	-1.318170	-1.975359	-0.742369	-0.629970	-0.144036	-0.032095	0.162621	-0.061674
