#model:pLinear_down	end_point_b=0.20
#t	l_1	l_2	l_3	l_2-l_1	l_3-l_1	phase_1	phase_2	phase_3	RePsi_1	RePsi_2	RePsi_3	ImPsi_1	ImPsi_2	ImPsi_3
0.100200	-157.302886	-153.223629	310.526515	4.079257	467.829401	1.661787	1.661814	1.662657	0.818673	0.546176	0.152331	-0.074698	-0.049849	-0.014033
0.100400	-157.272871	-153.193629	310.466500	4.079241	467.739371	1.752761	1.752814	1.754492	0.808498	0.539386	0.150420	-0.148763	-0.099276	-0.027946
0.100600	-157.242855	-153.163629	310.406485	4.079226	467.649340	1.843716	1.843795	1.846295	0.791639	0.528135	0.147252	-0.221583	-0.147872	-0.041626
0.100800	-157.212840	-153.133629	310.346469	4.079210	467.559309	1.934655	1.934759	1.938059	0.768239	0.512518	0.142856	-0.292556	-0.195235	-0.054959
0.101000	-157.182824	-153.103629	310.286454	4.079195	467.469278	2.025576	2.025705	2.029778	0.738494	0.492669	0.137268	-0.361097	-0.240976	-0.067835
0.101200	-157.152809	-153.073629	310.226439	4.079180	467.379248	2.116481	2.116632	2.121446	0.702655	0.468752	0.130534	-0.426640	-0.284715	-0.080148
0.101400	-157.122794	-153.043629	310.166423	4.079164	467.289217	2.207368	2.207542	2.213055	0.661021	0.440968	0.122712	-0.488646	-0.326095	-0.091796
0.101600	-157.092778	-153.013629	310.106408	4.079149	467.199186	2.298240	2.298434	2.304601	0.613940	0.409549	0.113867	-0.546606	-0.364774	-0.102684
0.101800	-157.062763	-152.983629	310.046392	4.079133	467.109155	2.389095	2.389308	2.396078	0.561803	0.374755	0.104072	-0.600042	-0.400434	-0.112723
0.102000	-157.032747	-152.953629	309.986377	4.079118	467.019124	2.479934	2.480164	2.487481	0.505044	0.336877	0.093408	-0.648518	-0.432784	-0.121829
0.102200	-157.002732	-152.923629	309.926362	4.079103	466.929094	2.570756	2.571003	2.578807	0.444133	0.296229	0.081964	-0.691635	-0.461558	-0.129929
0.102400	-156.972717	-152.893629	309.866346	4.079087	466.839063	2.661563	2.661823	2.670050	0.379575	0.253146	0.069835	-0.729043	-0.486522	-0.136955
0.102600	-156.942701	-152.863629	309.806331	4.079072	466.749032	2.752355	2.752626	2.761208	0.311903	0.207986	0.057121	-0.760435	-0.507471	-0.142852
0.102800	-156.912686	-152.833629	309.746315	4.079056	466.659001	2.843130	2.843410	2.852279	0.241678	0.161122	0.043927	-0.785557	-0.524237	-0.147571
0.103000	-156.882670	-152.803629	309.686300	4.079041	466.568970	2.933891	2.934177	2.943259	0.169480	0.112940	0.030362	-0.804207	-0.536682	-0.151073
0.103200	-156.852655	-152.773629	309.626284	4.079025	466.478939	3.024635	3.024926	3.034148	0.095902	0.063839	0.016538	-0.816233	-0.544708	-0.153332
0.103400	-156.822639	-152.743629	309.566269	4.079010	466.388908	3.115364	3.115657	3.124945	0.021553	0.014222	0.002569	-0.821542	-0.548250	-0.154328
0.103600	-156.792624	-152.713629	309.506253	4.078995	466.298877	-3.077107	-3.076815	-3.067536	-0.052958	-0.035502	-0.011430	-0.820093	-0.547284	-0.154054
0.103800	-156.762608	-152.683629	309.446238	4.078979	466.208846	-2.986409	-2.986119	-2.976925	-0.127015	-0.084924	-0.025344	-0.811902	-0.541818	-0.152514
0.104000	-156.732593	-152.653629	309.386222	4.078964	466.118816	-2.895726	-2.895442	-2.886405	-0.200013	-0.133638	-0.039059	-0.797042	-0.531901	-0.149721
0.104200	-156.702578	-152.623629	309.326207	4.078948	466.028785	-2.805059	-2.804782	-2.795975	-0.271350	-0.181245	-0.052462	-0.775637	-0.517616	-0.145698
0.104400	-156.672562	-152.593629	309.266192	4.078933	465.938754	-2.714407	-2.714140	-2.705633	-0.340444	-0.227354	-0.065443	-0.747868	-0.499084	-0.140480
0.104600	-156.642547	-152.563629	309.206176	4.078917	465.848723	-2.623771	-2.623516	-2.615376	-0.406727	-0.271587	-0.077896	-0.713965	-0.476460	-0.134109
0.104800	-156.612531	-152.533629	309.146161	4.078902	465.758692	-2.533151	-2.532910	-2.525201	-0.469658	-0.313584	-0.089720	-0.674212	-0.449931	-0.126638
0.105000	-156.582516	-152.503629	309.086145	4.078886	465.668661	-2.442546	-2.442321	-2.435106	-0.528722	-0.353000	-0.100817	-0.628937	-0.419717	-0.118131
0.105200	-156.552500	-152.473629	309.026130	4.078871	465.578630	-2.351958	-2.351751	-2.345084	-0.583439	-0.389515	-0.111098	-0.578515	-0.386068	-0.108656
0.105400	-156.522485	-152.443629	308.966114	4.078855	465.488599	-2.261385	-2.261198	-2.255133	-0.633361	-0.422830	-0.120477	-0.523363	-0.349263	-0.098293
0.105600	-156.492469	-152.413629	308.906098	4.078840	465.398567	-2.170829	-2.170663	-2.165248	-0.678082	-0.452675	-0.128880	-0.463934	-0.309603	-0.087125
0.105800	-156.462453	-152.383629	308.846083	4.078824	465.308536	-2.080290	-2.080146	-2.075422	-0.717241	-0.478807	-0.136237	-0.400718	-0.267416	-0.075247
0.106000	-156.432438	-152.353629	308.786067	4.078809	465.218505	-1.989767	-1.989647	-1.985651	-0.750519	-0.501015	-0.142489	-0.334235	-0.223049	-0.062754
0.106200	-156.402422	-152.323629	308.726052	4.078793	465.128474	-1.899262	-1.899166	-1.895929	-0.777647	-0.519119	-0.147586	-0.265031	-0.176866	-0.049751
0.106400	-156.372407	-152.293629	308.666036	4.078777	465.038443	-1.808773	-1.808703	-1.806249	-0.798409	-0.532974	-0.151487	-0.193673	-0.129246	-0.036342
0.106600	-156.342391	-152.263629	308.606021	4.078762	464.948412	-1.718302	-1.718257	-1.716607	-0.812636	-0.542469	-0.154160	-0.120745	-0.080578	-0.022639
0.106800	-156.312376	-152.233629	308.546005	4.078746	464.858381	-1.627848	-1.627830	-1.626995	-0.820218	-0.547528	-0.155585	-0.046846	-0.031261	-0.008753
0.107000	-156.282360	-152.203629	308.485990	4.078731	464.768350	-1.537412	-1.537421	-1.537407	-0.821096	-0.548114	-0.155750	0.027422	0.018301	0.005202
0.107200	-156.252345	-152.173629	308.425974	4.078715	464.678319	-1.446994	-1.447029	-1.447837	-0.815267	-0.544224	-0.154655	0.101451	0.067703	0.019113
0.107400	-156.222329	-152.143629	308.365958	4.078700	464.588288	-1.356595	-1.356655	-1.358278	-0.802783	-0.535893	-0.152309	0.174637	0.116543	0.032865
0.107600	-156.192313	-152.113629	308.305943	4.078684	464.498256	-1.266213	-1.266300	-1.268724	-0.783749	-0.523191	-0.148733	0.246383	0.164423	0.046346
0.107800	-156.162298	-152.083629	308.245927	4.078668	464.408225	-1.175851	-1.175962	-1.179169	-0.758325	-0.506224	-0.143956	0.316106	0.210952	0.059448
0.108000	-156.132282	-152.053629	308.185912	4.078653	464.318194	-1.085507	-1.085643	-1.089606	-0.726721	-0.485134	-0.138017	0.383238	0.255752	0.072062
0.108200	-156.102267	-152.023629	308.125896	4.078637	464.228163	-0.995183	-0.995341	-1.000031	-0.689199	-0.460094	-0.130967	0.447233	0.298459	0.084088
0.108400	-156.072251	-151.993629	308.065881	4.078622	464.138132	-0.904878	-0.905058	-0.910436	-0.646069	-0.431311	-0.122864	0.507572	0.338726	0.095426
0.108600	-156.042235	-151.963629	308.005865	4.078606	464.048100	-0.814593	-0.814792	-0.820818	-0.597684	-0.399021	-0.113773	0.563766	0.376227	0.105986
0.108800	-156.012220	-151.933629	307.945849	4.078590	463.958069	-0.724327	-0.724545	-0.731170	-0.544441	-0.363490	-0.103769	0.615360	0.410658	0.115681
0.109000	-155.982204	-151.903629	307.885834	4.078575	463.868038	-0.634081	-0.634315	-0.641488	-0.486778	-0.325009	-0.092934	0.661937	0.441741	0.124433
0.109200	-155.952189	-151.873629	307.825818	4.078559	463.778007	-0.543855	-0.544104	-0.551767	-0.425165	-0.283891	-0.081358	0.703121	0.469225	0.132173
0.109400	-155.922173	-151.843629	307.765802	4.078544	463.687975	-0.453649	-0.453911	-0.462004	-0.360105	-0.240474	-0.069133	0.738581	0.492889	0.138837
0.109600	-155.892157	-151.813629	307.705787	4.078528	463.597944	-0.363463	-0.363736	-0.372195	-0.292130	-0.195111	-0.056361	0.768031	0.512542	0.144371
0.109800	-155.862142	-151.783629	307.645771	4.078512	463.507913	-0.273298	-0.273579	-0.282338	-0.221793	-0.148173	-0.043145	0.791237	0.528028	0.148733
0.110000	-155.832126	-151.753629	307.585755	4.078497	463.417881	-0.183153	-0.183440	-0.192429	-0.149667	-0.100040	-0.029593	0.808013	0.539224	0.151886
0.110200	-155.802110	-151.723629	307.525740	4.078481	463.327850	-0.093029	-0.093319	-0.102467	-0.076339	-0.051104	-0.015816	0.818227	0.546040	0.153806
0.110400	-155.772095	-151.693629	307.465724	4.078465	463.237819	-0.002925	-0.003217	-0.012451	-0.002404	-0.001764	-0.001923	0.821800	0.548424	0.154479
0.110600	-155.742079	-151.663629	307.405708	4.078450	463.147787	0.087158	0.086868	0.077621	0.071538	0.047581	0.011970	0.818707	0.546360	0.153899
0.110800	-155.712063	-151.633629	307.345693	4.078434	463.057756	0.177221	0.176934	0.167748	0.144888	0.096530	0.025752	0.808977	0.539867	0.152072
0.111000	-155.682048	-151.603629	307.285677	4.078418	462.967725	0.267263	0.266982	0.257931	0.217051	0.144688	0.039311	0.792693	0.529000	0.149014
0.111200	-155.652032	-151.573629	307.225661	4.078403	462.877693	0.357285	0.357012	0.348168	0.287443	0.191664	0.052537	0.769991	0.513850	0.144749
0.111400	-155.622016	-151.543629	307.165646	4.078387	462.787662	0.447287	0.447024	0.438458	0.355496	0.237078	0.065324	0.741059	0.494543	0.139314
0.111600	-155.592001	-151.513629	307.105630	4.078371	462.697631	0.537268	0.537017	0.528798	0.420660	0.280565	0.077568	0.706134	0.471236	0.132753
0.111800	-155.561985	-151.483629	307.045614	4.078355	462.607599	0.627229	0.626992	0.619187	0.482409	0.321773	0.089171	0.665503	0.444120	0.125120
0.112000	-155.531969	-151.453629	306.985599	4.078340	462.517568	0.717170	0.716950	0.709620	0.540247	0.360371	0.100038	0.619497	0.413419	0.116477
0.112200	-155.501953	-151.423629	306.925583	4.078324	462.427536	0.807091	0.806889	0.800094	0.593707	0.396048	0.110084	0.568492	0.379381	0.106895
0.112400	-155.471938	-151.393629	306.865567	4.078308	462.337505	0.896992	0.896809	0.890605	0.642361	0.428517	0.119226	0.512903	0.342284	0.096451
0.112600	-155.441922	-151.363629	306.805551	4.078293	462.247473	0.986873	0.986712	0.981148	0.685819	0.457518	0.127391	0.453182	0.302429	0.085231
0.112800	-155.411906	-151.333629	306.745536	4.078277	462.157442	1.076735	1.076597	1.071718	0.723732	0.482819	0.134515	0.389814	0.260140	0.073325
0.113000	-155.381890	-151.303629	306.685520	4.078261	462.067410	1.166578	1.166463	1.162309	0.755797	0.504218	0.140540	0.323311	0.215760	0.060831
0.113200	-155.351875	-151.273629	306.625504	4.078245	461.977379	1.256401	1.256311	1.252916	0.781761	0.521545	0.145419	0.254213	0.169648	0.047848
0.113400	-155.321859	-151.243629	306.565488	4.078230	461.887347	1.346206	1.346141	1.343532	0.801416	0.534662	0.149112	0.183079	0.122177	0.034484
0.113600	-155.291843	-151.213629	306.505473	4.078214	461.797316	1.435992	1.435953	1.434151	0.814609	0.543466	0.151591	0.110483	0.073730	0.020844
0.113800	-155.261827	-151.183629	306.445457	4.078198	461.707284	1.525760	1.525747	1.524767	0.821237	0.547889	0.152837	0.037011	0.024699	0.007040
0.114000	-155.231812	-151.153629	306.385441	4.078182	461.617253	1.615509	1.615522	1.615373	0.821250	0.547897	0.152839	-0.036745	-0.024522	-0.006818
0.114200	-155.201796	-151.123629	306.325425	4.078166	461.527221	1.705241	1.705280	1.705962	0.814652	0.543494	0.151599	-0.110190	-0.073535	-0.020617
0.114400	-155.171780	-151.093629	306.265409	4.078151	461.437190	1.794954	1.795020	1.796527	0.801500	0.534718	0.149128	-0.182734	-0.121947	-0.034246
0.114600	-155.141764	-151.063629	306.205394	4.078135	461.347158	1.884651	1.884741	1.887062	0.781905	0.521641	0.145446	-0.253793	-0.169367	-0.047597
0.114800	-155.111748	-151.033629	306.145378	4.078119	461.257126	1.974329	1.974444	1.977560	0.756027	0.504371	0.140584	-0.322796	-0.215417	-0.060562
0.115000	-155.081733	-151.003629	306.085362	4.078103	461.167095	2.063991	2.064130	2.068015	0.724078	0.483050	0.134581	-0.389191	-0.259725	-0.073036
0.115200	-155.051717	-150.973629	306.025346	4.078087	461.077063	2.153636	2.153797	2.158420	0.686319	0.457852	0.127486	-0.452445	-0.301938	-0.084921
0.115400	-155.021701	-150.943629	305.965330	4.078072	460.987031	2.243264	2.243446	2.248770	0.643057	0.428981	0.119357	-0.512052	-0.341716	-0.096120
0.115600	-154.991685	-150.913629	305.905315	4.078056	460.897000	2.332875	2.333077	2.339060	0.594642	0.396672	0.110260	-0.567536	-0.378743	-0.106544
0.115800	-154.961669	-150.883629	305.845299	4.078040	460.806968	2.422470	2.422691	2.429283	0.541466	0.361185	0.100268	-0.618454	-0.412723	-0.116111
0.116000	-154.931654	-150.853629	305.785283	4.078024	460.716936	2.512049	2.512286	2.519435	0.483958	0.322807	0.089462	-0.664399	-0.443384	-0.124743
0.116200	-154.901638	-150.823629	305.725267	4.078008	460.626905	2.601612	2.601863	2.609513	0.422583	0.281849	0.077929	-0.705007	-0.470484	-0.132372
0.116400	-154.871622	-150.793629	305.665251	4.077992	460.536873	2.691159	2.691423	2.699511	0.357835	0.238639	0.065763	-0.739955	-0.493806	-0.138938
0.116600	-154.841606	-150.763629	305.605235	4.077977	460.446841	2.780690	2.780964	2.789427	0.290233	0.193526	0.053060	-0.768966	-0.513167	-0.144388
0.116800	-154.811590	-150.733629	305.545219	4.077961	460.356810	2.870206	2.870488	2.879258	0.220323	0.146871	0.039924	-0.791812	-0.528413	-0.148679
0.117000	-154.781574	-150.703629	305.485204	4.077945	460.266778	2.959706	2.959994	2.969002	0.148665	0.099050	0.026459	-0.808314	-0.539425	-0.151779
0.117200	-154.751558	-150.673629	305.425188	4.077929	460.176746	3.049190	3.049482	3.058656	0.075833	0.050446	0.012773	-0.818343	-0.546118	-0.153662
0.117400	-154.721543	-150.643629	305.365172	4.077913	460.086714	3.138659	3.138952	-3.134964	0.002411	0.001449	-0.001023	-0.821822	-0.548440	-0.154315
0.117600	-154.691527	-150.613629	305.305156	4.077897	459.996683	-3.055074	-3.054782	-3.045490	-0.071013	-0.047551	-0.014820	-0.818729	-0.546375	-0.153732
0.117800	-154.661511	-150.583629	305.245140	4.077881	459.906651	-2.965636	-2.965347	-2.956106	-0.143853	-0.096160	-0.028507	-0.809091	-0.539944	-0.151920
0.118000	-154.631495	-150.553629	305.185124	4.077865	459.816619	-2.876214	-2.875931	-2.866812	-0.215526	-0.143991	-0.041975	-0.792990	-0.529199	-0.148893
0.118200	-154.601479	-150.523629	305.125108	4.077850	459.726587	-2.786807	-2.786532	-2.777607	-0.285462	-0.190663	-0.055116	-0.770558	-0.514229	-0.144677
0.118400	-154.571463	-150.493629	305.065092	4.077834	459.636555	-2.697416	-2.697151	-2.688489	-0.353102	-0.235802	-0.067826	-0.741978	-0.495156	-0.139305
0.118600	-154.541447	-150.463629	305.005076	4.077818	459.546524	-2.608041	-2.607788	-2.599455	-0.417908	-0.279050	-0.080004	-0.707482	-0.472135	-0.132822
0.118800	-154.511431	-150.433629	304.945061	4.077802	459.456492	-2.518681	-2.518443	-2.510504	-0.479365	-0.320063	-0.091552	-0.667348	-0.445352	-0.125279
0.119000	-154.481415	-150.403629	304.885045	4.077786	459.366460	-2.429338	-2.429116	-2.421631	-0.536985	-0.358516	-0.102379	-0.621901	-0.415023	-0.116738
0.119200	-154.451399	-150.373629	304.825029	4.077770	459.276428	-2.340010	-2.339806	-2.332833	-0.590310	-0.394102	-0.112399	-0.571505	-0.381392	-0.107267
0.119400	-154.421383	-150.343629	304.765013	4.077754	459.186396	-2.250699	-2.250514	-2.244107	-0.638919	-0.426541	-0.121533	-0.516566	-0.344728	-0.096942
0.119600	-154.391367	-150.313629	304.704997	4.077738	459.096364	-2.161404	-2.161240	-2.155446	-0.682426	-0.455576	-0.129709	-0.457523	-0.305326	-0.085846
0.119800	-154.361351	-150.283629	304.644981	4.077722	459.006332	-2.072125	-2.071984	-2.066848	-0.720490	-0.480977	-0.136861	-0.394850	-0.263501	-0.074067
0.120000	-154.331335	-150.253629	304.584965	4.077706	458.916300	-1.982864	-1.982745	-1.978306	-0.752809	-0.502545	-0.142934	-0.329046	-0.219587	-0.061701
0.120200	-154.301320	-150.223629	304.524949	4.077690	458.826268	-1.893619	-1.893525	-1.889816	-0.779131	-0.520111	-0.147880	-0.260638	-0.173936	-0.048845
0.120400	-154.271304	-150.193629	304.464933	4.077674	458.736236	-1.804391	-1.804322	-1.801371	-0.799249	-0.533537	-0.151661	-0.190172	-0.126910	-0.035602
0.120600	-154.241288	-150.163629	304.404917	4.077658	458.646204	-1.715180	-1.715137	-1.712967	-0.813008	-0.542719	-0.154246	-0.118208	-0.078885	-0.022078
0.120800	-154.211272	-150.133629	304.344901	4.077642	458.556172	-1.625987	-1.625970	-1.624596	-0.820301	-0.547586	-0.155616	-0.045319	-0.030243	-0.008380
0.121000	-154.181256	-150.103629	304.284885	4.077626	458.466140	-1.536811	-1.536820	-1.536253	-0.821076	-0.548103	-0.155762	0.027915	0.018630	0.005383
0.121200	-154.151240	-150.073629	304.224869	4.077610	458.376108	-1.447654	-1.447689	-1.447932	-0.815330	-0.544268	-0.154682	0.100912	0.067344	0.019101
0.121400	-154.121224	-150.043629	304.164853	4.077594	458.286076	-1.358515	-1.358575	-1.359626	-0.803111	-0.536114	-0.152386	0.173094	0.115514	0.032666
0.121600	-154.091208	-150.013629	304.104837	4.077578	458.196044	-1.269394	-1.269479	-1.271331	-0.784522	-0.523709	-0.148892	0.243887	0.162758	0.045971
0.121800	-154.061192	-149.983629	304.044821	4.077562	458.106012	-1.180291	-1.180401	-1.183038	-0.759714	-0.507153	-0.144230	0.312733	0.208702	0.058909
0.122000	-154.031176	-149.953629	303.984805	4.077546	458.015980	-1.091208	-1.091341	-1.094744	-0.728886	-0.486580	-0.138437	0.379085	0.252982	0.071379
0.122200	-154.001159	-149.923629	303.924789	4.077530	457.925948	-1.002143	-1.002299	-1.006441	-0.692287	-0.462156	-0.131560	0.442420	0.295248	0.083282
0.122400	-153.971143	-149.893629	303.864773	4.077514	457.835916	-0.913097	-0.913275	-0.918124	-0.650210	-0.434076	-0.123653	0.502238	0.335168	0.094524
0.122600	-153.941127	-149.863629	303.804757	4.077498	457.745884	-0.824071	-0.824269	-0.829789	-0.602992	-0.402565	-0.114779	0.558067	0.372425	0.105016
0.122800	-153.911111	-149.833629	303.744741	4.077482	457.655852	-0.735065	-0.735281	-0.741429	-0.551009	-0.367874	-0.105011	0.609469	0.406728	0.114677
0.123000	-153.881095	-149.803629	303.684725	4.077466	457.565820	-0.646078	-0.646310	-0.653040	-0.494675	-0.330280	-0.094425	0.656038	0.437806	0.123429
0.123200	-153.851079	-149.773629	303.624709	4.077450	457.475788	-0.557111	-0.557358	-0.564618	-0.434440	-0.290082	-0.083105	0.697411	0.465416	0.131205
0.123400	-153.821063	-149.743629	303.564692	4.077434	457.385756	-0.468164	-0.468424	-0.476158	-0.370780	-0.247599	-0.071142	0.733262	0.489341	0.137943
0.123600	-153.791047	-149.713629	303.504676	4.077418	457.295723	-0.379237	-0.379508	-0.387656	-0.304202	-0.203168	-0.058631	0.763312	0.509395	0.143591
0.123800	-153.761031	-149.683629	303.444660	4.077402	457.205691	-0.290331	-0.290610	-0.299111	-0.235232	-0.157142	-0.045670	0.787327	0.525421	0.148105
0.124000	-153.731015	-149.653629	303.384644	4.077386	457.115659	-0.201444	-0.201730	-0.210518	-0.164417	-0.109883	-0.032363	0.805121	0.537296	0.151451
0.124200	-153.700999	-149.623629	303.324628	4.077370	457.025627	-0.112578	-0.112868	-0.121875	-0.092317	-0.061768	-0.018813	0.816558	0.544929	0.153601
0.124400	-153.670983	-149.593629	303.264612	4.077353	456.935595	-0.023733	-0.024024	-0.033181	-0.019501	-0.013174	-0.005130	0.821551	0.548261	0.154541
0.124600	-153.640967	-149.563629	303.204596	4.077337	456.845563	0.065092	0.064801	0.055565	0.053455	0.035513	0.008580	0.820065	0.547269	0.154263
0.124800	-153.610950	-149.533629	303.144580	4.077321	456.755530	0.153897	0.153609	0.144365	0.125978	0.083911	0.022209	0.812115	0.541964	0.152770
0.125000	-153.580934	-149.503629	303.084564	4.077305	456.665498	0.242681	0.242398	0.233218	0.197496	0.131639	0.035649	0.797769	0.532390	0.150075
0.125200	-153.550918	-149.473629	303.024548	4.077289	456.575466	0.331445	0.331169	0.322124	0.267446	0.178319	0.048794	0.777141	0.518624	0.146200
0.125400	-153.520902	-149.443629	302.964531	4.077273	456.485434	0.420188	0.419922	0.411083	0.335278	0.223587	0.061541	0.750400	0.500778	0.141176
0.125600	-153.490886	-149.413629	302.904515	4.077257	456.395401	0.508912	0.508657	0.500092	0.400460	0.267086	0.073791	0.717759	0.478996	0.135043
0.125800	-153.460870	-149.383629	302.844499	4.077241	456.305369	0.597614	0.597373	0.589150	0.462481	0.308476	0.085446	0.679479	0.453449	0.127851
0.126000	-153.430854	-149.353629	302.784483	4.077224	456.215337	0.686297	0.686071	0.678254	0.520855	0.347431	0.096416	0.635863	0.424342	0.119656
0.126200	-153.400838	-149.323629	302.724467	4.077208	456.125304	0.774960	0.774751	0.767401	0.575125	0.383649	0.106615	0.587259	0.391906	0.110523
0.126400	-153.370821	-149.293629	302.664451	4.077192	456.035272	0.863603	0.863413	0.856587	0.624868	0.416844	0.115963	0.534050	0.356397	0.100525
0.126600	-153.340805	-149.263629	302.604434	4.077176	455.945240	0.952226	0.952057	0.945809	0.669695	0.446760	0.124387	0.476658	0.318097	0.089741
0.126800	-153.310789	-149.233629	302.544418	4.077160	455.855207	1.040830	1.040682	1.035062	0.709259	0.473163	0.131822	0.415535	0.277307	0.078256
0.127000	-153.280773	-149.203629	302.484402	4.077144	455.765175	1.129414	1.129289	1.124340	0.743250	0.495847	0.138210	0.351164	0.234349	0.066160
0.127200	-153.250757	-149.173629	302.424386	4.077127	455.675143	1.217979	1.217878	1.213640	0.771407	0.514637	0.143501	0.284051	0.189561	0.053549
0.127400	-153.220740	-149.143629	302.364370	4.077111	455.585110	1.306525	1.306448	1.302954	0.793512	0.529389	0.147656	0.214725	0.143296	0.040522
0.127600	-153.190724	-149.113629	302.304353	4.077095	455.495078	1.395052	1.395001	1.392278	0.809396	0.539989	0.150641	0.143730	0.095918	0.027181
0.127800	-153.160708	-149.083629	302.244337	4.077079	455.405045	1.483560	1.483535	1.481605	0.818937	0.546356	0.152434	0.071623	0.047797	0.013632
0.128000	-153.130692	-149.053629	302.184321	4.077063	455.315013	1.572050	1.572051	1.570930	0.822066	0.548444	0.153022	-0.001031	-0.000688	-0.000020
0.128200	-153.100676	-149.023629	302.124305	4.077046	455.224980	1.660522	1.660549	1.660245	0.818760	0.546238	0.152401	-0.073662	-0.049158	-0.013668
0.128400	-153.070659	-148.993629	302.064289	4.077030	455.134948	1.748976	1.749028	1.749544	0.809051	0.539759	0.150577	-0.145702	-0.097234	-0.027206
0.128600	-153.040643	-148.963629	302.004272	4.077014	455.044915	1.837412	1.837489	1.838820	0.793018	0.529059	0.147564	-0.216588	-0.144540	-0.040526
0.128800	-153.010627	-148.933629	301.944256	4.076998	454.954883	1.925831	1.925933	1.928069	0.770790	0.514225	0.143386	-0.285766	-0.190706	-0.053525
0.129000	-152.980611	-148.903629	301.884240	4.076981	454.864850	2.014232	2.014358	2.017282	0.742545	0.495376	0.138079	-0.352697	-0.235372	-0.066102
0.129200	-152.950594	-148.873629	301.824224	4.076965	454.774818	2.102616	2.102764	2.106454	0.708506	0.472660	0.131682	-0.416860	-0.278191	-0.078159
0.129400	-152.920578	-148.843629	301.764207	4.076949	454.684785	2.190983	2.191153	2.195579	0.668944	0.446259	0.124247	-0.477754	-0.318829	-0.089601
0.129600	-152.890562	-148.813629	301.704191	4.076933	454.594753	2.279333	2.279524	2.284651	0.624171	0.416379	0.115833	-0.534907	-0.356970	-0.100341
0.129800	-152.860546	-148.783629	301.644175	4.076916	454.504720	2.367667	2.367876	2.373665	0.574539	0.383257	0.106506	-0.587875	-0.392318	-0.110294
0.130000	-152.830529	-148.753629	301.584159	4.076900	454.414688	2.455984	2.456211	2.462616	0.520438	0.347153	0.096339	-0.636248	-0.424599	-0.119383
0.130200	-152.800513	-148.723629	301.524142	4.076884	454.324655	2.544285	2.544527	2.551499	0.462292	0.308350	0.085412	-0.679650	-0.453564	-0.127539
0.130400	-152.770497	-148.693629	301.464126	4.076867	454.234623	2.632570	2.632826	2.640310	0.400558	0.267151	0.073810	-0.717748	-0.478988	-0.134697
0.130600	-152.740480	-148.663629	301.404110	4.076851	454.144590	2.720839	2.721106	2.729044	0.335718	0.223880	0.061625	-0.750247	-0.500677	-0.140804
0.130800	-152.710464	-148.633629	301.344093	4.076835	454.054557	2.809092	2.809369	2.817700	0.268279	0.178875	0.048951	-0.776898	-0.518462	-0.145811
0.131000	-152.680448	-148.603629	301.284077	4.076819	453.964525	2.897329	2.897614	2.906273	0.198768	0.132487	0.035888	-0.797496	-0.532208	-0.149681
0.131200	-152.650431	-148.573629	301.224061	4.076802	453.874492	2.985551	2.985840	2.994761	0.127727	0.085078	0.022537	-0.811886	-0.541812	-0.152384
0.131400	-152.620415	-148.543629	301.164044	4.076786	453.784460	3.073757	3.074049	3.083164	0.055708	0.037016	0.009002	-0.819959	-0.547199	-0.153900
0.131600	-152.590399	-148.513629	301.104028	4.076770	453.694427	-3.121238	-3.120945	-3.111707	-0.016727	-0.011323	-0.004610	-0.821657	-0.548332	-0.154218
0.131800	-152.560382	-148.483629	301.044012	4.076753	453.604394	-3.033064	-3.032772	-3.023481	-0.089014	-0.059564	-0.018195	-0.816969	-0.545204	-0.153336
0.132000	-152.530366	-148.453629	300.983995	4.076737	453.514361	-2.944905	-2.944617	-2.935343	-0.160594	-0.107333	-0.031648	-0.805937	-0.537841	-0.151261
0.132200	-152.500350	-148.423629	300.923979	4.076721	453.424329	-2.856761	-2.856480	-2.847293	-0.230911	-0.154259	-0.044862	-0.788650	-0.526305	-0.148011
0.132400	-152.470333	-148.393629	300.863963	4.076704	453.334296	-2.768633	-2.768360	-2.759331	-0.299419	-0.199978	-0.057737	-0.765245	-0.510686	-0.143611
0.132600	-152.440317	-148.363629	300.803946	4.076688	453.244263	-2.680521	-2.680259	-2.671454	-0.365588	-0.244135	-0.070172	-0.735909	-0.491108	-0.138097
0.132800	-152.410301	-148.333629	300.743930	4.076671	453.154231	-2.592425	-2.592175	-2.583661	-0.428906	-0.286391	-0.082072	-0.700872	-0.467726	-0.131511
0.133000	-152.380284	-148.303629	300.683914	4.076655	453.064198	-2.504344	-2.504108	-2.495950	-0.488885	-0.326418	-0.093344	-0.660409	-0.440723	-0.123905
0.133200	-152.350268	-148.273629	300.623897	4.076639	452.974165	-2.416280	-2.416060	-2.408317	-0.545061	-0.363907	-0.103901	-0.614838	-0.410311	-0.115339
0.133400	-152.320252	-148.243629	300.563881	4.076622	452.884132	-2.328231	-2.328029	-2.320760	-0.597003	-0.398570	-0.113663	-0.564514	-0.376728	-0.105880
0.133600	-152.290235	-148.213629	300.503864	4.076606	452.794099	-2.240199	-2.240016	-2.233274	-0.644309	-0.430140	-0.122553	-0.509830	-0.340234	-0.095602
0.133800	-152.260219	-148.183629	300.443848	4.076589	452.704067	-2.152183	-2.152021	-2.145857	-0.686618	-0.458375	-0.130505	-0.451212	-0.301116	-0.084584
0.134000	-152.230202	-148.153629	300.383832	4.076573	452.614034	-2.064183	-2.064043	-2.058502	-0.723604	-0.483058	-0.137456	-0.389115	-0.259675	-0.072913
0.134200	-152.200186	-148.123629	300.323815	4.076557	452.524001	-1.976200	-1.976083	-1.971206	-0.754986	-0.504000	-0.143353	-0.324023	-0.216236	-0.060678
0.134400	-152.170169	-148.093629	300.263799	4.076540	452.433968	-1.888234	-1.888141	-1.883963	-0.780523	-0.521042	-0.148152	-0.256439	-0.171134	-0.047975
0.134600	-152.140153	-148.063629	300.203782	4.076524	452.343935	-1.800285	-1.800217	-1.796769	-0.800023	-0.534055	-0.151817	-0.186888	-0.124719	-0.034903
0.134800	-152.110137	-148.033629	300.143766	4.076507	452.253902	-1.712353	-1.712310	-1.709617	-0.813337	-0.542941	-0.154319	-0.115908	-0.077351	-0.021561
0.135000	-152.080120	-148.003629	300.083749	4.076491	452.163870	-1.624438	-1.624421	-1.622503	-0.820369	-0.547633	-0.155640	-0.044048	-0.029395	-0.008055
0.135200	-152.050104	-147.973629	300.023733	4.076474	452.073837	-1.536541	-1.536550	-1.535420	-0.821066	-0.548099	-0.155771	0.028137	0.018778	0.005513
0.135400	-152.020087	-147.943629	299.963716	4.076458	451.983804	-1.448662	-1.448697	-1.448363	-0.815427	-0.544336	-0.154711	0.100090	0.066795	0.019037
0.135600	-151.990071	-147.913629	299.903700	4.076442	451.893771	-1.360801	-1.360861	-1.361326	-0.803500	-0.536376	-0.152470	0.171256	0.114288	0.032413
0.135800	-151.960054	-147.883629	299.843684	4.076425	451.803738	-1.272959	-1.273043	-1.274303	-0.785381	-0.524284	-0.149064	0.241087	0.160890	0.045539
0.136000	-151.930038	-147.853629	299.783667	4.076409	451.713705	-1.185134	-1.185243	-1.187289	-0.761213	-0.508156	-0.144522	0.309047	0.206243	0.058312
0.136200	-151.900021	-147.823629	299.723651	4.076392	451.623672	-1.097329	-1.097461	-1.100276	-0.731185	-0.488117	-0.138878	0.374613	0.249998	0.070636
0.136400	-151.870005	-147.793629	299.663634	4.076376	451.533639	-1.009542	-1.009696	-1.013261	-0.695533	-0.464324	-0.132177	0.437281	0.291820	0.082415
0.136600	-151.839988	-147.763629	299.603618	4.076359	451.443606	-0.921774	-0.921950	-0.926236	-0.654534	-0.436964	-0.124472	0.496571	0.331388	0.093560
0.136800	-151.809972	-147.733629	299.543601	4.076343	451.353573	-0.834025	-0.834221	-0.839198	-0.608508	-0.406248	-0.115821	0.552030	0.368398	0.103984
0.137000	-151.779955	-147.703629	299.483585	4.076326	451.263540	-0.746296	-0.746510	-0.752141	-0.557810	-0.372415	-0.106293	0.603232	0.402568	0.113609
0.137200	-151.749939	-147.673629	299.423568	4.076310	451.173507	-0.658587	-0.658817	-0.665060	-0.502834	-0.335726	-0.095960	0.649788	0.433637	0.122360
0.137400	-151.719922	-147.643629	299.363552	4.076293	451.083474	-0.570897	-0.571142	-0.577950	-0.444004	-0.296466	-0.084903	0.691342	0.461368	0.130171
0.137600	-151.689906	-147.613629	299.303535	4.076277	450.993441	-0.483227	-0.483485	-0.490808	-0.381775	-0.254938	-0.073207	0.727579	0.485551	0.136983
0.137800	-151.659889	-147.583629	299.243518	4.076260	450.903408	-0.395577	-0.395846	-0.403629	-0.316626	-0.211460	-0.060962	0.758224	0.506001	0.142743
0.138000	-151.629873	-147.553629	299.183502	4.076244	450.813375	-0.307947	-0.308225	-0.316410	-0.249059	-0.166370	-0.048263	0.783044	0.522565	0.147409
0.138200	-151.599856	-147.523629	299.123485	4.076227	450.723342	-0.220337	-0.220622	-0.229149	-0.179594	-0.120012	-0.035207	0.801853	0.535118	0.150946
0.138400	-151.569840	-147.493629	299.063469	4.076210	450.633308	-0.132748	-0.133037	-0.141841	-0.108764	-0.072744	-0.021895	0.814511	0.543565	0.153326
0.138600	-151.539823	-147.463629	299.003452	4.076194	450.543275	-0.045178	-0.045470	-0.054486	-0.037113	-0.024927	-0.008428	0.820924	0.547845	0.154532
0.138800	-151.509806	-147.433629	298.943436	4.076177	450.453242	0.042371	0.042079	0.032918	0.034809	0.023070	0.005090	0.821047	0.547927	0.154557
0.139000	-151.479790	-147.403629	298.883419	4.076161	450.363209	0.129899	0.129610	0.120373	0.106452	0.070881	0.018555	0.814883	0.543813	0.153400
0.139200	-151.449773	-147.373629	298.823403	4.076144	450.273176	0.217407	0.217122	0.207879	0.177267	0.118140	0.031865	0.802484	0.535539	0.151070
0.139400	-151.419757	-147.343629	298.763386	4.076128	450.183143	0.304895	0.304617	0.295437	0.246714	0.164485	0.044917	0.783947	0.523168	0.147588
0.139600	-151.389740	-147.313629	298.703369	4.076111	450.093109	0.392362	0.392093	0.383045	0.314262	0.209563	0.057613	0.759418	0.506799	0.142979
0.139800	-151.359724	-147.283629	298.643353	4.076094	450.003076	0.479809	0.479551	0.470704	0.379395	0.253030	0.069855	0.729089	0.486558	0.137280
0.140000	-151.329707	-147.253629	298.583336	4.076078	449.913043	0.567236	0.566990	0.558411	0.441618	0.294554	0.081550	0.693195	0.462604	0.130534
0.140200	-151.299690	-147.223629	298.523320	4.076061	449.823010	0.654643	0.654412	0.646166	0.500457	0.333820	0.092609	0.652013	0.435122	0.122796
0.140400	-151.269674	-147.193629	298.463303	4.076045	449.732977	0.742030	0.741815	0.733964	0.555465	0.370530	0.102948	0.605861	0.404322	0.114123
0.140600	-151.239657	-147.163629	298.403286	4.076028	449.642943	0.829397	0.829199	0.821804	0.606224	0.404404	0.112488	0.555095	0.370443	0.104582
0.140800	-151.209640	-147.133629	298.343270	4.076011	449.552910	0.916744	0.916566	0.909682	0.652350	0.435187	0.121158	0.500104	0.333745	0.094248
0.141000	-151.179624	-147.103629	298.283253	4.075995	449.462877	1.004071	1.003914	0.997594	0.693494	0.462644	0.128891	0.441311	0.294509	0.083199
0.141200	-151.149607	-147.073629	298.223236	4.075978	449.372843	1.091379	1.091244	1.085536	0.729346	0.486570	0.135630	0.379166	0.253037	0.071520
0.141400	-151.119591	-147.043629	298.163220	4.075961	449.282810	1.178667	1.178556	1.173504	0.759635	0.506783	0.141323	0.314144	0.209644	0.059300
0.141600	-151.089574	-147.013629	298.103203	4.075945	449.192777	1.265937	1.265849	1.261491	0.784134	0.523133	0.145928	0.246743	0.164664	0.046633
0.141800	-151.059557	-146.983629	298.043186	4.075928	449.102744	1.353187	1.353124	1.349494	0.802661	0.535497	0.149410	0.177477	0.118439	0.033615
0.142000	-151.029541	-146.953629	297.983170	4.075911	449.012710	1.440418	1.440381	1.437506	0.815077	0.543783	0.151744	0.106874	0.071323	0.020347
0.142200	-150.999524	-146.923629	297.923153	4.075895	448.922677	1.527631	1.527619	1.525522	0.821293	0.547931	0.152913	0.035473	0.023673	0.006928
0.142400	-150.969507	-146.893629	297.863136	4.075878	448.832643	1.614826	1.614839	1.613536	0.821265	0.547912	0.152908	-0.036183	-0.024147	-0.006539
0.142600	-150.939490	-146.863629	297.803120	4.075861	448.742610	1.702002	1.702041	1.701541	0.814997	0.543729	0.151730	-0.107550	-0.071774	-0.019952
0.142800	-150.909474	-146.833629	297.743103	4.075845	448.652577	1.789160	1.789224	1.789532	0.802540	0.535416	0.149389	-0.178086	-0.118846	-0.033208
0.143000	-150.879457	-146.803629	297.683086	4.075828	448.562543	1.876301	1.876389	1.877502	0.783993	0.523039	0.145903	-0.247254	-0.165006	-0.046207
0.143200	-150.849440	-146.773629	297.623069	4.075811	448.472510	1.963424	1.963536	1.965446	0.759501	0.506694	0.141300	-0.314532	-0.209904	-0.058851
0.143400	-150.819424	-146.743629	297.563053	4.075794	448.382476	2.050530	2.050665	2.053356	0.729253	0.486508	0.135615	-0.379410	-0.253200	-0.071044
0.143600	-150.789407	-146.713629	297.503036	4.075778	448.292443	2.137618	2.137775	2.141228	0.693481	0.462636	0.128891	-0.441396	-0.294567	-0.082694
0.143800	-150.759390	-146.683629	297.443019	4.075761	448.202409	2.224689	2.224867	2.229056	0.652462	0.435261	0.121182	-0.500024	-0.333692	-0.093712
0.144000	-150.729373	-146.653629	297.383003	4.075744	448.112376	2.311744	2.311942	2.316833	0.606508	0.404594	0.112544	-0.554851	-0.370281	-0.104016
0.144200	-150.699357	-146.623629	297.322986	4.075728	448.022342	2.398782	2.398997	2.404555	0.555971	0.370867	0.103046	-0.605463	-0.404057	-0.113528
0.144400	-150.669340	-146.593629	297.262969	4.075711	447.932309	2.485803	2.486035	2.492217	0.501236	0.334340	0.092758	-0.651480	-0.434767	-0.122176
0.144600	-150.639323	-146.563629	297.202952	4.075694	447.842275	2.572808	2.573055	2.579814	0.442721	0.295290	0.081760	-0.692557	-0.462179	-0.129895
0.144800	-150.609306	-146.533629	297.142935	4.075677	447.752242	2.659797	2.660057	2.667342	0.380870	0.254013	0.070135	-0.728386	-0.486090	-0.136628
0.145000	-150.579290	-146.503629	297.082919	4.075660	447.662208	2.746770	2.747040	2.754797	0.316153	0.210825	0.057971	-0.758699	-0.506319	-0.142325
0.145200	-150.549273	-146.473629	297.022902	4.075644	447.572175	2.833726	2.834006	2.842175	0.249061	0.166051	0.045361	-0.783270	-0.522717	-0.146942
0.145400	-150.519256	-146.443629	296.962885	4.075627	447.482141	2.920667	2.920953	2.929475	0.180104	0.120032	0.032400	-0.801918	-0.535162	-0.150446
0.145600	-150.489239	-146.413629	296.902868	4.075610	447.392108	3.007592	3.007883	3.016693	0.109802	0.073116	0.019186	-0.814505	-0.543562	-0.152811
0.145800	-150.459222	-146.383629	296.842852	4.075593	447.302074	3.094502	3.094795	3.103827	0.038687	0.025657	0.005819	-0.820940	-0.547856	-0.154019
0.146000	-150.429206	-146.353629	296.782835	4.075576	447.212040	-3.101790	-3.101497	-3.092309	-0.032702	-0.021985	-0.007599	-0.821178	-0.548015	-0.154062
0.146200	-150.399189	-146.323629	296.722818	4.075560	447.122007	-3.014912	-3.014621	-3.005346	-0.103829	-0.069451	-0.020968	-0.815221	-0.544040	-0.152942
0.146400	-150.369172	-146.293629	296.662801	4.075543	447.031973	-2.928050	-2.927763	-2.918469	-0.174156	-0.116384	-0.034186	-0.803119	-0.535963	-0.150665
0.146600	-150.339155	-146.263629	296.602784	4.075526	446.941939	-2.841203	-2.840923	-2.831679	-0.243153	-0.162430	-0.047155	-0.784965	-0.523848	-0.147252
0.146800	-150.309138	-146.233629	296.542767	4.075509	446.851906	-2.754372	-2.754100	-2.744974	-0.310303	-0.207242	-0.059776	-0.760900	-0.507788	-0.142728
0.147000	-150.279121	-146.203629	296.482751	4.075492	446.761872	-2.667557	-2.667296	-2.658353	-0.375099	-0.250484	-0.071955	-0.731111	-0.487908	-0.137127
0.147200	-150.249105	-146.173629	296.422734	4.075475	446.671838	-2.580757	-2.580509	-2.571816	-0.437056	-0.291831	-0.083601	-0.695823	-0.464359	-0.130493
0.147400	-150.219088	-146.143629	296.362717	4.075459	446.581805	-2.493974	-2.493740	-2.485360	-0.495709	-0.330974	-0.094625	-0.655307	-0.437320	-0.122876
0.147600	-150.189071	-146.113629	296.302700	4.075442	446.491771	-2.407206	-2.406988	-2.398982	-0.550620	-0.367618	-0.104946	-0.609870	-0.406998	-0.114334
0.147800	-150.159054	-146.083629	296.242683	4.075425	446.401737	-2.320455	-2.320254	-2.312680	-0.601377	-0.401491	-0.114486	-0.559857	-0.373621	-0.104932
0.148000	-150.129037	-146.053629	296.182666	4.075408	446.311703	-2.233719	-2.233538	-2.226450	-0.647602	-0.432339	-0.123175	-0.505647	-0.337444	-0.094742
0.148200	-150.099020	-146.023629	296.122649	4.075391	446.221670	-2.147000	-2.146840	-2.140288	-0.688949	-0.459933	-0.130947	-0.447649	-0.298739	-0.083839
0.148400	-150.069003	-145.993629	296.062632	4.075374	446.131636	-2.060298	-2.060159	-2.054192	-0.725113	-0.484067	-0.137744	-0.386302	-0.257799	-0.072306
0.148600	-150.038986	-145.963629	296.002616	4.075357	446.041602	-1.973612	-1.973496	-1.968156	-0.755823	-0.504562	-0.143516	-0.322068	-0.214933	-0.060231
0.148800	-150.008970	-145.933629	295.942599	4.075340	445.951568	-1.886942	-1.886850	-1.882175	-0.780855	-0.521266	-0.148221	-0.255431	-0.170462	-0.047705
0.149000	-149.978953	-145.903629	295.882582	4.075324	445.861534	-1.800290	-1.800222	-1.796246	-0.800022	-0.534058	-0.151823	-0.186893	-0.124723	-0.034820
0.149200	-149.948936	-145.873629	295.822565	4.075307	445.771501	-1.713655	-1.713612	-1.710362	-0.813185	-0.542842	-0.154297	-0.116967	-0.078058	-0.021676
0.149400	-149.918919	-145.843629	295.762548	4.075290	445.681467	-1.627037	-1.627020	-1.624519	-0.820250	-0.547557	-0.155625	-0.046180	-0.030818	-0.008369
0.149600	-149.888902	-145.813629	295.702531	4.075273	445.591433	-1.540437	-1.540445	-1.538711	-0.821167	-0.548169	-0.155797	0.024938	0.016643	0.005001
0.149800	-149.858885	-145.783629	295.642514	4.075256	445.501399	-1.453854	-1.453887	-1.452933	-0.815932	-0.544675	-0.154813	0.095854	0.063969	0.018332
0.150000	-149.828868	-145.753629	295.582497	4.075239	445.411365	-1.367290	-1.367348	-1.367178	-0.804590	-0.537106	-0.152681	0.166038	0.110807	0.031525
0.150200	-149.798851	-145.723629	295.522480	4.075222	445.321331	-1.280743	-1.280826	-1.281443	-0.787228	-0.525520	-0.149417	0.234964	0.156805	0.044483
0.150400	-149.768834	-145.693629	295.462463	4.075205	445.231297	-1.194215	-1.194322	-1.195720	-0.763981	-0.510006	-0.145047	0.302119	0.201621	0.057107
0.150600	-149.738817	-145.663629	295.402446	4.075188	445.141263	-1.107706	-1.107835	-1.110005	-0.735026	-0.490682	-0.139604	0.367001	0.244920	0.069304
0.150800	-149.708800	-145.633629	295.342429	4.075171	445.051229	-1.021215	-1.021366	-1.024292	-0.700582	-0.467696	-0.133129	0.429127	0.286380	0.080983
0.151000	-149.678783	-145.603629	295.282412	4.075154	444.961195	-0.934743	-0.934915	-0.938575	-0.660910	-0.441221	-0.125672	0.488035	0.325692	0.092057
0.151200	-149.648766	-145.573629	295.222395	4.075137	444.871161	-0.848290	-0.848482	-0.852850	-0.616311	-0.411457	-0.117288	0.543286	0.362564	0.102444
0.151400	-149.618749	-145.543629	295.162378	4.075120	444.781127	-0.761856	-0.762066	-0.767111	-0.567119	-0.378629	-0.108041	0.594471	0.396723	0.112067
0.151600	-149.588732	-145.513629	295.102361	4.075103	444.691093	-0.675442	-0.675669	-0.681354	-0.513705	-0.342983	-0.098001	0.641210	0.427914	0.120854
0.151800	-149.558715	-145.483629	295.042344	4.075086	444.601059	-0.589047	-0.589289	-0.595573	-0.456469	-0.304787	-0.087242	0.683157	0.455908	0.128740
0.152000	-149.528698	-145.453629	294.982327	4.075069	444.511025	-0.502672	-0.502927	-0.509765	-0.395841	-0.264326	-0.075845	0.720004	0.480498	0.135667
0.152200	-149.498681	-145.423629	294.922310	4.075052	444.420991	-0.416317	-0.416583	-0.423926	-0.332275	-0.221905	-0.063896	0.751478	0.501502	0.141585
0.152400	-149.468664	-145.393629	294.862293	4.075035	444.330957	-0.329981	-0.330257	-0.338051	-0.266245	-0.177839	-0.051483	0.777348	0.518767	0.146449
0.152600	-149.438647	-145.363629	294.802276	4.075018	444.240923	-0.243666	-0.243949	-0.252139	-0.198245	-0.132459	-0.038701	0.797426	0.532166	0.150224
0.152800	-149.408630	-145.333629	294.742259	4.075001	444.150889	-0.157371	-0.157659	-0.166185	-0.128782	-0.086103	-0.025643	0.811565	0.541602	0.152883
0.153000	-149.378613	-145.303629	294.682242	4.074984	444.060855	-0.071096	-0.071387	-0.080187	-0.058373	-0.039116	-0.012408	0.819665	0.547007	0.154407
0.153200	-149.348596	-145.273629	294.622225	4.074967	443.970821	0.015159	0.014867	0.005856	0.012456	0.008153	0.000906	0.821668	0.548344	0.154785
0.153400	-149.318579	-145.243629	294.562208	4.074950	443.880787	0.101393	0.101103	0.091947	0.083181	0.055351	0.014201	0.817564	0.545605	0.154014
0.153600	-149.288562	-145.213629	294.502191	4.074933	443.790753	0.187607	0.187321	0.178086	0.153274	0.102128	0.027377	0.807387	0.538813	0.152103
0.153800	-149.258545	-145.183629	294.442174	4.074916	443.700719	0.273801	0.273520	0.264275	0.222216	0.148137	0.040337	0.791215	0.528021	0.149064
0.154000	-149.228528	-145.153629	294.382157	4.074899	443.610684	0.359974	0.359701	0.350512	0.289497	0.193037	0.052985	0.769174	0.513312	0.144922
0.154200	-149.198511	-145.123629	294.322140	4.074882	443.520650	0.446128	0.445864	0.436799	0.354617	0.236495	0.065226	0.741431	0.494797	0.139708
0.154400	-149.168493	-145.093629	294.262123	4.074864	443.430616	0.532261	0.532009	0.523134	0.417096	0.278191	0.076971	0.708194	0.472616	0.133461
0.154600	-149.138476	-145.063629	294.202105	4.074847	443.340582	0.618374	0.618136	0.609515	0.476472	0.317815	0.088133	0.669713	0.446936	0.126229
0.154800	-149.108459	-145.033629	294.142088	4.074830	443.250548	0.704467	0.704244	0.695942	0.532306	0.355077	0.098629	0.626277	0.417949	0.118065
0.155000	-149.078442	-145.003629	294.082071	4.074813	443.160513	0.790539	0.790334	0.782411	0.584187	0.389700	0.108382	0.578211	0.385872	0.109031
0.155200	-149.048425	-144.973629	294.022054	4.074796	443.070479	0.876592	0.876406	0.868921	0.631734	0.421431	0.117320	0.525874	0.350944	0.099194
0.155400	-149.018408	-144.943629	293.962037	4.074779	442.980445	0.962626	0.962459	0.955467	0.674598	0.450036	0.125378	0.469655	0.313426	0.088627
0.155600	-148.988391	-144.913629	293.902020	4.074762	442.890411	1.048639	1.048494	1.042047	0.712464	0.475306	0.132496	0.409973	0.273597	0.077409
0.155800	-148.958374	-144.883629	293.842003	4.074745	442.800376	1.134634	1.134510	1.128656	0.745055	0.497055	0.138623	0.347271	0.231753	0.065624
0.156000	-148.928356	-144.853629	293.781985	4.074727	442.710342	1.220608	1.220508	1.215290	0.772134	0.515127	0.143713	0.282015	0.188204	0.053358
0.156200	-148.898339	-144.823629	293.721968	4.074710	442.620308	1.306564	1.306488	1.301945	0.793504	0.529388	0.147731	0.214689	0.143274	0.040703
0.156400	-148.868322	-144.793629	293.661951	4.074693	442.530273	1.392501	1.392449	1.388615	0.809011	0.539737	0.150646	0.145791	0.097294	0.027753
0.156600	-148.838305	-144.763629	293.601934	4.074676	442.440239	1.478419	1.478392	1.475294	0.818544	0.546099	0.152438	0.075831	0.050606	0.014603
0.156800	-148.808288	-144.733629	293.541917	4.074659	442.350205	1.564319	1.564317	1.561979	0.822037	0.548430	0.153095	0.005325	0.003554	0.001350
0.157000	-148.778271	-144.703629	293.481900	4.074642	442.260170	1.650200	1.650223	1.648662	0.819467	0.546715	0.152612	-0.065205	-0.043515	-0.011907
0.157200	-148.748253	-144.673629	293.421882	4.074624	442.170136	1.736062	1.736111	1.735339	0.810857	0.540969	0.150994	-0.135241	-0.090254	-0.025072
0.157400	-148.718236	-144.643629	293.361865	4.074607	442.080101	1.821907	1.821980	1.822003	0.796275	0.531237	0.148253	-0.204265	-0.136317	-0.038046
0.157600	-148.688219	-144.613629	293.301848	4.074590	441.990067	1.907734	1.907831	1.908648	0.775831	0.517594	0.144411	-0.271770	-0.181367	-0.050735
0.157800	-148.658202	-144.583629	293.241831	4.074573	441.900033	1.993544	1.993664	1.995269	0.749681	0.500143	0.139495	-0.337260	-0.225072	-0.063045
0.158000	-148.628185	-144.553629	293.181814	4.074556	441.809998	2.079335	2.079478	2.081860	0.718020	0.479013	0.133544	-0.400255	-0.267112	-0.074885
0.158200	-148.598167	-144.523629	293.121796	4.074538	441.719964	2.165110	2.165274	2.168415	0.681084	0.454364	0.126600	-0.460291	-0.307178	-0.086170
0.158400	-148.568150	-144.493629	293.061779	4.074521	441.629929	2.250868	2.251052	2.254929	0.639148	0.426378	0.118717	-0.516930	-0.344976	-0.096816
0.158600	-148.538133	-144.463629	293.001762	4.074504	441.539895	2.336608	2.336812	2.341395	0.592524	0.395263	0.109953	-0.569757	-0.380230	-0.106746
0.158800	-148.508116	-144.433629	292.941745	4.074487	441.449860	2.422332	2.422553	2.427810	0.541558	0.361251	0.100372	-0.618386	-0.412683	-0.115886
0.159000	-148.478098	-144.403629	292.881727	4.074469	441.359826	2.508040	2.508276	2.514167	0.486626	0.324592	0.090046	-0.662463	-0.442098	-0.124171
0.159200	-148.448081	-144.373629	292.821710	4.074452	441.269791	2.593731	2.593981	2.600464	0.428135	0.285557	0.079051	-0.701668	-0.468261	-0.131540
0.159400	-148.418064	-144.343629	292.761693	4.074435	441.179757	2.679405	2.679668	2.686694	0.366515	0.244435	0.067467	-0.735714	-0.490983	-0.137939
0.159600	-148.388046	-144.313629	292.701676	4.074417	441.089722	2.765064	2.765336	2.772855	0.302222	0.201528	0.055381	-0.764357	-0.510097	-0.143322
0.159800	-148.358029	-144.283629	292.641658	4.074400	440.999687	2.850706	2.850987	2.858944	0.235727	0.157153	0.042881	-0.787388	-0.525468	-0.147651
0.160000	-148.328012	-144.253629	292.581641	4.074383	440.909653	2.936333	2.936619	2.944956	0.167521	0.111635	0.030060	-0.804644	-0.536983	-0.150893
0.160200	-148.297995	-144.223629	292.521624	4.074366	440.819618	3.021943	3.022234	3.030890	0.098103	0.065309	0.017010	-0.816000	-0.544562	-0.153027
0.160400	-148.267977	-144.193629	292.461606	4.074348	440.729584	3.107538	3.107831	3.116743	0.027983	0.018514	0.003829	-0.821378	-0.548151	-0.154037
0.160600	-148.237960	-144.163629	292.401589	4.074331	440.639549	-3.090069	-3.089776	-3.080671	-0.042325	-0.028407	-0.009388	-0.820743	-0.547727	-0.153916
0.160800	-148.207943	-144.133629	292.341572	4.074314	440.549514	-3.004506	-3.004215	-2.994983	-0.112307	-0.075110	-0.022544	-0.814101	-0.543295	-0.152666
0.161000	-148.177925	-144.103629	292.281554	4.074296	440.459480	-2.918958	-2.918672	-2.909380	-0.181451	-0.121253	-0.035542	-0.801507	-0.534890	-0.150298
0.161200	-148.147908	-144.073629	292.221537	4.074279	440.369445	-2.833427	-2.833147	-2.823860	-0.249252	-0.166500	-0.048288	-0.783055	-0.522576	-0.146828
0.161400	-148.117891	-144.043629	292.161520	4.074262	440.279410	-2.747911	-2.747640	-2.738425	-0.315215	-0.210521	-0.060688	-0.758885	-0.506446	-0.142282
0.161600	-148.087873	-144.013629	292.101502	4.074244	440.189376	-2.662411	-2.662150	-2.653073	-0.378859	-0.252995	-0.072652	-0.729176	-0.486619	-0.136696
0.161800	-148.057856	-143.983629	292.041485	4.074227	440.099341	-2.576926	-2.576678	-2.567803	-0.439722	-0.293612	-0.084094	-0.694148	-0.463244	-0.130110
0.162000	-148.027839	-143.953629	291.981468	4.074210	440.009306	-2.491458	-2.491224	-2.482614	-0.497360	-0.332077	-0.094929	-0.654062	-0.436492	-0.122573
0.162200	-147.997821	-143.923629	291.921450	4.074192	439.919271	-2.406006	-2.405788	-2.397503	-0.551355	-0.368111	-0.105080	-0.609212	-0.406561	-0.114140
0.162400	-147.967804	-143.893629	291.861433	4.074175	439.829237	-2.320569	-2.320369	-2.312467	-0.601317	-0.401453	-0.114472	-0.559929	-0.373672	-0.104874
0.162600	-147.937786	-143.863629	291.801415	4.074157	439.739202	-2.235149	-2.234968	-2.227505	-0.646882	-0.431861	-0.123037	-0.506575	-0.338065	-0.094843
0.162800	-147.907769	-143.833629	291.741398	4.074140	439.649167	-2.149745	-2.149584	-2.142613	-0.687722	-0.459116	-0.130715	-0.449541	-0.300003	-0.084119
0.163000	-147.877752	-143.803629	291.681381	4.074123	439.559132	-2.064358	-2.064218	-2.057786	-0.723542	-0.483021	-0.137448	-0.389245	-0.259764	-0.072783
0.163200	-147.847734	-143.773629	291.621363	4.074105	439.469098	-1.978987	-1.978870	-1.973022	-0.754084	-0.503403	-0.143190	-0.326128	-0.217643	-0.060916
0.163400	-147.817717	-143.743629	291.561346	4.074088	439.379063	-1.893633	-1.893539	-1.888316	-0.779131	-0.520118	-0.147898	-0.260651	-0.173946	-0.048605
0.163600	-147.787699	-143.713629	291.501328	4.074070	439.289028	-1.808296	-1.808226	-1.803664	-0.798502	-0.533046	-0.151540	-0.193292	-0.128994	-0.035941
0.163800	-147.757682	-143.683629	291.441311	4.074053	439.198993	-1.722976	-1.722930	-1.719061	-0.812061	-0.542094	-0.154088	-0.124542	-0.083113	-0.023015
0.164000	-147.727665	-143.653629	291.381294	4.074036	439.108958	-1.637673	-1.637652	-1.634501	-0.819712	-0.547201	-0.155526	-0.054901	-0.036638	-0.009921
0.164200	-147.697647	-143.623629	291.321276	4.074018	439.018923	-1.552387	-1.552391	-1.549981	-0.821405	-0.548330	-0.155844	0.015123	0.010093	0.003244
0.164400	-147.667630	-143.593629	291.261259	4.074001	438.928888	-1.467119	-1.467148	-1.465495	-0.817129	-0.545477	-0.155040	0.085022	0.056741	0.016387
0.164600	-147.637612	-143.563629	291.201241	4.073983	438.838853	-1.381869	-1.381923	-1.381038	-0.806921	-0.538665	-0.153121	0.154289	0.102967	0.029410
0.164800	-147.607595	-143.533629	291.141224	4.073966	438.748818	-1.296637	-1.296715	-1.296604	-0.790858	-0.527945	-0.150101	0.222422	0.148435	0.042220
0.165000	-147.577577	-143.503629	291.081206	4.073948	438.658784	-1.211423	-1.211525	-1.212188	-0.769061	-0.513398	-0.146002	0.288926	0.192817	0.054724
0.165200	-147.547560	-143.473629	291.021189	4.073931	438.568749	-1.126228	-1.126352	-1.127784	-0.741690	-0.495132	-0.140856	0.353322	0.235792	0.066831
0.165400	-147.517542	-143.443629	290.961171	4.073913	438.478714	-1.041051	-1.041197	-1.043388	-0.708948	-0.473281	-0.134700	0.415142	0.277049	0.078455
0.165600	-147.487525	-143.413629	290.901154	4.073896	438.388679	-0.955892	-0.956060	-0.958995	-0.671075	-0.448006	-0.127580	0.473942	0.316289	0.089510
0.165800	-147.457507	-143.383629	290.841136	4.073878	438.298644	-0.870753	-0.870940	-0.874598	-0.628349	-0.419493	-0.119547	0.529298	0.353231	0.099919
0.166000	-147.427490	-143.353629	290.781119	4.073861	438.208609	-0.785633	-0.785838	-0.790194	-0.581082	-0.387949	-0.110660	0.580810	0.387608	0.109604
0.166200	-147.397472	-143.323629	290.721101	4.073843	438.118574	-0.700532	-0.700754	-0.705776	-0.529620	-0.353605	-0.100985	0.628109	0.419173	0.118498
0.166400	-147.367455	-143.293629	290.661084	4.073826	438.028539	-0.615450	-0.615688	-0.621342	-0.474336	-0.316712	-0.090591	0.670855	0.447700	0.126535
0.166600	-147.337437	-143.263629	290.601066	4.073808	437.938503	-0.530388	-0.530639	-0.536886	-0.415633	-0.277536	-0.079555	0.708742	0.472984	0.133659
0.166800	-147.307420	-143.233629	290.541049	4.073791	437.848468	-0.445345	-0.445609	-0.452404	-0.353938	-0.236363	-0.067955	0.741499	0.494845	0.139819
0.167000	-147.277402	-143.203629	290.481031	4.073773	437.758433	-0.360323	-0.360596	-0.367892	-0.289697	-0.193492	-0.055877	0.768894	0.513127	0.144970
0.167200	-147.247385	-143.173629	290.421014	4.073756	437.668398	-0.275320	-0.275601	-0.283347	-0.223377	-0.149232	-0.043409	0.790731	0.527701	0.149077
0.167400	-147.217367	-143.143629	290.360996	4.073738	437.578363	-0.190337	-0.190624	-0.198767	-0.155457	-0.103905	-0.030639	0.806857	0.538462	0.152110
0.167600	-147.187350	-143.113629	290.300978	4.073721	437.488328	-0.105374	-0.105665	-0.114146	-0.086428	-0.057838	-0.017661	0.817159	0.545337	0.154048
0.167800	-147.157332	-143.083629	290.240961	4.073703	437.398293	-0.020432	-0.020724	-0.029485	-0.016788	-0.011364	-0.004568	0.821567	0.548279	0.154878
0.168000	-147.127314	-143.053629	290.180943	4.073685	437.308258	0.064491	0.064199	0.055220	0.052959	0.035183	0.008545	0.820051	0.547267	0.154594
0.168200	-147.097297	-143.023629	290.120926	4.073668	437.218222	0.149393	0.149104	0.139970	0.122312	0.081466	0.021585	0.812628	0.542313	0.153200
0.168400	-147.067279	-142.993629	290.060908	4.073650	437.128187	0.234275	0.233991	0.224767	0.190771	0.127153	0.034456	0.799353	0.533454	0.150705
0.168600	-147.037262	-142.963629	290.000891	4.073633	437.038152	0.319137	0.318860	0.309610	0.257845	0.171915	0.047066	0.780327	0.520757	0.147129
0.168800	-147.007244	-142.933629	289.940873	4.073615	436.948117	0.403978	0.403710	0.394501	0.323051	0.215430	0.059326	0.755691	0.504316	0.142499
0.169000	-146.977226	-142.903629	289.880855	4.073597	436.858082	0.488800	0.488542	0.479438	0.385921	0.257387	0.071146	0.725624	0.484250	0.136847
0.169200	-146.947209	-142.873629	289.820838	4.073580	436.768046	0.573601	0.573356	0.564422	0.446005	0.297485	0.082443	0.690346	0.460708	0.130216
0.169400	-146.917191	-142.843629	289.760820	4.073562	436.678011	0.658382	0.658151	0.649451	0.502874	0.335437	0.093135	0.650114	0.433859	0.122653
0.169600	-146.887173	-142.813629	289.700802	4.073545	436.587976	0.743143	0.742928	0.734524	0.556120	0.370971	0.103146	0.605221	0.403899	0.114214
0.169800	-146.857156	-142.783629	289.640785	4.073527	436.497941	0.827885	0.827687	0.819638	0.605364	0.403834	0.112405	0.555992	0.371045	0.104959
0.170000	-146.827138	-142.753629	289.580767	4.073509	436.407905	0.912606	0.912428	0.904791	0.650254	0.433792	0.120845	0.502782	0.335535	0.094957
0.170200	-146.797121	-142.723629	289.520749	4.073492	436.317870	0.997308	0.997150	0.989981	0.690472	0.460632	0.128407	0.445976	0.297626	0.084278
0.170400	-146.767103	-142.693629	289.460732	4.073474	436.227835	1.081990	1.081853	1.075203	0.725732	0.484162	0.135036	0.385984	0.257590	0.073000
0.170600	-146.737085	-142.663629	289.400714	4.073456	436.137799	1.166653	1.166538	1.160455	0.755784	0.504218	0.140687	0.323238	0.215715	0.061204
0.170800	-146.707068	-142.633629	289.340696	4.073439	436.047764	1.251297	1.251205	1.245732	0.780417	0.520657	0.145319	0.258189	0.172304	0.048975
0.171000	-146.677050	-142.603629	289.280679	4.073421	435.957729	1.335921	1.335853	1.331030	0.799457	0.533364	0.148899	0.191304	0.127668	0.036401
0.171200	-146.647032	-142.573629	289.220661	4.073403	435.867693	1.420527	1.420483	1.416343	0.812772	0.542249	0.151402	0.123063	0.082127	0.023572
0.171400	-146.617014	-142.543629	289.160643	4.073386	435.777658	1.505113	1.505094	1.501669	0.820270	0.547253	0.152813	0.053956	0.036007	0.010580
0.171600	-146.586997	-142.513629	289.100626	4.073368	435.687622	1.589681	1.589687	1.587000	0.821901	0.548342	0.153120	-0.015523	-0.010360	-0.002481
0.171800	-146.556979	-142.483629	289.040608	4.073350	435.597587	1.674231	1.674261	1.672332	0.817657	0.545510	0.152322	-0.084877	-0.056643	-0.015520
0.172000	-146.526961	-142.453629	288.980590	4.073332	435.507551	1.758762	1.758817	1.757660	0.807573	0.538780	0.150427	-0.153610	-0.102513	-0.028441
0.172200	-146.496944	-142.423629	288.920572	4.073315	435.417516	1.843276	1.843355	1.842978	0.791724	0.528203	0.147447	-0.221231	-0.147640	-0.041154
0.172400	-146.466926	-142.393629	288.860555	4.073297	435.327480	1.927771	1.927874	1.928279	0.770227	0.513856	0.143406	-0.287258	-0.191704	-0.053567
0.172600	-146.436908	-142.363629	288.800537	4.073279	435.237445	2.012249	2.012374	2.013560	0.743238	0.495846	0.138332	-0.351222	-0.234391	-0.065592
0.172800	-146.406890	-142.333629	288.740519	4.073261	435.147409	2.096709	2.096856	2.098814	0.710955	0.474301	0.132262	-0.412666	-0.275396	-0.077143
0.173000	-146.376873	-142.303629	288.680501	4.073244	435.057374	2.181152	2.181320	2.184035	0.673611	0.449379	0.125241	-0.471156	-0.314430	-0.088139
0.173200	-146.346855	-142.273629	288.620484	4.073226	434.967338	2.265577	2.265765	2.269218	0.631474	0.421259	0.117319	-0.526274	-0.351214	-0.098501
0.173400	-146.316837	-142.243629	288.560466	4.073208	434.877303	2.349986	2.350192	2.354358	0.584849	0.390143	0.108553	-0.577632	-0.385487	-0.108156
0.173600	-146.286819	-142.213629	288.500448	4.073190	434.787267	2.434378	2.434601	2.439451	0.534070	0.356255	0.099006	-0.624865	-0.417009	-0.117035
0.173800	-146.256801	-142.183629	288.440430	4.073173	434.697232	2.518753	2.518991	2.524490	0.479501	0.319839	0.088747	-0.667639	-0.445555	-0.125076
0.174000	-146.226784	-142.153629	288.380412	4.073155	434.607196	2.603112	2.603364	2.609472	0.421534	0.281154	0.077849	-0.705655	-0.470925	-0.132223
0.174200	-146.196766	-142.123629	288.320395	4.073137	434.517161	2.687454	2.687718	2.694392	0.360583	0.240477	0.066389	-0.738643	-0.492939	-0.138424
0.174400	-146.166748	-142.093629	288.260377	4.073119	434.427125	2.771780	2.772053	2.779247	0.297082	0.198100	0.054450	-0.766372	-0.511445	-0.143636
0.174600	-146.136730	-142.063629	288.200359	4.073101	434.337089	2.856090	2.856371	2.864033	0.231486	0.154323	0.042117	-0.788650	-0.526312	-0.147824
0.174800	-146.106712	-142.033629	288.140341	4.073083	434.247054	2.940383	2.940671	2.948747	0.164261	0.109460	0.029478	-0.805320	-0.537437	-0.150957
0.175000	-146.076695	-142.003629	288.080323	4.073066	434.157018	3.024661	3.024952	3.033386	0.095885	0.063829	0.016622	-0.816269	-0.544744	-0.153014
0.175200	-146.046677	-141.973629	288.020306	4.073048	434.066982	3.108923	3.109216	3.117948	0.026845	0.017755	0.003642	-0.821423	-0.548183	-0.153982
0.175400	-146.016659	-141.943629	287.960288	4.073030	433.976947	-3.090017	-3.089724	-3.080755	-0.042368	-0.028436	-0.009372	-0.820747	-0.547733	-0.153854
0.175600	-145.986641	-141.913629	287.900270	4.073012	433.886911	-3.005787	-3.005496	-2.996353	-0.111265	-0.074415	-0.022325	-0.814252	-0.543398	-0.152631
0.175800	-145.956623	-141.883629	287.840252	4.072994	433.796875	-2.921572	-2.921286	-2.912033	-0.179357	-0.119856	-0.035128	-0.801986	-0.535212	-0.150324
0.176000	-145.926605	-141.853629	287.780234	4.072976	433.706839	-2.837374	-2.837094	-2.827794	-0.246161	-0.164439	-0.047688	-0.784041	-0.523236	-0.146949
0.176200	-145.896587	-141.823629	287.720216	4.072958	433.616804	-2.753192	-2.752920	-2.743638	-0.311206	-0.207847	-0.059917	-0.760547	-0.507557	-0.142530
0.176400	-145.866569	-141.793629	287.660198	4.072941	433.526768	-2.669025	-2.668763	-2.659564	-0.374032	-0.249774	-0.071730	-0.731673	-0.488288	-0.137100
0.176600	-145.836552	-141.763629	287.600180	4.072923	433.436732	-2.584874	-2.584625	-2.575570	-0.434196	-0.289925	-0.083042	-0.697629	-0.465568	-0.130698
0.176800	-145.806534	-141.733629	287.540163	4.072905	433.346696	-2.500739	-2.500504	-2.491657	-0.491273	-0.328017	-0.093773	-0.658657	-0.439560	-0.123369
0.177000	-145.776516	-141.703629	287.480145	4.072887	433.256660	-2.416620	-2.416400	-2.407821	-0.544864	-0.363780	-0.103849	-0.615037	-0.410450	-0.115166
0.177200	-145.746498	-141.673629	287.420127	4.072869	433.166625	-2.332518	-2.332314	-2.324062	-0.594590	-0.396966	-0.113198	-0.567080	-0.378445	-0.106148
0.177400	-145.716480	-141.643629	287.360109	4.072851	433.076589	-2.248431	-2.248246	-2.240376	-0.640103	-0.427339	-0.121756	-0.515127	-0.343774	-0.096378
0.177600	-145.686462	-141.613629	287.300091	4.072833	432.986553	-2.164361	-2.164196	-2.156762	-0.681084	-0.454689	-0.129461	-0.459548	-0.306683	-0.085927
0.177800	-145.656444	-141.583629	287.240073	4.072815	432.896517	-2.080307	-2.080163	-2.073215	-0.717248	-0.478823	-0.136260	-0.400738	-0.267436	-0.074868
0.178000	-145.626426	-141.553629	287.180055	4.072797	432.806481	-1.996269	-1.996147	-1.989733	-0.748341	-0.499573	-0.142106	-0.339113	-0.226310	-0.063279
0.178200	-145.596408	-141.523629	287.120037	4.072779	432.716445	-1.912249	-1.912149	-1.906311	-0.774148	-0.516796	-0.146958	-0.275110	-0.183597	-0.051244
0.178400	-145.566390	-141.493629	287.060019	4.072761	432.626409	-1.828245	-1.828169	-1.822946	-0.794491	-0.530372	-0.150783	-0.209182	-0.139599	-0.038847
0.178600	-145.536372	-141.463629	287.000001	4.072743	432.536373	-1.744258	-1.744206	-1.739633	-0.809229	-0.540207	-0.153553	-0.141795	-0.094628	-0.026175
0.178800	-145.506354	-141.433629	286.939983	4.072725	432.446337	-1.660288	-1.660260	-1.656369	-0.818263	-0.546236	-0.155251	-0.073424	-0.048999	-0.013318
0.179000	-145.476336	-141.403629	286.879965	4.072707	432.356301	-1.576335	-1.576332	-1.573147	-0.821532	-0.548418	-0.155866	-0.004550	-0.003036	-0.000366
0.179200	-145.446318	-141.373629	286.819947	4.072689	432.266265	-1.492400	-1.492422	-1.489965	-0.819016	-0.546739	-0.155392	0.064340	0.042938	0.012588
0.179400	-145.416300	-141.343629	286.759929	4.072671	432.176229	-1.408483	-1.408529	-1.406816	-0.810739	-0.541215	-0.153836	0.132762	0.088601	0.025455
0.179600	-145.386282	-141.313629	286.699911	4.072653	432.086193	-1.324583	-1.324653	-1.323695	-0.796761	-0.531886	-0.151207	0.200236	0.133630	0.038143
0.179800	-145.356264	-141.283629	286.639893	4.072635	431.996157	-1.240702	-1.240795	-1.240598	-0.777184	-0.518821	-0.147525	0.266287	0.177710	0.050564
0.180000	-145.326246	-141.253629	286.579875	4.072617	431.906121	-1.156838	-1.156955	-1.157520	-0.752149	-0.502114	-0.142818	0.330453	0.220532	0.062630
0.180200	-145.296228	-141.223629	286.519857	4.072599	431.816085	-1.072993	-1.073132	-1.074455	-0.721836	-0.481885	-0.137117	0.392284	0.261795	0.074257
0.180400	-145.266210	-141.193629	286.459839	4.072581	431.726049	-0.989167	-0.989326	-0.991399	-0.686461	-0.458277	-0.130465	0.451348	0.301212	0.085365
0.180600	-145.236192	-141.163629	286.399821	4.072563	431.636013	-0.905359	-0.905539	-0.908346	-0.646276	-0.431459	-0.122909	0.507233	0.338507	0.095874
0.180800	-145.206174	-141.133629	286.339803	4.072545	431.545977	-0.821570	-0.821768	-0.825291	-0.601565	-0.401621	-0.114501	0.559547	0.373420	0.105712
0.181000	-145.176156	-141.103629	286.279785	4.072527	431.455941	-0.737800	-0.738016	-0.742231	-0.552645	-0.368973	-0.105302	0.607927	0.405707	0.114810
0.181200	-145.146138	-141.073629	286.219767	4.072509	431.365905	-0.654050	-0.654281	-0.659159	-0.499860	-0.333747	-0.095377	0.652036	0.435143	0.123105
0.181400	-145.116120	-141.043629	286.159749	4.072491	431.275869	-0.570319	-0.570564	-0.576072	-0.443585	-0.296191	-0.084794	0.691569	0.461526	0.130540
0.181600	-145.086102	-141.013629	286.099731	4.072473	431.185832	-0.486607	-0.486864	-0.492966	-0.384213	-0.256569	-0.073630	0.726250	0.484671	0.137062
0.181800	-145.056084	-140.983629	286.039713	4.072455	431.095796	-0.402915	-0.403183	-0.409836	-0.322164	-0.215160	-0.061962	0.755841	0.504419	0.142627
0.182000	-145.026066	-140.953629	285.979694	4.072437	431.005760	-0.319242	-0.319519	-0.326679	-0.257874	-0.172255	-0.049873	0.780138	0.520634	0.147197
0.182200	-144.996048	-140.923629	285.919676	4.072419	430.915724	-0.235589	-0.235873	-0.243491	-0.191792	-0.128154	-0.037447	0.798975	0.533204	0.150740
0.182400	-144.966029	-140.893629	285.859658	4.072401	430.825688	-0.151957	-0.152245	-0.160269	-0.124381	-0.083167	-0.024771	0.812222	0.542045	0.153233
0.182600	-144.936011	-140.863629	285.799640	4.072382	430.735651	-0.068344	-0.068635	-0.077012	-0.056115	-0.037609	-0.011934	0.819793	0.547097	0.154657
0.182800	-144.905993	-140.833629	285.739622	4.072364	430.645615	0.015249	0.014957	0.006285	0.012530	0.008202	0.000974	0.821636	0.548327	0.155005
0.183000	-144.875975	-140.803629	285.679604	4.072346	430.555579	0.098821	0.098531	0.089623	0.081075	0.053946	0.013864	0.817743	0.545730	0.154274
0.183200	-144.845957	-140.773629	285.619586	4.072328	430.465543	0.182374	0.182087	0.173003	0.149041	0.099304	0.026644	0.808145	0.539324	0.152470
0.183400	-144.815939	-140.743629	285.559568	4.072310	430.375506	0.265906	0.265625	0.256427	0.215954	0.143959	0.039227	0.792912	0.529159	0.149607
0.183600	-144.785921	-140.713629	285.499549	4.072292	430.285470	0.349419	0.349144	0.339896	0.281350	0.187602	0.051524	0.772155	0.515306	0.145705
0.183800	-144.755902	-140.683629	285.439531	4.072274	430.195434	0.432911	0.432646	0.423410	0.344772	0.229928	0.063451	0.746021	0.497865	0.140792
0.184000	-144.725884	-140.653629	285.379513	4.072255	430.105397	0.516383	0.516129	0.506968	0.405782	0.270643	0.074923	0.714696	0.476960	0.134903
0.184200	-144.695866	-140.623629	285.319495	4.072237	430.015361	0.599835	0.599593	0.590572	0.463955	0.309465	0.085862	0.678401	0.452739	0.128079
0.184400	-144.665848	-140.593629	285.259477	4.072219	429.925325	0.683266	0.683040	0.674219	0.518888	0.346125	0.096193	0.637393	0.425371	0.120369
0.184600	-144.635830	-140.563629	285.199458	4.072201	429.835288	0.766678	0.766468	0.757908	0.570202	0.380370	0.105842	0.591959	0.395051	0.111827
0.184800	-144.605811	-140.533629	285.139440	4.072183	429.745252	0.850070	0.849878	0.841638	0.617541	0.411963	0.114744	0.542419	0.361989	0.102513
0.185000	-144.575793	-140.503629	285.079422	4.072164	429.655215	0.933443	0.933269	0.925407	0.660580	0.440685	0.122838	0.489119	0.326419	0.092491
0.185200	-144.545775	-140.473629	285.019404	4.072146	429.565179	1.016795	1.016642	1.009212	0.699023	0.466340	0.130067	0.432432	0.288588	0.081833
0.185400	-144.515757	-140.443629	284.959386	4.072128	429.475142	1.100129	1.099996	1.093049	0.732604	0.488751	0.136382	0.372754	0.248761	0.070612
0.185600	-144.485739	-140.413629	284.899367	4.072110	429.385106	1.183442	1.183332	1.176916	0.761095	0.507765	0.141740	0.310500	0.207216	0.058907
0.185800	-144.455720	-140.383629	284.839349	4.072092	429.295069	1.266737	1.266649	1.260809	0.784301	0.523252	0.146104	0.246106	0.164241	0.046799
0.186000	-144.425702	-140.353629	284.779331	4.072073	429.205033	1.350012	1.349948	1.344725	0.802064	0.535106	0.149445	0.180018	0.120137	0.034373
0.186200	-144.395684	-140.323629	284.719313	4.072055	429.114996	1.433268	1.433228	1.428658	0.814265	0.543249	0.151740	0.112696	0.075209	0.021715
0.186400	-144.365666	-140.293629	284.659294	4.072037	429.024960	1.516506	1.516490	1.512604	0.820823	0.547625	0.152973	0.044607	0.029769	0.008912
0.186600	-144.335647	-140.263629	284.599276	4.072019	428.934923	1.599724	1.599733	1.596559	0.821696	0.548208	0.153138	-0.023777	-0.015868	-0.003946
0.186800	-144.305629	-140.233629	284.539258	4.072000	428.844887	1.682925	1.682958	1.680517	0.816882	0.544995	0.152233	-0.091982	-0.061385	-0.016771
0.187000	-144.275611	-140.203629	284.479239	4.071982	428.754850	1.766107	1.766164	1.764474	0.806417	0.538011	0.150266	-0.159535	-0.106468	-0.029473
0.187200	-144.245592	-140.173629	284.419221	4.071964	428.664814	1.849271	1.849351	1.848424	0.790378	0.527307	0.147250	-0.225972	-0.150805	-0.041965
0.187400	-144.215574	-140.143629	284.359203	4.071945	428.574777	1.932417	1.932520	1.932362	0.768880	0.512960	0.143208	-0.290832	-0.194090	-0.054160
0.187600	-144.185556	-140.113629	284.299185	4.071927	428.484740	2.015545	2.015671	2.016283	0.742074	0.495071	0.138168	-0.353668	-0.236025	-0.065975
0.187800	-144.155538	-140.083629	284.239166	4.071909	428.394704	2.098655	2.098803	2.100181	0.710149	0.473765	0.132165	-0.414048	-0.276320	-0.077328
0.188000	-144.125519	-140.053629	284.179148	4.071890	428.304667	2.181748	2.181916	2.184051	0.673328	0.449193	0.125241	-0.471556	-0.314699	-0.088141
0.188200	-144.095501	-140.023629	284.119130	4.071872	428.214630	2.264824	2.265012	2.267887	0.631870	0.421525	0.117445	-0.525798	-0.350898	-0.098340
0.188400	-144.065483	-139.993629	284.059111	4.071854	428.124594	2.347882	2.348088	2.351686	0.586063	0.390955	0.108832	-0.576400	-0.384668	-0.107855
0.188600	-144.035464	-139.963629	283.999093	4.071835	428.034557	2.430924	2.431146	2.435441	0.536226	0.357696	0.099461	-0.623018	-0.415778	-0.116620
0.188800	-144.005446	-139.933629	283.939075	4.071817	427.944520	2.513949	2.514186	2.519148	0.482705	0.321978	0.089396	-0.665330	-0.444016	-0.124576
0.189000	-143.975427	-139.903629	283.879056	4.071799	427.854484	2.596957	2.597208	2.602802	0.425872	0.284050	0.078709	-0.703050	-0.469189	-0.131668
0.189200	-143.945409	-139.873629	283.819038	4.071780	427.764447	2.679949	2.680211	2.686400	0.366119	0.244173	0.067473	-0.735920	-0.491125	-0.137848
0.189400	-143.915391	-139.843629	283.759019	4.071762	427.674410	2.762924	2.763196	2.769937	0.303860	0.202624	0.055766	-0.763717	-0.509676	-0.143074
0.189600	-143.885372	-139.813629	283.699001	4.071744	427.584373	2.845883	2.846163	2.853409	0.239526	0.159689	0.043668	-0.786253	-0.524715	-0.147311
0.189800	-143.855354	-139.783629	283.638983	4.071725	427.494337	2.928825	2.929112	2.936814	0.173559	0.115666	0.031264	-0.803376	-0.536143	-0.150530
0.190000	-143.825335	-139.753629	283.578964	4.071707	427.404300	3.011752	3.012043	3.020148	0.106415	0.070857	0.018637	-0.814973	-0.543882	-0.152709
0.190200	-143.795317	-139.723629	283.518946	4.071688	427.314263	3.094662	3.094955	3.103409	0.038557	0.025570	0.005877	-0.820966	-0.547882	-0.153835
0.190400	-143.765299	-139.693629	283.458927	4.071670	427.224226	-3.105629	-3.105335	-3.096591	-0.029551	-0.019882	-0.006930	-0.821319	-0.548117	-0.153900
0.190600	-143.735280	-139.663629	283.398909	4.071652	427.134189	-3.022750	-3.022459	-3.013483	-0.097439	-0.065188	-0.019697	-0.816033	-0.544590	-0.152905
0.190800	-143.705262	-139.633629	283.338891	4.071633	427.044152	-2.939888	-2.939600	-2.930453	-0.164641	-0.110036	-0.032334	-0.805148	-0.537325	-0.150857
0.191000	-143.675243	-139.603629	283.278872	4.071615	426.954115	-2.857041	-2.856759	-2.847503	-0.230698	-0.154120	-0.044756	-0.788742	-0.526376	-0.147771
0.191200	-143.645225	-139.573629	283.218854	4.071596	426.864079	-2.774210	-2.773936	-2.764632	-0.295157	-0.197138	-0.056877	-0.766931	-0.511821	-0.143668
0.191400	-143.615206	-139.543629	283.158835	4.071578	426.774042	-2.691395	-2.691131	-2.681842	-0.357577	-0.238795	-0.068615	-0.739868	-0.493760	-0.138577
0.191600	-143.585188	-139.513629	283.098817	4.071559	426.684005	-2.608596	-2.608343	-2.599132	-0.417532	-0.278806	-0.079889	-0.707743	-0.472320	-0.132535
0.191800	-143.555170	-139.483629	283.038798	4.071541	426.593968	-2.525813	-2.525573	-2.516500	-0.474613	-0.316900	-0.090623	-0.670777	-0.447651	-0.125582
0.192000	-143.525151	-139.453629	282.978780	4.071522	426.503931	-2.443046	-2.442821	-2.433947	-0.528430	-0.352816	-0.100743	-0.629229	-0.419923	-0.117767
0.192200	-143.495133	-139.423629	282.918761	4.071504	426.413894	-2.360295	-2.360086	-2.351469	-0.578619	-0.386309	-0.110181	-0.583384	-0.389328	-0.109145
0.192400	-143.465114	-139.393629	282.858743	4.071485	426.323857	-2.277561	-2.277369	-2.269067	-0.624837	-0.417154	-0.118872	-0.533559	-0.356077	-0.099774
0.192600	-143.435096	-139.363629	282.798724	4.071467	426.233820	-2.194842	-2.194670	-2.186736	-0.666771	-0.445139	-0.126758	-0.480098	-0.320399	-0.089719
0.192800	-143.405077	-139.333629	282.738706	4.071448	426.143783	-2.112140	-2.111988	-2.104475	-0.704138	-0.470077	-0.133785	-0.423369	-0.282540	-0.079049
0.193000	-143.375059	-139.303629	282.678687	4.071430	426.053746	-2.029454	-2.029324	-2.022281	-0.736686	-0.491798	-0.139905	-0.363760	-0.242759	-0.067838
0.193200	-143.345040	-139.273629	282.618669	4.071411	425.963709	-1.946785	-1.946677	-1.940150	-0.764195	-0.510156	-0.145078	-0.301681	-0.201330	-0.056162
0.193400	-143.315021	-139.243629	282.558650	4.071393	425.873672	-1.864133	-1.864047	-1.858079	-0.786481	-0.525029	-0.149268	-0.237557	-0.158536	-0.044102
0.193600	-143.285003	-139.213629	282.498632	4.071374	425.783635	-1.781498	-1.781435	-1.776064	-0.803395	-0.536317	-0.152449	-0.171827	-0.114670	-0.031740
0.193800	-143.254984	-139.183629	282.438613	4.071356	425.693597	-1.698879	-1.698840	-1.694101	-0.814825	-0.543945	-0.154598	-0.104939	-0.070032	-0.019160
0.194000	-143.224966	-139.153629	282.378595	4.071337	425.603560	-1.616278	-1.616263	-1.612187	-0.820697	-0.547864	-0.155702	-0.037352	-0.024927	-0.006448
0.194200	-143.194947	-139.123629	282.318576	4.071319	425.513523	-1.533694	-1.533703	-1.530316	-0.820975	-0.548049	-0.155754	0.030474	0.020338	0.006308
0.194400	-143.164929	-139.093629	282.258557	4.071300	425.423486	-1.451127	-1.451161	-1.448484	-0.815661	-0.544503	-0.154754	0.098078	0.065454	0.019023
0.194600	-143.134910	-139.063629	282.198539	4.071281	425.333449	-1.368578	-1.368636	-1.366686	-0.804794	-0.537250	-0.152709	0.164999	0.110115	0.031610
0.194800	-143.104891	-139.033629	282.138520	4.071263	425.243412	-1.286047	-1.286128	-1.284919	-0.788451	-0.526344	-0.149636	0.230782	0.154016	0.043982
0.195000	-143.074873	-139.003629	282.078502	4.071244	425.153374	-1.203534	-1.203638	-1.203176	-0.766748	-0.511860	-0.145554	0.294981	0.196860	0.056057
0.195200	-143.044854	-138.973629	282.018483	4.071226	425.063337	-1.121039	-1.121166	-1.121453	-0.739836	-0.493900	-0.140492	0.357160	0.238356	0.067752
0.195400	-143.014836	-138.943629	281.958464	4.071207	424.973300	-1.038563	-1.038710	-1.039746	-0.707901	-0.472588	-0.134485	0.416898	0.278223	0.078987
0.195600	-142.984817	-138.913629	281.898446	4.071188	424.883263	-0.956105	-0.956273	-0.958049	-0.671163	-0.448070	-0.127576	0.473791	0.316191	0.089688
0.195800	-142.954798	-138.883629	281.838427	4.071170	424.793226	-0.873666	-0.873852	-0.876358	-0.629874	-0.420515	-0.119810	0.527454	0.352004	0.099781
0.196000	-142.924780	-138.853629	281.778408	4.071151	424.703188	-0.791245	-0.791450	-0.794668	-0.584319	-0.390113	-0.111243	0.577525	0.385420	0.109199
0.196200	-142.894761	-138.823629	281.718390	4.071132	424.613151	-0.708843	-0.709065	-0.712974	-0.534808	-0.357071	-0.101931	0.623668	0.416214	0.117878
0.196400	-142.864742	-138.793629	281.658371	4.071114	424.523114	-0.626461	-0.626697	-0.631272	-0.481680	-0.321616	-0.091939	0.665571	0.444179	0.125760
0.196600	-142.834724	-138.763629	281.598353	4.071095	424.433076	-0.544098	-0.544347	-0.549558	-0.425297	-0.283988	-0.081334	0.702954	0.469127	0.132791
0.196800	-142.804705	-138.733629	281.538334	4.071076	424.343039	-0.461754	-0.462015	-0.467828	-0.366044	-0.244445	-0.070190	0.735566	0.490891	0.138926
0.197000	-142.774686	-138.703629	281.478315	4.071058	424.253002	-0.379430	-0.379701	-0.386077	-0.304323	-0.203255	-0.058582	0.763190	0.509326	0.144122
0.197200	-142.744668	-138.673629	281.418296	4.071039	424.162964	-0.297125	-0.297404	-0.304303	-0.240555	-0.160698	-0.046589	0.785641	0.524309	0.148346
0.197400	-142.714649	-138.643629	281.358278	4.071020	424.072927	-0.214840	-0.215125	-0.222501	-0.175171	-0.117063	-0.034292	0.802772	0.535742	0.151568
0.197600	-142.684630	-138.613629	281.298259	4.071002	423.982889	-0.132575	-0.132865	-0.140668	-0.108616	-0.072646	-0.021774	0.814470	0.543548	0.153770
0.197800	-142.654612	-138.583629	281.238240	4.070983	423.892852	-0.050330	-0.050622	-0.058803	-0.041339	-0.027748	-0.009121	0.820659	0.547679	0.154935
0.198000	-142.624593	-138.553629	281.178222	4.070964	423.802815	0.031895	0.031603	0.023099	0.026205	0.017328	0.003582	0.821301	0.548107	0.155057
0.198200	-142.594574	-138.523629	281.118203	4.070946	423.712777	0.114101	0.113810	0.105038	0.093558	0.062277	0.016250	0.816396	0.544834	0.154135
0.198400	-142.564556	-138.493629	281.058184	4.070927	423.622740	0.196286	0.195999	0.187017	0.160266	0.106796	0.028796	0.805980	0.537883	0.152177
0.198600	-142.534537	-138.463629	280.998165	4.070908	423.532702	0.278451	0.278170	0.269037	0.225880	0.150584	0.041137	0.790128	0.527303	0.149197
0.198800	-142.504518	-138.433629	280.938147	4.070889	423.442665	0.360596	0.360323	0.351099	0.289958	0.193347	0.053189	0.768949	0.513169	0.145215
0.199000	-142.474499	-138.403629	280.878128	4.070871	423.352627	0.442721	0.442457	0.433204	0.352069	0.234798	0.064870	0.742590	0.495578	0.140259
0.199200	-142.444481	-138.373629	280.818109	4.070852	423.262590	0.524826	0.524574	0.515352	0.411795	0.274657	0.076104	0.711232	0.474651	0.134362
0.199400	-142.414462	-138.343629	280.758090	4.070833	423.172552	0.606911	0.606671	0.597543	0.468736	0.312657	0.086813	0.675089	0.450530	0.127566
0.199600	-142.384443	-138.313629	280.698072	4.070814	423.082515	0.688976	0.688751	0.679776	0.522509	0.348544	0.096927	0.634409	0.423382	0.119916
0.199800	-142.354424	-138.283629	280.638053	4.070796	422.992477	0.771022	0.770812	0.762050	0.572757	0.382077	0.106378	0.589467	0.393389	0.111465
0.200000	-142.324405	-138.253629	280.578034	4.070777	422.902439	0.853047	0.852855	0.844364	0.619142	0.413033	0.115102	0.540569	0.360756	0.102270
