#model:pLinear_down	end_point_b=0.20
#t	l_1	l_2	l_3	l_2-l_1	l_3-l_1	phase_1	phase_2	phase_3	RePsi_1	RePsi_2	RePsi_3	ImPsi_1	ImPsi_2	ImPsi_3
0.100200	-202.646528	-167.505604	370.152132	35.140924	572.798660	1.661788	1.662053	1.670479	0.818664	0.546163	0.152269	-0.074698	-0.049980	-0.015229
0.100400	-202.615514	-167.475604	370.091118	35.139910	572.706632	1.752763	1.753292	1.770067	0.808461	0.539336	0.150173	-0.148759	-0.099534	-0.030327
0.100600	-202.584500	-167.445604	370.030104	35.138896	572.614604	1.843725	1.844513	1.869486	0.791555	0.528025	0.146698	-0.221567	-0.148250	-0.045169
0.100800	-202.553486	-167.415604	369.969089	35.137882	572.522575	1.934675	1.935716	1.968665	0.768091	0.512325	0.141875	-0.292518	-0.195724	-0.059628
0.101000	-202.522471	-167.385603	369.908074	35.136868	572.430545	2.025616	2.026901	2.067534	0.738268	0.492371	0.135746	-0.361023	-0.241560	-0.073584
0.101200	-202.491456	-167.355603	369.847059	35.135853	572.338515	2.116550	2.118068	2.166029	0.702338	0.468330	0.128361	-0.426514	-0.285380	-0.086921
0.101400	-202.460441	-167.325603	369.786044	35.134838	572.246484	2.207478	2.209217	2.264091	0.660603	0.440405	0.119783	-0.488449	-0.326821	-0.099526
0.101600	-202.429425	-167.295603	369.725028	35.133822	572.154453	2.298402	2.300348	2.361667	0.613412	0.408830	0.110084	-0.546315	-0.365539	-0.111295
0.101800	-202.398409	-167.265603	369.664012	35.132806	572.062421	2.389325	2.391461	2.458710	0.561162	0.373869	0.099345	-0.599634	-0.401215	-0.122129
0.102000	-202.367393	-167.235603	369.602995	35.131790	571.970388	2.480247	2.482556	2.555181	0.504289	0.335815	0.087655	-0.647967	-0.433554	-0.131937
0.102200	-202.336376	-167.205602	369.541978	35.130774	571.878354	2.571171	2.573634	2.651047	0.443266	0.294985	0.075113	-0.690916	-0.462292	-0.140638
0.102400	-202.305359	-167.175602	369.480961	35.129757	571.786320	2.662097	2.664693	2.746282	0.378604	0.251719	0.061823	-0.728127	-0.487190	-0.148159
0.102600	-202.274342	-167.145602	369.419944	35.128740	571.694286	2.753027	2.755736	2.840865	0.310840	0.206378	0.047896	-0.759297	-0.508046	-0.154437
0.102800	-202.243324	-167.115602	369.358926	35.127722	571.602250	2.843962	2.846761	2.934785	0.240538	0.159339	0.033447	-0.784170	-0.524688	-0.159419
0.103000	-202.212306	-167.085602	369.297908	35.126704	571.510214	2.934903	2.937769	3.028034	0.168281	0.110991	0.018597	-0.802544	-0.536982	-0.163065
0.103200	-202.181288	-167.055602	369.236890	35.125686	571.418178	3.025851	3.028759	3.120612	0.094669	0.061737	0.003470	-0.814271	-0.544829	-0.165343
0.103400	-202.150269	-167.025602	369.175871	35.124668	571.326140	3.116805	3.119733	-3.070664	0.020312	0.011984	-0.011811	-0.819258	-0.548166	-0.166235
0.103600	-202.119250	-166.995601	369.114852	35.123649	571.234102	-3.075418	-3.072495	-2.979412	-0.054175	-0.037855	-0.027117	-0.817468	-0.546969	-0.165733
0.103800	-202.088231	-166.965601	369.053832	35.122630	571.142064	-2.984448	-2.981554	-2.888806	-0.128174	-0.087368	-0.042322	-0.808921	-0.541249	-0.163840
0.104000	-202.057212	-166.935601	368.992813	35.121611	571.050024	-2.893471	-2.890629	-2.798829	-0.201075	-0.136146	-0.057300	-0.793690	-0.531058	-0.160572
0.104200	-202.026192	-166.905601	368.931793	35.120591	570.957985	-2.802486	-2.799721	-2.709461	-0.272276	-0.183787	-0.071927	-0.771905	-0.516483	-0.155956
0.104400	-201.995172	-166.875601	368.870772	35.119571	570.865944	-2.711493	-2.708828	-2.620677	-0.341190	-0.229898	-0.086083	-0.743752	-0.497645	-0.150029
0.104600	-201.964151	-166.845601	368.809752	35.118550	570.773903	-2.620495	-2.617950	-2.532453	-0.407248	-0.274098	-0.099651	-0.709466	-0.474704	-0.142840
0.104800	-201.933130	-166.815600	368.748731	35.117530	570.681861	-2.529490	-2.527088	-2.444761	-0.469908	-0.316024	-0.112518	-0.669334	-0.447851	-0.134448
0.105000	-201.902109	-166.785600	368.687709	35.116509	570.589818	-2.438480	-2.436240	-2.357572	-0.528654	-0.355332	-0.124579	-0.623690	-0.417311	-0.124923
0.105200	-201.871088	-166.755600	368.626688	35.115487	570.497775	-2.347467	-2.345407	-2.270855	-0.583005	-0.391698	-0.135735	-0.572916	-0.383338	-0.114341
0.105400	-201.840066	-166.725600	368.565666	35.114466	570.405731	-2.256450	-2.254589	-2.184577	-0.632514	-0.424825	-0.145893	-0.517432	-0.346213	-0.102790
0.105600	-201.809044	-166.695600	368.504643	35.113444	570.313687	-2.165433	-2.163784	-2.098706	-0.676777	-0.454442	-0.154970	-0.457698	-0.306245	-0.090365
0.105800	-201.778021	-166.665600	368.443621	35.112421	570.221642	-2.074415	-2.072994	-2.013208	-0.715432	-0.480307	-0.162893	-0.394211	-0.263765	-0.077167
0.106000	-201.746998	-166.635600	368.382598	35.111399	570.129596	-1.983400	-1.982217	-1.928049	-0.748164	-0.502208	-0.169595	-0.327494	-0.219124	-0.063305
0.106200	-201.715975	-166.605599	368.321574	35.110376	570.037550	-1.892388	-1.891453	-1.843194	-0.774708	-0.519969	-0.175023	-0.258099	-0.172691	-0.048891
0.106400	-201.684952	-166.575599	368.260551	35.109352	569.945502	-1.801381	-1.800703	-1.758607	-0.794848	-0.533445	-0.179132	-0.186599	-0.124850	-0.034044
0.106600	-201.653928	-166.545599	368.199527	35.108329	569.853455	-1.710382	-1.709965	-1.674255	-0.808423	-0.542528	-0.181889	-0.113583	-0.075994	-0.018885
0.106800	-201.622904	-166.515599	368.138503	35.107305	569.761406	-1.619392	-1.619241	-1.590101	-0.815325	-0.547146	-0.183271	-0.039653	-0.026527	-0.003538
0.107000	-201.591879	-166.485599	368.077478	35.106280	569.669357	-1.528414	-1.528529	-1.506110	-0.815501	-0.547264	-0.183267	0.034583	0.023145	0.011872
0.107200	-201.560854	-166.455599	368.016453	35.105256	569.577308	-1.437450	-1.437830	-1.422245	-0.808955	-0.542884	-0.181879	0.108515	0.072614	0.027219
0.107400	-201.529829	-166.425598	367.955428	35.104231	569.485257	-1.346501	-1.347144	-1.338473	-0.795743	-0.534044	-0.179117	0.181536	0.121473	0.042378
0.107600	-201.498804	-166.395598	367.894402	35.103206	569.393206	-1.255571	-1.256470	-1.254756	-0.775979	-0.520820	-0.175006	0.253046	0.169321	0.057227
0.107800	-201.467778	-166.365598	367.833376	35.102180	569.301155	-1.164660	-1.165809	-1.171060	-0.749828	-0.503322	-0.169578	0.322460	0.215766	0.071644
0.108000	-201.436752	-166.335598	367.772350	35.101154	569.209102	-1.073772	-1.075161	-1.087349	-0.717509	-0.481697	-0.162880	0.389209	0.260429	0.085512
0.108200	-201.405726	-166.305598	367.711324	35.100128	569.117049	-0.982909	-0.984526	-1.003587	-0.679290	-0.456125	-0.154966	0.452747	0.302943	0.098720
0.108400	-201.374699	-166.275598	367.650297	35.099101	569.024996	-0.892072	-0.893904	-0.919739	-0.635489	-0.426817	-0.145902	0.512556	0.342962	0.111159
0.108600	-201.343672	-166.245598	367.589269	35.098074	568.932941	-0.801263	-0.803295	-0.835769	-0.586468	-0.394016	-0.135761	0.568148	0.380159	0.122730
0.108800	-201.312644	-166.215597	367.528242	35.097047	568.840886	-0.710485	-0.712699	-0.751644	-0.532630	-0.357993	-0.124628	0.619069	0.414232	0.133339
0.109000	-201.281617	-166.185597	367.467214	35.096019	568.748831	-0.619739	-0.622118	-0.667327	-0.474421	-0.319044	-0.112594	0.664906	0.444902	0.142901
0.109200	-201.250589	-166.155597	367.406186	35.094992	568.656774	-0.529027	-0.531551	-0.582784	-0.412318	-0.277490	-0.099756	0.705286	0.471921	0.151340
0.109400	-201.219560	-166.125597	367.345157	35.093963	568.564717	-0.438350	-0.440998	-0.497981	-0.346832	-0.233673	-0.086221	0.739883	0.495069	0.158587
0.109600	-201.188532	-166.095597	367.284128	35.092935	568.472660	-0.347711	-0.350461	-0.412883	-0.278502	-0.187952	-0.072099	0.768415	0.514161	0.164586
0.109800	-201.157503	-166.065597	367.223099	35.091906	568.380602	-0.257109	-0.259939	-0.327457	-0.207886	-0.140702	-0.057505	0.790655	0.529042	0.169289
0.110000	-201.126473	-166.035596	367.162070	35.090877	568.288543	-0.166548	-0.169434	-0.241670	-0.135564	-0.092310	-0.042558	0.806423	0.539593	0.172659
0.110200	-201.095443	-166.005596	367.101040	35.089847	568.196483	-0.076026	-0.078945	-0.155491	-0.062126	-0.043172	-0.027381	0.815596	0.545730	0.174670
0.110400	-201.064413	-165.975596	367.040010	35.088817	568.104423	0.014454	0.011527	-0.068887	0.011826	0.006310	-0.012096	0.818100	0.547406	0.175308
0.110600	-201.033383	-165.945596	366.978979	35.087787	568.012362	0.104893	0.101981	0.018171	0.085689	0.055733	0.003172	0.813921	0.544609	0.174569
0.110800	-201.002352	-165.915596	366.917948	35.086756	567.920301	0.195288	0.192416	0.105711	0.158860	0.104693	0.018299	0.803096	0.537366	0.172461
0.111000	-200.971321	-165.885596	366.856917	35.085726	567.828238	0.285642	0.282832	0.193761	0.230743	0.152791	0.033162	0.785717	0.525737	0.169003
0.111200	-200.940290	-165.855596	366.795885	35.084694	567.736175	0.375952	0.373228	0.282345	0.300754	0.199636	0.047641	0.761929	0.509821	0.164225
0.111400	-200.909258	-165.825595	366.734854	35.083663	567.644112	0.466220	0.463604	0.371487	0.368322	0.244847	0.061618	0.731931	0.489748	0.158167
0.111600	-200.878226	-165.795595	366.673821	35.082631	567.552048	0.556445	0.553958	0.461205	0.432898	0.288057	0.074980	0.695969	0.465685	0.150880
0.111800	-200.847194	-165.765595	366.612789	35.081599	567.459983	0.646628	0.644291	0.551516	0.493960	0.328914	0.087619	0.654341	0.437831	0.142426
0.112000	-200.816161	-165.735595	366.551756	35.080566	567.367917	0.736769	0.734601	0.642435	0.551011	0.367088	0.099434	0.607387	0.406414	0.132874
0.112200	-200.785128	-165.705595	366.490723	35.079533	567.275851	0.826869	0.824887	0.733969	0.603590	0.402269	0.110329	0.555494	0.371691	0.122304
0.112400	-200.754095	-165.675595	366.429689	35.078500	567.183784	0.916929	0.915150	0.826123	0.651273	0.434175	0.120217	0.499086	0.333947	0.110804
0.112600	-200.723061	-165.645594	366.368656	35.077467	567.091717	1.006951	1.005387	0.918898	0.693674	0.462546	0.129018	0.438623	0.293490	0.098467
0.112800	-200.692027	-165.615594	366.307621	35.076433	566.999649	1.096934	1.095600	1.012287	0.730452	0.487155	0.136663	0.374600	0.250651	0.085397
0.113000	-200.660993	-165.585594	366.246587	35.075399	566.907580	1.186881	1.185787	1.106280	0.761311	0.507803	0.143089	0.307539	0.205779	0.071700
0.113200	-200.629958	-165.555594	366.185552	35.074364	566.815510	1.276793	1.275948	1.200860	0.786006	0.524327	0.148247	0.237985	0.159238	0.057489
0.113400	-200.598923	-165.525594	366.124517	35.073329	566.723440	1.366671	1.366082	1.296003	0.804338	0.536593	0.152095	0.166505	0.111409	0.042880
0.113600	-200.567888	-165.495594	366.063481	35.072294	566.631369	1.456518	1.456189	1.391678	0.816164	0.544506	0.154604	0.093678	0.062679	0.027992
0.113800	-200.536852	-165.465594	366.002446	35.071259	566.539298	1.546334	1.546268	1.487851	0.821390	0.548003	0.155755	0.020097	0.013444	0.012949
0.114000	-200.505816	-165.435593	365.941409	35.070223	566.447226	1.636122	1.636319	1.584478	0.819978	0.547058	0.155539	-0.053642	-0.035896	-0.002128
0.114200	-200.474780	-165.405593	365.880373	35.069187	566.355153	1.725884	1.726342	1.681510	0.811945	0.541682	0.153960	-0.126942	-0.084943	-0.017116
0.114400	-200.443743	-165.375593	365.819336	35.068150	566.263079	1.815620	1.816337	1.778894	0.797358	0.531921	0.151033	-0.199209	-0.133298	-0.031891
0.114600	-200.412706	-165.345593	365.758299	35.067113	566.171005	1.905335	1.906304	1.876568	0.776339	0.517857	0.146781	-0.269858	-0.180572	-0.046335
0.114800	-200.381669	-165.315593	365.697262	35.066076	566.078930	1.995029	1.996242	1.974471	0.749063	0.499606	0.141241	-0.338321	-0.226382	-0.060328
0.115000	-200.350631	-165.285593	365.636224	35.065039	565.986855	2.084704	2.086152	2.072533	0.715754	0.477318	0.134459	-0.404043	-0.270358	-0.073759
0.115200	-200.319593	-165.255592	365.575186	35.064001	565.894779	2.174362	2.176034	2.170685	0.676684	0.451175	0.126491	-0.466496	-0.312147	-0.086516
0.115400	-200.288555	-165.225592	365.514147	35.062962	565.802702	2.264006	2.265888	2.268855	0.632174	0.421391	0.117402	-0.525176	-0.351412	-0.098498
0.115600	-200.257516	-165.195592	365.453108	35.061924	565.710624	2.353638	2.355714	2.366970	0.582584	0.388210	0.107269	-0.579613	-0.387837	-0.109606
0.115800	-200.226477	-165.165592	365.392069	35.060885	565.618546	2.443258	2.445513	2.464959	0.528320	0.351900	0.096172	-0.629369	-0.421130	-0.119750
0.116000	-200.195438	-165.135592	365.331030	35.059846	565.526467	2.532870	2.535285	2.562753	0.469822	0.312757	0.084204	-0.674045	-0.451024	-0.128849
0.116200	-200.164398	-165.105592	365.269990	35.058806	565.434388	2.622475	2.625030	2.660283	0.407564	0.271098	0.071462	-0.713283	-0.477279	-0.136828
0.116400	-200.133358	-165.075591	365.208950	35.057767	565.342308	2.712074	2.714750	2.757486	0.342050	0.227261	0.058050	-0.746772	-0.499688	-0.143624
0.116600	-200.102318	-165.045591	365.147909	35.056726	565.250227	2.801670	2.804444	2.854304	0.273812	0.181600	0.044077	-0.774244	-0.518070	-0.149181
0.116800	-200.071277	-165.015591	365.086868	35.055686	565.158145	2.891263	2.894114	2.950682	0.203399	0.134485	0.029657	-0.795482	-0.532281	-0.153454
0.117000	-200.040236	-164.985591	365.025827	35.054645	565.066063	2.980855	2.983761	3.046573	0.131382	0.086295	0.014907	-0.810318	-0.542208	-0.156409
0.117200	-200.009195	-164.955591	364.964786	35.053604	564.973980	3.070448	3.073385	-3.141250	0.058340	0.037421	-0.000054	-0.818638	-0.547775	-0.158022
0.117400	-199.978153	-164.925591	364.903744	35.052562	564.881897	-3.123143	-3.120199	-3.046453	-0.015137	-0.011746	-0.015104	-0.820377	-0.548939	-0.158279
0.117600	-199.947111	-164.895591	364.842701	35.051520	564.789812	-3.033546	-3.030618	-2.952249	-0.088460	-0.060808	-0.030122	-0.815527	-0.545693	-0.157180
0.117800	-199.916069	-164.865590	364.781659	35.050478	564.697728	-2.943945	-2.941057	-2.858662	-0.161036	-0.109372	-0.044985	-0.804129	-0.538067	-0.154732
0.118000	-199.885026	-164.835590	364.720616	35.049436	564.605642	-2.854341	-2.851515	-2.765708	-0.232285	-0.157047	-0.059574	-0.786281	-0.526124	-0.150955
0.118200	-199.853983	-164.805590	364.659573	35.048393	564.513556	-2.764731	-2.761990	-2.673398	-0.301634	-0.203450	-0.073771	-0.762128	-0.509963	-0.145881
0.118400	-199.822939	-164.775590	364.598529	35.047350	564.421469	-2.675117	-2.672483	-2.581736	-0.368526	-0.248211	-0.087462	-0.731871	-0.489716	-0.139548
0.118600	-199.791896	-164.745590	364.537486	35.046306	564.329381	-2.585497	-2.582991	-2.490723	-0.432428	-0.290970	-0.100535	-0.695754	-0.465549	-0.132009
0.118800	-199.760852	-164.715590	364.476441	35.045262	564.237293	-2.495871	-2.493514	-2.400353	-0.492827	-0.331385	-0.112886	-0.654072	-0.437658	-0.123323
0.119000	-199.729807	-164.685589	364.415397	35.044218	564.145204	-2.406240	-2.404050	-2.310617	-0.549240	-0.369133	-0.124415	-0.607162	-0.406269	-0.113561
0.119200	-199.698763	-164.655589	364.354352	35.043173	564.053115	-2.316604	-2.314599	-2.221502	-0.601219	-0.403914	-0.135030	-0.555404	-0.371636	-0.102800
0.119400	-199.667718	-164.625589	364.293307	35.042128	563.961024	-2.226964	-2.225159	-2.132991	-0.648349	-0.435451	-0.144644	-0.499217	-0.334039	-0.091127
0.119600	-199.636672	-164.595589	364.232261	35.041083	563.868933	-2.137319	-2.135729	-2.045064	-0.690255	-0.463492	-0.153181	-0.439053	-0.293781	-0.078635
0.119800	-199.605626	-164.565589	364.171215	35.040038	563.776842	-2.047670	-2.046309	-1.957700	-0.726605	-0.487816	-0.160573	-0.375396	-0.251186	-0.065424
0.120000	-199.574580	-164.535589	364.110169	35.038992	563.684749	-1.958019	-1.956898	-1.870873	-0.757111	-0.508229	-0.166759	-0.308760	-0.206597	-0.051599
0.120200	-199.543534	-164.505588	364.049122	35.037946	563.592656	-1.868367	-1.867493	-1.784557	-0.781533	-0.524571	-0.171690	-0.239678	-0.160372	-0.037270
0.120400	-199.512487	-164.475588	363.988076	35.036899	563.500563	-1.778714	-1.778096	-1.698724	-0.799679	-0.536713	-0.175327	-0.168706	-0.112882	-0.022552
0.120600	-199.481440	-164.445588	363.927028	35.035852	563.408469	-1.689062	-1.688704	-1.613345	-0.811408	-0.544561	-0.177641	-0.096411	-0.064507	-0.007563
0.120800	-199.450393	-164.415588	363.865981	35.034805	563.316374	-1.599412	-1.599317	-1.528390	-0.816630	-0.548056	-0.178613	-0.023375	-0.015635	0.007579
0.121000	-199.419345	-164.385588	363.804933	35.033757	563.224278	-1.509766	-1.509935	-1.443826	-0.815307	-0.547171	-0.178235	0.049821	0.033342	0.022753
0.121200	-199.388297	-164.355588	363.743885	35.032709	563.132182	-1.420125	-1.420558	-1.359621	-0.807454	-0.541916	-0.176510	0.122589	0.082035	0.037839
0.121400	-199.357248	-164.325588	363.682836	35.031661	563.040084	-1.330491	-1.331183	-1.275745	-0.793137	-0.532337	-0.173451	0.194351	0.130053	0.052716
0.121600	-199.326200	-164.295587	363.621787	35.030612	562.947987	-1.240865	-1.241812	-1.192162	-0.772476	-0.518512	-0.169084	0.264533	0.177015	0.067267
0.121800	-199.295151	-164.265587	363.560738	35.029563	562.855888	-1.151251	-1.152444	-1.108841	-0.745639	-0.500554	-0.163443	0.332575	0.222545	0.081376
0.122000	-199.264101	-164.235587	363.499688	35.028514	562.763789	-1.061648	-1.063079	-1.025747	-0.712843	-0.478609	-0.156573	0.397938	0.266282	0.094932
0.122200	-199.233051	-164.205587	363.438638	35.027464	562.671690	-0.972060	-0.973717	-0.942848	-0.674354	-0.452855	-0.148528	0.460100	0.307877	0.107828
0.122400	-199.202001	-164.175587	363.377588	35.026414	562.579589	-0.882488	-0.884357	-0.860108	-0.630483	-0.423499	-0.139372	0.518569	0.347002	0.119961
0.122600	-199.170951	-164.145587	363.316537	35.025364	562.487488	-0.792934	-0.795001	-0.777495	-0.581581	-0.390778	-0.129179	0.572881	0.383344	0.131237
0.122800	-199.139900	-164.115586	363.255486	35.024313	562.395386	-0.703400	-0.705648	-0.694975	-0.528043	-0.354953	-0.118029	0.622606	0.416617	0.141566
0.123000	-199.108849	-164.085586	363.194435	35.023263	562.303284	-0.613888	-0.616299	-0.612513	-0.470296	-0.316313	-0.106010	0.667350	0.446557	0.150868
0.123200	-199.077797	-164.055586	363.133383	35.022211	562.211181	-0.524399	-0.526954	-0.530077	-0.408803	-0.275165	-0.093218	0.706760	0.472928	0.159069
0.123400	-199.046745	-164.025586	363.072331	35.021159	562.119077	-0.434936	-0.437615	-0.447632	-0.344056	-0.231840	-0.079754	0.740527	0.495523	0.166105
0.123600	-199.015693	-163.995586	363.011279	35.020107	562.026972	-0.345500	-0.348281	-0.365145	-0.276571	-0.186684	-0.065724	0.768385	0.514164	0.171923
0.123800	-198.984641	-163.965586	362.950226	35.019055	561.934867	-0.256093	-0.258953	-0.282582	-0.206886	-0.140055	-0.051240	0.790116	0.528706	0.176476
0.124000	-198.953588	-163.935585	362.889173	35.018002	561.842761	-0.166716	-0.169634	-0.199910	-0.135557	-0.092326	-0.036416	0.805552	0.539034	0.179730
0.124200	-198.922535	-163.905585	362.828120	35.016949	561.750655	-0.077371	-0.080322	-0.117095	-0.063151	-0.043876	-0.021369	0.814572	0.545071	0.181660
0.124400	-198.891481	-163.875585	362.767066	35.015896	561.658547	0.011940	0.008979	-0.034104	0.009757	0.004910	-0.006218	0.817111	0.546769	0.182252
0.124600	-198.860427	-163.845585	362.706012	35.014842	561.566440	0.101218	0.098270	0.049096	0.082587	0.053643	0.008918	0.813150	0.544119	0.181503
0.124800	-198.829373	-163.815585	362.644958	35.013788	561.474331	0.190459	0.187549	0.132538	0.154762	0.101939	0.023920	0.802726	0.537144	0.179421
0.125000	-198.798318	-163.785585	362.583903	35.012734	561.382222	0.279664	0.276814	0.216253	0.225710	0.149413	0.038670	0.785925	0.525902	0.176022
0.125200	-198.767264	-163.755585	362.522848	35.011679	561.290112	0.368831	0.366065	0.300274	0.294870	0.195691	0.053052	0.762884	0.510484	0.171335
0.125400	-198.736208	-163.725584	362.461793	35.010624	561.198001	0.457961	0.455299	0.384633	0.361693	0.240405	0.066952	0.733790	0.491016	0.165398
0.125600	-198.705153	-163.695584	362.400737	35.009569	561.105890	0.547051	0.544516	0.469360	0.425654	0.283204	0.080263	0.698875	0.467653	0.158260
0.125800	-198.674097	-163.665584	362.339681	35.008513	561.013778	0.636102	0.633713	0.554484	0.486246	0.323748	0.092881	0.658421	0.440583	0.149979
0.126000	-198.643041	-163.635584	362.278624	35.007457	560.921665	0.725114	0.722890	0.640036	0.542992	0.361720	0.104705	0.612750	0.410023	0.140620
0.126200	-198.611984	-163.605584	362.217568	35.006400	560.829551	0.814085	0.812045	0.726041	0.595446	0.396819	0.115645	0.562227	0.376215	0.130259
0.126400	-198.580927	-163.575584	362.156510	35.005343	560.737437	0.903018	0.901176	0.812527	0.643196	0.428771	0.125616	0.507253	0.339430	0.118979
0.126600	-198.549870	-163.545583	362.095453	35.004286	560.645323	0.991910	0.990283	0.899518	0.685867	0.457324	0.134540	0.448267	0.299960	0.106870
0.126800	-198.518812	-163.515583	362.034395	35.003229	560.553207	1.080764	1.079363	0.987037	0.723125	0.482254	0.142347	0.385737	0.258118	0.094028
0.127000	-198.487754	-163.485583	361.973337	35.002171	560.461091	1.169578	1.168415	1.075102	0.754678	0.503368	0.148979	0.320157	0.214235	0.080557
0.127200	-198.456696	-163.455583	361.912279	35.001113	560.368974	1.258355	1.257438	1.163732	0.780282	0.520500	0.154384	0.252048	0.168660	0.066562
0.127400	-198.425637	-163.425583	361.851220	35.000054	560.276857	1.347093	1.346430	1.252941	0.799737	0.533519	0.158521	0.181949	0.121753	0.052155
0.127600	-198.394578	-163.395583	361.790161	34.998995	560.184738	1.435796	1.435392	1.342739	0.812894	0.542322	0.161359	0.110413	0.073885	0.037451
0.127800	-198.363519	-163.365582	361.729101	34.997936	560.092620	1.524462	1.524320	1.433132	0.819653	0.546845	0.162878	0.038005	0.025433	0.022565
0.128000	-198.332459	-163.335582	361.668041	34.996877	560.000500	1.613094	1.613215	1.524124	0.819964	0.547052	0.163067	-0.034703	-0.023219	0.007616
0.128200	-198.301399	-163.305582	361.606981	34.995817	559.908380	1.701692	1.702076	1.615712	0.813829	0.542947	0.161927	-0.107139	-0.071690	-0.007278
0.128400	-198.270338	-163.275582	361.545920	34.994756	559.816259	1.790258	1.790901	1.707887	0.801299	0.534562	0.159468	-0.178733	-0.119597	-0.022000
0.128600	-198.239278	-163.245582	361.484859	34.993696	559.724137	1.878794	1.879691	1.800639	0.782478	0.521967	0.155711	-0.248922	-0.166564	-0.036433
0.128800	-198.208217	-163.215582	361.423798	34.992635	559.632015	1.967300	1.968444	1.893947	0.757516	0.505263	0.150688	-0.317155	-0.212222	-0.050464
0.129000	-198.177155	-163.185581	361.362737	34.991574	559.539892	2.055777	2.057160	1.987787	0.726614	0.484585	0.144439	-0.382895	-0.256212	-0.063982
0.129200	-198.146093	-163.155581	361.301675	34.990512	559.447768	2.144229	2.145838	2.082129	0.690018	0.460096	0.137016	-0.445629	-0.298191	-0.076881
0.129400	-198.115031	-163.125581	361.240612	34.989450	559.355643	2.232656	2.234480	2.176937	0.648019	0.431992	0.128478	-0.504864	-0.337828	-0.089060
0.129600	-198.083969	-163.095581	361.179550	34.988388	559.263518	2.321060	2.323084	2.272167	0.600950	0.400495	0.118894	-0.560139	-0.374815	-0.100422
0.129800	-198.052906	-163.065581	361.118487	34.987325	559.171393	2.409442	2.411651	2.367773	0.549184	0.365855	0.108342	-0.611020	-0.408863	-0.110880
0.130000	-198.021843	-163.035581	361.057423	34.986262	559.079266	2.497804	2.500181	2.463701	0.493129	0.328346	0.096904	-0.657113	-0.439705	-0.120351
0.130200	-197.990779	-163.005580	360.996360	34.985199	558.987139	2.586149	2.588674	2.559893	0.433229	0.288263	0.084673	-0.698057	-0.467103	-0.128760
0.130400	-197.959715	-162.975580	360.935296	34.984135	558.895011	2.674476	2.677132	2.656288	0.369954	0.245921	0.071745	-0.733535	-0.490844	-0.136043
0.130600	-197.928651	-162.945580	360.874231	34.983071	558.802882	2.762790	2.765554	2.752821	0.303802	0.201655	0.058225	-0.763273	-0.510743	-0.142143
0.130800	-197.897587	-162.915580	360.813167	34.982007	558.710753	2.851089	2.853941	2.849425	0.235295	0.155812	0.044217	-0.787041	-0.526647	-0.147012
0.131000	-197.866522	-162.885580	360.752102	34.980942	558.618623	2.939378	2.942295	2.946032	0.164968	0.108753	0.029835	-0.804657	-0.538435	-0.150612
0.131200	-197.835456	-162.855580	360.691036	34.979877	558.526493	3.027656	3.030616	3.042574	0.093375	0.060845	0.015191	-0.815985	-0.546015	-0.152916
0.131400	-197.804391	-162.825580	360.629970	34.978811	558.434361	3.115925	3.118905	3.138983	0.021076	0.012465	0.000402	-0.820943	-0.549332	-0.153907
0.131600	-197.773325	-162.795579	360.568904	34.977746	558.342229	-3.078997	-3.076021	-3.047992	-0.051363	-0.036009	-0.014417	-0.819494	-0.548363	-0.153576
0.131800	-197.742259	-162.765579	360.507838	34.976679	558.250096	-2.990741	-2.987790	-2.952044	-0.123377	-0.084197	-0.029148	-0.811654	-0.543116	-0.151927
0.132000	-197.711192	-162.735579	360.446771	34.975613	558.157963	-2.902489	-2.899587	-2.856418	-0.194401	-0.131725	-0.043674	-0.797488	-0.533637	-0.148974
0.132200	-197.680125	-162.705579	360.385704	34.974546	558.065829	-2.814241	-2.811411	-2.761169	-0.263883	-0.178219	-0.057882	-0.777112	-0.520001	-0.144740
0.132400	-197.649058	-162.675579	360.324636	34.973479	557.973694	-2.725995	-2.723258	-2.666348	-0.331280	-0.223319	-0.071660	-0.750687	-0.502318	-0.139259
0.132600	-197.617990	-162.645579	360.263568	34.972411	557.881558	-2.637751	-2.635128	-2.571999	-0.396067	-0.266673	-0.084900	-0.718423	-0.480729	-0.132574
0.132800	-197.586922	-162.615578	360.202500	34.971343	557.789422	-2.549508	-2.547019	-2.478162	-0.457742	-0.307944	-0.097497	-0.680577	-0.455404	-0.124737
0.133000	-197.555853	-162.585578	360.141432	34.970275	557.697285	-2.461265	-2.458930	-2.384871	-0.515825	-0.346811	-0.109352	-0.637447	-0.426542	-0.115811
0.133200	-197.524785	-162.555578	360.080363	34.969207	557.605148	-2.373021	-2.370858	-2.292152	-0.569865	-0.382973	-0.120373	-0.589372	-0.394372	-0.105865
0.133400	-197.493716	-162.525578	360.019294	34.968138	557.513009	-2.284776	-2.282802	-2.200029	-0.619443	-0.416149	-0.130474	-0.536731	-0.359146	-0.094977
0.133600	-197.462646	-162.495578	359.958224	34.967069	557.420870	-2.196530	-2.194760	-2.108515	-0.664178	-0.446084	-0.139574	-0.479935	-0.321140	-0.083233
0.133800	-197.431576	-162.465578	359.897154	34.965999	557.328731	-2.108282	-2.106730	-2.017622	-0.703722	-0.472546	-0.147603	-0.419430	-0.280652	-0.070723
0.134000	-197.400506	-162.435577	359.836084	34.964929	557.236590	-2.020033	-2.018711	-1.927355	-0.737771	-0.495331	-0.154497	-0.355690	-0.237999	-0.057547
0.134200	-197.369436	-162.405577	359.775013	34.963859	557.144449	-1.931783	-1.930700	-1.837714	-0.766065	-0.514265	-0.160204	-0.289212	-0.193514	-0.043806
0.134400	-197.338365	-162.375577	359.713942	34.962788	557.052307	-1.843531	-1.842697	-1.748694	-0.788387	-0.529202	-0.164677	-0.220515	-0.147545	-0.029609
0.134600	-197.307294	-162.345577	359.652871	34.961717	556.960165	-1.755278	-1.754700	-1.660287	-0.804566	-0.540029	-0.167882	-0.150135	-0.100448	-0.015064
0.134800	-197.276222	-162.315577	359.591799	34.960646	556.868021	-1.667025	-1.666706	-1.572481	-0.814482	-0.546665	-0.169794	-0.078619	-0.052592	-0.000286
0.135000	-197.245150	-162.285577	359.530727	34.959574	556.775877	-1.578771	-1.578715	-1.485261	-0.818061	-0.549060	-0.170398	-0.006524	-0.004348	0.014611
0.135200	-197.214078	-162.255576	359.469655	34.958502	556.683733	-1.490519	-1.490726	-1.398608	-0.815279	-0.547198	-0.169688	0.065590	0.043908	0.029511
0.135400	-197.183006	-162.225576	359.408582	34.957429	556.591588	-1.402268	-1.402736	-1.312502	-0.806161	-0.541098	-0.167670	0.137162	0.091803	0.044298
0.135600	-197.151933	-162.195576	359.347509	34.956357	556.499441	-1.314019	-1.314746	-1.226920	-0.790784	-0.530808	-0.164360	0.207639	0.138964	0.058858
0.135800	-197.120859	-162.165576	359.286435	34.955283	556.407295	-1.225774	-1.226753	-1.141837	-0.769270	-0.516412	-0.159782	0.276474	0.185026	0.073078
0.136000	-197.089786	-162.135576	359.225362	34.954210	556.315147	-1.137533	-1.138758	-1.057227	-0.741789	-0.498023	-0.153972	0.343134	0.229634	0.086849
0.136200	-197.058712	-162.105576	359.164287	34.953136	556.222999	-1.049298	-1.050759	-0.973062	-0.708558	-0.475786	-0.146975	0.407105	0.272441	0.100063
0.136400	-197.027637	-162.075575	359.103213	34.952062	556.130850	-0.961069	-0.962755	-0.889314	-0.669840	-0.449877	-0.138844	0.467891	0.313118	0.112618
0.136600	-196.996563	-162.045575	359.042138	34.950987	556.038701	-0.872849	-0.874747	-0.805954	-0.625936	-0.420498	-0.129642	0.525025	0.351350	0.124419
0.136800	-196.965488	-162.015575	358.981063	34.949913	555.946551	-0.784639	-0.786734	-0.722950	-0.577190	-0.387879	-0.119440	0.578067	0.386844	0.135374
0.137000	-196.934412	-161.985575	358.919987	34.948837	555.854400	-0.696440	-0.698716	-0.640273	-0.523982	-0.352275	-0.108317	0.626608	0.419327	0.145398
0.137200	-196.903337	-161.955575	358.858911	34.947762	555.762248	-0.608253	-0.610693	-0.557892	-0.466727	-0.313962	-0.096357	0.670276	0.448549	0.154415
0.137400	-196.872260	-161.925575	358.797835	34.946686	555.670096	-0.520080	-0.522664	-0.475774	-0.405870	-0.273238	-0.083654	0.708736	0.474285	0.162355
0.137600	-196.841184	-161.895574	358.736758	34.945610	555.577942	-0.431922	-0.434632	-0.393889	-0.341884	-0.230421	-0.070304	0.741694	0.496341	0.169159
0.137800	-196.810107	-161.865574	358.675682	34.944533	555.485789	-0.343781	-0.346595	-0.312204	-0.275264	-0.185841	-0.056410	0.768900	0.514546	0.174773
0.138000	-196.779030	-161.835574	358.614604	34.943456	555.393634	-0.255659	-0.258555	-0.230688	-0.206527	-0.139845	-0.042078	0.790146	0.528764	0.179155
0.138200	-196.747953	-161.805574	358.553527	34.942379	555.301479	-0.167557	-0.170512	-0.149308	-0.136206	-0.092788	-0.027419	0.805273	0.538887	0.182273
0.138400	-196.716875	-161.775574	358.492448	34.941301	555.209323	-0.079476	-0.082468	-0.068033	-0.064843	-0.045034	-0.012544	0.814167	0.544838	0.184102
0.138600	-196.685796	-161.745574	358.431370	34.940223	555.117167	0.008582	0.005576	0.013169	0.007010	0.003048	0.002432	0.816763	0.546576	0.184629
0.138800	-196.654718	-161.715573	358.370291	34.939144	555.025009	0.096616	0.093620	0.094331	0.078799	0.051087	0.017395	0.813046	0.544089	0.183851
0.139000	-196.623639	-161.685573	358.309212	34.938066	554.932851	0.184625	0.181661	0.175485	0.149970	0.098713	0.032230	0.803048	0.537399	0.181774
0.139200	-196.592560	-161.655573	358.248133	34.936987	554.840692	0.272606	0.269698	0.256662	0.219976	0.145559	0.046825	0.786850	0.526560	0.178416
0.139400	-196.561480	-161.625573	358.187053	34.935907	554.748533	0.360560	0.357730	0.337894	0.288279	0.191265	0.061069	0.764580	0.511658	0.173802
0.139600	-196.530400	-161.595573	358.125973	34.934827	554.656373	0.448484	0.445755	0.419213	0.354353	0.235479	0.074852	0.736414	0.492810	0.167969
0.139800	-196.499320	-161.565573	358.064892	34.933747	554.564212	0.536378	0.533770	0.500650	0.417691	0.277863	0.088070	0.702572	0.470164	0.160962
0.140000	-196.468239	-161.535572	358.003811	34.932666	554.472050	0.624241	0.621775	0.582238	0.477808	0.318092	0.100623	0.663317	0.443896	0.152836
0.140200	-196.437158	-161.505572	357.942730	34.931586	554.379888	0.712072	0.709766	0.664007	0.534244	0.355857	0.112416	0.618955	0.414210	0.143654
0.140400	-196.406077	-161.475572	357.881649	34.930504	554.287725	0.799871	0.797743	0.745989	0.586567	0.390870	0.123358	0.569830	0.381337	0.133486
0.140600	-196.374995	-161.445572	357.820567	34.929423	554.195561	0.887635	0.885703	0.828215	0.634378	0.422864	0.133369	0.516322	0.345531	0.122411
0.140800	-196.343913	-161.415572	357.759484	34.928341	554.103397	0.975366	0.973643	0.910714	0.677311	0.451594	0.142373	0.458844	0.307068	0.110515
0.141000	-196.312830	-161.385572	357.698402	34.927258	554.011232	1.063063	1.061562	0.993518	0.715042	0.476842	0.150301	0.397840	0.266246	0.097889
0.141200	-196.281747	-161.355572	357.637319	34.926176	553.919066	1.150724	1.149458	1.076655	0.747283	0.498417	0.157095	0.333781	0.223380	0.084630
0.141400	-196.250664	-161.325571	357.576235	34.925093	553.826900	1.238351	1.237329	1.160155	0.773790	0.516154	0.162704	0.267159	0.178798	0.070841
0.141600	-196.219581	-161.295571	357.515152	34.924009	553.734732	1.325942	1.325173	1.244045	0.794364	0.529922	0.167088	0.198486	0.132844	0.056626
0.141800	-196.188497	-161.265571	357.454068	34.922926	553.642564	1.413498	1.412987	1.328352	0.808850	0.539615	0.170213	0.128290	0.085871	0.042095
0.142000	-196.157412	-161.235571	357.392983	34.921842	553.550396	1.501019	1.500770	1.413103	0.817142	0.545163	0.172058	0.057110	0.038239	0.027360
0.142200	-196.126328	-161.205571	357.331898	34.920757	553.458226	1.588506	1.588520	1.498321	0.819178	0.546526	0.172611	-0.014509	-0.009687	0.012532
0.142400	-196.095243	-161.175571	357.270813	34.919672	553.366056	1.675958	1.676235	1.584030	0.814949	0.543695	0.171869	-0.086018	-0.057540	-0.002275
0.142600	-196.064157	-161.145570	357.209728	34.918587	553.273885	1.763375	1.763914	1.670250	0.804489	0.536695	0.169838	-0.156872	-0.104953	-0.016947
0.142800	-196.033072	-161.115570	357.148642	34.917502	553.181714	1.850760	1.851555	1.756999	0.787882	0.525582	0.166538	-0.226527	-0.151565	-0.031373
0.143000	-196.001986	-161.085570	357.087556	34.916416	553.089542	1.938111	1.939158	1.844293	0.765259	0.510443	0.161993	-0.294454	-0.197020	-0.045444
0.143200	-195.970899	-161.055570	357.026469	34.915329	552.997369	2.025430	2.026720	1.932146	0.736796	0.491396	0.156242	-0.360133	-0.240971	-0.059051
0.143400	-195.939813	-161.025570	356.965382	34.914243	552.905195	2.112717	2.114240	2.020566	0.702715	0.468588	0.149329	-0.423065	-0.283084	-0.072092
0.143600	-195.908725	-160.995570	356.904295	34.913156	552.813020	2.199974	2.201719	2.109560	0.663278	0.442197	0.141309	-0.482771	-0.323038	-0.084467
0.143800	-195.877638	-160.965569	356.843207	34.912069	552.720845	2.287202	2.289154	2.199129	0.618789	0.412426	0.132244	-0.538797	-0.360529	-0.096084
0.144000	-195.846550	-160.935569	356.782119	34.910981	552.628669	2.374400	2.376546	2.289271	0.569592	0.379504	0.122206	-0.590719	-0.395274	-0.106853
0.144200	-195.815462	-160.905569	356.721031	34.909893	552.536493	2.461571	2.463895	2.379979	0.516063	0.343683	0.111272	-0.638142	-0.427009	-0.116695
0.144400	-195.784373	-160.875569	356.659942	34.908805	552.444316	2.548716	2.551199	2.471239	0.458614	0.305238	0.099527	-0.680709	-0.455493	-0.125533
0.144600	-195.753284	-160.845569	356.598853	34.907716	552.352138	2.635835	2.638459	2.563034	0.397684	0.264464	0.087062	-0.718098	-0.480513	-0.133303
0.144800	-195.722195	-160.815569	356.537764	34.906627	552.259959	2.722930	2.725675	2.655342	0.333739	0.221673	0.073973	-0.750027	-0.501879	-0.139946
0.145000	-195.691106	-160.785568	356.476674	34.905537	552.167780	2.810002	2.812847	2.748133	0.267267	0.177190	0.060361	-0.776257	-0.519432	-0.145411
0.145200	-195.660016	-160.755568	356.415584	34.904447	552.075599	2.897053	2.899977	2.841372	0.198777	0.131357	0.046331	-0.796592	-0.533039	-0.149660
0.145400	-195.628925	-160.725568	356.354493	34.903357	551.983419	2.984083	2.987064	2.935021	0.128789	0.084521	0.031991	-0.810880	-0.542600	-0.152660
0.145600	-195.597835	-160.695568	356.293402	34.902267	551.891237	3.071093	3.074109	3.029034	0.057836	0.037040	0.017452	-0.819017	-0.548045	-0.154389
0.145800	-195.566743	-160.665568	356.232311	34.901176	551.799055	-3.125099	-3.122072	3.123362	-0.013541	-0.010725	0.002823	-0.820945	-0.549335	-0.154836
0.146000	-195.535652	-160.635568	356.171220	34.900085	551.706872	-3.038123	-3.035106	-3.065235	-0.084801	-0.058412	-0.011782	-0.816653	-0.546462	-0.153998
0.146200	-195.504560	-160.605567	356.110128	34.898993	551.614688	-2.951163	-2.948179	-2.970444	-0.155403	-0.105658	-0.026251	-0.806177	-0.539451	-0.151883
0.146400	-195.473468	-160.575567	356.049035	34.897901	551.522503	-2.864217	-2.861288	-2.875511	-0.224811	-0.152106	-0.040475	-0.789600	-0.528358	-0.148508
0.146600	-195.442376	-160.545567	355.987943	34.896809	551.430318	-2.777284	-2.774433	-2.780499	-0.292500	-0.197403	-0.054344	-0.767053	-0.513269	-0.143900
0.146800	-195.411283	-160.515567	355.926850	34.895716	551.338132	-2.690363	-2.687610	-2.685473	-0.357958	-0.241207	-0.067752	-0.738709	-0.494301	-0.138094
0.147000	-195.380189	-160.485567	355.865756	34.894623	551.245946	-2.603453	-2.600820	-2.590496	-0.420690	-0.283187	-0.080598	-0.704787	-0.471600	-0.131136
0.147200	-195.349096	-160.455567	355.804662	34.893529	551.153758	-2.516553	-2.514059	-2.495634	-0.480223	-0.323026	-0.092783	-0.665548	-0.445341	-0.123079
0.147400	-195.318002	-160.425566	355.743568	34.892436	551.061570	-2.429662	-2.427325	-2.400949	-0.536107	-0.360424	-0.104214	-0.621292	-0.415725	-0.113986
0.147600	-195.286908	-160.395566	355.682474	34.891341	550.969381	-2.342779	-2.340617	-2.306501	-0.587923	-0.395099	-0.114805	-0.572356	-0.382977	-0.103926
0.147800	-195.255813	-160.365566	355.621379	34.890247	550.877192	-2.255904	-2.253932	-2.212347	-0.635280	-0.426790	-0.124475	-0.519115	-0.347348	-0.092977
0.148000	-195.224718	-160.335566	355.560284	34.889152	550.785002	-2.169035	-2.167269	-2.118542	-0.677823	-0.455260	-0.133150	-0.461973	-0.309109	-0.081222
0.148200	-195.193622	-160.305566	355.499188	34.888057	550.692811	-2.082172	-2.080625	-2.025135	-0.715235	-0.480296	-0.140764	-0.401365	-0.268550	-0.068752
0.148400	-195.162527	-160.275566	355.438092	34.886961	550.600619	-1.995314	-1.993997	-1.932169	-0.747235	-0.501711	-0.147261	-0.337751	-0.225979	-0.055660
0.148600	-195.131431	-160.245565	355.376996	34.885865	550.508426	-1.908460	-1.907384	-1.839684	-0.773585	-0.519344	-0.152589	-0.271614	-0.181720	-0.042048
0.148800	-195.100334	-160.215565	355.315899	34.884769	550.416233	-1.821611	-1.820783	-1.747713	-0.794090	-0.533066	-0.156710	-0.203454	-0.136107	-0.028018
0.149000	-195.069237	-160.185565	355.254802	34.883672	550.324039	-1.734766	-1.734193	-1.656285	-0.808598	-0.542776	-0.159591	-0.133787	-0.089486	-0.013677
0.149200	-195.038140	-160.155565	355.193705	34.882575	550.231845	-1.647925	-1.647611	-1.565422	-0.817005	-0.548402	-0.161212	-0.063140	-0.042208	0.000866
0.149400	-195.007042	-160.125565	355.132607	34.881478	550.139649	-1.561087	-1.561034	-1.475141	-0.819250	-0.549905	-0.161558	0.007954	0.005368	0.015501
0.149600	-194.975944	-160.095565	355.071509	34.880380	550.047453	-1.474253	-1.474462	-1.385455	-0.815321	-0.547276	-0.160629	0.078960	0.052885	0.030117
0.149800	-194.944846	-160.065564	355.010410	34.879282	549.955257	-1.387422	-1.387891	-1.296370	-0.805252	-0.540538	-0.158430	0.149340	0.099985	0.044603
0.150000	-194.913747	-160.035564	354.949312	34.878183	549.863059	-1.300594	-1.301321	-1.207888	-0.789121	-0.529743	-0.154978	0.218567	0.146312	0.058849
0.150200	-194.882648	-160.005564	354.888212	34.877084	549.770861	-1.213771	-1.214749	-1.120008	-0.767055	-0.514977	-0.150298	0.286120	0.191518	0.072749
0.150400	-194.851549	-159.975564	354.827113	34.875985	549.678662	-1.126951	-1.128174	-1.032724	-0.739223	-0.496352	-0.144427	0.351491	0.235265	0.086196
0.150600	-194.820449	-159.945564	354.766013	34.874886	549.586462	-1.040136	-1.041595	-0.946025	-0.705838	-0.474011	-0.137408	0.414189	0.277223	0.099090
0.150800	-194.789349	-159.915563	354.704913	34.873786	549.494262	-0.953325	-0.955009	-0.859898	-0.667156	-0.448125	-0.129294	0.473746	0.317079	0.111334
0.151000	-194.758249	-159.885563	354.643812	34.872685	549.402061	-0.866520	-0.868417	-0.774329	-0.623470	-0.418891	-0.120145	0.529715	0.354534	0.122835
0.151200	-194.727148	-159.855563	354.582711	34.871585	549.309859	-0.779721	-0.781816	-0.689299	-0.575111	-0.386529	-0.110031	0.581679	0.389309	0.133507
0.151400	-194.696047	-159.825563	354.521610	34.870484	549.217656	-0.692928	-0.695206	-0.604788	-0.522446	-0.351287	-0.099026	0.629249	0.421143	0.143269
0.151600	-194.664945	-159.795563	354.460508	34.869382	549.125453	-0.606142	-0.608587	-0.520772	-0.465874	-0.313429	-0.087213	0.672071	0.449800	0.152048
0.151800	-194.633843	-159.765563	354.399406	34.868280	549.033249	-0.519365	-0.521957	-0.437229	-0.405821	-0.273241	-0.074681	0.709826	0.475067	0.159779
0.152000	-194.602741	-159.735562	354.338303	34.867178	548.941044	-0.432596	-0.435318	-0.354133	-0.342740	-0.231028	-0.061522	0.742236	0.496756	0.166403
0.152200	-194.571638	-159.705562	354.277200	34.866076	548.848838	-0.345838	-0.348667	-0.271457	-0.277107	-0.187106	-0.047836	0.769060	0.514707	0.171870
0.152400	-194.540535	-159.675562	354.216097	34.864973	548.756632	-0.259090	-0.262006	-0.189174	-0.209414	-0.141806	-0.033725	0.790100	0.528788	0.176141
0.152600	-194.509431	-159.645562	354.154993	34.863870	548.664425	-0.172353	-0.175336	-0.107257	-0.140170	-0.095468	-0.019293	0.805203	0.538895	0.179182
0.152800	-194.478328	-159.615562	354.093890	34.862766	548.572217	-0.085629	-0.088655	-0.025676	-0.069896	-0.048440	-0.004648	0.814260	0.544956	0.180971
0.153000	-194.447224	-159.585562	354.032785	34.861662	548.480009	0.001081	-0.001965	0.055597	0.000883	-0.001075	0.010101	0.817205	0.546928	0.181496
0.153200	-194.416119	-159.555561	353.971680	34.860558	548.387799	0.087776	0.084732	0.136593	0.071636	0.046273	0.024844	0.814023	0.544799	0.180752
0.153400	-194.385014	-159.525561	353.910575	34.859453	548.295590	0.174456	0.171437	0.217340	0.141833	0.093249	0.039472	0.804739	0.538587	0.178744
0.153600	-194.353909	-159.495561	353.849470	34.858348	548.203379	0.261119	0.258148	0.297869	0.210951	0.139503	0.053876	0.789428	0.528341	0.175488
0.153800	-194.322803	-159.465561	353.788364	34.857242	548.111167	0.347764	0.344863	0.378210	0.278472	0.184688	0.067949	0.768207	0.514140	0.171009
0.154000	-194.291697	-159.435561	353.727258	34.856136	548.018955	0.434390	0.431581	0.458394	0.343895	0.228469	0.081587	0.741239	0.496094	0.165340
0.154200	-194.260591	-159.405561	353.666152	34.855030	547.926742	0.520997	0.518300	0.538449	0.406730	0.270519	0.094690	0.708729	0.474339	0.158523
0.154400	-194.229484	-159.375560	353.605045	34.853924	547.834529	0.607583	0.605019	0.618407	0.466511	0.310524	0.107160	0.670924	0.449039	0.150609
0.154600	-194.198377	-159.345560	353.543937	34.852817	547.742314	0.694146	0.691735	0.698299	0.522794	0.348189	0.118905	0.628108	0.420387	0.141658
0.154800	-194.167270	-159.315560	353.482830	34.851709	547.650099	0.780688	0.778447	0.778153	0.575160	0.383233	0.129840	0.580605	0.388598	0.131735
0.155000	-194.136162	-159.285560	353.421722	34.850602	547.557883	0.867205	0.865152	0.858001	0.623223	0.415396	0.139884	0.528771	0.353911	0.120916
0.155200	-194.105054	-159.255560	353.360613	34.849494	547.465667	0.953698	0.951848	0.937872	0.666625	0.444441	0.148962	0.472995	0.316586	0.109279
0.155400	-194.073945	-159.225560	353.299505	34.848385	547.373450	1.040166	1.038532	1.017797	0.705047	0.470154	0.157010	0.413696	0.276903	0.096913
0.155600	-194.042836	-159.195559	353.238395	34.847277	547.281232	1.126608	1.125202	1.097805	0.738206	0.492344	0.163967	0.351318	0.235159	0.083908
0.155800	-194.011727	-159.165559	353.177286	34.846167	547.189013	1.213023	1.211857	1.177928	0.765858	0.510848	0.169784	0.286326	0.191666	0.070361
0.156000	-193.980617	-159.135559	353.116176	34.845058	547.096793	1.299411	1.298493	1.258193	0.787800	0.525532	0.174419	0.219206	0.146750	0.056372
0.156200	-193.949507	-159.105559	353.055066	34.843948	547.004573	1.385771	1.385107	1.338632	0.803874	0.536289	0.177839	0.150458	0.100744	0.042046
0.156400	-193.918397	-159.075559	352.993955	34.842838	546.912352	1.472102	1.471698	1.419273	0.813963	0.543040	0.180019	0.080595	0.053991	0.027488
0.156600	-193.887286	-159.045559	352.932844	34.841727	546.820130	1.558405	1.558263	1.500146	0.817995	0.545738	0.180944	0.010137	0.006840	0.012805
0.156800	-193.856175	-159.015558	352.871733	34.840616	546.727908	1.644678	1.644800	1.581280	0.815945	0.544366	0.180610	-0.060393	-0.040359	-0.001894
0.157000	-193.825063	-158.985558	352.810621	34.839505	546.635685	1.730921	1.731307	1.662702	0.807831	0.538936	0.179020	-0.130471	-0.087256	-0.016500
0.157200	-193.793951	-158.955558	352.749509	34.838393	546.543461	1.817135	1.817781	1.744442	0.793718	0.529491	0.176188	-0.199577	-0.133502	-0.030905
0.157400	-193.762839	-158.925558	352.688397	34.837281	546.451236	1.903319	1.904220	1.826525	0.773714	0.516103	0.172135	-0.267199	-0.178755	-0.045005
0.157600	-193.731726	-158.895558	352.627284	34.836169	546.359010	1.989473	1.990622	1.908979	0.747970	0.498875	0.166893	-0.332836	-0.222679	-0.058695
0.157800	-193.700613	-158.865558	352.566171	34.835056	546.266784	2.075597	2.076985	1.991830	0.716681	0.477936	0.160502	-0.396004	-0.264951	-0.071875
0.158000	-193.669500	-158.835557	352.505057	34.833943	546.174557	2.161690	2.163308	2.075102	0.680083	0.453444	0.153011	-0.456234	-0.305258	-0.084448
0.158200	-193.638386	-158.805557	352.443943	34.832829	546.082330	2.247754	2.249589	2.158818	0.638449	0.425581	0.144477	-0.513084	-0.343302	-0.096322
0.158400	-193.607272	-158.775557	352.382829	34.831715	545.990101	2.333788	2.335827	2.243000	0.592091	0.394558	0.134963	-0.566135	-0.378804	-0.107410
0.158600	-193.576158	-158.745557	352.321714	34.830601	545.897872	2.419793	2.422020	2.327668	0.541354	0.360604	0.124542	-0.614995	-0.411502	-0.117632
0.158800	-193.545043	-158.715557	352.260599	34.829486	545.805642	2.505768	2.508168	2.412841	0.486617	0.323972	0.113292	-0.659307	-0.441155	-0.126913
0.159000	-193.513927	-158.685557	352.199484	34.828371	545.713411	2.591715	2.594269	2.498533	0.428287	0.284937	0.101296	-0.698745	-0.467547	-0.135186
0.159200	-193.482812	-158.655556	352.138368	34.827255	545.621180	2.677633	2.680323	2.584757	0.366797	0.243786	0.088645	-0.733021	-0.490485	-0.142391
0.159400	-193.451696	-158.625556	352.077252	34.826140	545.528948	2.763523	2.766329	2.671525	0.302603	0.200826	0.075434	-0.761885	-0.509800	-0.148476
0.159600	-193.420579	-158.595556	352.016135	34.825023	545.436715	2.849386	2.852288	2.758841	0.236180	0.156375	0.061759	-0.785127	-0.525354	-0.153399
0.159800	-193.389463	-158.565556	351.955019	34.823907	545.344481	2.935222	2.938198	2.846711	0.168021	0.110761	0.047724	-0.802579	-0.537032	-0.157123
0.160000	-193.358346	-158.535556	351.893901	34.822790	545.252247	3.021032	3.024061	2.935132	0.098629	0.064322	0.033432	-0.814115	-0.544752	-0.159623
0.160200	-193.327228	-158.505555	351.832784	34.821673	545.160012	3.106816	3.109875	3.024099	0.028516	0.017401	0.018990	-0.819655	-0.548459	-0.160882
0.160400	-193.296110	-158.475555	351.771666	34.820555	545.067776	-3.090610	-3.087542	3.113602	-0.041799	-0.029655	0.004505	-0.819160	-0.548127	-0.160892
0.160600	-193.264992	-158.445555	351.710547	34.819437	544.975539	-3.004875	-3.001821	-3.079558	-0.111800	-0.076502	-0.009917	-0.812639	-0.543763	-0.159655
0.160800	-193.233873	-158.415555	351.649428	34.818318	544.883302	-2.919163	-2.916145	-2.989030	-0.180970	-0.122792	-0.024168	-0.800143	-0.535399	-0.157181
0.161000	-193.202754	-158.385555	351.588309	34.817200	544.791064	-2.833473	-2.830514	-2.898024	-0.248802	-0.168187	-0.038143	-0.781768	-0.523102	-0.153491
0.161200	-193.171635	-158.355555	351.527190	34.816081	544.698825	-2.747806	-2.744925	-2.806571	-0.314796	-0.212352	-0.051738	-0.757652	-0.506962	-0.148612
0.161400	-193.140515	-158.325554	351.466070	34.814961	544.606585	-2.662159	-2.659379	-2.714705	-0.378469	-0.254963	-0.064855	-0.727977	-0.487102	-0.142582
0.161600	-193.109395	-158.295554	351.404950	34.813841	544.514345	-2.576533	-2.573873	-2.622467	-0.439354	-0.295709	-0.077395	-0.692964	-0.463670	-0.135447
0.161800	-193.078275	-158.265554	351.343829	34.812721	544.422104	-2.490926	-2.488405	-2.529900	-0.497005	-0.334290	-0.089266	-0.652873	-0.436840	-0.127261
0.162000	-193.047154	-158.235554	351.282708	34.811600	544.329862	-2.405337	-2.402974	-2.437053	-0.551000	-0.370426	-0.100382	-0.608003	-0.406811	-0.118086
0.162200	-193.016033	-158.205554	351.221587	34.810479	544.237619	-2.319767	-2.317578	-2.343980	-0.600947	-0.403851	-0.110661	-0.558685	-0.373806	-0.107990
0.162400	-192.984911	-158.175554	351.160465	34.809358	544.145376	-2.234213	-2.232214	-2.250736	-0.646480	-0.434323	-0.120026	-0.505285	-0.338068	-0.097049
0.162600	-192.953789	-158.145553	351.099343	34.808236	544.053132	-2.148676	-2.146881	-2.157378	-0.687268	-0.461620	-0.128410	-0.448196	-0.299862	-0.085344
0.162800	-192.922667	-158.115553	351.038220	34.807114	543.960887	-2.063154	-2.061577	-2.063968	-0.723016	-0.485543	-0.135752	-0.387840	-0.259470	-0.072962
0.163000	-192.891544	-158.085553	350.977097	34.805991	543.868641	-1.977646	-1.976298	-1.970565	-0.753464	-0.505920	-0.141996	-0.324661	-0.217188	-0.059996
0.163200	-192.860421	-158.055553	350.915974	34.804868	543.776395	-1.892153	-1.891043	-1.877232	-0.778392	-0.522603	-0.147099	-0.259123	-0.173328	-0.046542
0.163400	-192.829298	-158.025553	350.854850	34.803745	543.684148	-1.806673	-1.805809	-1.784027	-0.797622	-0.535472	-0.151023	-0.191709	-0.128212	-0.032700
0.163600	-192.798174	-157.995553	350.793726	34.802621	543.591900	-1.721205	-1.720594	-1.691010	-0.811017	-0.544437	-0.153738	-0.122913	-0.082171	-0.018571
0.163800	-192.767049	-157.965552	350.732602	34.801497	543.499651	-1.635750	-1.635395	-1.598237	-0.818482	-0.549433	-0.155227	-0.053238	-0.035542	-0.004261
0.164000	-192.735925	-157.935552	350.671477	34.800373	543.407402	-1.550306	-1.550210	-1.505761	-0.819966	-0.550426	-0.155478	0.016804	0.011333	0.010126
0.164200	-192.704800	-157.905552	350.610352	34.799248	543.315152	-1.464873	-1.465037	-1.413632	-0.815463	-0.547412	-0.154489	0.086701	0.058111	0.024482
0.164400	-192.673674	-157.875552	350.549226	34.798123	543.222901	-1.379450	-1.379873	-1.321894	-0.805009	-0.540416	-0.152268	0.155944	0.104450	0.038702
0.164600	-192.642549	-157.845552	350.488100	34.796997	543.130649	-1.294037	-1.294716	-1.230590	-0.788683	-0.529491	-0.148833	0.224025	0.150013	0.052682
0.164800	-192.611423	-157.815552	350.426974	34.795871	543.038397	-1.208633	-1.209563	-1.139754	-0.766611	-0.514719	-0.144207	0.290449	0.194467	0.066319
0.165000	-192.580296	-157.785551	350.365847	34.794745	542.946144	-1.123239	-1.124413	-1.049418	-0.738955	-0.496212	-0.138426	0.354733	0.237488	0.079511
0.165200	-192.549169	-157.755551	350.304720	34.793618	542.853890	-1.037853	-1.039264	-0.959608	-0.705922	-0.474105	-0.131532	0.416407	0.278763	0.092163
0.165400	-192.518042	-157.725551	350.243593	34.792491	542.761635	-0.952476	-0.954113	-0.870343	-0.667756	-0.448563	-0.123575	0.475025	0.317993	0.104182
0.165600	-192.486914	-157.695551	350.182465	34.791364	542.669379	-0.867108	-0.868958	-0.781640	-0.624738	-0.419774	-0.114614	0.530162	0.354892	0.115479
0.165800	-192.455786	-157.665551	350.121337	34.790236	542.577123	-0.781747	-0.783798	-0.693510	-0.577186	-0.387951	-0.104714	0.581416	0.389194	0.125971
0.166000	-192.424658	-157.635550	350.060208	34.789107	542.484866	-0.696395	-0.698632	-0.605959	-0.525448	-0.353326	-0.093948	0.628418	0.420650	0.135582
0.166200	-192.393529	-157.605550	349.999079	34.787979	542.392609	-0.611050	-0.613458	-0.518988	-0.469904	-0.316155	-0.082394	0.670829	0.449033	0.144242
0.166400	-192.362400	-157.575550	349.937950	34.786850	542.300350	-0.525714	-0.528274	-0.432596	-0.410961	-0.276708	-0.070136	0.708341	0.474139	0.151887
0.166600	-192.331270	-157.545550	349.876820	34.785721	542.208091	-0.440385	-0.443081	-0.346777	-0.349050	-0.235275	-0.057264	0.740687	0.495786	0.158460
0.166800	-192.300141	-157.515550	349.815690	34.784591	542.115831	-0.355065	-0.357876	-0.261522	-0.284623	-0.192158	-0.043872	0.767633	0.513820	0.163915
0.167000	-192.269010	-157.485550	349.754560	34.783461	542.023570	-0.269753	-0.272659	-0.176818	-0.218150	-0.147672	-0.030057	0.788988	0.528112	0.168211
0.167200	-192.237880	-157.455549	349.693429	34.782330	541.931309	-0.184450	-0.187429	-0.092652	-0.150115	-0.102141	-0.015918	0.804601	0.538561	0.171316
0.167400	-192.206749	-157.425549	349.632298	34.781199	541.839046	-0.099155	-0.102187	-0.009006	-0.081014	-0.055896	-0.001560	0.814360	0.545093	0.173208
0.167600	-192.175617	-157.395549	349.571166	34.780068	541.746783	-0.013870	-0.016932	0.074140	-0.011349	-0.009274	0.012915	0.818200	0.547664	0.173873
0.167800	-192.144485	-157.365549	349.510034	34.778936	541.654520	0.071406	0.068335	0.156805	0.058374	0.037387	0.027400	0.816096	0.546256	0.173306
0.168000	-192.113353	-157.335549	349.448902	34.777804	541.562255	0.156673	0.153615	0.239013	0.127648	0.083748	0.041792	0.808068	0.540884	0.171511
0.168200	-192.082221	-157.305549	349.387769	34.776672	541.469990	0.241929	0.238907	0.320787	0.195973	0.129473	0.055987	0.794177	0.531589	0.168501
0.168400	-192.051088	-157.275548	349.326636	34.775539	541.377724	0.327174	0.324211	0.402152	0.262852	0.174232	0.069881	0.774529	0.518440	0.164297
0.168600	-192.019954	-157.245548	349.265502	34.774406	541.285457	0.412409	0.409524	0.483134	0.327804	0.217699	0.083374	0.749269	0.501536	0.158929
0.168800	-191.988821	-157.215548	349.204369	34.773272	541.193189	0.497631	0.494847	0.563758	0.390357	0.259563	0.096370	0.718584	0.481001	0.152437
0.169000	-191.957686	-157.185548	349.143234	34.772139	541.100921	0.582842	0.580178	0.644052	0.450061	0.299519	0.108774	0.682700	0.456986	0.144866
0.169200	-191.926552	-157.155548	349.082100	34.771004	541.008652	0.668040	0.665515	0.724043	0.506486	0.337281	0.120498	0.641879	0.429668	0.136272
0.169400	-191.895417	-157.125548	349.020965	34.769870	540.916382	0.753224	0.750857	0.803759	0.559226	0.372576	0.131457	0.596421	0.399246	0.126716
0.169600	-191.864282	-157.095547	348.959829	34.768735	540.824111	0.838394	0.836203	0.883228	0.607901	0.405152	0.141572	0.546657	0.365943	0.116267
0.169800	-191.833146	-157.065547	348.898693	34.767599	540.731840	0.923550	0.921549	0.962479	0.652163	0.434773	0.150772	0.492949	0.330000	0.105000
0.170000	-191.802010	-157.035547	348.837557	34.766463	540.639567	1.008691	1.006895	1.041538	0.691694	0.461229	0.158990	0.435689	0.291680	0.092997
0.170200	-191.770874	-157.005547	348.776421	34.765327	540.547294	1.093815	1.092239	1.120436	0.726211	0.484330	0.166168	0.375291	0.251260	0.080342
0.170400	-191.739737	-156.975547	348.715284	34.764190	540.455021	1.178923	1.177577	1.199200	0.755470	0.503911	0.172254	0.312195	0.209034	0.067128
0.170600	-191.708600	-156.945546	348.654146	34.763053	540.362746	1.264014	1.262907	1.277859	0.779262	0.519833	0.177207	0.246857	0.165308	0.053448
0.170800	-191.677462	-156.915546	348.593009	34.761916	540.270471	1.349086	1.348228	1.356442	0.797419	0.531985	0.180990	0.179751	0.120398	0.039401
0.171000	-191.646324	-156.885546	348.531870	34.760778	540.178195	1.434140	1.433536	1.434978	0.809813	0.540280	0.183577	0.111360	0.074628	0.025088
0.171200	-191.615186	-156.855546	348.470732	34.759640	540.085918	1.519175	1.518829	1.513493	0.816360	0.544661	0.184950	0.042179	0.028330	0.010610
0.171400	-191.584047	-156.825546	348.409593	34.758502	539.993641	1.604190	1.604105	1.592018	0.817015	0.545099	0.185101	-0.027294	-0.018163	-0.003929
0.171600	-191.552908	-156.795546	348.348454	34.757363	539.901362	1.689185	1.689362	1.670581	0.811778	0.541594	0.184030	-0.096557	-0.064517	-0.018425
0.171800	-191.521769	-156.765545	348.287314	34.756223	539.809083	1.774158	1.774595	1.749210	0.800690	0.534174	0.181743	-0.165112	-0.110397	-0.032774
0.172000	-191.490629	-156.735545	348.226174	34.755084	539.716803	1.859110	1.859804	1.827933	0.783834	0.522893	0.178260	-0.232467	-0.155473	-0.046875
0.172200	-191.459489	-156.705545	348.165034	34.753944	539.624523	1.944039	1.944985	1.906778	0.761336	0.507836	0.173605	-0.298138	-0.199422	-0.060627
0.172400	-191.428348	-156.675545	348.103893	34.752803	539.532241	2.028945	2.030137	1.985774	0.733360	0.489113	0.167814	-0.361653	-0.241929	-0.073932
0.172600	-191.397207	-156.645545	348.042752	34.751662	539.439959	2.113828	2.115257	2.064949	0.700112	0.466862	0.160927	-0.422559	-0.282689	-0.086697
0.172800	-191.366066	-156.615545	347.981610	34.750521	539.347676	2.198688	2.200342	2.144329	0.661833	0.441244	0.152997	-0.480418	-0.321411	-0.098830
0.173000	-191.334924	-156.585544	347.920468	34.749380	539.255392	2.283522	2.285391	2.223943	0.618801	0.412445	0.144079	-0.534817	-0.357817	-0.110246
0.173200	-191.303782	-156.555544	347.859326	34.748238	539.163108	2.368332	2.370402	2.303817	0.571328	0.380674	0.134239	-0.585368	-0.391647	-0.120865
0.173400	-191.272639	-156.525544	347.798183	34.747095	539.070822	2.453117	2.455373	2.383978	0.519757	0.346160	0.123548	-0.631712	-0.422662	-0.130611
0.173600	-191.241496	-156.495544	347.737040	34.745952	538.978536	2.537876	2.540303	2.464453	0.464461	0.309153	0.112082	-0.673517	-0.450639	-0.139416
0.173800	-191.210353	-156.465544	347.675897	34.744809	538.886250	2.622610	2.625188	2.545266	0.405839	0.269920	0.099926	-0.710487	-0.475381	-0.147218
0.174000	-191.179209	-156.435543	347.614753	34.743666	538.793962	2.707317	2.710030	2.626442	0.344312	0.228743	0.087165	-0.742361	-0.496712	-0.153964
0.174200	-191.148065	-156.405543	347.553608	34.742522	538.701674	2.791998	2.794825	2.708006	0.280322	0.185918	0.073893	-0.768914	-0.514482	-0.159606
0.174400	-191.116921	-156.375543	347.492464	34.741378	538.609384	2.876653	2.879574	2.789980	0.214330	0.141752	0.060203	-0.789958	-0.528565	-0.164106
0.174600	-191.085776	-156.345543	347.431319	34.740233	538.517095	2.961280	2.964276	2.872386	0.146808	0.096564	0.046195	-0.805346	-0.538863	-0.167433
0.174800	-191.054631	-156.315543	347.370173	34.739088	538.424804	3.045881	3.048929	2.955244	0.078241	0.050675	0.031969	-0.814972	-0.545304	-0.169564
0.175000	-191.023485	-156.285543	347.309027	34.737942	538.332512	3.130455	3.133534	3.038571	0.009119	0.004415	0.017626	-0.818771	-0.547846	-0.170487
0.175200	-190.992339	-156.255542	347.247881	34.736796	538.240220	-3.068183	-3.065095	3.122386	-0.060063	-0.041885	0.003269	-0.816719	-0.546472	-0.170196
0.175400	-190.961192	-156.225542	347.186735	34.735650	538.147927	-2.983663	-2.980588	-3.076484	-0.128811	-0.087896	-0.010999	-0.808834	-0.541194	-0.168695
0.175600	-190.930046	-156.195542	347.125588	34.734504	538.055633	-2.899170	-2.896129	-2.991656	-0.196636	-0.133287	-0.025077	-0.795176	-0.532053	-0.165996
0.175800	-190.898898	-156.165542	347.064440	34.733357	537.963339	-2.814704	-2.811719	-2.906306	-0.263053	-0.177737	-0.038865	-0.775846	-0.519116	-0.162121
0.176000	-190.867751	-156.135542	347.003293	34.732209	537.871043	-2.730264	-2.727356	-2.820429	-0.327589	-0.220928	-0.052264	-0.750986	-0.502478	-0.157098
0.176200	-190.836603	-156.105542	346.942144	34.731061	537.778747	-2.645850	-2.643039	-2.734022	-0.389787	-0.262554	-0.065179	-0.720777	-0.482259	-0.150965
0.176400	-190.805454	-156.075541	346.880996	34.729913	537.686450	-2.561463	-2.558769	-2.647086	-0.449203	-0.302319	-0.077518	-0.685436	-0.458606	-0.143768
0.176600	-190.774306	-156.045541	346.819847	34.728765	537.594153	-2.477102	-2.474543	-2.559627	-0.505416	-0.339940	-0.089195	-0.645219	-0.431690	-0.135558
0.176800	-190.743157	-156.015541	346.758698	34.727616	537.501854	-2.392767	-2.390361	-2.471654	-0.558029	-0.375151	-0.100125	-0.600415	-0.401704	-0.126396
0.177000	-190.712007	-155.985541	346.697548	34.726466	537.409555	-2.308457	-2.306221	-2.383182	-0.606669	-0.407704	-0.110233	-0.551345	-0.368863	-0.116350
0.177200	-190.680857	-155.955541	346.636398	34.725316	537.317255	-2.224171	-2.222121	-2.294228	-0.650992	-0.437367	-0.119447	-0.498363	-0.333404	-0.105490
0.177400	-190.649707	-155.925540	346.575247	34.724166	537.224954	-2.139911	-2.138060	-2.204816	-0.690686	-0.463933	-0.127701	-0.441846	-0.295578	-0.093898
0.177600	-190.618556	-155.895540	346.514096	34.723016	537.132652	-2.055674	-2.054035	-2.114975	-0.725472	-0.487214	-0.134939	-0.382198	-0.255658	-0.081655
0.177800	-190.587405	-155.865540	346.452945	34.721865	537.040350	-1.971461	-1.970046	-2.024736	-0.755106	-0.507047	-0.141108	-0.319846	-0.213928	-0.068850
0.178000	-190.556253	-155.835540	346.391793	34.720714	536.948047	-1.887272	-1.886090	-1.934138	-0.779381	-0.523292	-0.146167	-0.255233	-0.170684	-0.055576
0.178200	-190.525102	-155.805540	346.330641	34.719562	536.855743	-1.803105	-1.802164	-1.843221	-0.798127	-0.535838	-0.150080	-0.188820	-0.126236	-0.041928
0.178400	-190.493949	-155.775540	346.269489	34.718410	536.763438	-1.718960	-1.718267	-1.752032	-0.811215	-0.544598	-0.152820	-0.121080	-0.080899	-0.028004
0.178600	-190.462797	-155.745539	346.208336	34.717257	536.671133	-1.634836	-1.634396	-1.660620	-0.818556	-0.549511	-0.154368	-0.052492	-0.034996	-0.013903
0.178800	-190.431644	-155.715539	346.147183	34.716104	536.578826	-1.550734	-1.550548	-1.569036	-0.820102	-0.550545	-0.154715	0.016456	0.011149	0.000272
0.179000	-190.400490	-155.685539	346.086029	34.714951	536.486519	-1.466652	-1.466723	-1.477335	-0.815845	-0.547696	-0.153859	0.085274	0.057207	0.014422
0.179200	-190.369336	-155.655539	346.024875	34.713798	536.394212	-1.382590	-1.382916	-1.385574	-0.805820	-0.540986	-0.151807	0.153477	0.102854	0.028444
0.179400	-190.338182	-155.625539	345.963721	34.712643	536.301903	-1.298547	-1.299127	-1.293810	-0.790100	-0.530465	-0.148574	0.220581	0.147765	0.042239
0.179600	-190.307027	-155.595538	345.902566	34.711489	536.209593	-1.214522	-1.215351	-1.202099	-0.768800	-0.516211	-0.144184	0.286113	0.191623	0.055708
0.179800	-190.275872	-155.565538	345.841411	34.710334	536.117283	-1.130516	-1.131588	-1.110499	-0.742076	-0.498325	-0.138669	0.349610	0.234120	0.068755
0.180000	-190.244717	-155.535538	345.780255	34.709179	536.024972	-1.046526	-1.047835	-1.019066	-0.710119	-0.476937	-0.132070	0.410623	0.274955	0.081287
0.180200	-190.213561	-155.505538	345.719099	34.708023	535.932660	-0.962554	-0.964089	-0.927853	-0.673159	-0.452201	-0.124432	0.468725	0.313841	0.093216
0.180400	-190.182405	-155.475538	345.657943	34.706867	535.840348	-0.878597	-0.880348	-0.836911	-0.631460	-0.424293	-0.115812	0.523505	0.350504	0.104455
0.180600	-190.151248	-155.445538	345.596786	34.705711	535.748035	-0.794656	-0.796611	-0.746287	-0.585319	-0.393412	-0.106271	0.574580	0.384687	0.114926
0.180800	-190.120092	-155.415537	345.535629	34.704554	535.655720	-0.710730	-0.712875	-0.656027	-0.535066	-0.359779	-0.095877	0.621591	0.416151	0.124555
0.181000	-190.088934	-155.385537	345.474471	34.703397	535.563405	-0.626819	-0.629138	-0.566169	-0.481056	-0.323633	-0.084704	0.664210	0.444675	0.133271
0.181200	-190.057776	-155.355537	345.413313	34.702239	535.471090	-0.542920	-0.545399	-0.476749	-0.423675	-0.285229	-0.072832	0.702138	0.470060	0.141015
0.181400	-190.026618	-155.325537	345.352155	34.701081	535.378773	-0.459035	-0.461656	-0.387798	-0.363328	-0.244840	-0.060346	0.735112	0.492129	0.147731
0.181600	-189.995460	-155.295537	345.290996	34.699923	535.286456	-0.375163	-0.377907	-0.299343	-0.300442	-0.202753	-0.047333	0.762902	0.510728	0.153371
0.181800	-189.964301	-155.265537	345.229837	34.698764	535.194138	-0.291303	-0.294152	-0.211405	-0.235463	-0.159264	-0.033886	0.785316	0.525730	0.157895
0.182000	-189.933141	-155.235536	345.168678	34.697605	535.101819	-0.207454	-0.210388	-0.124000	-0.168849	-0.114682	-0.020101	0.802200	0.537030	0.161272
0.182200	-189.901982	-155.205536	345.107518	34.696445	535.009499	-0.123617	-0.126614	-0.037141	-0.101070	-0.069319	-0.006074	0.813438	0.544552	0.163478
0.182400	-189.870821	-155.175536	345.046357	34.695286	534.917179	-0.039790	-0.042831	0.049165	-0.032603	-0.023496	0.008094	0.818955	0.548245	0.164496
0.182600	-189.839661	-155.145536	344.985197	34.694125	534.824858	0.044026	0.040963	0.134912	0.036068	0.022464	0.022304	0.818717	0.548087	0.164319
0.182800	-189.808500	-155.115536	344.924036	34.692964	534.732536	0.127833	0.124769	0.220102	0.104463	0.068238	0.036456	0.812728	0.544079	0.162949
0.183000	-189.777339	-155.085535	344.862874	34.691803	534.640213	0.211630	0.208586	0.304738	0.172100	0.113506	0.050450	0.801036	0.536254	0.160395
0.183200	-189.746177	-155.055535	344.801712	34.690642	534.547889	0.295417	0.292415	0.388827	0.238504	0.157949	0.064187	0.783724	0.524669	0.156674
0.183400	-189.715015	-155.025535	344.740550	34.689480	534.455565	0.379195	0.376256	0.472378	0.303211	0.201255	0.077571	0.760920	0.509407	0.151814
0.183600	-189.683852	-154.995535	344.679387	34.688317	534.363240	0.462964	0.460108	0.555404	0.365767	0.243123	0.090507	0.732786	0.490579	0.145847
0.183800	-189.652689	-154.965535	344.618224	34.687155	534.270914	0.546725	0.543972	0.637920	0.425736	0.283258	0.102906	0.699524	0.468318	0.138815
0.184000	-189.621526	-154.935535	344.557061	34.685992	534.178587	0.630477	0.627846	0.719943	0.482697	0.321381	0.114679	0.661369	0.442783	0.130768
0.184200	-189.590362	-154.905534	344.495897	34.684828	534.086259	0.714220	0.711730	0.801490	0.536255	0.357226	0.125745	0.618594	0.414155	0.121762
0.184400	-189.559198	-154.875534	344.434732	34.683664	533.993931	0.797955	0.795623	0.882583	0.586035	0.390543	0.136025	0.571500	0.382637	0.111859
0.184600	-189.528034	-154.845534	344.373568	34.682500	533.901602	0.881681	0.879524	0.963242	0.631693	0.421101	0.145449	0.520421	0.348451	0.101128
0.184800	-189.496869	-154.815534	344.312403	34.681335	533.809272	0.965398	0.963431	1.043490	0.672911	0.448687	0.153949	0.465716	0.311839	0.089645
0.185000	-189.465704	-154.785534	344.251237	34.680170	533.716941	1.049106	1.047343	1.123352	0.709403	0.473110	0.161467	0.407770	0.273058	0.077489
0.185200	-189.434538	-154.755533	344.190071	34.679004	533.624609	1.132806	1.131259	1.202850	0.740918	0.494203	0.167951	0.346992	0.232382	0.064745
0.185400	-189.403372	-154.725533	344.128905	34.677839	533.532277	1.216496	1.215176	1.282011	0.767238	0.511818	0.173355	0.283808	0.190095	0.051502
0.185600	-189.372205	-154.695533	344.067738	34.676672	533.439944	1.300177	1.299094	1.360859	0.788183	0.525837	0.177641	0.218661	0.146494	0.037851
0.185800	-189.341038	-154.665533	344.006571	34.675506	533.347610	1.383849	1.383009	1.439421	0.803611	0.536162	0.180781	0.152008	0.101885	0.023888
0.186000	-189.309871	-154.635533	343.945404	34.674338	533.255275	1.467510	1.466919	1.517721	0.813417	0.542725	0.182752	0.084315	0.056580	0.009709
0.186200	-189.278703	-154.605533	343.884236	34.673171	533.162939	1.551161	1.550824	1.595788	0.817536	0.545482	0.183541	0.016055	0.010896	-0.004588
0.186400	-189.247535	-154.575532	343.823068	34.672003	533.070603	1.634800	1.634720	1.673648	0.815943	0.544417	0.183142	-0.052295	-0.034849	-0.018903
0.186600	-189.216367	-154.545532	343.761899	34.670835	532.978266	1.718429	1.718606	1.751327	0.808654	0.539538	0.181559	-0.120258	-0.080335	-0.033138
0.186800	-189.185198	-154.515532	343.700730	34.669666	532.885928	1.802045	1.802478	1.828852	0.795722	0.530884	0.178803	-0.187362	-0.125245	-0.047193
0.187000	-189.154029	-154.485532	343.639561	34.668497	532.793589	1.885649	1.886335	1.906249	0.777243	0.518516	0.174893	-0.253138	-0.169267	-0.060973
0.187200	-189.122859	-154.455532	343.578391	34.667327	532.701250	1.969241	1.970174	1.983547	0.753347	0.502523	0.169858	-0.317129	-0.212095	-0.074382
0.187400	-189.091689	-154.425531	343.517220	34.666158	532.608909	2.052818	2.053993	2.060771	0.724205	0.483019	0.163731	-0.378892	-0.253431	-0.087327
0.187600	-189.060518	-154.395531	343.456050	34.664987	532.516568	2.136382	2.137789	2.137949	0.690023	0.460142	0.156556	-0.437997	-0.292988	-0.099720
0.187800	-189.029348	-154.365531	343.394879	34.663817	532.424226	2.219930	2.221561	2.215108	0.651042	0.434053	0.148383	-0.494036	-0.330493	-0.111475
0.188000	-188.998176	-154.335531	343.333707	34.662645	532.331883	2.303463	2.305306	2.292273	0.607537	0.404936	0.139269	-0.546620	-0.365686	-0.122512
0.188200	-188.967005	-154.305531	343.272535	34.661474	532.239540	2.386980	2.389022	2.369473	0.559813	0.372995	0.129276	-0.595387	-0.398324	-0.132756
0.188400	-188.935833	-154.275531	343.211363	34.660302	532.147196	2.470480	2.472706	2.446734	0.508203	0.338454	0.118476	-0.640000	-0.428182	-0.142136
0.188600	-188.904660	-154.245530	343.150190	34.659130	532.054850	2.553962	2.556358	2.524081	0.453069	0.301554	0.106942	-0.680151	-0.455054	-0.150589
0.188800	-188.873487	-154.215530	343.089017	34.657957	531.962504	2.637425	2.639974	2.601543	0.394796	0.262553	0.094755	-0.715566	-0.478756	-0.158057
0.189000	-188.842314	-154.185530	343.027844	34.656784	531.870158	2.720870	2.723553	2.679145	0.333790	0.221723	0.081999	-0.746000	-0.499125	-0.164490
0.189200	-188.811140	-154.155530	342.966670	34.655610	531.777810	2.804295	2.807094	2.756913	0.270476	0.179348	0.068761	-0.771248	-0.516022	-0.169845
0.189400	-188.779966	-154.125530	342.905496	34.654436	531.685462	2.887699	2.890596	2.834874	0.205295	0.135723	0.055135	-0.791136	-0.529332	-0.174085
0.189600	-188.748792	-154.095529	342.844321	34.653262	531.593112	2.971082	2.974055	2.913054	0.138698	0.091151	0.041213	-0.805530	-0.538965	-0.177183
0.189800	-188.717617	-154.065529	342.783146	34.652087	531.500762	3.054443	3.057472	2.991477	0.071149	0.045942	0.027092	-0.814334	-0.544857	-0.179118
0.190000	-188.686441	-154.035529	342.721970	34.650912	531.408412	3.137781	3.140846	3.070169	0.003116	0.000408	0.012870	-0.817491	-0.546970	-0.179880
0.190200	-188.655266	-154.005529	342.660794	34.649737	531.316060	-3.062089	-3.059010	-3.134030	-0.064931	-0.045134	-0.001357	-0.814983	-0.545290	-0.179463
0.190400	-188.624089	-153.975529	342.599618	34.648561	531.223708	-2.978798	-2.975726	-3.054727	-0.132520	-0.090371	-0.015490	-0.806829	-0.539833	-0.177872
0.190600	-188.592913	-153.945529	342.538441	34.647384	531.131354	-2.895532	-2.892488	-2.975082	-0.199185	-0.134988	-0.029432	-0.793091	-0.530638	-0.175120
0.190800	-188.561736	-153.915528	342.477264	34.646208	531.039000	-2.812291	-2.809295	-2.895073	-0.264465	-0.178679	-0.043087	-0.773867	-0.517771	-0.171227
0.191000	-188.530559	-153.885528	342.416087	34.645031	530.946646	-2.729076	-2.726149	-2.814678	-0.327911	-0.221143	-0.056363	-0.749293	-0.501323	-0.166222
0.191200	-188.499381	-153.855528	342.354909	34.643853	530.854290	-2.645887	-2.643049	-2.733877	-0.389085	-0.262086	-0.069167	-0.719542	-0.481410	-0.160139
0.191400	-188.468203	-153.825528	342.293731	34.642675	530.761933	-2.562725	-2.559996	-2.652650	-0.447567	-0.301227	-0.081413	-0.684822	-0.458172	-0.153022
0.191600	-188.437024	-153.795528	342.232552	34.641497	530.669576	-2.479590	-2.476987	-2.570979	-0.502955	-0.338297	-0.093017	-0.645377	-0.431771	-0.144923
0.191800	-188.405845	-153.765527	342.171373	34.640318	530.577218	-2.396482	-2.394024	-2.488848	-0.554869	-0.373042	-0.103899	-0.601480	-0.402391	-0.135897
0.192000	-188.374666	-153.735527	342.110193	34.639139	530.484859	-2.313403	-2.311106	-2.406243	-0.602953	-0.405225	-0.113987	-0.553439	-0.370236	-0.126009
0.192200	-188.343486	-153.705527	342.049013	34.637959	530.392499	-2.230352	-2.228231	-2.323152	-0.646879	-0.434624	-0.123212	-0.501585	-0.335531	-0.115327
0.192400	-188.312306	-153.675527	341.987833	34.636779	530.300139	-2.147329	-2.145399	-2.239565	-0.686347	-0.461039	-0.131511	-0.446279	-0.298514	-0.103927
0.192600	-188.281125	-153.645527	341.926652	34.635599	530.207778	-2.064335	-2.062608	-2.155476	-0.721087	-0.484290	-0.138828	-0.387903	-0.259443	-0.091887
0.192800	-188.249944	-153.615526	341.865471	34.634418	530.115415	-1.981370	-1.979858	-2.070879	-0.750865	-0.504220	-0.145114	-0.326861	-0.218588	-0.079292
0.193000	-188.218763	-153.585526	341.804289	34.633237	530.023053	-1.898433	-1.897147	-1.985776	-0.775478	-0.520693	-0.150328	-0.263575	-0.176230	-0.066229
0.193200	-188.187581	-153.555526	341.743107	34.632055	529.930689	-1.815526	-1.814473	-1.900168	-0.794760	-0.533598	-0.154434	-0.198480	-0.132661	-0.052789
0.193400	-188.156399	-153.525526	341.681925	34.630873	529.838324	-1.732648	-1.731834	-1.814063	-0.808582	-0.542849	-0.157406	-0.132025	-0.088183	-0.039065
0.193600	-188.125217	-153.495526	341.620742	34.629691	529.745959	-1.649798	-1.649230	-1.727472	-0.816854	-0.548385	-0.159224	-0.064667	-0.043100	-0.025153
0.193800	-188.094034	-153.465526	341.559559	34.628508	529.653593	-1.566977	-1.566658	-1.640408	-0.819520	-0.550169	-0.159879	0.003130	0.002277	-0.011147
0.194000	-188.062850	-153.435525	341.498375	34.627325	529.561226	-1.484185	-1.484116	-1.552892	-0.816568	-0.548193	-0.159365	0.070902	0.047637	0.002854
0.194200	-188.031666	-153.405525	341.437191	34.626141	529.468858	-1.401420	-1.401603	-1.464947	-0.808020	-0.542471	-0.157689	0.138183	0.092668	0.016754
0.194400	-188.000482	-153.375525	341.376007	34.624957	529.376489	-1.318684	-1.319116	-1.376601	-0.793939	-0.533047	-0.154863	0.204513	0.137064	0.030458
0.194600	-187.969297	-153.345525	341.314822	34.623773	529.284120	-1.235975	-1.236653	-1.287887	-0.774425	-0.519985	-0.150909	0.269438	0.180518	0.043870
0.194800	-187.938112	-153.315525	341.253637	34.622588	529.191749	-1.153293	-1.154213	-1.198839	-0.749614	-0.503380	-0.145853	0.332515	0.222736	0.056900
0.195000	-187.906927	-153.285524	341.192451	34.621402	529.099378	-1.070638	-1.071793	-1.109500	-0.719681	-0.483345	-0.139733	0.393311	0.263427	0.069456
0.195200	-187.875741	-153.255524	341.131265	34.620217	529.007006	-0.988009	-0.989391	-1.019912	-0.684833	-0.460021	-0.132591	0.451414	0.302316	0.081454
0.195400	-187.844555	-153.225524	341.070079	34.619031	528.914634	-0.905406	-0.907005	-0.930122	-0.645312	-0.433569	-0.124478	0.506427	0.339137	0.092810
0.195600	-187.813368	-153.195524	341.008892	34.617844	528.822260	-0.822827	-0.824633	-0.840180	-0.601390	-0.404172	-0.115451	0.557976	0.373639	0.103447
0.195800	-187.782181	-153.165524	340.947705	34.616657	528.729886	-0.740273	-0.742273	-0.750138	-0.553372	-0.372033	-0.105572	0.605712	0.405589	0.113292
0.196000	-187.750993	-153.135524	340.886517	34.615470	528.637510	-0.657742	-0.659923	-0.660048	-0.501588	-0.337374	-0.094910	0.649310	0.434770	0.122278
0.196200	-187.719806	-153.105523	340.825329	34.614282	528.545134	-0.575234	-0.577581	-0.569965	-0.446393	-0.300431	-0.083539	0.688476	0.460985	0.130343
0.196400	-187.688617	-153.075523	340.764140	34.613094	528.452758	-0.492748	-0.495245	-0.479941	-0.388166	-0.261460	-0.071538	0.722946	0.484056	0.137432
0.196600	-187.657428	-153.045523	340.702951	34.611906	528.360380	-0.410283	-0.412913	-0.390031	-0.327308	-0.220727	-0.058991	0.752486	0.503828	0.143497
0.196800	-187.626239	-153.015523	340.641762	34.610717	528.268001	-0.327839	-0.330585	-0.300287	-0.264233	-0.178511	-0.045982	0.776900	0.520168	0.148497
0.197000	-187.595050	-152.985523	340.580572	34.609527	528.175622	-0.245415	-0.248257	-0.210757	-0.199375	-0.135100	-0.032603	0.796024	0.532968	0.152398
0.197200	-187.563860	-152.955522	340.519382	34.608337	528.083242	-0.163009	-0.165929	-0.121491	-0.133175	-0.090792	-0.018946	0.809731	0.542143	0.155173
0.197400	-187.532669	-152.925522	340.458192	34.607147	527.990861	-0.080622	-0.083600	-0.032533	-0.066086	-0.045889	-0.005103	0.817932	0.547632	0.156804
0.197600	-187.501479	-152.895522	340.397001	34.605957	527.898479	0.001749	-0.001267	0.056076	0.001435	-0.000696	0.008829	0.820574	0.549401	0.157280
0.197800	-187.470287	-152.865522	340.335809	34.604766	527.806097	0.084103	0.081069	0.144299	0.068929	0.044478	0.022755	0.817643	0.547440	0.156597
0.198000	-187.439096	-152.835522	340.274618	34.603574	527.713713	0.166442	0.163411	0.232101	0.135936	0.089327	0.036579	0.809163	0.541765	0.154760
0.198200	-187.407904	-152.805521	340.213425	34.602382	527.621329	0.248766	0.245759	0.319455	0.202002	0.133545	0.050208	0.795195	0.532416	0.151783
0.198400	-187.376711	-152.775521	340.152233	34.601190	527.528944	0.331077	0.328113	0.406335	0.266678	0.176834	0.063546	0.775837	0.519461	0.147686
0.198600	-187.345519	-152.745521	340.091040	34.599997	527.436558	0.413375	0.410474	0.492720	0.329525	0.218898	0.076505	0.751226	0.502989	0.142497
0.198800	-187.314325	-152.715521	340.029846	34.598804	527.344171	0.495661	0.492843	0.578595	0.390119	0.259454	0.088994	0.721531	0.483114	0.136250
0.199000	-187.283132	-152.685521	339.968652	34.597611	527.251784	0.577935	0.575219	0.663948	0.448049	0.298228	0.100928	0.686958	0.459975	0.128990
0.199200	-187.251938	-152.655521	339.907458	34.596417	527.159396	0.660200	0.657604	0.748770	0.502924	0.334957	0.112227	0.647744	0.433729	0.120765
0.199400	-187.220743	-152.625520	339.846263	34.595223	527.067006	0.742454	0.739996	0.833057	0.554375	0.369393	0.122813	0.604158	0.404557	0.111631
0.199600	-187.189548	-152.595520	339.785068	34.594028	526.974616	0.824699	0.822395	0.916808	0.602054	0.401306	0.132614	0.556499	0.372658	0.101651
0.199800	-187.158353	-152.565520	339.723873	34.592833	526.882226	0.906936	0.904802	1.000027	0.645642	0.430480	0.141563	0.505092	0.338252	0.090891
0.200000	-187.127157	-152.535520	339.662677	34.591637	526.789834	0.989165	0.987215	1.082720	0.684846	0.456720	0.149600	0.450288	0.301572	0.079425
