#model:pLinear_down	end_point_b=1.00
#t	l_1	l_2	l_3	l_2-l_1	l_3-l_1	phase_1	phase_2	phase_3	RePsi_1	RePsi_2	RePsi_3	ImPsi_1	ImPsi_2	ImPsi_3
0.101800	-16488.880322	-15373.705203	31862.585525	1115.175120	48351.465847	2.203823	-1.879355	-1.751403	0.519753	-0.713339	-0.151959	-0.381374	-0.227369	-0.027747	-0.067632	-2.932368
0.103600	-16488.321447	-15373.014601	31861.336047	1115.306846	48349.657494	2.387547	0.529529	1.197571	0.467933	0.360440	0.143135	-0.498235	0.615837	0.056048	-0.067642	-2.932358
0.105400	-16487.762771	-15372.323754	31860.086525	1115.439017	48347.849295	3.086519	-2.813446	-2.118201	0.044876	-0.179952	-0.131206	-0.814012	-0.528561	-0.079976	-0.067653	-2.932347
0.107200	-16487.204295	-15371.632662	31858.836957	1115.571633	48346.041251	-2.657764	-0.103682	0.831734	-0.285613	-0.080102	0.114491	-0.543521	0.769804	0.104344	-0.067663	-2.932337
0.109000	-16486.646018	-15370.941325	31857.587343	1115.704693	48344.233361	-2.429503	2.332676	-2.493562	-0.473247	0.486370	-0.092680	-0.548267	-0.464015	-0.122414	-0.067673	-2.932327
0.110800	-16486.087941	-15370.249744	31856.337685	1115.838197	48342.425626	-1.692300	-0.936844	0.468190	-0.790589	-0.470907	0.069968	-0.096535	0.346204	0.138362	-0.067684	-2.932316
0.112600	-16485.530064	-15369.557917	31855.087981	1115.972146	48340.618045	-1.260816	1.659481	-2.868361	-0.568290	0.784289	-0.041751	0.182027	-0.069738	-0.148984	-0.067694	-2.932306
0.114400	-16484.972386	-15368.865846	31853.838232	1116.106539	48338.810618	-0.952217	-2.131579	0.096824	-0.620272	-0.533246	0.014927	0.441488	-0.334900	0.153683	-0.067704	-2.932296
0.116200	-16484.414907	-15368.173530	31852.588438	1116.241377	48337.003345	-0.203490	0.908755	3.046828	-0.155123	0.490352	0.014748	0.751762	0.382171	-0.155160	-0.067715	-2.932285
0.118000	-16483.857628	-15367.480970	31851.338598	1116.376659	48335.196227	0.122419	-2.868745	-0.282205	0.072777	-0.212348	-0.043010	0.591516	-0.758858	0.148340	-0.067725	-2.932275
0.119800	-16483.300549	-15366.788165	31850.088714	1116.512384	48333.389262	0.531296	-0.293319	2.679607	0.400746	-0.171087	0.069374	0.681936	0.566455	-0.139327	-0.067736	-2.932264
0.121600	-16482.743669	-15366.095115	31848.838783	1116.648554	48331.582452	1.265553	2.722280	-0.658595	0.697698	0.270281	-0.095149	0.219838	-0.606354	0.122954	-0.067747	-2.932253
0.123400	-16482.186988	-15365.401820	31847.588808	1116.785167	48329.775796	1.505265	-1.117771	2.304678	0.610288	-0.697632	0.114858	0.040050	0.339602	-0.103594	-0.067757	-2.932243
0.125200	-16481.630506	-15364.708281	31846.338788	1116.922225	48327.969294	2.016480	1.563578	-1.027341	0.731401	0.564441	-0.133557	-0.349421	0.004075	0.080687	-0.067768	-2.932232
0.127000	-16481.074224	-15364.014498	31845.088722	1117.059726	48326.162945	2.710592	-1.775870	1.924674	0.289073	-0.690473	0.144892	-0.628649	-0.143617	-0.053527	-0.067778	-2.932222
0.128800	-16480.518141	-15363.320470	31843.838610	1117.197671	48324.356751	2.898281	0.633606	-1.395365	0.154309	0.445291	-0.152812	-0.621638	0.606124	0.027086	-0.067789	-2.932211
0.130600	-16479.962257	-15362.626197	31842.588454	1117.336060	48322.550711	-2.783890	-2.851928	1.550107	-0.286610	-0.157962	0.155066	-0.766783	-0.529991	0.003209	-0.067800	-2.932200
0.132400	-16479.406572	-15361.931680	31841.338252	1117.474892	48320.744824	-2.155302	-0.014057	-1.770036	-0.545013	-0.010418	-0.150860	-0.360595	0.741038	-0.030462	-0.067810	-2.932190
0.134200	-16478.851086	-15361.236919	31840.088005	1117.614167	48318.939091	-1.976670	2.390115	1.183921	-0.622689	0.490687	0.143736	-0.267591	-0.525158	0.058559	-0.067821	-2.932179
0.136000	-16478.295799	-15360.541913	31838.837712	1117.753886	48317.133512	-1.307322	-0.988078	-2.147548	-0.786165	-0.467404	-0.128812	0.212064	0.308047	-0.083796	-0.067832	-2.932168
0.137800	-16477.740711	-15359.846663	31837.587374	1117.894048	48315.328086	-0.767331	1.729849	0.817799	-0.431650	0.758177	0.112481	0.447537	-0.121617	0.105418	-0.067843	-2.932157
0.139600	-16477.185823	-15359.151169	31836.336991	1118.034654	48313.522814	-0.553205	-2.126354	-2.518337	-0.377127	-0.576845	-0.090099	0.610709	-0.358093	-0.125340	-0.067853	-2.932147
0.141400	-16476.631133	-15358.455430	31835.086563	1118.175703	48311.717695	0.158883	0.856336	0.444777	0.126224	0.440544	0.065881	0.787750	0.382090	0.138223	-0.067864	-2.932136
0.143200	-16476.076642	-15357.759447	31833.836089	1118.317194	48309.912730	0.594715	-2.822503	-2.881977	0.337485	-0.245664	-0.039688	0.498939	-0.743580	-0.149421	-0.067875	-2.932125
0.145000	-16475.522349	-15357.063220	31832.585570	1118.459129	48308.107919	0.882295	-0.344422	0.069153	0.583196	-0.215167	0.010599	0.479865	0.599820	0.153030	-0.067886	-2.932114
0.146800	-16474.968256	-15356.366749	31831.335005	1118.601507	48306.303261	1.610218	2.671378	3.035244	0.770056	0.280178	0.016337	-0.030373	-0.551276	-0.153038	-0.067897	-2.932103
0.148600	-16474.414361	-15355.670034	31830.084395	1118.744327	48304.498756	1.940798	-1.100359	-0.300589	0.558620	-0.700228	-0.045762	-0.216669	0.356077	0.147628	-0.067908	-2.932092
0.150400	-16473.860665	-15354.973075	31828.833740	1118.887591	48302.694405	2.325145	1.456364	2.660785	0.572610	0.595256	0.070965	-0.538112	0.068415	-0.136042	-0.067919	-2.932081
0.152200	-16473.307168	-15354.275871	31827.583039	1119.031296	48300.890207	3.041978	-1.828522	-0.665602	0.073160	-0.637588	-0.095787	-0.732001	-0.168060	0.122003	-0.067930	-2.932070
0.154000	-16472.753869	-15353.578424	31826.332293	1119.175445	48299.086162	-2.998503	0.617297	2.283293	-0.087376	0.448655	0.116697	-0.606466	0.632054	-0.100812	-0.067941	-2.932059
0.155800	-16472.200769	-15352.880733	31825.081501	1119.320036	48297.282270	-2.512808	-3.007471	-1.035188	-0.474250	-0.076341	-0.132992	-0.652109	-0.565771	0.078927	-0.067952	-2.932048
0.157600	-16471.647867	-15352.182797	31823.830664	1119.465069	48295.478531	-1.833463	-0.074211	1.911064	-0.672894	-0.051916	0.146608	-0.180927	0.698280	-0.051905	-0.067963	-2.932037
0.159400	-16471.095164	-15351.484618	31822.579782	1119.610545	48293.674946	-1.645321	2.334821	-1.413652	-0.638212	0.543514	-0.152413	-0.047651	-0.520763	0.024150	-0.067974	-2.932026
0.161200	-16470.542659	-15350.786196	31821.328854	1119.756463	48291.871513	-1.069777	-1.176648	1.542646	-0.715012	-0.515031	0.155813	0.391559	0.214208	0.004387	-0.067985	-2.932015
0.163000	-16469.990352	-15350.087529	31820.077881	1119.902823	48290.068233	-0.453171	1.656109	-1.793851	-0.288503	0.733367	-0.151138	0.592442	-0.062718	-0.034282	-0.067997	-2.932003
0.164800	-16469.438244	-15349.388618	31818.826862	1120.049626	48288.265106	-0.277430	-2.226219	1.169652	-0.185100	-0.571254	0.142744	0.649991	-0.439178	0.060544	-0.068008	-2.931992
0.166600	-16468.886334	-15348.689464	31817.575798	1120.196870	48286.462132	0.366979	0.651770	-2.167465	0.291301	0.341292	-0.128918	0.757823	0.447302	-0.087568	-0.068019	-2.931981
0.168400	-16468.334622	-15347.990066	31816.324689	1120.344556	48284.659311	0.898479	-2.915354	0.789542	0.490912	-0.171196	0.109586	0.390782	-0.743751	0.108681	-0.068030	-2.931970
0.170200	-16467.783109	-15347.290425	31815.073534	1120.492684	48282.856643	1.105195	-0.494266	-2.536363	0.638668	-0.323459	-0.088530	0.320895	0.600243	-0.127963	-0.068042	-2.931958
0.172000	-16467.231794	-15346.590540	31813.822334	1120.641254	48281.054127	1.793574	2.462323	0.410190	0.777000	0.367060	0.061655	-0.176020	-0.454589	0.141782	-0.068053	-2.931947
0.173800	-16466.680676	-15345.890411	31812.571088	1120.790265	48279.251764	2.224493	-1.217150	-2.908737	0.482294	-0.730930	-0.035614	-0.369463	0.269835	-0.150171	-0.068064	-2.931936
0.175600	-16466.129757	-15345.190039	31811.319796	1120.939718	48277.449553	2.499642	1.252656	0.039036	0.450086	0.608845	0.006053	-0.602057	0.200509	0.154972	-0.068075	-2.931925
0.177400	-16465.579036	-15344.489424	31810.068460	1121.089612	48275.647495	-3.077377	-2.038551	2.996547	-0.049468	-0.551830	0.022183	-0.769271	-0.278754	-0.151861	-0.068087	-2.931913
0.179200	-16465.028513	-15343.788565	31808.817077	1121.239948	48273.845590	-2.749499	0.472200	-0.327181	-0.230494	0.355898	-0.049704	-0.557416	0.696834	0.146455	-0.068098	-2.931902
0.181000	-16464.478187	-15343.087462	31807.565649	1121.390725	48272.043837	-2.381421	3.018313	2.620400	-0.539067	0.074218	0.076591	-0.566975	-0.598979	-0.133399	-0.068110	-2.931890
0.182800	-16463.928060	-15342.386116	31806.314176	1121.541943	48270.242236	-1.684264	-0.287445	-0.697342	-0.732099	-0.186658	-0.098612	-0.083428	0.631387	0.117710	-0.068121	-2.931879
0.184600	-16463.378130	-15341.684527	31805.062657	1121.693603	48268.440788	-1.443999	2.157098	2.251909	-0.610576	0.643753	0.120070	0.077837	-0.427589	-0.097318	-0.068133	-2.931867
0.186400	-16462.828398	-15340.982695	31803.811093	1121.845703	48266.639491	-0.976274	-1.480691	-1.073746	-0.665448	-0.573243	-0.134620	0.449926	0.051793	0.073028	-0.068144	-2.931856
0.188200	-16462.278864	-15340.280619	31802.559483	1121.998245	48264.838347	-0.315177	1.434818	1.886437	-0.216531	0.692253	0.146898	0.664115	0.094716	-0.047971	-0.068156	-2.931844
0.190000	-16461.729527	-15339.578301	31801.307828	1122.151227	48263.037355	-0.130062	-2.441217	-1.449602	-0.083260	-0.484089	-0.152899	0.636544	-0.574293	0.018622	-0.068167	-2.931833
0.191800	-16461.180388	-15338.875739	31800.056127	1122.304650	48261.236516	0.427112	0.314993	1.514977	0.336524	0.174251	0.153688	0.739402	0.534770	0.008588	-0.068179	-2.931821
0.193600	-16460.631447	-15338.172934	31798.804381	1122.458513	48259.435828	1.026055	3.132966	-1.819670	0.565419	0.006333	-0.150398	0.342583	-0.734042	-0.038223	-0.068190	-2.931810
0.195400	-16460.082703	-15337.469886	31797.552589	1122.612817	48257.635292	1.198619	-0.751640	1.135908	0.630927	-0.491251	0.139606	0.246295	0.525592	0.064854	-0.068202	-2.931798
0.197200	-16459.534157	-15336.766595	31796.300752	1122.767562	48255.834908	1.824124	2.108389	-2.188449	0.783140	0.486988	-0.126664	-0.202747	-0.290323	-0.089978	-0.068214	-2.931786
0.199000	-16458.985808	-15336.063061	31795.048869	1122.922747	48254.034676	2.338525	-1.470910	0.756826	0.453512	-0.756919	0.106394	-0.437762	0.075858	0.112655	-0.068226	-2.931774
0.200800	-16458.437656	-15335.359284	31793.796940	1123.078372	48252.234596	2.542177	0.947791	-2.563782	0.403696	0.553209	-0.084524	-0.590821	0.397456	-0.129629	-0.068237	-2.931763
0.202600	-16457.889702	-15334.655264	31792.544966	1123.234438	48250.434668	-3.072713	-2.399075	0.383471	-0.054621	-0.397647	0.058335	-0.791729	-0.433300	0.144592	-0.068249	-2.931751
0.204400	-16457.341945	-15333.951001	31791.292946	1123.390943	48248.634891	-2.657143	0.194684	-2.945866	-0.284735	0.150142	-0.030047	-0.541033	0.761443	-0.151550	-0.068261	-2.931739
0.206200	-16456.794385	-15333.246496	31790.040881	1123.547889	48246.835266	-2.385914	2.662199	0.012193	-0.515420	0.295660	0.001898	-0.547004	-0.568751	0.155670	-0.068273	-2.931727
0.208000	-16456.247022	-15332.541748	31788.788770	1123.705274	48245.035792	-1.701185	-0.651355	2.956873	-0.761407	-0.376785	0.028481	-0.099845	0.494244	-0.152427	-0.068284	-2.931716
0.209800	-16455.699856	-15331.836757	31787.536614	1123.863099	48243.236470	-1.385482	1.851414	-0.363972	-0.597401	0.748429	-0.055025	0.111992	-0.215714	0.144443	-0.068296	-2.931704
0.211600	-16455.152888	-15331.131524	31786.284412	1124.021364	48241.437299	-1.023644	-1.887933	2.583874	-0.667165	-0.574435	0.082301	0.406432	-0.188538	-0.131940	-0.068308	-2.931692
0.213400	-16454.606116	-15330.426048	31785.032164	1124.180069	48239.638280	-0.348911	1.065461	-0.744837	-0.251081	0.578394	-0.104315	0.690173	0.319997	0.113140	-0.068320	-2.931680
0.215200	-16454.059542	-15329.720329	31783.779871	1124.339213	48237.839412	-0.117236	-2.779211	2.214448	-0.072567	-0.272553	0.123902	0.616146	-0.718902	-0.092956	-0.068332	-2.931668
0.217000	-16453.513164	-15329.014368	31782.527532	1124.498796	48236.040696	0.341378	-0.136738	-1.122682	0.268269	-0.078792	-0.138979	0.755074	0.572633	0.066811	-0.068344	-2.931656
0.218800	-16452.966983	-15328.308164	31781.275147	1124.658819	48234.242130	0.979353	2.753823	1.841121	0.578461	0.264907	0.148103	0.388522	-0.648567	-0.041041	-0.068356	-2.931644
0.220600	-16452.420999	-15327.601718	31780.022717	1124.819281	48232.443716	1.159043	-1.126099	-1.492739	0.592738	-0.674179	-0.154199	0.258859	0.321268	0.012061	-0.068368	-2.931632
0.222400	-16451.875212	-15326.895030	31778.770241	1124.980182	48230.645453	1.704652	1.625114	1.463086	0.802422	0.565710	0.152311	-0.108055	-0.030758	0.016469	-0.068380	-2.931620
0.224200	-16451.329621	-15326.188099	31777.517720	1125.141522	48228.847341	2.279576	-1.864656	-1.859936	0.501243	-0.703488	-0.147979	-0.429770	-0.212890	-0.044020	-0.068392	-2.931608
0.226000	-16450.784227	-15325.480926	31776.265153	1125.303301	48227.049380	2.449774	0.532493	1.086799	0.435059	0.362990	0.136236	-0.525182	0.616000	0.071620	-0.068404	-2.931596
0.227800	-16450.239030	-15324.773511	31775.012540	1125.465519	48225.251570	3.061467	-2.899644	-2.232480	0.064456	-0.137192	-0.121249	-0.802717	-0.555924	-0.094430	-0.068416	-2.931584
0.229600	-16449.694029	-15324.065853	31773.759882	1125.628175	48223.453910	-2.732361	-0.218331	0.716328	-0.250991	-0.164691	0.101709	-0.578697	0.742292	0.116828	-0.068429	-2.931571
0.231400	-16449.149224	-15323.357954	31772.507178	1125.791270	48221.656402	-2.527755	2.201730	-2.611690	-0.414635	0.546591	-0.077678	-0.588430	-0.399310	-0.132604	-0.068441	-2.931559
0.233200	-16448.604616	-15322.649812	31771.254428	1125.954804	48219.859044	-1.876153	-1.159827	0.346899	-0.752289	-0.545269	0.052723	-0.237133	0.237620	0.145839	-0.068453	-2.931547
0.235000	-16448.060204	-15321.941428	31770.001633	1126.118776	48218.061837	-1.485430	1.414701	-2.990957	-0.611655	0.764672	-0.023216	0.052342	0.120341	-0.152950	-0.068465	-2.931535
0.236800	-16447.515989	-15321.232803	31768.748792	1126.283186	48216.264781	-1.210673	-2.396660	-0.028923	-0.706391	-0.432154	-0.004470	0.265987	-0.468624	0.154521	-0.068477	-2.931523
0.238600	-16446.971970	-15320.523935	31767.495905	1126.448035	48214.467875	-0.546477	0.551598	2.917846	-0.396034	0.329356	0.034557	0.651084	0.535271	-0.151862	-0.068490	-2.931510
0.240400	-16446.428147	-15319.814825	31766.242972	1126.613322	48212.671119	-0.252447	3.039320	-0.411610	-0.153061	0.079123	-0.061794	0.593375	-0.770949	0.141551	-0.068502	-2.931498
0.242200	-16445.884520	-15319.105474	31764.989994	1126.779046	48210.874515	0.112950	-0.693215	2.545088	0.088215	-0.385097	0.087470	0.777686	0.463550	-0.128819	-0.068514	-2.931486
0.244000	-16445.341090	-15318.395881	31763.736970	1126.945209	48209.078060	0.762855	2.232272	-0.793663	0.503211	0.526745	-0.110554	0.526427	-0.410056	0.108742	-0.068527	-2.931473
0.245800	-16444.797855	-15317.686046	31762.483901	1127.111809	48207.281756	0.979215	-1.622796	2.167639	0.520850	-0.762060	0.128013	0.349933	-0.039662	-0.086987	-0.068539	-2.931461
0.247600	-16444.254816	-15316.975969	31761.230786	1127.278847	48205.485602	1.438365	1.027352	-1.169242	0.793570	0.495301	-0.143231	0.105712	0.299222	0.060820	-0.068552	-2.931448
0.249400	-16443.711973	-15316.265651	31759.977624	1127.446322	48203.689598	2.047536	-2.398143	1.785270	0.614236	-0.477794	0.150554	-0.317237	-0.519660	-0.032794	-0.068564	-2.931436
0.251200	-16443.169326	-15315.555091	31758.724418	1127.614235	48201.893744	2.219818	-0.000242	-1.540958	0.521801	-0.000179	-0.155080	-0.395871	0.739553	0.004629	-0.068576	-2.931424
0.253000	-16442.626875	-15314.844290	31757.471165	1127.782585	48200.098040	2.761168	2.756361	1.404923	0.299540	0.214367	0.152155	-0.749027	-0.528660	0.025473	-0.068589	-2.931411
0.254800	-16442.084620	-15314.133247	31756.217867	1127.951373	48198.302487	-2.979088	-0.768203	-1.915499	-0.106197	-0.513174	-0.144912	-0.647739	0.531133	-0.052029	-0.068601	-2.931399
0.256600	-16441.542560	-15313.421963	31754.964523	1128.120598	48196.507083	-2.808582	1.629072	1.031929	-0.225640	0.705626	0.132782	-0.652343	-0.041168	0.079389	-0.068614	-2.931386
0.258400	-16441.000696	-15312.710437	31753.711133	1128.290259	48194.711829	-2.206346	-1.803983	-2.294548	-0.643956	-0.564125	-0.114856	-0.475013	-0.133984	-0.101501	-0.068627	-2.931373
0.260200	-16440.459028	-15311.998670	31752.457697	1128.460358	48192.916725	-1.751018	0.844371	0.662999	-0.619232	0.569295	0.095099	-0.112823	0.505818	0.121778	-0.068639	-2.931361
0.262000	-16439.917555	-15311.286661	31751.204216	1128.630893	48191.121771	-1.539465	-3.012700	-2.672870	-0.727081	-0.085956	-0.069451	0.022788	-0.663182	-0.137156	-0.068652	-2.931348
0.263800	-16439.376277	-15310.574412	31749.950689	1128.801866	48189.326966	-0.902742	-0.101806	0.290417	-0.613583	-0.061437	0.044043	0.484173	0.601383	0.147366	-0.068665	-2.931335
0.265600	-16438.835195	-15309.861921	31748.697116	1128.973274	48187.532311	-0.545821	2.444761	-3.045807	-0.319753	0.495749	-0.014795	0.526454	-0.592373	-0.153987	-0.068677	-2.931323
0.267400	-16438.294308	-15309.149189	31747.443497	1129.145119	48185.737806	-0.259479	-1.354575	-0.088800	-0.195217	-0.615804	-0.013621	0.735384	0.135265	0.152983	-0.068690	-2.931310
0.269200	-16437.753617	-15308.436216	31746.189833	1129.317401	48183.943450	0.383641	1.571269	2.866817	0.281890	0.639350	0.042079	0.698368	-0.000302	-0.149265	-0.068703	-2.931297
0.271000	-16437.213121	-15307.723002	31744.936122	1129.490119	48182.149243	0.648192	-2.245289	-0.469829	0.373621	-0.601543	-0.069895	0.493323	-0.480990	0.137655	-0.068715	-2.931285
0.272800	-16436.672819	-15307.009547	31743.682366	1129.663273	48180.355186	1.026247	0.322263	2.491534	0.672446	0.189506	0.093640	0.407254	0.567548	-0.123162	-0.068728	-2.931272
0.274600	-16436.132714	-15306.295851	31742.428564	1129.836863	48178.561278	1.647969	-3.069204	-0.846999	0.716267	-0.049038	-0.116518	-0.055386	-0.676245	0.102980	-0.068741	-2.931259
0.276400	-16435.592803	-15305.581914	31741.174716	1130.010889	48176.767519	1.844100	-0.654445	2.108987	0.613467	-0.459670	0.132588	-0.171966	0.599120	-0.079152	-0.068754	-2.931246
0.278200	-16435.053087	-15304.867736	31739.920823	1130.185350	48174.973909	2.312489	2.014312	-1.221287	0.590329	0.522565	-0.146384	-0.540859	-0.248261	0.053353	-0.068767	-2.931233
0.280000	-16434.513566	-15304.153318	31738.666883	1130.360248	48173.180449	2.886266	-1.453416	1.724692	0.172293	-0.709692	0.152974	-0.660064	0.083688	-0.023730	-0.068780	-2.931220
0.281800	-16433.974239	-15303.438659	31737.412898	1130.535581	48171.387137	3.050898	0.939369	-1.598345	0.060389	0.588406	-0.154997	-0.664025	0.430303	-0.004271	-0.068793	-2.931207
0.283600	-16433.435108	-15302.723759	31736.158867	1130.711349	48169.593975	-2.688630	-2.572332	1.345532	-0.351406	-0.310143	0.151490	-0.721997	-0.484655	0.034715	-0.068806	-2.931194
0.285400	-16432.896171	-15302.008618	31734.904790	1130.887553	48167.800961	-2.186945	0.140822	-1.980593	-0.530328	0.104466	-0.141399	-0.375531	0.736919	-0.061422	-0.068819	-2.931181
0.287200	-16432.357430	-15301.293237	31733.650667	1131.064192	48166.008096	-2.011289	2.541741	0.971792	-0.635328	0.392147	0.128273	-0.299482	-0.573382	0.087569	-0.068832	-2.931168
0.289000	-16431.818882	-15300.577616	31732.396498	1131.241266	48164.215380	-1.415226	-0.886469	-2.363376	-0.783302	-0.456844	-0.108124	0.122852	0.372714	-0.109689	-0.068845	-2.931155
0.290800	-16431.280529	-15299.861754	31731.142283	1131.418776	48162.422813	-1.004013	1.719192	0.597765	-0.529027	0.755119	0.086860	0.336693	-0.112886	0.127574	-0.068858	-2.931142
0.292600	-16430.742371	-15299.145651	31729.888023	1131.596720	48160.630394	-0.777097	-2.125048	-2.740313	-0.517668	-0.558307	-0.060335	0.526335	-0.345576	-0.142199	-0.068871	-2.931129
0.294400	-16430.204407	-15298.429309	31728.633716	1131.775099	48158.838124	-0.155376	0.775716	0.219321	-0.119346	0.432610	0.033377	0.761924	0.441070	0.149734	-0.068884	-2.931116
0.296200	-16429.666638	-15297.712726	31727.379364	1131.953912	48157.046002	0.159145	-2.996099	-3.111491	0.098078	-0.111650	-0.004655	0.611068	-0.761966	-0.154586	-0.068897	-2.931103
0.298000	-16429.129063	-15296.995903	31726.124966	1132.133160	48155.254029	0.466602	-0.490578	-0.161173	0.345962	-0.292334	-0.024628	0.686843	0.547307	0.151479	-0.068910	-2.931090
0.299800	-16428.591682	-15296.278839	31724.870522	1132.312843	48153.462204	1.085511	2.408069	2.799805	0.654983	0.437946	0.051692	0.345403	-0.485914	-0.145304	-0.068923	-2.931077
0.301600	-16428.054495	-15295.561536	31723.616031	1132.492960	48151.670527	1.315277	-1.433565	-0.538384	0.606918	-0.756155	-0.079169	0.158545	0.104425	0.132559	-0.068937	-2.931063
0.303400	-16427.517503	-15294.843992	31722.361495	1132.673510	48149.878998	1.714663	1.162142	2.421620	0.782400	0.543940	0.101404	-0.113345	0.235544	-0.115624	-0.068950	-2.931050
0.305200	-16426.980704	-15294.126209	31721.106913	1132.854496	48148.087618	2.302275	-2.272180	-0.911716	0.524599	-0.528722	-0.122693	-0.470872	-0.446589	0.095042	-0.068963	-2.931037
0.307000	-16426.444100	-15293.408186	31719.852286	1133.035915	48146.296386	2.477192	0.128757	2.038587	0.400889	0.095530	0.137565	-0.511873	0.737831	-0.069496	-0.068976	-2.931024
0.308800	-16425.907690	-15292.689922	31718.597612	1133.217767	48144.505301	2.961571	2.826641	-1.286462	0.143289	0.179424	-0.148938	-0.787338	-0.550725	0.043528	-0.068990	-2.931010
0.310600	-16425.371473	-15291.971419	31717.342892	1133.400054	48142.714365	-2.791850	-0.694468	1.656802	-0.229603	-0.464566	0.154543	-0.629504	0.557786	-0.013324	-0.069003	-2.930997
0.312400	-16424.835450	-15291.252676	31716.088126	1133.582774	48140.923576	-2.631035	1.696336	-1.667547	-0.333479	0.708780	-0.153931	-0.595401	-0.089451	-0.014940	-0.069016	-2.930984
0.314200	-16424.299621	-15290.533693	31714.833314	1133.765928	48139.132935	-2.080986	-1.793524	1.279268	-0.695813	-0.568652	0.149222	-0.389383	-0.128791	0.044778	-0.069030	-2.930970
0.316000	-16423.763986	-15289.814471	31713.578457	1133.949515	48137.342442	-1.631029	0.863647	-2.053256	-0.640584	0.571072	-0.136847	-0.038631	0.488029	-0.071672	-0.069043	-2.930957
0.317800	-16423.228544	-15289.095009	31712.323553	1134.133535	48135.552097	-1.441968	-3.008260	0.902836	-0.712144	-0.090181	0.122029	0.092255	-0.672345	0.096273	-0.069057	-2.930943
0.319600	-16422.693296	-15288.375308	31711.068603	1134.317988	48133.761899	-0.851358	-0.147112	-2.436792	-0.588432	-0.088438	-0.100330	0.515510	0.596821	-0.117962	-0.069070	-2.930930
0.321400	-16422.158241	-15287.655367	31709.813608	1134.502874	48131.971849	-0.494382	2.407998	0.522933	-0.296707	0.512162	0.077106	0.550447	-0.568178	0.133758	-0.069084	-2.930916
0.323200	-16421.623380	-15286.935186	31708.558566	1134.688193	48130.181946	-0.241362	-1.413432	-2.813946	-0.179663	-0.633139	-0.049927	0.729859	0.100464	-0.146888	-0.069097	-2.930903
0.325000	-16421.088712	-15286.214767	31707.303479	1134.873945	48128.392190	0.362353	1.472309	0.139787	0.268238	0.632340	0.021415	0.707580	0.062480	0.152196	-0.069111	-2.930889
0.326800	-16420.554237	-15285.494108	31706.048345	1135.060130	48126.602582	0.627732	-2.338981	3.095780	0.366783	-0.550555	0.007085	0.505457	-0.531920	-0.154544	-0.069124	-2.930876
0.328600	-16420.019956	-15284.773209	31704.793165	1135.246747	48124.813121	0.966574	0.200356	-0.241379	0.640502	0.121149	-0.036786	0.442172	0.596558	0.149430	-0.069138	-2.930862
0.330400	-16419.485868	-15284.052072	31703.537939	1135.433796	48123.023807	1.554713	3.061676	2.720019	0.723588	0.053709	0.062944	0.011639	-0.670625	-0.140357	-0.069152	-2.930848
0.332200	-16418.951973	-15283.330695	31702.282668	1135.621277	48121.234640	1.748533	-0.805486	-0.616913	0.629718	-0.542933	-0.089387	-0.113117	0.521547	0.126029	-0.069165	-2.930835
0.334000	-16418.418270	-15282.609080	31701.027350	1135.809191	48119.445620	2.176680	1.830292	2.339472	0.652945	0.568109	0.110271	-0.452366	-0.150822	-0.106643	-0.069179	-2.930821
0.335800	-16417.884761	-15281.887225	31699.771986	1135.997537	48117.656748	2.720657	-1.659795	-0.989520	0.281183	-0.706079	-0.129342	-0.628067	-0.063007	0.084977	-0.069193	-2.930807
0.337600	-16417.351445	-15281.165131	31698.516576	1136.186314	48115.868022	2.879197	0.730768	1.957482	0.173190	0.486137	0.142613	-0.644817	0.542381	-0.058070	-0.069206	-2.930794
0.339400	-16416.818322	-15280.442799	31697.261120	1136.375523	48114.079442	-2.899884	-2.817131	-1.365665	-0.190930	-0.185855	-0.151242	-0.774473	-0.552567	0.031467	-0.069220	-2.930780
0.341200	-16416.285391	-15279.720227	31696.005618	1136.565164	48112.291010	-2.425556	-0.120718	1.578348	-0.430806	-0.088920	0.155055	-0.495134	0.733006	-0.001171	-0.069234	-2.930766
0.343000	-16415.752653	-15278.997417	31694.750070	1136.755236	48110.502724	-2.258793	2.275481	-1.748501	-0.542346	0.529632	-0.151821	-0.445794	-0.450361	-0.027267	-0.069248	-2.930752
0.344800	-16415.220108	-15278.274368	31693.494476	1136.945740	48108.714584	-1.702272	-1.190836	1.201634	-0.781321	-0.553044	0.145148	-0.103321	0.220868	0.056158	-0.069262	-2.930738
0.346600	-16414.687755	-15277.551081	31692.238836	1137.136675	48106.926592	-1.315369	1.401546	-2.134638	-0.613756	0.746615	-0.130680	0.160271	0.127585	-0.082631	-0.069276	-2.930724
0.348400	-16414.155595	-15276.827554	31690.983150	1137.328041	48105.138745	-1.100353	-2.448905	0.822805	-0.656602	-0.420357	0.113817	0.333897	-0.506537	0.105606	-0.069289	-2.930711
0.350200	-16413.623628	-15276.103790	31689.727417	1137.519838	48103.351045	-0.518778	0.412498	-2.517931	-0.380371	0.249511	-0.090697	0.666217	0.570175	-0.126064	-0.069303	-2.930697
0.352000	-16413.091852	-15275.379787	31688.471639	1137.712066	48101.563491	-0.224192	2.912924	0.439083	-0.139324	0.173141	0.065672	0.611002	-0.743924	0.139829	-0.069317	-2.930683
0.353800	-16412.560269	-15274.655545	31687.215814	1137.904724	48099.776083	0.067259	-0.871855	-2.896260	0.051494	-0.477317	-0.037768	0.764457	0.401175	-0.150845	-0.069331	-2.930669
0.355600	-16412.028878	-15273.931065	31685.959944	1138.097813	48097.988822	0.645570	1.986359	0.053206	0.443655	0.601674	0.008196	0.588997	-0.265495	0.153899	-0.069345	-2.930655
0.357400	-16411.497680	-15273.206347	31684.704027	1138.291333	48096.201706	0.859921	-1.863910	3.010157	0.481288	-0.724462	0.020291	0.414414	-0.218648	-0.153489	-0.069359	-2.930641
0.359200	-16410.966673	-15272.481391	31683.448064	1138.485282	48094.414737	1.239222	0.723347	-0.329015	0.743847	0.395635	-0.049875	0.256095	0.448055	0.146081	-0.069373	-2.930627
0.361000	-16410.435859	-15271.756196	31682.192055	1138.679662	48092.627913	1.785571	-2.752071	2.630637	0.686714	-0.263733	0.075215	-0.149799	-0.642473	-0.134166	-0.069388	-2.930612
0.362800	-16409.905236	-15271.030763	31680.935999	1138.874473	48090.841235	1.949279	-0.356761	-0.705181	0.611371	-0.257397	-0.100251	-0.243114	0.690612	0.117778	-0.069402	-2.930598
0.364600	-16409.374805	-15270.305093	31679.679898	1139.069712	48089.054703	2.410280	2.329397	2.248156	0.531089	0.425744	0.119536	-0.591885	-0.403517	-0.096143	-0.069416	-2.930584
0.366400	-16408.844566	-15269.579184	31678.423750	1139.265382	48087.268317	2.897066	-1.232128	-1.079076	0.162037	-0.685462	-0.136213	-0.649394	0.241446	0.072955	-0.069430	-2.930570
0.368200	-16408.314519	-15268.853038	31677.167557	1139.461482	48085.482076	3.051830	1.157071	1.866529	0.061863	0.647478	0.147268	-0.687332	0.284286	-0.044868	-0.069444	-2.930556
0.370000	-16407.784664	-15268.126653	31675.911317	1139.658011	48083.695981	-2.708535	-2.351029	-1.456665	-0.331727	-0.421320	-0.153066	-0.717516	-0.416989	0.017546	-0.069458	-2.930542
0.371800	-16407.255000	-15267.400031	31674.655031	1139.854969	48081.910031	-2.303297	0.268708	1.488422	-0.478400	0.199025	0.154363	-0.430288	0.722762	0.012744	-0.069473	-2.930527
0.373600	-16406.725528	-15266.673171	31673.398699	1140.052357	48080.124226	-2.114227	2.683376	-1.840165	-0.620505	0.296986	-0.148418	-0.374849	-0.602125	-0.040975	-0.069487	-2.930513
0.375400	-16406.196247	-15265.946073	31672.142320	1140.250173	48078.338567	-1.556745	-0.766792	1.111615	-0.773199	-0.426528	0.139257	0.010865	0.442703	0.068853	-0.069501	-2.930499
0.377200	-16405.667157	-15265.218738	31670.885896	1140.448419	48076.553053	-1.242885	1.756431	-2.226026	-0.597316	0.747223	-0.122554	0.203202	-0.140326	-0.094181	-0.069516	-2.930484
0.379000	-16405.138259	-15264.491166	31669.629425	1140.647094	48074.767684	-0.986012	-2.056260	0.731454	-0.630559	-0.562232	0.103573	0.417448	-0.296620	0.115396	-0.069530	-2.930470
0.380800	-16404.609552	-15263.763355	31668.372908	1140.846197	48072.982460	-0.423009	0.789375	-2.609347	-0.306324	0.459540	-0.078857	0.680439	0.455900	-0.133896	-0.069544	-2.930456
0.382600	-16404.081037	-15263.035308	31667.116344	1141.045729	48071.197381	-0.193274	-3.046102	0.345894	-0.121857	-0.072212	0.052390	0.622618	-0.753926	0.145374	-0.069559	-2.930441
0.384400	-16403.552712	-15262.307023	31665.859735	1141.245689	48069.412447	0.148042	-0.494013	-2.989116	0.114960	-0.287780	-0.023637	0.770852	0.534356	-0.153817	-0.069573	-2.930427
0.386200	-16403.024579	-15261.578501	31664.603079	1141.446078	48067.627658	0.687676	2.315614	-0.041600	0.452714	0.502683	-0.006420	0.551124	-0.463455	0.154243	-0.069588	-2.930412
0.388000	-16402.496636	-15260.849741	31663.346377	1141.646895	48065.843013	0.858119	-1.566372	2.914738	0.494045	-0.741356	0.034853	0.426951	0.003280	-0.150992	-0.069602	-2.930398
0.389800	-16401.968884	-15260.120745	31662.089629	1141.848140	48064.058514	1.282630	1.081882	-0.425377	0.758711	0.522197	-0.063816	0.224895	0.277806	0.140862	-0.069617	-2.930383
0.391600	-16401.441324	-15259.391511	31660.832835	1142.049812	48062.274158	1.770985	-2.467798	2.532676	0.665914	-0.447596	0.088066	-0.135119	-0.560582	-0.126295	-0.069631	-2.930369
0.393400	-16400.913954	-15258.662041	31659.575994	1142.251913	48060.489948	1.920508	-0.081291	-0.803345	0.641165	-0.058004	-0.111410	-0.233834	0.711969	0.107481	-0.069646	-2.930354
0.395200	-16400.386774	-15257.932333	31658.319107	1142.454441	48058.705881	2.412302	2.658855	2.148568	0.526616	0.275350	0.128597	-0.589293	-0.525381	-0.083843	-0.069660	-2.930340
0.397000	-16399.859785	-15257.202389	31657.062174	1142.657397	48056.921959	2.825168	-0.988789	-1.179009	0.202713	-0.620501	-0.142782	-0.619111	0.408316	0.058990	-0.069675	-2.930325
0.398800	-16399.332987	-15256.472207	31655.805195	1142.860780	48055.138182	2.997452	1.415285	1.766116	0.102954	0.671930	0.151005	-0.709308	0.105343	-0.029875	-0.069689	-2.930311
0.400600	-16398.806379	-15255.741789	31654.548169	1143.064590	48053.354548	-2.752141	-2.062007	-1.557739	-0.294707	-0.539115	-0.153937	-0.718073	-0.288397	0.002010	-0.069704	-2.930296
0.402400	-16398.279962	-15255.011135	31653.291097	1143.268827	48051.571059	-2.428738	0.475637	1.387388	-0.415683	0.346337	0.152135	-0.480833	0.672396	0.028220	-0.069719	-2.930281
0.404200	-16397.753735	-15254.280244	31652.033979	1143.473491	48049.787714	-2.196163	2.928528	-1.941568	-0.607261	0.136273	-0.143372	-0.438468	-0.629879	-0.055736	-0.069734	-2.930266
0.406000	-16397.227698	-15253.549116	31650.776814	1143.678582	48048.004512	-1.650554	-0.525963	1.009959	-0.748757	-0.322134	0.131393	-0.059846	0.554919	0.082530	-0.069748	-2.930252
0.407800	-16396.701852	-15252.817751	31649.519603	1143.884100	48046.221455	-1.413214	1.931646	-2.327678	-0.627927	0.707541	-0.112258	0.099778	-0.267007	-0.106032	-0.069763	-2.930237
0.409600	-16396.176195	-15252.086151	31648.262346	1144.090044	48044.438541	-1.099191	-1.822586	0.629158	-0.689301	-0.594857	0.091194	0.351535	-0.153026	0.125296	-0.069778	-2.930222
0.411400	-16395.650729	-15251.354314	31647.005042	1144.296415	48042.655771	-0.571686	0.979953	-2.711897	-0.389165	0.562352	-0.064690	0.604904	0.377213	-0.141166	-0.069793	-2.930207
0.413200	-16395.125452	-15250.622240	31645.747692	1144.503212	48040.873144	-0.397926	-2.897677	0.242961	-0.252513	-0.179346	0.037182	0.600720	-0.720639	0.150013	-0.069808	-2.930192
0.415000	-16394.600365	-15249.889931	31644.490296	1144.710434	48039.090661	-0.000809	-0.275584	-3.093164	-0.000637	-0.162263	-0.007534	0.787518	0.573815	-0.155455	-0.069822	-2.930178
0.416800	-16394.075468	-15249.157385	31643.232854	1144.918083	48037.308322	0.480247	2.458226	-0.145701	0.316905	0.448978	-0.022423	0.608351	-0.551404	0.152807	-0.069837	-2.930163
0.418600	-16393.550761	-15248.424603	31641.975365	1145.126158	48035.526126	0.627077	-1.439433	2.809127	0.398492	-0.711273	0.050626	0.549911	0.093976	-0.146623	-0.069852	-2.930148
0.420400	-16393.026244	-15247.691586	31640.717829	1145.334658	48033.744073	1.093337	1.274825	-0.531417	0.700328	0.569368	-0.078388	0.362340	0.173616	0.133353	-0.069867	-2.930133
0.422200	-16392.501916	-15246.958332	31639.460248	1145.543584	48031.962164	1.503370	-2.368691	2.425835	0.655844	-0.515044	0.101164	0.044288	-0.528080	-0.116335	-0.069882	-2.930118
0.424000	-16391.977777	-15246.224842	31638.202620	1145.752935	48030.180397	1.666004	0.029743	-0.911688	0.709131	0.020357	-0.122419	-0.067719	0.684217	0.094835	-0.069897	-2.930103
0.425800	-16391.453828	-15245.491117	31636.944945	1145.962711	48028.398774	2.177507	2.812968	2.040537	0.637842	0.197267	0.136966	-0.442684	-0.578516	-0.069529	-0.069912	-2.930088
0.427600	-16390.930069	-15244.757156	31635.687225	1146.172913	48026.617294	2.500691	-0.927905	-1.288989	0.382607	-0.602476	-0.148488	-0.512915	0.451283	0.042989	-0.069927	-2.930073
0.429400	-16390.406498	-15244.022959	31634.429458	1146.383539	48024.835956	2.718001	1.515448	1.656521	0.306121	0.648370	0.153280	-0.678931	0.035923	-0.013172	-0.069942	-2.930058
0.431200	-16389.883117	-15243.288527	31633.171644	1146.594591	48023.054761	-3.037837	-1.956938	-1.668259	-0.077965	-0.592868	-0.153318	-0.748733	-0.241032	-0.014990	-0.069957	-2.930043
0.433000	-16389.359925	-15242.553859	31631.913784	1146.806066	48021.273710	-2.800863	0.503887	1.275939	-0.213300	0.364114	0.147900	-0.601593	0.660392	0.044919	-0.069973	-2.930027
0.434800	-16388.836922	-15241.818956	31630.655878	1147.017967	48019.492800	-2.504649	3.020193	-2.052213	-0.458089	0.074955	-0.136329	-0.619204	-0.614382	-0.071220	-0.069988	-2.930012
0.436600	-16388.314108	-15241.083817	31629.397925	1147.230291	48017.712034	-1.992629	-0.473560	0.897185	-0.658330	-0.307716	0.121219	-0.295440	0.600477	0.096751	-0.070003	-2.929997
0.438400	-16387.791483	-15240.348443	31628.139926	1147.443040	48015.931409	-1.820747	1.933116	-2.439154	-0.632555	0.693476	-0.099654	-0.161484	-0.262864	-0.117730	-0.070018	-2.929982
0.440200	-16387.269047	-15239.612834	31626.881881	1147.656213	48014.150927	-1.441915	-1.742844	0.516105	-0.778096	-0.591436	0.076516	0.100841	-0.102771	0.134853	-0.070033	-2.929967
0.442000	-16386.746799	-15238.876989	31625.623789	1147.869810	48012.370588	-0.974716	0.981649	-2.825235	-0.569875	0.588918	-0.048243	0.386602	0.393587	-0.147373	-0.070049	-2.929951
0.443800	-16386.224740	-15238.140910	31624.365650	1148.083831	48010.590391	-0.831125	-2.916762	0.130030	-0.501911	-0.159900	0.020052	0.457987	-0.699178	0.153344	-0.070064	-2.929936
0.445600	-16385.702870	-15237.404595	31623.107465	1148.298275	48008.810335	-0.383362	-0.218681	3.074681	-0.293994	-0.129805	0.010402	0.728941	0.584090	-0.155222	-0.070079	-2.929921
0.447400	-16385.181188	-15236.668046	31621.849234	1148.513143	48007.030422	0.014421	2.414164	-0.259344	0.009524	0.488624	-0.039596	0.660378	-0.548832	0.149238	-0.070095	-2.929905
0.449200	-16384.659695	-15235.931261	31620.590956	1148.728434	48005.250651	0.172278	-1.472622	2.692728	0.122039	-0.681600	0.067382	0.701363	0.067132	-0.139897	-0.070110	-2.929890
0.451000	-16384.138390	-15235.194242	31619.332632	1148.944148	48003.471022	0.665095	1.293777	-0.647268	0.477887	0.590188	-0.093179	0.609315	0.167808	0.123269	-0.070125	-2.929875
0.452800	-16383.617273	-15234.456988	31618.074261	1149.160286	48001.691534	0.978081	-2.452404	2.309368	0.533521	-0.476891	0.114174	0.359324	-0.578770	-0.103953	-0.070141	-2.929859
0.454600	-16383.096345	-15233.719499	31616.815844	1149.376846	47999.912189	1.188491	-0.011790	-1.030231	0.689982	-0.007668	-0.132684	0.277433	0.650347	0.079636	-0.070156	-2.929844
0.456400	-16382.575604	-15232.981776	31615.557380	1149.593829	47998.132985	1.697336	2.781758	1.923833	0.745266	0.226007	0.144210	-0.094812	-0.600741	-0.053138	-0.070172	-2.929828
0.458200	-16382.055052	-15232.243818	31614.298870	1149.811234	47996.353922	1.925893	-1.044744	-1.409245	0.601568	-0.649707	-0.152674	-0.223070	0.377237	0.024882	-0.070187	-2.929813
0.460000	-16381.534688	-15231.505626	31613.040313	1150.029062	47994.575001	2.213379	1.468296	1.538096	0.615442	0.617521	0.153606	-0.460699	0.063519	0.005025	-0.070203	-2.929797
0.461800	-16381.014511	-15230.767199	31611.781710	1150.247312	47992.796221	2.706869	-2.043117	-1.788617	0.303423	-0.602100	-0.150659	-0.653436	-0.307606	-0.033346	-0.070218	-2.929782
0.463600	-16380.494522	-15230.028538	31610.523061	1150.465984	47991.017583	2.871894	0.360759	1.154724	0.174841	0.260724	0.141175	-0.632488	0.691080	0.062381	-0.070234	-2.929766
0.465400	-16379.974721	-15229.289643	31609.264364	1150.685079	47989.239086	-3.042407	2.963602	-2.172157	-0.077499	0.106787	-0.126975	-0.778785	-0.593609	-0.087122	-0.070250	-2.929750
0.467200	-16379.455108	-15228.550513	31608.005622	1150.904595	47987.460730	-2.594678	-0.612843	0.773651	-0.357766	-0.407821	0.108342	-0.587592	0.579983	0.110918	-0.070265	-2.929735
0.469000	-16378.935682	-15227.811150	31606.746832	1151.124533	47985.682515	-2.455438	1.770921	-2.559904	-0.432710	0.699742	-0.084693	-0.528410	-0.141935	-0.128795	-0.070281	-2.929719
0.470800	-16378.416444	-15227.071552	31605.487997	1151.344892	47983.904441	-2.019442	-1.821099	0.391965	-0.705577	-0.583472	0.059308	-0.339655	-0.149173	0.143481	-0.070296	-2.929704
0.472600	-16377.897393	-15226.331721	31604.229114	1151.565672	47982.126508	-1.642142	0.794839	-2.948530	-0.659187	0.524158	-0.029695	-0.047110	0.514353	-0.151893	-0.070312	-2.929688
0.474400	-16377.378530	-15225.591656	31602.970185	1151.786874	47980.348715	-1.485422	-3.090654	0.006545	-0.712469	-0.034708	0.001014	0.060975	-0.680786	0.154901	-0.070328	-2.929672
0.476200	-16376.859854	-15224.851356	31601.711210	1152.008497	47978.571063	-1.007481	-0.335467	2.948457	-0.651356	-0.203569	0.029818	0.411382	0.583887	-0.152466	-0.070344	-2.929656
0.478000	-16376.341364	-15224.110823	31600.452188	1152.230541	47976.793552	-0.714134	2.186885	-0.382642	-0.422780	0.610464	-0.057655	0.487781	-0.432221	0.143249	-0.070359	-2.929641
0.479800	-16375.823062	-15223.370057	31599.193119	1152.453006	47975.016182	-0.502977	-1.651858	2.565081	-0.359468	-0.645758	0.084685	0.653370	-0.052461	-0.130245	-0.070375	-2.929625
0.481600	-16375.304947	-15222.629057	31597.934004	1152.675891	47973.238952	-0.012664	1.124929	-0.772246	-0.009456	0.583775	-0.107618	0.746641	0.279026	0.110486	-0.070391	-2.929609
0.483400	-16374.787019	-15221.887823	31596.674842	1152.899196	47971.461862	0.199705	-2.712567	2.182266	0.128108	-0.311030	0.126668	0.632936	-0.679933	-0.088808	-0.070407	-2.929593
0.485200	-16374.269278	-15221.146356	31595.415634	1153.122922	47969.684912	0.487357	-0.193842	-1.158302	0.360225	-0.119437	-0.141461	0.679672	0.608421	0.061903	-0.070423	-2.929577
0.487000	-16373.751724	-15220.404655	31594.156379	1153.347068	47967.908103	0.958809	2.555670	1.797709	0.586001	0.376567	0.149947	0.411303	-0.567404	-0.034621	-0.070439	-2.929561
0.488800	-16373.234356	-15219.662722	31592.897078	1153.571634	47966.131433	1.112992	-1.329870	-1.539820	0.593719	-0.712305	-0.154565	0.292536	0.175012	0.004789	-0.070455	-2.929545
0.490600	-16372.717175	-15218.920555	31591.637729	1153.796620	47964.354904	1.479571	1.278229	1.411264	0.777951	0.579379	0.151645	0.071167	0.174516	0.024400	-0.070471	-2.929529
0.492400	-16372.200180	-15218.178154	31590.378335	1154.022026	47962.578515	1.901799	-2.324154	-1.919769	0.647127	-0.519800	-0.145309	-0.222382	-0.487515	-0.052873	-0.070487	-2.929513
0.494200	-16371.683372	-15217.435521	31589.118893	1154.247851	47960.802265	2.036910	0.058947	1.024833	0.615957	0.041692	0.131651	-0.309880	0.706472	0.079986	-0.070503	-2.929497
0.496000	-16371.166750	-15216.692655	31587.859405	1154.474095	47959.026155	2.466560	2.751087	-2.302460	0.487060	0.231139	-0.114891	-0.608461	-0.561498	-0.103163	-0.070519	-2.929481
0.497800	-16370.650315	-15215.949556	31586.599871	1154.700759	47957.250185	2.815584	-0.942388	0.640030	0.211134	-0.595239	0.092492	-0.624524	0.432548	0.124218	-0.070535	-2.929465
0.499600	-16370.134065	-15215.206224	31585.340289	1154.927841	47955.474354	2.975377	1.460651	-2.690055	0.119361	0.670989	-0.067323	-0.711488	0.074207	-0.138824	-0.070551	-2.929449
0.501400	-16369.618002	-15214.462659	31584.080661	1155.155343	47953.698663	-2.842099	-2.074709	0.256234	-0.225520	-0.547978	0.039387	-0.730352	-0.302152	0.150335	-0.070567	-2.929433
0.503200	-16369.102125	-15213.718862	31582.820987	1155.383263	47951.923111	-2.576712	0.424913	-3.080727	-0.346484	0.307720	-0.009398	-0.546703	0.680077	-0.154209	-0.070583	-2.929417
0.505000	-16368.586434	-15212.974832	31581.561265	1155.611602	47950.147699	-2.357438	2.880379	-0.128676	-0.529983	0.165911	-0.019925	-0.531303	-0.620643	0.153991	-0.070599	-2.929401
0.506800	-16368.070928	-15212.230569	31580.301497	1155.840359	47948.372426	-1.886548	-0.644103	2.812676	-0.702558	-0.393642	0.050040	-0.229512	0.524199	-0.146610	-0.070616	-2.929384
0.508600	-16367.555609	-15211.486074	31579.041683	1156.069534	47946.597291	-1.696724	1.785331	-0.516325	-0.646116	0.725890	-0.076342	-0.081797	-0.158162	0.134478	-0.070632	-2.929368
0.510400	-16367.040475	-15210.741347	31577.781821	1156.299128	47944.822296	-1.400621	-1.964447	2.426548	-0.759944	-0.570314	0.101716	0.130587	-0.236867	-0.117139	-0.070648	-2.929352
0.512200	-16366.525526	-15209.996387	31576.521913	1156.529139	47943.047440	-0.955751	0.756833	-0.905844	-0.578433	0.473073	-0.121225	0.408637	0.500902	0.095049	-0.070664	-2.929336
0.514000	-16366.010764	-15209.251195	31575.261959	1156.759568	47941.272722	-0.814425	-3.136610	2.043542	-0.487471	-0.003617	0.137902	0.459962	-0.725812	-0.070526	-0.070681	-2.929319
0.515800	-16365.496186	-15208.505771	31574.001957	1156.990415	47939.498144	-0.443608	-0.514724	-1.294384	-0.334599	-0.298864	-0.148091	0.704129	0.528422	0.042010	-0.070697	-2.929303
0.517600	-16364.981794	-15207.760115	31572.741909	1157.221679	47937.723704	-0.053971	2.131588	1.660714	-0.036585	0.608460	0.153672	0.677197	-0.382145	-0.013855	-0.070713	-2.929287
0.519400	-16364.467588	-15207.014227	31571.481814	1157.453361	47935.949402	0.079718	-1.767004	-1.679584	0.055673	-0.684765	-0.153383	0.696896	-0.136107	-0.016752	-0.070730	-2.929270
0.521200	-16363.953566	-15206.268107	31570.221673	1157.685460	47934.175239	0.506508	0.931556	1.275349	0.375563	0.492784	0.147159	0.676954	0.366318	0.044789	-0.070746	-2.929254
0.523000	-16363.439730	-15205.521755	31568.961485	1157.917975	47932.401215	0.819374	-2.796549	-2.062058	0.479823	-0.249670	-0.136459	0.448278	-0.694644	-0.073007	-0.070763	-2.929237
0.524800	-16362.926079	-15204.775171	31567.701250	1158.150908	47930.627328	0.988338	-0.382401	0.887104	0.610021	-0.248288	0.119310	0.401813	0.617324	0.097212	-0.070779	-2.929221
0.526600	-16362.412612	-15204.028356	31566.440968	1158.384257	47928.853580	1.442081	2.358585	-2.444935	0.749552	0.448784	-0.099427	0.097015	-0.450935	-0.118848	-0.070795	-2.929205
0.528400	-16361.899331	-15203.281309	31565.180639	1158.618022	47927.079970	1.672771	-1.453768	0.497924	0.646321	-0.739233	0.073798	-0.066138	0.086908	0.135755	-0.070812	-2.929188
0.530200	-16361.386234	-15202.534030	31563.920264	1158.852204	47925.306498	1.907785	1.021119	-2.831359	0.714336	0.541395	-0.047256	-0.250269	0.331692	-0.147405	-0.070828	-2.929172
0.532000	-16360.873322	-15201.786520	31562.659842	1159.086802	47923.533164	2.356168	-2.526068	0.109937	0.515082	-0.385303	0.017030	-0.515055	-0.544848	0.154278	-0.070845	-2.929155
0.533800	-16360.360595	-15201.038779	31561.399373	1159.321816	47921.759968	2.519992	-0.115447	3.061271	0.383770	-0.084790	0.012398	-0.535747	0.731185	-0.154020	-0.070862	-2.929138
0.535600	-16359.848052	-15200.290806	31560.138858	1159.557246	47919.986909	2.831585	2.441563	-0.276387	0.235899	0.396033	-0.042416	-0.736410	-0.470159	0.149537	-0.070878	-2.929122
0.537400	-16359.335693	-15199.542602	31558.878295	1159.793091	47918.213988	-3.039644	-1.156737	2.669259	-0.071010	-0.640403	0.070248	-0.694115	0.281435	-0.137497	-0.070895	-2.929105
0.539200	-16358.823519	-15198.794167	31557.617686	1160.029352	47916.441205	-2.909724	1.226424	-0.662312	-0.156648	0.673061	-0.095315	-0.663438	0.241403	0.122228	-0.070912	-2.929088
0.541000	-16358.311529	-15198.045501	31556.357030	1160.266029	47914.668559	-2.530266	-2.414627	2.279543	-0.445779	-0.405841	0.117302	-0.636015	-0.456273	-0.100569	-0.070928	-2.929072
0.542800	-16357.799724	-15197.296604	31555.096327	1160.503120	47912.896051	-2.181481	0.188373	-1.049333	-0.549471	0.135862	-0.133730	-0.384596	0.712687	0.076829	-0.070945	-2.929055
0.544600	-16357.288102	-15196.547476	31553.835578	1160.740627	47911.123680	-2.043135	2.579583	1.894040	-0.633742	0.365179	0.146653	-0.323786	-0.579877	-0.049128	-0.070962	-2.929038
0.546400	-16356.776665	-15195.798117	31552.574781	1160.978548	47909.351446	-1.618556	-0.997188	-1.437655	-0.765428	-0.523977	-0.152360	-0.036584	0.338527	0.020406	-0.070978	-2.929022
0.548200	-16356.265411	-15195.048527	31551.313938	1161.216884	47907.579349	-1.349400	1.516586	1.511214	-0.638634	0.738891	0.154376	0.143748	0.040094	0.009209	-0.070995	-2.929005
0.550000	-16355.754341	-15194.298707	31550.053048	1161.455634	47905.807389	-1.162947	-2.333080	-1.826187	-0.680573	-0.472440	-0.148856	0.294059	-0.451089	-0.038865	-0.071012	-2.928988
0.551800	-16355.243455	-15193.548656	31548.792111	1161.694799	47904.035566	-0.724254	0.396659	1.127491	-0.492961	0.251149	0.139532	0.557256	0.599600	0.066253	-0.071029	-2.928971
0.553600	-16354.732753	-15192.798375	31547.531127	1161.934378	47902.263880	-0.532316	2.835800	-2.213597	-0.332182	0.222808	-0.123660	0.563944	-0.705770	-0.092610	-0.071046	-2.928954
0.555400	-16354.222234	-15192.047863	31546.270097	1162.174371	47900.492331	-0.273978	-0.943490	0.739929	-0.206643	-0.507462	0.104036	0.735266	0.367908	0.113955	-0.071063	-2.928937
0.557200	-16353.711899	-15191.297121	31545.009019	1162.414778	47898.720918	0.145590	1.760929	-2.599892	0.103695	0.669649	-0.079998	0.707202	-0.128879	-0.132944	-0.071080	-2.928920
0.559000	-16353.201747	-15190.546148	31543.747895	1162.655599	47896.949642	0.284561	-2.129107	0.348549	0.188133	-0.615759	0.052721	0.643194	-0.384603	0.145083	-0.071097	-2.928903
0.560800	-16352.691778	-15189.794946	31542.486724	1162.896833	47895.178502	0.616402	0.459234	-2.986473	0.447562	0.271983	-0.024002	0.631710	0.550020	-0.153485	-0.071113	-2.928887
0.562600	-16352.181993	-15189.043513	31541.225506	1163.138480	47893.407499	0.986806	3.097535	-0.043905	0.571901	0.031335	-0.006788	0.377961	-0.710755	0.154514	-0.071130	-2.928870
0.564400	-16351.672391	-15188.291850	31539.964241	1163.380541	47891.636632	1.111750	-0.803608	2.908258	0.624404	-0.504348	0.035831	0.308619	0.486306	-0.150764	-0.071147	-2.928853
0.566200	-16351.162972	-15187.539957	31538.702929	1163.623014	47889.865901	1.500705	1.861168	-0.434189	0.769089	0.591857	-0.065188	0.053995	-0.176857	0.140583	-0.071165	-2.928835
0.568000	-16350.653735	-15186.787835	31537.441570	1163.865901	47888.095306	1.799810	-1.870237	2.517812	0.646247	-0.699449	0.090141	-0.150642	-0.215937	-0.125259	-0.071182	-2.928818
0.569800	-16350.144682	-15186.035482	31536.180165	1164.109200	47886.324847	1.952644	0.536565	-0.821023	0.674193	0.342210	-0.113419	-0.270726	0.575365	0.105613	-0.071199	-2.928801
0.571600	-16349.635812	-15185.282900	31534.918712	1164.352911	47884.554524	2.371601	-3.037012	2.126919	0.525383	-0.066573	0.130719	-0.541826	-0.634252	-0.081250	-0.071216	-2.928784
0.573400	-16349.127124	-15184.530089	31533.657213	1164.597035	47882.784336	2.591496	-0.567877	-1.205842	0.342560	-0.397676	-0.144457	-0.558608	0.623338	0.055193	-0.071233	-2.928767
0.575200	-16348.618619	-15183.777047	31532.395666	1164.841571	47881.014285	2.805090	1.895896	1.737675	0.248562	0.606468	0.151866	-0.710570	-0.204415	-0.025581	-0.071250	-2.928750
0.577000	-16348.110296	-15183.023777	31531.134073	1165.086519	47879.244369	-3.061747	-1.679378	-1.591475	-0.058114	-0.663430	-0.154156	-0.726278	-0.072321	-0.003188	-0.071267	-2.928733
0.578800	-16347.602156	-15182.270277	31529.872433	1165.331879	47877.474588	-2.907814	0.729841	1.350919	-0.153707	0.488088	0.150763	-0.645468	0.545574	0.033694	-0.071285	-2.928715
0.580600	-16347.094198	-15181.516547	31528.610745	1165.577651	47875.704943	-2.620145	-3.010875	-1.980027	-0.383087	-0.080863	-0.141265	-0.666835	-0.615082	-0.061269	-0.071302	-2.928698
0.582400	-16346.586422	-15180.762589	31527.349011	1165.823834	47873.935433	-2.239397	-0.350927	0.965311	-0.548394	-0.240040	0.127414	-0.433220	0.655707	0.088199	-0.071319	-2.928681
0.584200	-16346.078829	-15180.008401	31526.087230	1166.070428	47872.166059	-2.117712	2.031263	-2.371333	-0.585519	0.637432	-0.107378	-0.356505	-0.316185	-0.110679	-0.071336	-2.928664
0.586000	-16345.571418	-15179.253984	31524.825402	1166.317433	47870.396819	-1.764796	-1.628312	0.578429	-0.757303	-0.615662	0.084797	-0.148788	-0.035450	0.129873	-0.071354	-2.928646
0.587800	-16345.064188	-15178.499339	31523.563527	1166.564850	47868.627715	-1.446449	0.952930	-2.763383	-0.668265	0.589201	-0.057138	0.083528	0.418741	-0.143801	-0.071371	-2.928629
0.589600	-16344.557141	-15177.744464	31522.301605	1166.812677	47866.858746	-1.314345	-2.938823	0.188493	-0.690931	-0.137445	0.029015	0.181180	-0.668520	0.152106	-0.071388	-2.928612
0.591400	-16344.050275	-15176.989361	31521.039636	1167.060915	47865.089911	-0.920122	-0.256059	3.129194	-0.605379	-0.159590	0.001924	0.460857	0.609575	-0.155155	-0.071406	-2.928594
0.593200	-16343.543591	-15176.234028	31519.777620	1167.309563	47863.321211	-0.678163	2.239934	-0.204062	-0.413730	0.577046	-0.031295	0.513550	-0.456358	0.151226	-0.071423	-2.928577
0.595000	-16343.037089	-15175.478468	31518.515557	1167.558621	47861.552646	-0.498233	-1.607898	2.740810	-0.354657	-0.651568	0.060538	0.651931	-0.024185	-0.142874	-0.071441	-2.928559
0.596800	-16342.530768	-15174.722678	31517.253447	1167.808090	47859.784215	-0.093561	1.092220	-0.596893	-0.069007	0.582512	-0.086654	0.735405	0.302208	0.127509	-0.071458	-2.928542
0.598600	-16342.024629	-15173.966661	31515.991290	1168.057968	47858.015919	0.076598	-2.764292	2.353648	0.050592	-0.270466	0.109680	0.659196	-0.682503	-0.109123	-0.071476	-2.928524
0.600400	-16341.518671	-15173.210414	31514.729086	1168.308257	47856.247757	0.325914	-0.258125	-0.987333	0.244116	-0.160412	-0.128704	0.722310	0.607585	0.084962	-0.071493	-2.928507
0.602200	-16341.012895	-15172.453940	31513.466834	1168.558955	47854.479729	0.707893	2.411323	1.965881	0.461719	0.458306	0.142259	0.539472	-0.511844	-0.059324	-0.071511	-2.928489
0.604000	-16340.507299	-15171.697237	31512.204536	1168.810062	47852.711835	0.832163	-1.484495	-1.374687	0.501418	-0.715824	-0.151543	0.456584	0.061931	0.030106	-0.071528	-2.928472
0.605800	-16340.001885	-15170.940306	31510.942191	1169.061578	47850.944076	1.150916	1.102824	1.576272	0.703366	0.552340	0.153843	0.314003	0.279162	-0.000842	-0.071546	-2.928454
0.607600	-16339.496651	-15170.183147	31509.679799	1169.313504	47849.176450	1.479782	-2.579400	-1.760579	0.679884	-0.380650	-0.152009	0.062051	-0.604197	-0.029200	-0.071564	-2.928436
0.609400	-16338.991599	-15169.425761	31508.417360	1169.565838	47847.408959	1.599292	-0.195439	1.185001	0.704712	-0.134437	0.142756	-0.020087	0.679090	0.057980	-0.071581	-2.928419
0.611200	-16338.486727	-15168.668146	31507.154873	1169.818582	47845.641601	1.968104	2.459436	-2.147862	0.704343	0.395018	-0.129790	-0.295559	-0.486335	-0.084491	-0.071599	-2.928401
0.613000	-16337.982037	-15167.910303	31505.892340	1170.071733	47843.874376	2.224355	-1.306710	0.793266	0.527763	-0.705539	0.110226	-0.404179	0.190779	0.108505	-0.071617	-2.928383
0.614800	-16337.477526	-15167.152233	31504.629759	1170.325293	47842.107286	2.380283	1.109819	-2.538498	0.505947	0.592866	-0.087755	-0.530929	0.294457	-0.127424	-0.071634	-2.928366
0.616600	-16336.973197	-15166.393935	31503.367132	1170.579262	47840.340329	2.769059	-2.487316	0.402348	0.271164	-0.394824	0.060769	-0.693904	-0.514780	0.142796	-0.071652	-2.928348
0.618400	-16336.469047	-15165.635410	31502.104457	1170.833638	47838.573505	2.951716	-0.045096	-2.932141	0.124881	-0.033076	-0.032121	-0.649776	0.732964	-0.151108	-0.071670	-2.928330
0.620200	-16335.965079	-15164.876657	31500.841735	1171.088422	47836.806814	-3.112271	2.434153	0.012618	-0.022162	0.413333	0.001959	-0.755580	-0.483381	0.155248	-0.071688	-2.928312
0.622000	-16335.461290	-15164.117677	31499.578967	1171.343614	47835.040257	-2.736468	-1.179356	2.956845	-0.283130	-0.627024	0.028353	-0.660212	0.258798	-0.151718	-0.071706	-2.928294
0.623800	-16334.957682	-15163.358469	31498.316151	1171.599213	47833.273832	-2.607399	1.214738	-0.376535	-0.343286	0.676811	-0.056932	-0.580302	0.251712	0.143986	-0.071723	-2.928277
0.625600	-16334.454253	-15162.599034	31497.053288	1171.855219	47831.507541	-2.318760	-2.510577	2.564871	-0.562483	-0.367216	0.084183	-0.521872	-0.502574	-0.129414	-0.071741	-2.928259
0.627400	-16333.951005	-15161.839372	31495.790377	1172.111633	47829.741383	-1.987236	0.100744	-0.766129	-0.631583	0.071065	-0.106925	-0.279355	0.703016	0.111127	-0.071759	-2.928241
0.629200	-16333.447937	-15161.079483	31494.527420	1172.368453	47827.975357	-1.874657	2.481877	2.176139	-0.666483	0.428253	0.127084	-0.208990	-0.552122	-0.087943	-0.071777	-2.928223
0.631000	-16332.945048	-15160.319367	31493.264416	1172.625681	47826.209464	-1.530433	-1.171799	-1.156837	-0.764089	-0.576587	-0.140850	0.030858	0.243096	0.061882	-0.071795	-2.928205
0.632800	-16332.442339	-15159.559025	31492.001364	1172.883315	47824.443703	-1.266711	1.359150	1.789289	-0.639258	0.709867	0.151017	0.200610	0.152525	-0.033531	-0.071813	-2.928187
0.634600	-16331.939810	-15158.798455	31490.738265	1173.141355	47822.678075	-1.127987	-2.519181	-1.548516	-0.656646	-0.390276	-0.153950	0.311393	-0.543896	0.003431	-0.071831	-2.928169
0.636400	-16331.437460	-15158.037659	31489.475119	1173.399802	47820.912580	-0.756305	0.150556	1.401469	-0.513797	0.096679	0.152520	0.544598	0.637289	0.026075	-0.071849	-2.928151
0.638200	-16330.935290	-15157.276636	31488.211926	1173.658654	47819.147217	-0.566593	2.604371	-1.940440	-0.356128	0.374635	-0.144097	0.559797	-0.628942	-0.055831	-0.071867	-2.928133
0.640000	-16330.433299	-15156.515387	31486.948686	1173.917913	47817.381986	-0.369993	-1.218145	1.010555	-0.271423	-0.602874	0.131000	0.699806	0.221879	0.082174	-0.071885	-2.928115
0.641800	-16329.931488	-15155.753911	31485.685399	1174.177577	47815.616887	-0.004542	1.445666	-2.331921	-0.003287	0.667258	-0.112302	0.723640	0.083932	-0.106978	-0.071903	-2.928097
0.643600	-16329.429855	-15154.992209	31484.422064	1174.437647	47813.851920	0.127520	-2.437449	0.616443	0.085582	-0.468298	0.089324	0.667486	-0.551330	0.126065	-0.071922	-2.928078
0.645400	-16328.928402	-15154.230280	31483.158682	1174.698122	47812.087084	0.392227	0.098423	-2.722828	0.292037	0.061538	-0.063141	0.705983	0.623221	-0.141860	-0.071940	-2.928060
0.647200	-16328.427128	-15153.468126	31481.895253	1174.959002	47810.322381	0.719502	2.712165	0.221236	0.458888	0.291825	0.033887	0.523733	-0.637272	0.150664	-0.071958	-2.928042
0.649000	-16327.926032	-15152.705745	31480.631777	1175.220287	47808.557809	0.828328	-1.190473	-3.113447	0.511975	-0.652071	-0.004361	0.469802	0.260690	-0.154895	-0.071976	-2.928024
0.650800	-16327.425115	-15151.943138	31479.368254	1175.481977	47806.793369	1.150554	1.418152	-0.172361	0.697475	0.619236	-0.026491	0.311676	0.095264	0.152172	-0.071994	-2.928006
0.652600	-16326.924377	-15151.180306	31478.104683	1175.744072	47805.029061	1.414899	-2.327605	2.778793	0.666443	-0.524800	0.054783	0.104747	-0.495619	-0.144318	-0.072013	-2.927987
0.654400	-16326.423818	-15150.417247	31476.841065	1176.006571	47803.264883	1.542094	0.070520	-0.562852	0.721935	0.047502	-0.082474	0.020727	0.672484	0.130717	-0.072031	-2.927969
0.656200	-16325.923437	-15149.653963	31475.577400	1176.269474	47801.500838	1.896389	2.724312	2.387114	0.710883	0.260563	0.105422	-0.240000	-0.587760	-0.112152	-0.072049	-2.927951
0.658000	-16325.423235	-15148.890453	31474.313688	1176.532781	47799.736923	2.087993	-1.098660	-0.951111	0.578755	-0.650037	-0.125903	-0.329222	0.331946	0.089824	-0.072068	-2.927932
0.659800	-16324.923211	-15148.126718	31473.049929	1176.796492	47797.973139	2.267977	1.350316	1.994740	0.572474	0.631422	0.140302	-0.479436	0.141517	-0.063320	-0.072086	-2.927914
0.661600	-16324.423365	-15147.362757	31471.786122	1177.060607	47796.209486	2.620927	-2.278513	-1.339594	0.361427	-0.508700	-0.150575	-0.630272	-0.435227	0.035447	-0.072104	-2.927896
0.663400	-16323.923697	-15146.598571	31470.522268	1177.325126	47794.445965	2.752717	0.125311	1.602109	0.255260	0.090378	0.154300	-0.622979	0.717453	-0.004833	-0.072123	-2.927877
0.665200	-16323.424207	-15145.834159	31469.258366	1177.590048	47792.682573	2.999463	2.646387	-1.730634	0.107833	0.299263	-0.152662	-0.753579	-0.554095	-0.024611	-0.072141	-2.927859
0.667000	-16322.924895	-15145.069523	31467.994418	1177.855373	47790.919313	-2.965415	-1.026881	1.209649	-0.122630	-0.596808	0.144950	-0.688843	0.360928	0.054750	-0.072160	-2.927840
0.668800	-16322.425761	-15144.304661	31466.730422	1178.121101	47789.156183	-2.860031	1.353866	-2.124877	-0.192763	0.686957	-0.131407	-0.666432	0.151404	-0.081306	-0.072178	-2.927822
0.670600	-16321.926805	-15143.539574	31465.466379	1178.387232	47787.393184	-2.555523	-2.336218	0.817600	-0.421634	-0.453064	0.113249	-0.635106	-0.435315	0.106180	-0.072197	-2.927803
0.672400	-16321.428027	-15142.774262	31464.202288	1178.653765	47785.630315	-2.297176	0.200781	-2.520817	-0.506821	0.143335	-0.089834	-0.450270	0.704267	-0.125628	-0.072215	-2.927785
0.674200	-16320.929426	-15142.008725	31462.938151	1178.920701	47783.867576	-2.177119	2.595684	0.425842	-0.591764	0.351128	0.064056	-0.410364	-0.577997	0.141218	-0.072234	-2.927766
0.676000	-16320.431002	-15141.242963	31461.673966	1179.188039	47782.104968	-1.839369	-1.047808	-2.915945	-0.723080	-0.557220	-0.034553	-0.199007	0.321258	-0.150521	-0.072252	-2.927748
0.677800	-16319.932756	-15140.476977	31460.409733	1179.455779	47780.342489	-1.651431	1.413178	0.034006	-0.666270	0.718511	0.005255	-0.053841	0.114197	0.154461	-0.072271	-2.927729
0.679600	-16319.434687	-15139.710766	31459.145454	1179.723921	47778.580141	-1.482352	-2.427105	2.974777	-0.741392	-0.425719	0.025655	0.065743	-0.490821	-0.152366	-0.072290	-2.927710
0.681400	-16318.936796	-15138.944331	31457.881127	1179.992465	47776.817922	-1.143704	0.215742	-0.358304	-0.661997	0.143166	-0.054026	0.301279	0.653270	0.144274	-0.072308	-2.927692
0.683200	-16318.439081	-15138.177671	31456.616752	1180.261410	47775.055833	-1.015281	2.620246	2.584807	-0.573285	0.359426	0.081713	0.355849	-0.625795	-0.131270	-0.072327	-2.927673
0.685000	-16317.941544	-15137.410787	31455.352331	1180.530757	47773.293874	-0.781411	-1.150190	-0.751364	-0.534642	-0.577354	-0.105069	0.538922	0.258250	0.112476	-0.072346	-2.927654
0.686800	-16317.444183	-15136.643679	31454.087862	1180.800504	47771.532045	-0.475507	1.450910	2.195430	-0.320913	0.691176	0.125498	0.623236	0.083262	-0.090475	-0.072364	-2.927636
0.688600	-16316.946999	-15135.876346	31452.823345	1181.070653	47769.770344	-0.374235	-2.451378	-1.145033	-0.253890	-0.447441	-0.140450	0.646454	-0.541895	0.063695	-0.072383	-2.927617
0.690400	-16316.449992	-15135.108790	31451.558781	1181.341202	47768.008773	-0.083250	0.131564	1.804222	-0.063228	0.082749	0.150520	0.757749	0.625327	-0.035788	-0.072402	-2.927598
0.692200	-16315.953161	-15134.341009	31450.294170	1181.612152	47766.247332	0.163797	2.662036	-1.538871	0.110845	0.330781	-0.154666	0.670657	-0.636059	0.004939	-0.072421	-2.927579
0.694000	-16315.456507	-15133.573005	31449.029512	1181.883503	47764.486019	0.279406	-1.226683	1.410087	0.198641	-0.636592	0.152624	0.692343	0.228137	0.024742	-0.072439	-2.927561
0.695800	-16314.960030	-15132.804776	31447.764806	1182.155253	47762.724836	0.602515	1.401295	-1.932376	0.423970	0.635933	-0.145106	0.616382	0.108836	-0.054880	-0.072458	-2.927542
0.697600	-16314.463728	-15132.036324	31446.500053	1182.427404	47760.963781	0.781093	-2.425438	1.013758	0.472344	-0.476145	0.131117	0.476428	-0.547113	0.081664	-0.072477	-2.927523
0.699400	-16313.967603	-15131.267649	31445.235252	1182.699955	47759.202856	0.944587	0.016294	-2.325321	0.602445	0.010598	-0.113026	0.435763	0.650380	-0.106253	-0.072496	-2.927504
0.701200	-16313.471654	-15130.498750	31443.970404	1182.972905	47757.442059	1.267514	2.646265	0.617371	0.692883	0.318525	0.089361	0.216828	-0.589586	0.125870	-0.072515	-2.927485
0.703000	-16312.975882	-15129.729627	31442.705509	1183.246254	47755.681390	1.389381	-1.234877	-2.717792	0.666301	-0.678943	-0.063635	0.122221	0.237054	-0.141055	-0.072534	-2.927466
0.704800	-16312.480285	-15128.960281	31441.440566	1183.520003	47753.920851	1.615346	1.275265	0.222913	0.756752	0.606815	0.034130	-0.033735	0.184743	0.150562	-0.072553	-2.927447
0.706600	-16311.984863	-15128.190712	31440.175576	1183.794151	47752.160439	1.905349	-2.419963	-3.110390	0.661727	-0.460254	-0.004813	-0.230030	-0.523043	-0.154181	-0.072572	-2.927428
0.708400	-16311.489618	-15127.420920	31438.910538	1184.068698	47750.400156	2.002352	-0.039215	-0.169049	0.633071	-0.027453	-0.025997	-0.291532	0.699714	0.152318	-0.072591	-2.927409
0.710200	-16310.994548	-15126.650904	31437.645453	1184.343644	47748.640001	2.283120	2.538291	2.779375	0.573738	0.359560	0.054566	-0.495467	-0.521863	-0.143999	-0.072610	-2.927390
0.712000	-16310.499654	-15125.880666	31436.380320	1184.618988	47746.879974	2.514512	-1.226373	-0.559806	0.399251	-0.674249	-0.082157	-0.550954	0.241867	0.131099	-0.072629	-2.927371
0.713800	-16310.004935	-15125.110205	31435.115140	1184.894731	47745.120076	2.627840	1.170192	2.384790	0.354937	0.620883	0.105815	-0.628992	0.262948	-0.112046	-0.072648	-2.927352
0.715600	-16309.510392	-15124.339521	31433.849913	1185.170871	47743.360305	2.937922	-2.494727	-0.951448	0.150703	-0.391000	-0.126076	-0.729674	-0.517696	0.089883	-0.072667	-2.927333
0.717400	-16309.016024	-15123.568614	31432.584638	1185.447410	47741.600662	3.102432	-0.047385	1.989384	0.026354	-0.034256	0.141184	-0.672613	0.722389	-0.062810	-0.072687	-2.927313
0.719200	-16308.521831	-15122.797484	31431.319315	1185.724346	47739.841146	-3.018503	2.397762	-1.345430	-0.091377	0.439941	-0.150873	-0.738606	-0.478125	0.034589	-0.072706	-2.927294
0.721000	-16308.027813	-15122.026133	31430.053945	1186.001680	47738.081758	-2.712331	-1.269750	1.594001	-0.300844	-0.643140	0.154897	-0.657255	0.199684	-0.003595	-0.072725	-2.927275
0.722800	-16307.533970	-15121.254558	31428.788528	1186.279412	47736.322498	-2.600030	1.127375	-1.741704	-0.351124	0.646417	-0.152324	-0.583693	0.307026	-0.026290	-0.072744	-2.927256
0.724600	-16307.040302	-15120.482761	31427.523063	1186.557540	47734.563365	-2.377258	-2.643186	1.199526	-0.523403	-0.303823	0.144514	-0.545930	-0.558257	0.056263	-0.072764	-2.927236
0.726400	-16306.546808	-15119.710742	31426.257551	1186.836066	47732.804359	-2.106804	-0.072446	-2.138766	-0.600529	-0.050580	-0.130097	-0.356724	0.696949	-0.083016	-0.072783	-2.927217
0.728200	-16306.053490	-15118.938501	31424.991991	1187.114989	47731.045481	-2.013612	2.308346	0.806220	-0.633498	0.515135	0.111774	-0.300421	-0.468055	0.107213	-0.072802	-2.927198
0.730000	-16305.560346	-15118.166038	31423.726384	1187.394308	47729.286729	-1.740398	-1.399087	-2.534851	-0.744230	-0.627887	-0.087928	-0.127447	0.108886	-0.126684	-0.072821	-2.927179
0.731800	-16305.067376	-15117.393353	31422.460729	1187.674023	47727.528105	-1.528910	1.102658	0.413496	-0.679765	0.639329	0.062078	0.028489	0.323262	0.141474	-0.072841	-2.927159
0.733600	-16304.574581	-15116.620446	31421.195026	1187.954135	47725.769607	-1.415041	-2.779120	-2.928998	-0.716854	-0.237768	-0.032561	0.112565	-0.626978	-0.150845	-0.072860	-2.927140
0.735400	-16304.081960	-15115.847317	31419.929276	1188.234643	47724.011236	-1.117600	-0.169712	0.020167	-0.665996	-0.110429	0.003109	0.324342	0.644423	0.154162	-0.072880	-2.927120
0.737200	-16303.589513	-15115.073966	31418.663479	1188.515547	47722.252992	-0.970550	2.264907	2.961440	-0.557496	0.554087	0.027703	0.381606	-0.461150	-0.152107	-0.072899	-2.927101
0.739000	-16303.097240	-15114.300394	31417.397634	1188.796846	47720.494874	-0.805858	-1.565312	-0.374800	-0.538111	-0.647964	-0.056433	0.516530	0.003554	0.143451	-0.072918	-2.927082
0.740800	-16302.605141	-15113.526600	31416.131741	1189.078541	47718.736882	-0.517969	1.033883	2.568658	-0.355556	0.582992	0.083971	0.623926	0.347021	-0.130165	-0.072938	-2.927062
0.742600	-16302.113216	-15112.752585	31414.865801	1189.360632	47716.979017	-0.416959	-2.858347	-0.771481	-0.277817	-0.198717	-0.107626	0.627226	-0.682706	0.110664	-0.072957	-2.927043
0.744400	-16301.621465	-15111.978348	31413.599813	1189.643117	47715.221279	-0.193732	-0.338937	2.174424	-0.145395	-0.211757	0.127601	0.741084	0.600659	-0.087978	-0.072977	-2.927023
0.746200	-16301.129888	-15111.203890	31412.333778	1189.925997	47713.463666	0.053610	2.210528	-1.168833	0.037248	0.563220	-0.142347	0.694133	-0.419107	0.060513	-0.072997	-2.927003
0.748000	-16300.638484	-15110.429211	31411.067695	1190.209273	47711.706179	0.144203	-1.690478	1.778498	0.101580	-0.685254	0.151470	0.699539	-0.082406	-0.031921	-0.073016	-2.926984
0.749800	-16300.147253	-15109.654311	31409.801565	1190.492942	47709.948818	0.411694	0.885746	-1.565386	0.300562	0.496977	-0.154868	0.688340	0.406054	0.000838	-0.073036	-2.926964
0.751600	-16299.656196	-15108.879190	31408.535387	1190.777006	47708.191583	0.599189	-2.916488	1.381554	0.383560	-0.159966	0.151674	0.561624	-0.698586	0.029051	-0.073055	-2.926945
0.753400	-16299.165313	-15108.103848	31407.269161	1191.061464	47706.434474	0.717177	-0.506811	-1.960185	0.479955	-0.322987	-0.143252	0.550354	0.581770	-0.058782	-0.073075	-2.926925
0.755200	-16298.674602	-15107.328286	31406.002888	1191.346316	47704.677490	1.001023	2.092859	0.984734	0.618885	0.572361	0.128409	0.396488	-0.329281	0.085247	-0.073095	-2.926905
0.757000	-16298.184065	-15106.552502	31404.736567	1191.631562	47702.920632	1.128439	-1.770699	-2.353494	0.613567	-0.703447	-0.109661	0.290624	-0.142524	-0.109071	-0.073114	-2.926886
0.758800	-16297.693700	-15105.776498	31403.470198	1191.917202	47701.163899	1.299057	0.694307	0.588783	0.720404	0.413179	0.085580	0.200727	0.496249	0.128153	-0.073134	-2.926866
0.760600	-16297.203508	-15105.000274	31402.203782	1192.203235	47699.407291	1.565874	-3.009546	-2.746732	0.712167	-0.090162	-0.059425	0.003505	-0.678832	-0.142592	-0.073154	-2.926846
0.762400	-16296.713490	-15104.223829	31400.937319	1192.489661	47697.650808	1.655969	-0.624413	0.193683	0.689644	-0.412185	0.029714	-0.058881	0.572009	0.151493	-0.073174	-2.926826
0.764200	-16296.223643	-15103.447164	31399.670807	1192.776480	47695.894451	1.881768	1.904836	-3.141526	0.717446	0.603639	-0.000010	-0.230587	-0.209489	-0.154389	-0.073193	-2.926807
0.766000	-16295.733970	-15102.670278	31398.404248	1193.063692	47694.138218	2.102390	-1.854225	-0.201274	0.595801	-0.677742	-0.030945	-0.350367	-0.197406	0.151666	-0.073213	-2.926787
0.767800	-16295.244469	-15101.893173	31397.137641	1193.351296	47692.382110	2.192952	0.532203	2.744568	0.580170	0.346557	0.059708	-0.416080	0.588502	-0.142402	-0.073233	-2.926767
0.769600	-16294.755140	-15101.115847	31395.870987	1193.639293	47690.626127	2.454940	3.109049	-0.596699	0.472839	0.021078	-0.087132	-0.576827	-0.647461	0.128267	-0.073253	-2.926747
0.771400	-16294.265984	-15100.338301	31394.604285	1193.927682	47688.870269	2.615234	-0.716764	2.345908	0.341780	-0.470675	0.110358	-0.588225	0.540162	-0.108111	-0.073273	-2.926727
0.773200	-16293.776999	-15099.560536	31393.337535	1194.216463	47687.114535	2.741276	1.705478	-0.992727	0.286645	0.653541	-0.129827	-0.677383	-0.088556	0.084701	-0.073293	-2.926707
0.775000	-16293.288187	-15098.782551	31392.070738	1194.505636	47685.358925	3.009161	-1.990781	1.947353	0.096084	-0.610217	0.143722	-0.721293	-0.272495	-0.056832	-0.073313	-2.926687
0.776800	-16292.799547	-15098.004346	31390.803893	1194.795201	47683.603440	3.116357	0.413523	-1.389105	0.017252	0.286581	-0.152126	-0.683489	0.653064	0.027948	-0.073333	-2.926667
0.778600	-16292.311078	-15097.225922	31389.537000	1195.085157	47681.848079	-2.987282	2.894344	1.550459	-0.115174	0.157581	0.154547	-0.740447	-0.624297	0.003143	-0.073353	-2.926647
0.780400	-16291.822782	-15096.447278	31388.270060	1195.375504	47680.092842	-2.745629	-0.833959	-1.785542	-0.272055	-0.512390	-0.150726	-0.650781	0.464896	-0.032875	-0.073373	-2.926627
0.782200	-16291.334657	-15095.668414	31387.003071	1195.666243	47678.337728	-2.663717	1.547733	1.155520	-0.321864	0.697156	0.141468	-0.621462	0.016082	0.062376	-0.073393	-2.926607
0.784000	-16290.846704	-15094.889332	31385.736036	1195.957372	47676.582739	-2.434986	-2.195283	-2.182115	-0.487353	-0.521243	-0.126161	-0.570908	-0.375662	-0.088424	-0.073413	-2.926587
0.785800	-16290.358922	-15094.110030	31384.468952	1196.248892	47674.827874	-2.244742	0.299824	0.761492	-0.537243	0.209539	0.106719	-0.429094	0.677806	0.111948	-0.073433	-2.926567
0.787600	-16289.871311	-15093.330509	31383.201821	1196.540802	47673.073132	-2.149940	2.694964	-2.579099	-0.604169	0.291386	-0.082224	-0.395093	-0.608443	-0.130426	-0.073453	-2.926547
0.789400	-16289.383872	-15092.550769	31381.934641	1196.833103	47671.318514	-1.895530	-1.013369	0.366603	-0.700357	-0.556457	0.055460	-0.235776	0.346879	0.144443	-0.073473	-2.926527
0.791200	-16288.896604	-15091.770811	31380.667415	1197.125794	47669.564019	-1.763942	1.419478	-2.976635	-0.669230	0.706758	-0.025375	-0.130891	0.107769	-0.152430	-0.073493	-2.926507
0.793000	-16288.409507	-15090.990633	31379.400140	1197.418874	47667.809647	-1.626040	-2.424092	-0.030233	-0.739574	-0.429860	-0.004677	-0.040899	-0.492588	0.154636	-0.073514	-2.926486
0.794800	-16287.922581	-15090.210237	31378.132818	1197.712345	47666.055399	-1.378156	0.144840	2.908770	-0.705703	0.097791	0.035732	0.137654	0.670438	-0.150691	-0.073534	-2.926466
0.796600	-16287.435826	-15089.429622	31376.865448	1198.006204	47664.301273	-1.289305	2.536034	-0.428931	-0.663263	0.402260	-0.064287	0.191796	-0.581025	0.140572	-0.073554	-2.926446
0.798400	-16286.949242	-15088.648788	31375.598030	1198.300453	47662.547271	-1.099237	-1.247994	2.511358	-0.667750	-0.610302	0.091337	0.340506	0.204148	-0.125210	-0.073574	-2.926426
0.800200	-16286.462828	-15087.867736	31374.330564	1198.595092	47660.793392	-0.887639	1.277260	-0.828261	-0.541651	0.668986	-0.113742	0.440849	0.202213	0.104387	-0.073595	-2.926405
0.802000	-16285.976585	-15087.086466	31373.063050	1198.890119	47659.039635	-0.808826	-2.622911	2.114841	-0.512999	-0.341028	0.132483	0.489508	-0.597444	-0.080144	-0.073615	-2.926385
0.803800	-16285.490512	-15086.304977	31371.795489	1199.185535	47657.286001	-0.578995	-0.073634	-1.226857	-0.407981	-0.047693	-0.145222	0.624080	0.646533	0.052015	-0.073635	-2.926365
0.805600	-16285.004610	-15085.523271	31370.527880	1199.481339	47655.532490	-0.422133	2.390101	1.718987	-0.280809	0.485820	0.152863	0.625224	-0.519935	-0.022820	-0.073656	-2.926344
0.807400	-16284.518877	-15084.741346	31369.260223	1199.777531	47653.779101	-0.317580	-1.483403	-1.624025	-0.227953	-0.663270	-0.154091	0.693486	0.058113	-0.008210	-0.073676	-2.926324
0.809200	-16284.033315	-15083.959203	31367.992519	1200.074112	47652.025834	-0.075380	1.083621	1.322860	-0.054995	0.588081	0.149616	0.728187	0.311545	0.037875	-0.073696	-2.926304
0.811000	-16283.547923	-15083.176843	31366.724766	1200.371081	47650.272690	0.028609	-2.789579	-2.020315	0.019619	-0.245188	-0.139196	0.685586	-0.667521	-0.067157	-0.073717	-2.926283
0.812800	-16283.062701	-15082.394264	31365.456966	1200.668437	47648.519667	0.181245	-0.328266	0.925423	0.134221	-0.209372	0.123258	0.732424	0.614734	0.092805	-0.073737	-2.926263
0.814600	-16282.577649	-15081.611468	31364.189118	1200.966181	47646.766767	0.403414	2.215646	-2.416739	0.278578	0.549312	-0.102661	0.652678	-0.413143	-0.115911	-0.073758	-2.926242
0.816400	-16282.092767	-15080.828455	31362.921222	1201.264312	47645.013989	0.479035	-1.684280	0.526337	0.322327	-0.693457	0.077568	0.620593	-0.079036	0.133506	-0.073778	-2.926222
0.818200	-16281.608054	-15080.045224	31361.653278	1201.562831	47643.261332	0.678716	0.833096	-2.814048	0.469271	0.478006	-0.049860	0.581833	0.434451	-0.146739	-0.073799	-2.926201
0.820000	-16281.123511	-15079.261775	31360.385286	1201.861736	47641.508797	0.855510	-2.958982	0.126295	0.522715	-0.127979	0.019467	0.454116	-0.693024	0.153322	-0.073819	-2.926181
0.821800	-16280.639137	-15078.478109	31359.117246	1202.161028	47639.756384	0.938295	-0.567573	3.070913	0.580070	-0.364123	0.010936	0.425164	0.571129	-0.154474	-0.073840	-2.926160
0.823600	-16280.154933	-15077.694226	31357.849159	1202.460706	47638.004092	1.164615	1.985180	-0.273325	0.677992	0.601208	-0.041742	0.291603	-0.264443	0.148897	-0.073861	-2.926139
0.825400	-16279.670897	-15076.910126	31356.581024	1202.760771	47636.251921	1.287195	-1.865346	2.672270	0.658463	-0.680507	0.069899	0.191914	-0.206449	-0.137837	-0.073881	-2.926119
0.827200	-16279.187031	-15076.125809	31355.312840	1203.061222	47634.499872	1.406927	0.565205	-0.671483	0.727284	0.352302	-0.096211	0.120258	0.555485	0.121071	-0.073902	-2.926098
0.829000	-16278.703334	-15075.341275	31354.044609	1203.362059	47632.747944	1.629897	3.115585	2.273710	0.718734	0.017595	0.117676	-0.042527	-0.676398	-0.099705	-0.073922	-2.926078
0.830800	-16278.219806	-15074.556524	31352.776330	1203.663281	47630.996136	1.710991	-0.775414	-1.068163	0.686049	-0.493025	-0.135507	-0.096815	0.502970	0.074492	-0.073943	-2.926057
0.832600	-16277.736447	-15073.771557	31351.508003	1203.964890	47629.244450	1.879020	1.709754	1.875251	0.710853	0.641608	0.147044	-0.226314	-0.089734	-0.046205	-0.073964	-2.926036
0.834400	-16277.253256	-15072.986373	31350.239629	1204.266883	47627.492885	2.068833	-2.061938	-1.464490	0.615636	-0.614108	-0.153782	-0.334756	-0.328459	0.016410	-0.073985	-2.926015
0.836200	-16276.770234	-15072.200972	31348.971206	1204.569262	47625.741440	2.139632	0.321553	1.476529	0.598171	0.217158	0.153608	-0.382427	0.651902	0.014523	-0.074005	-2.925995
0.838000	-16276.287380	-15071.415355	31347.702735	1204.872025	47623.990115	2.344580	2.852746	-1.861824	0.530952	0.185709	-0.148185	-0.518759	-0.624950	-0.044386	-0.074026	-2.925974
0.839800	-16275.804695	-15070.629522	31346.434217	1205.175173	47622.238912	2.483525	-0.975513	1.077298	0.421423	-0.586232	0.136159	-0.545169	0.397017	0.073239	-0.074047	-2.925953
0.841600	-16275.322178	-15069.843472	31345.165650	1205.478706	47620.487828	2.578169	1.432794	-2.260928	0.389361	0.660443	-0.119272	-0.616342	0.091726	-0.098466	-0.074068	-2.925932
0.843400	-16274.839829	-15069.057206	31343.897036	1205.782623	47618.736865	2.793279	-2.303961	0.677792	0.248481	-0.496247	0.097105	-0.684298	-0.446937	0.120625	-0.074089	-2.925911
0.845200	-16274.357649	-15068.270724	31342.628373	1206.086924	47616.986022	2.884592	0.101909	-2.661384	0.175393	0.071934	-0.071393	-0.667369	0.703419	-0.137064	-0.074110	-2.925890
0.847000	-16273.875636	-15067.484027	31341.359663	1206.391609	47615.235299	3.022869	2.558299	0.278672	0.087877	0.359297	0.042610	-0.736700	-0.544483	0.148926	-0.074131	-2.925869
0.848800	-16273.393791	-15066.697113	31340.090904	1206.696678	47613.484696	-3.065192	-1.201545	-3.062090	-0.054134	-0.641496	-0.012260	-0.707171	0.248260	-0.153881	-0.074152	-2.925848
0.850600	-16272.912114	-15065.909984	31338.822098	1207.002131	47611.734213	-2.998119	1.181734	-0.119639	-0.100490	0.642448	-0.018470	-0.695590	0.263378	0.153646	-0.074172	-2.925828
0.852400	-16272.430605	-15065.122639	31337.553244	1207.307966	47609.983849	-2.817753	-2.594655	2.821233	-0.236650	-0.338296	0.048579	-0.705038	-0.555587	-0.146417	-0.074193	-2.925807
0.854200	-16271.949263	-15064.335078	31336.284342	1207.614185	47608.233605	-2.666051	-0.120969	-0.517425	-0.317780	-0.084843	-0.076442	-0.617100	0.697941	0.134310	-0.074214	-2.925786
0.856000	-16271.468089	-15063.547302	31335.015391	1207.920787	47606.483480	-2.589554	2.273206	2.422307	-0.378259	0.515390	0.101686	-0.614143	-0.436234	-0.116106	-0.074236	-2.925764
0.857800	-16270.987082	-15062.759311	31333.746393	1208.227772	47604.733475	-2.387591	-1.474749	-0.915582	-0.502254	-0.658662	-0.122430	-0.534825	0.063458	0.094084	-0.074257	-2.925743
0.859600	-16270.506243	-15061.971104	31332.477347	1208.535139	47602.983589	-2.285637	0.946423	2.023767	-0.520988	0.573803	0.138988	-0.452208	0.413443	-0.067649	-0.074278	-2.925722
0.861400	-16270.025570	-15061.182682	31331.208252	1208.842888	47601.233822	-2.172694	-2.903657	-1.315042	-0.607311	-0.155148	-0.149385	-0.417178	-0.639706	0.039061	-0.074299	-2.925701
0.863200	-16269.545065	-15060.394045	31329.939110	1209.151019	47599.484174	-1.979052	-0.376431	1.624859	-0.657587	-0.250050	0.154607	-0.284445	0.632591	-0.008367	-0.074320	-2.925680
0.865000	-16269.064726	-15059.605193	31328.669920	1209.459533	47597.734646	-1.910700	2.011723	-1.715986	-0.658323	0.632114	-0.152847	-0.232802	-0.298303	-0.022349	-0.074341	-2.925659
0.866800	-16268.584554	-15058.816127	31327.400681	1209.768428	47595.985235	-1.754775	-1.788501	1.225309	-0.730170	-0.636071	0.145784	-0.135873	-0.140705	0.052471	-0.074362	-2.925638
0.868600	-16268.104549	-15058.026845	31326.131395	1210.077704	47594.235944	-1.595863	0.698679	-2.117633	-0.699746	0.448483	-0.131984	-0.017544	0.533887	-0.080347	-0.074383	-2.925617
0.870400	-16267.624711	-15057.237349	31324.862060	1210.387362	47592.486771	-1.530497	3.085261	0.825344	-0.714084	0.038405	0.113755	0.028792	-0.681038	0.105012	-0.074405	-2.925595
0.872200	-16267.145039	-15056.447638	31323.592678	1210.697401	47590.737717	-1.345642	-0.678097	-2.518782	-0.718425	-0.412748	-0.090132	0.164546	0.512400	-0.125504	-0.074426	-2.925574
0.874000	-16266.665534	-15055.657713	31322.323247	1211.007821	47588.988781	-1.234103	1.757305	0.425479	-0.652893	0.693190	0.063790	0.228526	-0.130806	0.140766	-0.074447	-2.925553
0.875800	-16266.186195	-15054.867573	31321.053768	1211.318621	47587.239963	-1.141991	-2.110288	-2.918679	-0.665049	-0.570012	-0.034160	0.304045	-0.341288	-0.150695	-0.074469	-2.925531
0.877600	-16265.707022	-15054.077219	31319.784241	1211.629802	47585.491263	-0.954736	0.414422	0.025739	-0.589552	0.271431	0.003971	0.417390	0.617031	0.154258	-0.074490	-2.925510
0.879400	-16265.228015	-15053.286651	31318.514666	1211.941364	47583.742682	-0.882854	2.810139	2.965658	-0.537507	0.228265	0.027056	0.441767	-0.663271	-0.152195	-0.074511	-2.925489
0.881200	-16264.749174	-15052.495869	31317.245043	1212.253305	47581.994218	-0.749597	-1.011185	-0.374324	-0.504522	-0.554357	-0.056399	0.542005	0.347254	0.143565	-0.074533	-2.925467
0.883000	-16264.270499	-15051.704873	31315.975372	1212.565626	47580.245872	-0.588345	1.484014	2.566864	-0.391527	0.689042	0.084099	0.586856	0.059947	-0.129851	-0.074554	-2.925446
0.884800	-16263.791990	-15050.913663	31314.705653	1212.878327	47578.497644	-0.529564	-2.415237	-0.775206	-0.358509	-0.456527	-0.108037	0.612488	-0.513890	0.110262	-0.074575	-2.925425
0.886600	-16263.313647	-15050.122239	31313.435886	1213.191408	47576.749533	-0.362810	0.087781	2.167150	-0.262060	0.057541	0.128082	0.690331	0.653830	-0.086942	-0.074597	-2.925403
0.888400	-16262.835469	-15049.330601	31312.166070	1213.504868	47575.001540	-0.245071	2.534776	-1.176862	-0.168554	0.400597	-0.142723	0.673953	-0.577070	0.059324	-0.074618	-2.925382
0.890200	-16262.357457	-15048.538750	31310.896207	1213.818706	47573.253664	-0.168483	-1.345082	1.766281	-0.121765	-0.652901	0.151821	0.715865	0.149924	-0.030063	-0.074640	-2.925360
0.892000	-16261.879610	-15047.746686	31309.626295	1214.132924	47571.505905	0.008349	1.172603	-1.578647	0.006066	0.617147	-0.154686	0.726475	0.259612	-0.001214	-0.074661	-2.925339
0.893800	-16261.401928	-15046.954408	31308.356335	1214.447520	47569.758263	0.084470	-2.706754	1.364733	0.058647	-0.295763	0.151316	0.692634	-0.636746	0.031630	-0.074683	-2.925317
0.895600	-16260.924411	-15046.161916	31307.086327	1214.762495	47568.010739	0.197626	-0.262452	-1.979704	0.144781	-0.170591	-0.141948	0.723037	0.634997	-0.061511	-0.074704	-2.925296
0.897400	-16260.447060	-15045.369212	31305.816271	1215.077848	47566.263331	0.356952	2.235693	0.963257	0.248239	0.540364	0.126739	0.665650	-0.423635	0.088117	-0.074726	-2.925274
0.899200	-16259.969873	-15044.576294	31304.546167	1215.393579	47564.516040	0.412309	-1.663087	-2.379738	0.282964	-0.688047	-0.106749	0.646955	-0.063681	-0.111898	-0.074748	-2.925252
0.901000	-16259.492851	-15043.783163	31303.276015	1215.709688	47562.768866	0.560911	0.823612	0.562098	0.392851	0.481520	0.082204	0.625341	0.446056	0.130509	-0.074769	-2.925231
0.902800	-16259.015994	-15042.989820	31302.005814	1216.026175	47561.021808	0.681803	-3.004321	-2.779247	0.439876	-0.095680	-0.054806	0.541955	-0.692628	-0.144574	-0.074791	-2.925209
0.904600	-16258.539302	-15042.196263	31300.735565	1216.343039	47559.274867	0.746548	-0.608870	0.161012	0.490240	-0.385824	0.024739	0.529892	0.553360	0.152315	-0.074813	-2.925187
0.906400	-16258.062774	-15041.402494	31299.465268	1216.660280	47557.528042	0.911257	1.899287	3.103884	0.576238	0.630997	0.005830	0.446796	-0.215068	-0.154523	-0.074834	-2.925166
0.908200	-16257.586410	-15040.608512	31298.194923	1216.977898	47555.781333	0.990159	-1.972682	-0.240445	0.581641	-0.645670	-0.036797	0.381603	-0.274421	0.150077	-0.074856	-2.925144
0.910000	-16257.110211	-15039.814318	31296.924529	1217.295893	47554.034741	1.086771	0.457869	2.702612	0.649892	0.292208	0.065727	0.341672	0.592958	-0.139983	-0.074878	-2.925122
0.911800	-16256.634176	-15039.019911	31295.654088	1217.614265	47552.288264	1.240469	2.954908	-0.642345	0.675665	0.126681	-0.092697	0.231679	-0.670679	0.123895	-0.074900	-2.925100
0.913600	-16256.158305	-15038.225292	31294.383598	1217.933013	47550.541903	1.294164	-0.941783	2.300169	0.677339	-0.560415	0.115259	0.192304	0.407761	-0.103017	-0.074921	-2.925079
0.915400	-16255.682598	-15037.430461	31293.113060	1218.252137	47548.795658	1.425706	1.530180	-1.044295	0.729779	0.656791	-0.133843	0.106633	0.026691	0.077793	-0.074943	-2.925057
0.917200	-16255.207055	-15036.635418	31291.842473	1218.571637	47547.049529	1.546395	-2.293073	1.897324	0.701141	-0.522122	0.146297	0.017112	-0.460044	-0.049544	-0.074965	-2.925035
0.919000	-16254.731676	-15035.840163	31290.571839	1218.891513	47545.303515	1.602600	0.097667	-1.445712	0.718108	0.066125	-0.153531	-0.022846	0.674894	0.019305	-0.074987	-2.925013
0.920800	-16254.256461	-15035.044695	31289.301156	1219.211765	47543.557617	1.753954	2.595204	1.494841	0.718438	0.345573	0.153894	-0.133079	-0.568239	0.011712	-0.075009	-2.924991
0.922600	-16253.781409	-15034.249016	31288.030425	1219.532392	47541.811833	1.834238	-1.271024	-1.846541	0.672845	-0.669085	-0.148770	-0.181473	0.206805	-0.042095	-0.075031	-2.924969
0.924400	-16253.306520	-15033.453126	31286.759646	1219.853394	47540.066166	1.916954	1.149260	1.093035	0.687921	0.606209	0.137051	-0.248119	0.271835	0.070961	-0.075053	-2.924947
0.926200	-16252.831795	-15032.657023	31285.488818	1220.174771	47538.320613	2.062954	-2.640878	-2.247372	0.632034	-0.326231	-0.120486	-0.338873	-0.596149	-0.096752	-0.075075	-2.924925
0.928000	-16252.357233	-15031.860709	31284.217942	1220.496523	47536.575175	2.115048	-0.251696	0.691401	0.601554	-0.172854	0.098494	-0.364075	0.672192	0.118998	-0.075097	-2.924903
0.929800	-16251.882834	-15031.064184	31282.947018	1220.818650	47534.829852	2.231523	2.207785	-2.648996	0.581223	0.529723	-0.073071	-0.451767	-0.391928	-0.136141	-0.075119	-2.924881
0.931600	-16251.408598	-15030.267447	31281.676045	1221.141151	47533.084644	2.348940	-1.613952	0.289440	0.501530	-0.692323	0.044147	-0.494306	-0.029896	0.148243	-0.075141	-2.924859
0.933400	-16250.934525	-15029.470500	31280.405025	1221.464026	47531.339550	2.398836	0.774339	-3.051815	0.484364	0.475904	-0.013855	-0.527539	0.486548	-0.153912	-0.075163	-2.924837
0.935200	-16250.460615	-15028.673341	31279.133956	1221.787275	47529.594571	2.536787	-3.021933	-0.112967	0.415683	-0.079327	-0.017452	-0.601379	-0.659765	0.153827	-0.075185	-2.924815
0.937000	-16249.986868	-15027.875971	31277.862838	1222.110897	47527.849706	2.616243	-0.601327	2.827751	0.350364	-0.395235	0.047701	-0.604401	0.576072	-0.146967	-0.075207	-2.924793
0.938800	-16249.513283	-15027.078390	31276.591673	1222.434893	47526.104956	2.687953	1.811567	-0.515479	0.319350	0.647852	-0.076309	-0.655009	-0.159069	0.134685	-0.075229	-2.924771
0.940600	-16249.039861	-15026.280598	31275.320459	1222.759263	47524.360319	2.824317	-1.984553	2.424163	0.224342	-0.620359	0.101543	-0.683204	-0.272403	-0.116377	-0.075251	-2.924749
0.942400	-16248.566601	-15025.482595	31274.049196	1223.084005	47522.615797	2.874824	0.407024	-0.917736	0.185332	0.274792	-0.122836	-0.678170	0.637423	0.093975	-0.075273	-2.924727
0.944200	-16248.093503	-15024.684382	31272.777886	1223.409121	47520.871389	2.977776	2.856305	2.021213	0.119789	0.185967	0.139008	-0.724686	-0.634079	-0.067220	-0.075296	-2.924704
0.946000	-16247.620568	-15023.885959	31271.506526	1223.734609	47519.127094	3.089863	-0.966600	-1.319717	0.036533	-0.568334	-0.149666	-0.705596	0.392330	0.038388	-0.075318	-2.924682
0.947800	-16247.147794	-15023.087325	31270.235119	1224.060470	47517.382913	3.134522	1.420705	1.618875	0.005054	0.674505	0.154282	-0.714671	0.102004	-0.007423	-0.075340	-2.924660
0.949600	-16246.675183	-15022.288480	31268.963663	1224.386702	47515.638846	-3.023471	-2.385495	-1.721964	-0.086129	-0.456128	-0.152682	-0.725767	-0.483672	-0.023258	-0.075362	-2.924638
0.951400	-16246.202733	-15021.489426	31267.692159	1224.713307	47513.894893	-2.946975	0.036722	1.216595	-0.135436	0.025585	0.145005	-0.687102	0.696413	0.053623	-0.075385	-2.924615
0.953200	-16245.730445	-15020.690161	31266.420607	1225.040284	47512.151052	-2.884096	2.444638	-2.125039	-0.185080	0.429606	-0.131342	-0.702809	-0.513210	-0.081295	-0.075407	-2.924593
0.955000	-16245.258319	-15019.890687	31265.149006	1225.367633	47510.407325	-2.758281	-1.358592	0.813854	-0.269311	-0.661225	0.112495	-0.667840	0.142460	0.106268	-0.075429	-2.924571
0.956800	-16244.786355	-15019.091002	31263.877357	1225.695353	47508.663711	-2.710281	1.034703	-2.529048	-0.294165	0.596257	-0.088836	-0.639198	0.354255	-0.126419	-0.075452	-2.924548
0.958600	-16244.314551	-15018.291108	31262.605659	1226.023444	47506.920210	-2.618788	-2.807253	0.410596	-0.365897	-0.217429	0.061789	-0.634917	-0.625909	0.141933	-0.075474	-2.924526
0.960400	-16243.842909	-15017.491003	31261.333913	1226.351906	47505.176822	-2.514194	-0.350328	-2.933424	-0.415840	-0.236375	-0.031933	-0.573462	0.646893	-0.151179	-0.075496	-2.924504
0.962200	-16243.371429	-15016.690690	31260.062118	1226.680739	47503.433547	-2.473702	2.036771	0.007200	-0.442183	0.610066	0.001114	-0.560558	-0.306810	0.154710	-0.075519	-2.924481
0.964000	-16242.900109	-15015.890166	31258.790275	1227.009943	47501.690385	-2.360851	-1.778461	2.945698	-0.513867	-0.651320	0.030070	-0.518675	-0.137235	-0.151531	-0.075541	-2.924459
0.965800	-16242.428950	-15015.089434	31257.518384	1227.339517	47499.947335	-2.288870	0.643402	-0.396013	-0.528696	0.417037	-0.059619	-0.461903	0.556164	0.142595	-0.075564	-2.924436
0.967600	-16241.957953	-15014.288492	31256.246444	1227.669461	47498.204397	-2.233366	3.048160	2.542317	-0.571818	0.062593	0.087134	-0.446150	-0.667976	-0.127562	-0.075586	-2.924414
0.969400	-16241.487116	-15013.487340	31254.974456	1227.999775	47496.461572	-2.118518	-0.762780	-0.799133	-0.615105	-0.467093	-0.110698	-0.375198	0.488716	0.107698	-0.075609	-2.924391
0.971200	-16241.016439	-15012.685980	31253.702420	1228.330459	47494.718859	-2.073984	1.631425	2.139320	-0.617235	0.691332	0.130238	-0.339757	-0.041966	-0.083208	-0.075631	-2.924369
0.973000	-16240.545924	-15011.884411	31252.430334	1228.661513	47492.976258	-1.992342	-2.216658	-1.202652	-0.667247	-0.530565	-0.144078	-0.299212	-0.399884	0.055575	-0.075654	-2.924346
0.974800	-16240.075568	-15011.082633	31251.158201	1228.992936	47491.233769	-1.896594	0.235324	1.736141	-0.672251	0.160282	0.152560	-0.227111	0.668495	-0.025457	-0.075677	-2.924323
0.976600	-16239.605373	-15010.280646	31249.886019	1229.324728	47489.491392	-1.860034	2.622717	-1.606935	-0.684285	0.338679	-0.154378	-0.203632	-0.593061	-0.005581	-0.075699	-2.924301
0.978400	-16239.135339	-15009.478450	31248.613788	1229.656889	47487.749127	-1.758555	-1.200554	1.332324	-0.716182	-0.621615	0.150375	-0.136072	0.241275	0.036556	-0.075722	-2.924278
0.980200	-16238.665464	-15008.676045	31247.341509	1229.989419	47486.006973	-1.692862	1.219307	-2.011836	-0.698453	0.651099	-0.139744	-0.085683	0.238770	-0.065966	-0.075744	-2.924256
0.982000	-16238.195749	-15007.873432	31246.069182	1230.322317	47484.264931	-1.643215	-2.660929	0.928097	-0.722347	-0.310691	0.123864	-0.052403	-0.595815	0.092743	-0.075767	-2.924233
0.983800	-16237.726195	-15007.070611	31244.796806	1230.655584	47482.523001	-1.539897	-0.196741	-2.416824	-0.720002	-0.132176	-0.102454	0.022255	0.663136	-0.115696	-0.075790	-2.924210
0.985600	-16237.256800	-15006.267582	31243.524382	1230.989218	47480.781181	-1.499431	2.197514	0.523817	-0.704041	0.559917	0.077340	0.050330	-0.405436	0.133890	-0.075813	-2.924187
0.987400	-16236.787565	-15005.464344	31242.251909	1231.323221	47479.039473	-1.426522	-1.655220	-2.821310	-0.722182	-0.663639	-0.048647	0.104921	-0.056160	-0.146657	-0.075835	-2.924165
0.989200	-16236.318489	-15004.660898	31240.979387	1231.657591	47477.297876	-1.340565	0.790602	0.119677	-0.691694	0.488013	0.018445	0.162124	0.482960	0.153386	-0.075858	-2.924142
0.991000	-16235.849573	-15003.857244	31239.706817	1231.992329	47475.556390	-1.307820	-3.104624	3.057879	-0.689743	-0.025228	0.012921	0.185687	-0.682099	-0.153988	-0.075881	-2.924119
0.992800	-16235.380816	-15003.053382	31238.434198	1232.327434	47473.815015	-1.217038	-0.651881	-0.284529	-0.682644	-0.405434	-0.043348	0.252096	0.531245	0.148216	-0.075904	-2.924096
0.994600	-16234.912219	-15002.249313	31237.161531	1232.662906	47472.073750	-1.158762	1.764743	2.653971	-0.646126	0.679033	0.072435	0.282391	-0.133373	-0.136583	-0.075927	-2.924073
0.996400	-16234.443780	-15001.445035	31235.888816	1232.998745	47470.332596	-1.114169	-2.116229	-0.689177	-0.649503	-0.575066	-0.098218	0.319072	-0.348972	0.119203	-0.075950	-2.924050
0.998200	-16233.975501	-15000.640550	31234.616052	1233.334951	47468.591553	-1.022423	0.339765	2.249663	-0.614207	0.225551	0.120393	0.375200	0.638101	-0.097131	-0.075972	-2.924028
1.000000	-16233.507381	-14999.835858	31233.343239	1233.671523	47466.850620	-0.986870	2.733451	-1.094480	-0.590140	0.273775	-0.137316	0.389962	-0.633116	0.070847	-0.075995	-2.924005
