#model:pLinear_down	end_point_b=1.00
#t	l_1	l_2	l_3	l_2-l_1	l_3-l_1	phase_1	phase_2	phase_3	RePsi_1	RePsi_2	RePsi_3	ImPsi_1	ImPsi_2	ImPsi_3
0.101800	-479.480645	-310.015860	789.496505	169.464785	1268.977150	2.389917	2.411351	3.050814	0.555599	0.365464	0.017632	-0.594395	-0.408178	-0.193703	-0.353434	-2.646566
0.103600	-479.053239	-309.745719	788.798958	169.307520	1267.852197	-3.070943	-3.041259	-2.084163	-0.055760	-0.054486	-0.246652	-0.787926	-0.541221	-0.139059	-0.353421	-2.646579
0.105400	-478.625592	-309.475577	788.101170	169.150015	1266.726762	-2.242727	-2.223576	-1.109192	-0.590680	-0.422307	-0.344158	-0.469827	-0.322896	0.171201	-0.353408	-2.646592
0.107200	-478.197705	-309.205435	787.403141	168.992270	1265.600846	-1.409123	-1.414610	-0.206662	-0.702899	-0.500185	-0.099768	0.114641	0.078764	0.475865	-0.353394	-2.646606
0.109000	-477.769577	-308.935293	786.704869	168.834284	1264.474446	-0.573426	-0.605002	0.661370	-0.360319	-0.265648	0.358524	0.557931	0.384159	0.460649	-0.353380	-2.646620
0.110800	-477.341206	-308.665150	786.006355	168.676056	1263.347561	0.260645	0.216785	1.510691	0.157129	0.089653	0.672947	0.589134	0.407058	0.040497	-0.353366	-2.646634
0.112600	-476.912592	-308.395006	785.307598	168.517586	1262.220190	1.092247	1.060856	2.348828	0.484829	0.315604	0.538205	0.251514	0.176511	-0.530334	-0.353351	-2.646649
0.114400	-476.483735	-308.124862	784.608597	168.358873	1261.092332	1.926154	1.931226	-3.103374	0.442050	0.287752	-0.031580	-0.164050	-0.108452	-0.825905	-0.353336	-2.646664
0.116200	-476.054634	-307.854717	783.909351	168.199917	1259.963985	2.775162	2.823039	-2.277166	0.138456	0.080564	-0.673785	-0.360786	-0.244293	-0.574898	-0.353321	-2.646679
0.118000	-475.625288	-307.584572	783.209860	168.040716	1258.835148	-2.617723	-2.553595	-1.454198	-0.147801	-0.115763	-0.925951	-0.255839	-0.173646	0.108457	-0.353305	-2.646695
0.119800	-475.195697	-307.314426	782.510123	167.881271	1257.705820	-1.628779	-1.617449	-0.633386	-0.206921	-0.157387	-0.571465	-0.012011	-0.007348	0.778230	-0.353289	-2.646711
0.121600	-474.765860	-307.044280	781.810140	167.721580	1256.575999	-0.406439	-0.554574	0.186099	-0.054641	-0.054556	0.182246	0.126952	0.088076	0.967962	-0.353272	-2.646728
0.123400	-474.335776	-306.774133	781.109909	167.561643	1255.445684	1.136570	0.991001	1.004954	0.109109	0.056455	0.836072	0.050599	0.036971	0.531004	-0.353255	-2.646745
0.125200	-473.905444	-306.503986	780.409430	167.401459	1254.314874	2.528783	2.660979	1.823833	0.093096	0.045175	0.950695	-0.132406	-0.086643	-0.245830	-0.353238	-2.646762
0.127000	-473.474865	-306.233838	779.708703	167.241027	1253.183568	-2.648743	-2.534240	2.643419	-0.108598	-0.092298	0.458599	-0.202211	-0.132806	-0.843118	-0.353220	-2.646780
0.128800	-473.044037	-305.963689	779.007726	167.080348	1252.051763	-1.679842	-1.642553	-2.818664	-0.305438	-0.225720	-0.293330	-0.033439	-0.016225	-0.876546	-0.353203	-2.646797
0.130600	-472.612959	-305.693540	778.306500	166.919419	1250.919459	-0.780806	-0.801690	-1.995001	-0.274627	-0.203041	-0.798636	0.277161	0.196531	-0.360684	-0.353184	-2.646816
0.132400	-472.181632	-305.423391	777.605023	166.758241	1249.786655	0.074913	0.031774	-1.167327	0.035460	0.010471	-0.751060	0.472460	0.329433	0.320619	-0.353165	-2.646835
0.134200	-471.750054	-305.153240	776.903294	166.596813	1248.653348	0.902821	0.870491	-0.333503	0.433776	0.283509	-0.244366	0.342233	0.238944	0.705357	-0.353146	-2.646854
0.136000	-471.318224	-304.883090	776.201314	166.435134	1247.519538	1.714833	1.711506	0.509800	0.614770	0.406701	0.325678	-0.089167	-0.057607	0.582509	-0.353127	-2.646873
0.137800	-470.886142	-304.612939	775.499081	166.273204	1246.385223	2.520330	2.544672	1.368070	0.393922	0.253994	0.569303	-0.550311	-0.373726	0.117020	-0.353107	-2.646893
0.139600	-470.453808	-304.342787	774.796594	166.111021	1245.250402	-2.957475	-2.921453	2.250971	-0.131659	-0.107458	0.381418	-0.706980	-0.480226	-0.308548	-0.353087	-2.646913
0.141400	-470.021220	-304.072634	774.093854	165.948585	1244.115073	-2.149442	-2.121594	-3.106593	-0.628412	-0.448497	-0.013978	-0.410500	-0.275468	-0.399200	-0.353066	-2.646934
0.143200	-469.588377	-303.802481	773.390859	165.785896	1242.979236	-1.339680	-1.333510	-2.103582	-0.753551	-0.533902	-0.271021	0.177326	0.129120	-0.159811	-0.353045	-2.646955
0.145000	-469.155280	-303.532328	772.687608	165.622952	1241.842888	-0.531621	-0.548653	-0.967681	-0.401096	-0.291130	-0.205666	0.682025	0.476283	0.141646	-0.353024	-2.646976
0.146800	-468.721927	-303.262174	771.984101	165.459754	1240.706028	0.271105	0.241238	0.311339	0.214458	0.132371	0.069638	0.771577	0.538032	0.216397	-0.353002	-2.646998
0.148600	-468.288318	-302.992019	771.280337	165.296300	1239.568656	1.066860	1.041103	1.568800	0.700461	0.466861	0.259777	0.386251	0.273350	0.000519	-0.352980	-2.647020
0.150400	-467.854452	-302.721864	770.576316	165.132589	1238.430768	1.856887	1.850125	2.672260	0.753307	0.503700	0.149213	-0.221593	-0.144475	-0.294233	-0.352957	-2.647043
0.152200	-467.420329	-302.451708	769.872036	164.968621	1237.292365	2.644734	2.661511	-2.629885	0.360028	0.233756	-0.203875	-0.663975	-0.448914	-0.363023	-0.352934	-2.647066
0.154000	-466.985947	-302.181551	769.167498	164.804396	1236.153445	-2.848353	-2.817073	-1.718566	-0.205603	-0.155135	-0.501758	-0.680931	-0.461145	-0.074689	-0.352911	-2.647089
0.155800	-466.551306	-301.911394	768.462700	164.639912	1235.014005	-2.052410	-2.025198	-0.846314	-0.581911	-0.414521	-0.446831	-0.304144	-0.202492	0.395458	-0.352887	-2.647113
0.157600	-466.116405	-301.641236	767.757641	164.475168	1233.874045	-1.249452	-1.245496	0.002836	-0.564858	-0.403859	0.001932	0.188031	0.136214	0.681117	-0.352863	-2.647137
0.159400	-465.681243	-301.371078	767.052321	164.310165	1232.733564	-0.441457	-0.471098	0.837506	-0.226596	-0.172082	0.563378	0.479506	0.337848	0.507524	-0.352838	-2.647162
0.161200	-465.245820	-301.100919	766.346739	164.144901	1231.592559	0.367538	0.309614	1.662654	0.166014	0.098004	0.822998	0.431168	0.306357	-0.075812	-0.352813	-2.647187
0.163000	-464.810135	-300.830760	765.640895	163.979376	1230.451030	1.174533	1.111848	2.481324	0.358446	0.231586	0.542475	0.149972	0.114436	-0.698583	-0.352788	-2.647212
0.164800	-464.374188	-300.560599	764.934787	163.813588	1229.308975	1.982062	1.953972	-2.987670	0.282067	0.180956	-0.142776	-0.123020	-0.072943	-0.920246	-0.352762	-2.647238
0.166600	-463.937977	-300.290439	764.228416	163.647538	1228.166392	2.806293	2.859585	-2.176543	0.072064	0.038101	-0.794184	-0.206810	-0.131504	-0.550057	-0.352736	-2.647264
0.168400	-463.501502	-300.020277	763.521779	163.481224	1227.023281	-2.568108	-2.401500	-1.367394	-0.068036	-0.057868	-0.968013	-0.105336	-0.063365	0.199657	-0.352709	-2.647291
0.170200	-463.064762	-299.750115	762.814877	163.314646	1225.879638	-0.993219	-0.994901	-0.559315	-0.038268	-0.038380	-0.529496	0.024940	0.024921	0.845845	-0.352682	-2.647318
0.172000	-462.627756	-299.479953	762.107708	163.147803	1224.735464	1.270966	1.051544	0.248531	0.086131	0.045452	0.244640	0.026627	0.025979	0.963993	-0.352655	-2.647345
0.173800	-462.190484	-299.209789	761.400273	162.980694	1223.590757	2.284585	2.315007	1.056986	0.134337	0.077202	0.852127	-0.116354	-0.071090	0.480917	-0.352627	-2.647373
0.175600	-461.752944	-298.939625	760.692570	162.813319	1222.445514	3.140557	-3.051704	1.866975	0.000271	-0.015248	0.908669	-0.261883	-0.169170	-0.277284	-0.352598	-2.647402
0.177400	-461.315137	-298.669461	759.984598	162.645676	1221.299735	-2.317487	-2.236894	2.679610	-0.250002	-0.186318	0.405539	-0.231360	-0.146432	-0.814465	-0.352570	-2.647430
0.179200	-460.877061	-298.399296	759.276357	162.477766	1220.153418	-1.502716	-1.460944	-2.786854	-0.414748	-0.297848	-0.298271	0.028280	0.032852	-0.805249	-0.352540	-2.647460
0.181000	-460.438716	-298.129130	758.567846	162.309586	1219.006562	-0.696759	-0.697104	-1.964055	-0.313670	-0.226732	-0.736830	0.374862	0.270773	-0.305688	-0.352511	-2.647489
0.182800	-460.000100	-297.858963	757.859064	162.141137	1217.859164	0.098179	0.069483	-1.132281	0.054842	0.027476	-0.659348	0.556793	0.394799	0.309213	-0.352481	-2.647519
0.184600	-459.561214	-297.588796	757.150010	161.972418	1216.711224	0.881380	0.846416	-0.287127	0.482315	0.321292	-0.184673	0.397599	0.284294	0.625405	-0.352450	-2.647550
0.186400	-459.122056	-297.318628	756.440684	161.803428	1215.562740	1.654925	1.634226	0.578337	0.679114	0.455907	0.312507	-0.057268	-0.028957	0.478721	-0.352419	-2.647581
0.188200	-458.682625	-297.048460	755.731085	161.634165	1214.413710	2.422888	2.426850	1.475236	0.477582	0.316557	0.488258	-0.545946	-0.364778	0.046801	-0.352388	-2.647612
0.190000	-458.242921	-296.778291	755.021212	161.464631	1213.264134	-3.093373	-3.068135	2.421011	-0.036392	-0.037330	0.273036	-0.754138	-0.507272	-0.310941	-0.352356	-2.647644
0.191800	-457.802944	-296.508121	754.311064	161.294823	1212.114008	-2.323978	-2.291417	-2.844467	-0.562727	-0.399325	-0.102494	-0.527589	-0.350674	-0.334740	-0.352324	-2.647676
0.193600	-457.362691	-296.237950	753.600641	161.124741	1210.963332	-1.550809	-1.527675	-1.742843	-0.776873	-0.546350	-0.307125	0.015529	0.023574	-0.053368	-0.352291	-2.647709
0.195400	-456.922163	-295.967779	752.889942	160.954384	1209.812104	-0.775238	-0.773118	-0.597347	-0.542277	-0.384584	-0.174647	0.553410	0.394147	0.256740	-0.352258	-2.647742
0.197200	-456.481358	-295.697607	752.178965	160.783751	1208.660323	-0.000649	-0.020977	0.507503	-0.000497	-0.011351	0.168545	0.766103	0.541004	0.303092	-0.352224	-2.647776
0.199000	-456.040276	-295.427435	751.467711	160.612842	1207.507987	0.769263	0.735852	1.527980	0.521784	0.348731	0.408767	0.538900	0.385120	0.017513	-0.352190	-2.647810
0.200800	-455.598917	-295.157261	750.756178	160.441655	1206.355095	1.532333	1.502184	2.474347	0.723887	0.488764	0.300109	0.027857	0.033588	-0.380955	-0.352155	-2.647845
0.202600	-455.157278	-294.887087	750.044366	160.270191	1205.201644	2.288882	2.278007	-2.913466	0.516995	0.347322	-0.127919	-0.451692	-0.296853	-0.550975	-0.352120	-2.647880
0.204400	-454.715360	-294.616913	749.332273	160.098447	1204.047633	3.041491	3.057304	-2.051255	0.063494	0.035654	-0.572629	-0.632173	-0.421992	-0.298451	-0.352085	-2.647915
0.206200	-454.273162	-294.346737	748.619899	159.926424	1202.893061	-2.489217	-2.453046	-1.210769	-0.347310	-0.247488	-0.675523	-0.454619	-0.300753	0.254289	-0.352049	-2.647951
0.208000	-453.830682	-294.076561	747.907244	159.754121	1201.737926	-1.733285	-1.695696	-0.384859	-0.493314	-0.349116	-0.297110	-0.080871	-0.043833	0.733501	-0.352013	-2.647987
0.209800	-453.387921	-293.806385	747.194305	159.581536	1200.582226	-0.972243	-0.958184	0.431045	-0.349162	-0.251132	0.356290	0.238134	0.176499	0.774736	-0.351976	-2.648024
0.211600	-452.944877	-293.536207	746.481084	159.408669	1199.425960	-0.208170	-0.240212	1.239976	-0.070978	-0.060150	0.855459	0.336023	0.245567	0.293801	-0.351938	-2.648062
0.213400	-452.501549	-293.266029	745.767578	159.235520	1198.269126	0.551392	0.459717	2.044046	0.138025	0.084474	0.841754	0.224423	0.170621	-0.431029	-0.351900	-2.648100
0.215200	-452.057936	-292.995850	745.053786	159.062087	1197.111723	1.289692	1.134986	2.844808	0.174808	0.111645	0.285301	0.050476	0.051990	-0.932915	-0.351862	-2.648138
0.217000	-451.614039	-292.725670	744.339709	158.888369	1195.953748	1.951271	1.712361	-2.639697	0.090668	0.055859	-0.478019	-0.036264	-0.007961	-0.871079	-0.351823	-2.648177
0.218800	-451.169855	-292.455490	743.625345	158.714366	1194.795201	1.596550	0.595331	-1.842044	0.022397	0.010272	-0.963034	-0.000577	0.015166	-0.267822	-0.351784	-2.648216
0.220600	-450.725385	-292.185309	742.910694	158.540076	1193.636079	0.774862	0.584655	-1.044423	0.063578	0.038681	-0.858922	0.064932	0.058444	0.499081	-0.351744	-2.648256
0.222400	-450.280627	-291.915127	742.195754	158.365500	1192.476381	1.387389	1.277751	-0.245801	0.180554	0.118038	-0.237306	0.033491	0.035616	0.945919	-0.351704	-2.648296
0.224200	-449.835580	-291.644944	741.480524	158.190636	1191.316105	2.080603	2.039679	0.554986	0.239204	0.156790	0.498223	-0.133740	-0.079424	0.803603	-0.351663	-2.648337
0.226000	-449.390244	-291.374761	740.765005	158.015483	1190.155249	2.796166	2.812470	1.359338	0.121180	0.074423	0.884772	-0.336748	-0.217901	0.189932	-0.351622	-2.648378
0.227800	-448.944618	-291.104577	740.049194	157.840041	1188.993812	-2.757877	-2.708322	2.169043	-0.162091	-0.120588	0.706031	-0.401485	-0.260683	-0.481206	-0.351580	-2.648420
0.229600	-448.498700	-290.834392	739.333092	157.664309	1187.831792	-2.017570	-1.962633	2.986499	-0.450246	-0.317875	0.122848	-0.215705	-0.131347	-0.785724	-0.351538	-2.648462
0.231400	-448.052491	-290.564206	738.616697	157.488285	1186.669188	-1.268799	-1.230838	-2.468130	-0.532999	-0.373226	-0.454750	0.166043	0.132006	-0.569930	-0.351495	-2.648505
0.233200	-447.605989	-290.294020	737.900008	157.311969	1185.505997	-0.515820	-0.505922	-1.623663	-0.301799	-0.212606	-0.657229	0.532250	0.383753	-0.034778	-0.351452	-2.648548
0.235000	-447.159193	-290.023832	737.183025	157.135360	1184.342217	0.236399	0.219922	-0.756320	0.154741	0.102532	-0.401652	0.642338	0.458678	0.425717	-0.351408	-2.648592
0.236800	-446.712102	-289.753644	736.465746	156.958458	1183.177849	0.983896	0.953070	0.143643	0.585822	0.399489	0.073671	0.389616	0.283830	0.509347	-0.351364	-2.648636
0.238600	-446.264716	-289.483455	735.748172	156.781261	1182.012888	1.725031	1.696620	1.088109	0.728775	0.497680	0.400456	-0.113302	-0.062952	0.209851	-0.351319	-2.648681
0.240400	-445.817034	-289.213266	735.030300	156.603768	1180.847334	2.460653	2.448978	2.085728	0.478100	0.324755	0.353058	-0.590089	-0.391393	-0.199778	-0.351274	-2.648726
0.242200	-445.369055	-288.943075	734.312130	156.425979	1179.681185	-3.089847	-3.079159	3.128204	-0.039684	-0.032045	0.005143	-0.766218	-0.512591	-0.384100	-0.351228	-2.648772
0.244000	-444.920778	-288.672884	733.593662	156.247893	1178.514439	-2.357003	-2.329365	-2.103155	-0.537465	-0.375047	-0.338478	-0.538335	-0.355444	-0.199394	-0.351181	-2.648819
0.245800	-444.472201	-288.402692	732.874893	156.069509	1177.347095	-1.621639	-1.590700	-1.084955	-0.740680	-0.515197	-0.379768	-0.037690	-0.010255	0.200539	-0.351134	-2.648866
0.247600	-444.023325	-288.132499	732.155825	155.890826	1176.179150	-0.883194	-0.864579	-0.120311	-0.550950	-0.384594	-0.058327	0.452502	0.328048	0.482459	-0.351087	-2.648913
0.249400	-443.574149	-287.862306	731.436454	155.711843	1175.010603	-0.143478	-0.148142	0.794263	-0.096853	-0.071494	0.394972	0.670395	0.479070	0.388030	-0.351039	-2.648961
0.251200	-443.124670	-287.592111	730.716781	155.532559	1173.841452	0.593656	0.564093	1.670380	0.355849	0.241282	0.622737	0.527290	0.381374	-0.062220	-0.350991	-2.649009
0.253000	-442.674889	-287.321916	729.996805	155.352974	1172.671695	1.323525	1.278218	2.518944	0.570867	0.390883	0.406851	0.144108	0.117743	-0.566712	-0.350941	-2.649059
0.254800	-442.224805	-287.051720	729.276525	155.173085	1171.501330	2.042013	1.998668	-2.935107	0.475485	0.326716	-0.156983	-0.242258	-0.148998	-0.749425	-0.350892	-2.649108
0.256600	-441.774417	-286.781523	728.555939	154.992894	1170.330356	2.746139	2.725320	-2.119715	0.180774	0.124599	-0.705973	-0.433049	-0.281828	-0.431787	-0.350842	-2.649158
0.258400	-441.323723	-286.511325	727.835048	154.812398	1169.158771	-2.850132	-2.833016	-1.314097	-0.113668	-0.078452	-0.852480	-0.378889	-0.246118	0.223768	-0.350791	-2.649209
0.260200	-440.872723	-286.241126	727.113849	154.631597	1167.986572	-2.186597	-2.128572	-0.515409	-0.256722	-0.178255	-0.456278	-0.181654	-0.111205	0.805459	-0.350740	-2.649260
0.262000	-440.421416	-285.970927	726.392343	154.450489	1166.813759	-1.565597	-1.477951	0.278467	-0.229999	-0.161467	0.263773	0.001196	0.015035	0.922619	-0.350688	-2.649312
0.263800	-439.969801	-285.700726	725.670528	154.269075	1165.640329	-1.054088	-0.952162	1.069194	-0.129377	-0.093198	0.861230	0.073512	0.066343	0.472285	-0.350636	-2.649364
0.265600	-439.517878	-285.430525	724.948403	154.087352	1164.466280	-0.900141	-0.747814	1.858159	-0.069197	-0.051523	0.952479	0.054896	0.055550	-0.281499	-0.350583	-2.649417
0.267400	-439.065644	-285.160323	724.225967	153.905321	1163.291611	-1.135766	-0.921894	2.646610	-0.086828	-0.062130	0.471381	0.040351	0.047124	-0.873242	-0.350529	-2.649471
0.269200	-438.613100	-284.890120	723.503219	153.722980	1162.116319	-0.854409	-0.733413	-2.847421	-0.119292	-0.082249	-0.284072	0.103867	0.091278	-0.937650	-0.350475	-2.649525
0.271000	-438.160243	-284.619916	722.780159	153.540327	1160.940403	-0.287537	-0.247361	-2.056260	-0.066305	-0.043749	-0.845299	0.224205	0.173239	-0.445959	-0.350420	-2.649580
0.272800	-437.707075	-284.349711	722.056786	153.357363	1159.763861	0.365420	0.350921	-1.261586	0.111779	0.079908	-0.877257	0.292154	0.218285	0.280246	-0.350365	-2.649635
0.274600	-437.253592	-284.079506	721.333098	153.174087	1158.586690	1.046971	1.004394	-0.461536	0.339378	0.236430	-0.390234	0.196042	0.150347	0.784605	-0.350309	-2.649691
0.276400	-436.799795	-283.809299	720.609094	152.990496	1157.408890	1.737898	1.693158	0.346297	0.461433	0.319378	0.279371	-0.077832	-0.039276	0.774228	-0.350253	-2.649747
0.278200	-436.345683	-283.539091	719.884774	152.806592	1156.230458	2.432127	2.405499	1.165125	0.349947	0.241288	0.701129	-0.407579	-0.266336	0.301131	-0.350196	-2.649804
0.280000	-435.891254	-283.268883	719.160137	152.622371	1155.051391	3.128983	3.129980	1.999269	0.007520	0.004593	0.635365	-0.596342	-0.395453	-0.290218	-0.350139	-2.649861
0.281800	-435.436508	-282.998674	718.435181	152.437834	1153.871689	-2.453388	-2.427866	2.854462	-0.408742	-0.282184	0.179127	-0.497057	-0.325837	-0.606614	-0.350081	-2.649919
0.283600	-434.981443	-282.728463	717.709906	152.252979	1152.691349	-1.747190	-1.709884	-2.545377	-0.667897	-0.460044	-0.319596	-0.119050	-0.064402	-0.470967	-0.350022	-2.649978
0.285400	-434.526059	-282.458252	716.984311	152.067806	1151.510370	-1.035310	-1.002380	-1.626693	-0.604086	-0.415033	-0.513098	0.358410	0.265097	-0.028710	-0.349962	-2.650038
0.287200	-434.070354	-282.188040	716.258394	151.882314	1150.328749	-0.319207	-0.303764	-0.669568	-0.225164	-0.152853	-0.293771	0.681263	0.487624	0.371133	-0.349903	-2.650097
0.289000	-433.614328	-281.917827	715.532155	151.696501	1149.146484	0.398032	0.390443	0.317781	0.281107	0.196981	0.141872	0.668545	0.478605	0.431317	-0.349842	-2.650158
0.290800	-433.157980	-281.647613	714.805593	151.510367	1147.963573	1.112615	1.085645	1.312403	0.650876	0.452627	0.444634	0.321003	0.238614	0.117517	-0.349781	-2.650219
0.292600	-432.701308	-281.377398	714.078706	151.323910	1146.780015	1.821334	1.786376	2.286791	0.695193	0.483811	0.369411	-0.177910	-0.105946	-0.321390	-0.349719	-2.650281
0.294400	-432.244312	-281.107182	713.351495	151.137130	1145.595807	2.522513	2.494564	-3.058756	0.405447	0.284423	-0.044497	-0.569032	-0.376456	-0.535929	-0.349657	-2.650343
0.296200	-431.786991	-280.836965	712.623956	150.950026	1144.410947	-3.066999	-3.075166	-2.159932	-0.049729	-0.029528	-0.496663	-0.665420	-0.443875	-0.331922	-0.349594	-2.650406
0.298000	-431.329343	-280.566747	711.896091	150.762596	1143.225434	-2.379647	-2.363060	-1.294138	-0.430001	-0.292447	-0.637067	-0.450658	-0.296490	0.180889	-0.349530	-2.650470
0.299800	-430.871368	-280.296529	711.167897	150.574840	1142.039265	-1.697304	-1.661633	-0.453866	-0.562330	-0.384780	-0.319007	-0.071521	-0.035049	0.653927	-0.349466	-2.650534
0.301600	-430.413065	-280.026309	710.439373	150.386756	1140.852438	-1.019906	-0.980076	0.367471	-0.427701	-0.292842	0.283724	0.262750	0.196380	0.737030	-0.349401	-2.650599
0.303400	-429.954432	-279.756088	709.710520	150.198344	1139.664952	-0.350485	-0.325982	1.174991	-0.148223	-0.100184	0.780623	0.405448	0.296366	0.326190	-0.349335	-2.650665
0.305200	-429.495469	-279.485866	708.981335	150.009603	1138.476803	0.302086	0.292857	1.972530	0.106925	0.076869	0.823183	0.343123	0.254933	-0.349720	-0.349269	-2.650731
0.307000	-429.036174	-279.215643	708.251817	149.820531	1137.287991	0.918175	0.862382	2.762977	0.228762	0.162930	0.344983	0.174854	0.139594	-0.867207	-0.349203	-2.650797
0.308800	-428.576547	-278.945419	707.521966	149.631127	1136.098512	1.456625	1.349237	-2.734616	0.219323	0.158641	-0.380665	0.025150	0.035735	-0.883128	-0.349135	-2.650865
0.310600	-428.116586	-278.675194	706.791780	149.441392	1134.908366	1.835842	1.682606	-1.952052	0.160345	0.119451	-0.908472	-0.043523	-0.013412	-0.364179	-0.349067	-2.650933
0.312400	-427.656290	-278.404968	706.061259	149.251322	1133.717549	1.990057	1.826711	-1.170928	0.131953	0.100010	-0.906462	-0.058810	-0.026168	0.383106	-0.348998	-2.651002
0.314200	-427.195659	-278.134741	705.330401	149.060918	1132.526060	2.144334	2.019417	-0.389736	0.145257	0.108021	-0.371438	-0.093832	-0.051997	0.904299	-0.348929	-2.651071
0.316000	-426.734691	-277.864513	704.599205	148.870178	1131.333896	2.510697	2.432923	0.393067	0.138368	0.101461	0.367517	-0.189418	-0.118361	0.886342	-0.348859	-2.651141
0.317800	-426.273386	-277.594284	703.867670	148.679102	1130.141056	3.022544	2.992273	1.179193	0.036519	0.029697	0.859947	-0.305306	-0.197405	0.355098	-0.348788	-2.651212
0.319600	-425.811741	-277.324054	703.135796	148.487687	1128.947537	-2.675521	-2.663039	1.970653	-0.170940	-0.113886	0.820849	-0.339819	-0.219529	-0.346911	-0.348717	-2.651283
0.321400	-425.349757	-277.053823	702.403580	148.295934	1127.753337	-2.050096	-2.008197	2.769923	-0.397422	-0.269373	0.306222	-0.206549	-0.125961	-0.785617	-0.348645	-2.651355
0.323200	-424.887432	-276.783591	701.671022	148.103841	1126.558454	-1.399126	-1.346583	-2.703049	-0.500253	-0.338718	-0.334759	0.086732	0.077244	-0.713768	-0.348572	-2.651428
0.325000	-424.424764	-276.513357	700.938122	147.911407	1125.362886	-0.730696	-0.685960	-1.877901	-0.373482	-0.249498	-0.695047	0.416752	0.304798	-0.220426	-0.348499	-2.651501
0.326800	-423.961754	-276.243123	700.204877	147.718631	1124.166631	-0.050906	-0.027040	-1.032886	-0.030753	-0.011706	-0.574348	0.603589	0.432796	0.342652	-0.348424	-2.651576
0.328600	-423.498399	-275.972887	699.471286	147.525512	1122.969685	0.634610	0.632910	-0.162489	0.381018	0.273051	-0.098917	0.517547	0.372217	0.603394	-0.348350	-2.651650
0.330400	-423.034699	-275.702651	698.737350	147.332048	1121.772049	1.320793	1.297708	0.737874	0.653273	0.460973	0.378305	0.166810	0.129112	0.416087	-0.348274	-2.651726
0.332200	-422.570652	-275.432413	698.003065	147.138240	1120.573718	2.003881	1.970557	1.668415	0.633111	0.446805	0.524944	-0.292725	-0.188780	-0.051408	-0.348198	-2.651802
0.334000	-422.106258	-275.162174	697.268432	146.944084	1119.374690	2.681936	2.652583	2.620530	0.315050	0.226942	0.254948	-0.636437	-0.426489	-0.444181	-0.348121	-2.651879
0.335800	-421.641515	-274.891934	696.533449	146.749582	1118.174965	-2.928388	-2.941493	-2.706998	-0.150209	-0.094594	-0.218604	-0.693820	-0.466407	-0.470934	-0.348043	-2.651957
0.337600	-421.176423	-274.621693	695.798116	146.554730	1116.974538	-2.259654	-2.250778	-1.767821	-0.536897	-0.362025	-0.536711	-0.442091	-0.292744	-0.107135	-0.347965	-2.652035
0.339400	-420.710979	-274.351450	695.062430	146.359529	1115.773409	-1.593581	-1.565884	-0.857646	-0.667018	-0.452412	-0.447547	-0.015200	0.002222	0.387138	-0.347886	-2.652114
0.341200	-420.245184	-274.081207	694.326391	146.163977	1114.571574	-0.929239	-0.893751	0.020900	-0.502155	-0.338945	0.013512	0.375094	0.272440	0.646417	-0.347806	-2.652194
0.343000	-419.779035	-273.810962	693.589997	145.968073	1113.369032	-0.267227	-0.239032	0.871328	-0.152369	-0.097196	0.540258	0.556550	0.398852	0.454562	-0.347726	-2.652274
0.344800	-419.312532	-273.540717	692.853248	145.771815	1112.165780	0.389313	0.395948	1.699156	0.197711	0.145624	0.759271	0.481925	0.348363	-0.097999	-0.347645	-2.652355
0.346600	-418.845673	-273.270470	692.116143	145.575204	1110.961816	1.033726	1.009620	2.509712	0.395957	0.284331	0.485222	0.235774	0.178728	-0.662872	-0.347563	-2.652437
0.348400	-418.378458	-273.000221	691.378679	145.378237	1109.757138	1.654727	1.598469	-2.975752	0.397129	0.287091	-0.143790	-0.033410	-0.007947	-0.859076	-0.347480	-2.652520
0.350200	-417.910885	-272.729972	690.640857	145.180913	1108.551742	2.234348	2.152860	-2.187338	0.264398	0.196719	-0.744158	-0.206709	-0.129465	-0.527385	-0.347397	-2.652603
0.352000	-417.442953	-272.459722	689.902675	144.983232	1107.345628	2.743708	2.650603	-1.405422	0.106692	0.087837	-0.930252	-0.253847	-0.164287	0.155258	-0.347313	-2.652687
0.353800	-416.974661	-272.189470	689.164131	144.785191	1106.138792	3.140792	3.053099	-0.627693	0.000181	0.013006	-0.565568	-0.225642	-0.146587	0.779462	-0.347228	-2.652772
0.355600	-416.506008	-271.919217	688.425224	144.586791	1104.931232	-2.877543	-2.942021	0.147856	-0.052499	-0.025365	0.143070	-0.194181	-0.125405	0.960572	-0.347142	-2.652858
0.357400	-416.036992	-271.648963	687.685954	144.388029	1103.722946	-2.645995	-2.671694	0.923093	-0.102011	-0.061319	0.771385	-0.188700	-0.120745	0.583620	-0.347056	-2.652944
0.359200	-415.567612	-271.378707	686.946319	144.188905	1102.513932	-2.308063	-2.291324	1.699892	-0.191952	-0.124130	0.943651	-0.174310	-0.108986	-0.122502	-0.346969	-2.653031
0.361000	-415.097868	-271.108450	686.206318	143.989418	1101.304186	-1.848877	-1.799533	2.480269	-0.306728	-0.202706	0.567870	-0.087564	-0.047192	-0.729697	-0.346881	-2.653119
0.362800	-414.627758	-270.838192	685.465950	143.789565	1100.093708	-1.308504	-1.243551	-3.016653	-0.368942	-0.243907	-0.110600	0.099053	0.082794	-0.880621	-0.346792	-2.653208
0.364600	-414.157280	-270.567933	684.725213	143.589347	1098.882493	-0.718336	-0.656100	-2.221748	-0.291366	-0.188228	-0.669738	0.333322	0.244492	-0.510144	-0.346702	-2.653298
0.366400	-413.686434	-270.297673	683.984106	143.388761	1097.670540	-0.097360	-0.052806	-1.414837	-0.048499	-0.018820	-0.780307	0.496560	0.356074	0.122693	-0.346612	-2.653388
0.368200	-413.215218	-270.027411	683.242629	143.187807	1096.457847	0.542127	0.560607	-0.591861	0.283767	0.211456	-0.409732	0.471120	0.336824	0.609489	-0.346521	-2.653479
0.370000	-412.743631	-269.757148	682.500779	142.986483	1095.244410	1.191253	1.183245	0.251749	0.553042	0.397356	0.169181	0.220599	0.162199	0.657768	-0.346429	-2.653571
0.371800	-412.271672	-269.486883	681.758556	142.784789	1094.030228	1.843516	1.816058	1.120230	0.610650	0.436510	0.566095	-0.170791	-0.109259	0.273851	-0.346337	-2.653663
0.373600	-411.799340	-269.216618	681.015958	142.582722	1092.815298	2.494627	2.459900	2.015413	0.400231	0.290361	0.531622	-0.529806	-0.357823	-0.253282	-0.346243	-2.653757
0.375400	-411.326633	-268.946351	680.272984	142.380282	1091.599617	-3.140788	3.114036	2.933510	-0.000549	0.012778	0.116654	-0.682680	-0.463595	-0.552500	-0.346149	-2.653851
0.377200	-410.853550	-268.676082	679.529633	142.177468	1090.383183	-2.496862	-2.508037	-2.420206	-0.413488	-0.273098	-0.369973	-0.549908	-0.371777	-0.420652	-0.346054	-2.653946
0.379000	-410.380090	-268.405813	678.785903	141.974278	1089.165994	-1.856263	-1.845855	-1.495922	-0.651400	-0.437964	-0.574615	-0.191175	-0.123598	0.043105	-0.345958	-2.654042
0.380800	-409.906252	-268.135542	678.041794	141.770711	1087.948046	-1.218238	-1.189820	-0.591237	-0.615205	-0.413259	-0.340009	0.226353	0.165529	0.506457	-0.345861	-2.654139
0.382600	-409.432034	-267.865269	677.297303	141.566765	1086.729338	-0.582624	-0.546550	0.286759	-0.340931	-0.223621	0.185677	0.517405	0.367575	0.629654	-0.345764	-2.654236
0.384400	-408.957435	-267.594995	676.552431	141.362440	1085.509866	0.049267	0.079187	1.137918	0.028258	0.032300	0.644459	0.573113	0.407041	0.297810	-0.345665	-2.654335
0.386200	-408.482454	-267.324720	675.807175	141.157734	1084.289629	0.673724	0.684283	1.965840	0.325045	0.238923	0.706370	0.407154	0.292881	-0.294531	-0.345566	-2.654434
0.388000	-408.007090	-267.054444	675.061533	140.952646	1083.068623	1.283662	1.265806	2.775205	0.444870	0.323644	0.293172	0.131367	0.101887	-0.764040	-0.345466	-2.654534
0.389800	-407.531340	-266.784166	674.315506	140.747175	1081.846847	1.867481	1.818607	-2.712740	0.387090	0.285339	-0.360004	-0.118336	-0.072194	-0.787353	-0.345365	-2.654635
0.391600	-407.055205	-266.513886	673.569091	140.541319	1080.624296	2.407448	2.332132	-1.927839	0.232066	0.178838	-0.847903	-0.257163	-0.170432	-0.316294	-0.345264	-2.654736
0.393400	-406.578682	-266.243605	672.822288	140.335077	1079.400970	2.878361	2.787610	-1.150131	0.076305	0.070474	-0.852724	-0.283149	-0.190704	0.381484	-0.345161	-2.654839
0.395200	-406.101771	-265.973323	672.075094	140.128448	1078.176865	-3.028837	-3.119081	-0.376948	-0.028558	-0.003845	-0.350435	-0.252200	-0.170779	0.885209	-0.345057	-2.654943
0.397000	-405.624469	-265.703039	671.327509	139.921430	1076.951978	-2.737931	-2.809030	0.394074	-0.094257	-0.051485	0.367784	-0.220682	-0.149064	0.884466	-0.344953	-2.655047
0.398800	-405.146776	-265.432754	670.579530	139.714022	1075.726307	-2.449495	-2.486522	1.165177	-0.164835	-0.101950	0.874257	-0.198867	-0.132707	0.375435	-0.344848	-2.655152
0.400600	-404.668691	-265.162467	669.831158	139.506223	1074.499849	-2.082381	-2.081162	1.938634	-0.263298	-0.170448	0.870676	-0.147826	-0.095423	-0.335539	-0.344742	-2.655258
0.402400	-404.190211	-264.892179	669.082391	139.298032	1073.272602	-1.627119	-1.593589	2.716912	-0.357604	-0.234694	0.372335	-0.020162	-0.005350	-0.823389	-0.344635	-2.655365
0.404200	-403.711336	-264.621890	668.333226	139.089447	1072.044562	-1.106957	-1.053643	-2.780364	-0.373013	-0.243458	-0.305583	0.186596	0.138476	-0.808836	-0.344527	-2.655473
0.406000	-403.232065	-264.351599	667.583663	138.880466	1070.815728	-0.543454	-0.485763	-1.983532	-0.244605	-0.152615	-0.749457	0.404885	0.289066	-0.328178	-0.344418	-2.655582
0.407800	-402.752395	-264.081306	666.833701	138.671089	1069.586095	0.048721	0.096313	-1.171954	0.025489	0.035673	-0.706914	0.522740	0.369244	0.297914	-0.344309	-2.655691
0.409600	-402.272326	-263.811012	666.083337	138.461314	1068.355663	0.659367	0.686515	-0.341472	0.347374	0.258917	-0.239526	0.448171	0.315947	0.673974	-0.344198	-2.655802
0.411400	-401.791856	-263.540716	665.332571	138.251140	1067.124427	1.280667	1.283159	0.511635	0.578357	0.418515	0.326681	0.172670	0.123814	0.581793	-0.344086	-2.655914
0.413200	-401.310983	-263.270419	664.581402	138.040565	1065.892385	1.906332	1.886655	1.388912	0.597019	0.430803	0.617976	-0.208193	-0.140786	0.113656	-0.343974	-2.656026
0.415000	-400.829707	-263.000120	663.829827	137.829588	1064.659534	2.531496	2.497920	2.287119	0.373423	0.275363	0.455469	-0.534176	-0.367019	-0.396524	-0.343861	-2.656139
0.416800	-400.348026	-262.729819	663.077846	137.618207	1063.425872	-3.130396	3.117122	-3.086689	-0.007392	0.011126	-0.032805	-0.660142	-0.454601	-0.596906	-0.343746	-2.656254
0.418600	-399.865939	-262.459517	662.325456	137.406422	1062.191396	-2.514983	-2.540591	-2.180434	-0.384543	-0.250642	-0.501053	-0.531185	-0.365577	-0.349925	-0.343631	-2.656369
0.420400	-399.383444	-262.189214	661.572658	137.194230	1060.956102	-1.906529	-1.913085	-1.290447	-0.601840	-0.401878	-0.616569	-0.210008	-0.143195	0.177531	-0.343515	-2.656485
0.422200	-398.900540	-261.918908	660.819448	136.981631	1059.719988	-1.305850	-1.290326	-0.424031	-0.584158	-0.390403	-0.281640	0.158497	0.112461	0.623903	-0.343398	-2.656602
0.424000	-398.417225	-261.648601	660.065826	136.768623	1058.483051	-0.714365	-0.680774	0.417720	-0.367424	-0.240684	0.297898	0.423716	0.297162	0.671183	-0.343280	-2.656720
0.425800	-397.933498	-261.378293	659.311791	136.555205	1057.245288	-0.135194	-0.093491	1.237531	-0.068321	-0.033087	0.742539	0.502276	0.352870	0.257050	-0.343161	-2.656839
0.427600	-397.449357	-261.107983	658.557340	136.341374	1056.006697	0.425387	0.462080	2.039556	0.184583	0.143503	0.744445	0.407424	0.288135	-0.376992	-0.343041	-2.656959
0.429400	-396.964801	-260.837671	657.802472	136.127130	1054.767274	0.956106	0.975006	2.828021	0.315821	0.236481	0.270482	0.222946	0.160328	-0.834124	-0.342920	-2.657080
0.431200	-396.479829	-260.567357	657.047187	135.912472	1053.527016	1.439244	1.431434	-2.676473	0.327538	0.246575	-0.408346	0.043339	0.034588	-0.813695	-0.342798	-2.657202
0.433000	-395.994439	-260.297042	656.291481	135.697397	1052.285921	1.853862	1.817567	-1.904274	0.274703	0.211020	-0.881757	-0.079905	-0.053157	-0.305454	-0.342675	-2.657325
0.434800	-395.508630	-260.026725	655.535355	135.481905	1051.043985	2.195124	2.137266	-1.135676	0.213418	0.168173	-0.856015	-0.153760	-0.106958	0.397904	-0.342551	-2.657449
0.436600	-395.022400	-259.756406	654.778806	135.265993	1049.801206	2.505438	2.437544	-0.368005	0.159641	0.129202	-0.339002	-0.216145	-0.152139	0.879224	-0.342426	-2.657574
0.438400	-394.535747	-259.486086	654.021833	135.049661	1048.557580	2.853669	2.785803	0.401375	0.085708	0.075630	0.362676	-0.289405	-0.203523	0.854531	-0.342300	-2.657700
0.440200	-394.048670	-259.215764	653.264434	134.832907	1047.313105	-3.012573	-3.071112	1.175242	-0.045444	-0.017291	0.833044	-0.350270	-0.244920	0.347848	-0.342173	-2.657827
0.442000	-393.561169	-258.945440	652.506608	134.615729	1046.067777	-2.535988	-2.575974	1.956679	-0.234842	-0.149542	0.803388	-0.339172	-0.235573	-0.326376	-0.342045	-2.657955
0.443800	-393.073240	-258.675114	651.748354	134.398126	1044.821594	-2.017705	-2.032765	2.749189	-0.425416	-0.281367	0.315033	-0.203880	-0.140093	-0.761193	-0.341916	-2.658084
0.445600	-392.584883	-258.404787	650.989669	134.180096	1043.574552	-1.471355	-1.460661	-2.726508	-0.522536	-0.347506	-0.312890	0.052134	0.038428	-0.710001	-0.341786	-2.658214
0.447400	-392.096096	-258.134457	650.230553	133.961638	1042.326649	-0.905493	-0.874409	-1.900079	-0.447657	-0.294125	-0.688404	0.351248	0.245927	-0.235244	-0.341655	-2.658345
0.449200	-391.606877	-257.864126	649.471003	133.742751	1041.077880	-0.325515	-0.284113	-1.051669	-0.192344	-0.115900	-0.593523	0.569872	0.396902	0.339141	-0.341523	-2.658477
0.451000	-391.117226	-257.593793	648.711019	133.523433	1039.828244	0.264634	0.304332	-0.181034	0.162680	0.131001	-0.116966	0.600318	0.417082	0.639025	-0.341390	-2.658610
0.452800	-390.627140	-257.323458	647.950598	133.303681	1038.577737	0.861297	0.888318	0.707016	0.478734	0.350538	0.409685	0.411069	0.284906	0.479527	-0.341256	-2.658744
0.454600	-390.136617	-257.053121	647.189739	133.083496	1037.326356	1.460479	1.467364	1.601932	0.625554	0.452588	0.629645	0.069291	0.046980	-0.019611	-0.341120	-2.658880
0.456400	-389.645657	-256.782783	646.428440	132.862875	1036.074098	2.057641	2.041991	2.490385	0.546013	0.397579	0.392471	-0.289027	-0.202554	-0.514979	-0.340984	-2.659016
0.458200	-389.154258	-256.512442	645.666700	132.641816	1034.820959	2.647772	2.612705	-2.921711	0.282757	0.214881	-0.148377	-0.525273	-0.367680	-0.663896	-0.340846	-2.659154
0.460000	-388.662418	-256.242100	644.904518	132.420318	1033.566936	-3.057691	-3.104187	-2.073227	-0.047408	-0.014809	-0.633915	-0.563712	-0.395718	-0.348312	-0.340708	-2.659292
0.461800	-388.170136	-255.971755	644.141891	132.198380	1032.312026	-2.498305	-2.545004	-1.247373	-0.315268	-0.202011	-0.731039	-0.420544	-0.297451	0.245039	-0.340568	-2.659432
0.463600	-387.677409	-255.701409	643.378818	131.976000	1031.056227	-1.964421	-1.999229	-0.441186	-0.440987	-0.291092	-0.349415	-0.183141	-0.132949	0.739925	-0.340427	-2.659573
0.465400	-387.184237	-255.431061	642.615297	131.753176	1029.799534	-1.465609	-1.478229	0.349368	-0.422033	-0.279656	0.294664	0.044557	0.025961	0.808823	-0.340285	-2.659715
0.467200	-386.690617	-255.160710	641.851327	131.529907	1028.541944	-1.014613	-0.998822	1.128355	-0.315516	-0.206568	0.809123	0.196139	0.132979	0.383335	-0.340142	-2.659858
0.469000	-386.196548	-254.890358	641.086906	131.306190	1027.283455	-0.624197	-0.579127	1.899509	-0.191079	-0.119672	0.870175	0.265289	0.183007	-0.296805	-0.339998	-2.660002
0.470800	-385.702029	-254.620004	640.322033	131.082026	1026.024062	-0.292770	-0.223480	2.666203	-0.086730	-0.045437	0.426325	0.287727	0.199921	-0.828194	-0.339853	-2.660147
0.472600	-385.207058	-254.349647	639.556705	130.857411	1024.763763	0.016008	0.098245	-2.851609	0.004796	0.020512	-0.266168	0.299559	0.208115	-0.892000	-0.339707	-2.660293
0.474400	-384.711632	-254.079289	638.790921	130.632344	1023.502553	0.358601	0.438822	-2.084484	0.113529	0.098077	-0.799214	0.302901	0.208966	-0.450925	-0.339559	-2.660441
0.476200	-384.215751	-253.808928	638.024680	130.406823	1022.240431	0.765129	0.829984	-1.312425	0.252430	0.195478	-0.863117	0.262876	0.178780	0.228103	-0.339410	-2.660590
0.478000	-383.719413	-253.538566	637.257979	130.180848	1020.977392	1.231438	1.272354	-0.531985	0.390330	0.290823	-0.435190	0.137792	0.089466	0.739381	-0.339261	-2.660739
0.479800	-383.222616	-253.268201	636.490817	129.954415	1019.713433	1.740903	1.754787	0.260619	0.458866	0.336971	0.210249	-0.078818	-0.062709	0.788381	-0.339109	-2.660891
0.481600	-382.725358	-252.997834	635.723192	129.727524	1018.448551	2.277802	2.266865	1.069364	0.391568	0.288430	0.675543	-0.334531	-0.241009	0.370308	-0.338957	-2.661043
0.483400	-382.227638	-252.727465	634.955103	129.500173	1017.182741	2.830407	2.801408	1.897817	0.171099	0.133781	0.687462	-0.531965	-0.377971	-0.233186	-0.338804	-2.661196
0.485200	-381.729454	-252.457094	634.186548	129.272360	1015.916002	-2.892528	-2.929706	2.747777	-0.146401	-0.087702	0.263995	-0.575600	-0.407698	-0.635333	-0.338649	-2.661351
0.487000	-381.230804	-252.186720	633.417524	129.044084	1014.648328	-2.329925	-2.364300	-2.665979	-0.448055	-0.297710	-0.303153	-0.425112	-0.302576	-0.588593	-0.338493	-2.661507
0.488800	-380.731686	-251.916345	632.648031	128.815342	1013.379717	-1.768380	-1.790229	-1.784565	-0.615521	-0.414307	-0.637652	-0.123225	-0.092400	-0.138425	-0.338336	-2.661664
0.490600	-380.232099	-251.645967	631.878066	128.586132	1012.110166	-1.210242	-1.213333	-0.903053	-0.582901	-0.391865	-0.519045	0.219775	0.146365	0.409312	-0.338178	-2.661822
0.492400	-379.732042	-251.375587	631.107628	128.356455	1010.839670	-0.657570	-0.640660	-0.033480	-0.368714	-0.243123	-0.022964	0.477473	0.326090	0.685638	-0.338018	-2.661981
0.494200	-379.231511	-251.105205	630.336715	128.126306	1009.568226	-0.112931	-0.080031	0.816356	-0.064232	-0.031176	0.526976	0.566356	0.388715	0.495318	-0.337858	-2.662142
0.496000	-378.730505	-250.834820	629.565325	127.895685	1008.295831	0.419708	0.460410	1.644170	0.214235	0.163412	0.764966	0.480109	0.329486	-0.056229	-0.337696	-2.662304
0.497800	-378.229024	-250.564433	628.793457	127.664591	1007.022481	0.933930	0.972110	2.451684	0.381302	0.281203	0.516748	0.282043	0.191839	-0.626223	-0.337533	-2.662467
0.499600	-377.727064	-250.294044	628.021108	127.433020	1005.748172	1.419831	1.445496	-3.040644	0.415609	0.306821	-0.085965	0.063224	0.038647	-0.848675	-0.337368	-2.662632
0.501400	-377.224624	-250.023652	627.248276	127.200972	1004.472900	1.863980	1.869967	-2.262294	0.354245	0.265273	-0.682919	-0.106941	-0.081817	-0.565359	-0.337202	-2.662798
0.503200	-376.721702	-249.753258	626.474961	126.968444	1003.196663	2.253763	2.237859	-1.492431	0.256470	0.197120	-0.907006	-0.208659	-0.155229	0.071224	-0.337035	-2.662965
0.505000	-376.218297	-249.482862	625.701159	126.735435	1001.919456	2.591200	2.556681	-0.727319	0.162361	0.130086	-0.612302	-0.264585	-0.196442	0.687902	-0.336867	-2.663133
0.506800	-375.714406	-249.212463	624.926869	126.501943	1000.641275	2.908090	2.861109	0.036576	0.072932	0.065350	0.033613	-0.306640	-0.226848	0.918582	-0.336697	-2.663303
0.508600	-375.210028	-248.942062	624.152090	126.267966	999.362118	-3.032550	-3.085813	0.802743	-0.037420	-0.014014	0.650760	-0.341805	-0.250970	0.628568	-0.336526	-2.663474
0.510400	-374.705161	-248.671658	623.376819	126.033503	998.081980	-2.639822	-2.692561	1.574806	-0.187133	-0.119960	0.878776	-0.341108	-0.248952	-0.003523	-0.336354	-2.663646
0.512200	-374.199802	-248.401252	622.601054	125.798550	996.800857	-2.199124	-2.243384	2.356635	-0.357449	-0.238982	0.596160	-0.259707	-0.190343	-0.596686	-0.336180	-2.663820
0.514000	-373.693951	-248.130843	621.824794	125.563108	995.518745	-1.722502	-1.750856	-3.130876	-0.488653	-0.329648	-0.008596	-0.074706	-0.060006	-0.802057	-0.336005	-2.663995
0.515800	-373.187605	-247.860432	621.048037	125.327173	994.235642	-1.221212	-1.229015	-2.317472	-0.507872	-0.341790	-0.557117	0.185148	0.121589	-0.515560	-0.335829	-2.664171
0.517600	-372.680762	-247.590018	620.270780	125.090743	992.951542	-0.703344	-0.690226	-1.483679	-0.372745	-0.246533	-0.716950	0.439547	0.298569	0.062618	-0.335651	-2.664349
0.519400	-372.173420	-247.319602	619.493023	124.853818	991.666443	-0.174450	-0.144560	-0.629850	-0.103964	-0.058618	-0.406231	0.589894	0.402664	0.557332	-0.335472	-2.664528
0.521200	-371.665578	-247.049183	618.714761	124.616395	990.380340	0.361328	0.400258	0.238783	0.214763	0.163728	0.159433	0.568276	0.386976	0.654952	-0.335292	-2.664708
0.523000	-371.157233	-246.778762	617.935995	124.378472	989.093229	0.900271	0.938631	1.112028	0.471749	0.343020	0.605906	0.374148	0.251240	0.299266	-0.335110	-2.664890
0.524800	-370.648384	-246.508338	617.156722	124.140047	987.805106	1.438277	1.466520	1.977848	0.578899	0.418108	0.637662	0.077168	0.043757	-0.274915	-0.334927	-2.665073
0.526600	-370.139029	-246.237911	616.376939	123.901118	986.515968	1.970194	1.980581	2.826933	0.511423	0.371605	0.224825	-0.215864	-0.161416	-0.690766	-0.334742	-2.665258
0.528400	-369.629165	-245.967481	615.596646	123.661683	985.225810	2.489241	2.477143	-2.628005	0.314260	0.234375	-0.376591	-0.411377	-0.299231	-0.667621	-0.334556	-2.665444
0.530200	-369.118790	-245.697049	614.815839	123.421741	983.934629	2.986469	2.951120	-1.820114	0.073303	0.065767	-0.783836	-0.468748	-0.341097	-0.199577	-0.334369	-2.665631
0.532000	-368.607903	-245.426614	614.034517	123.181289	982.642420	-2.832704	-2.888015	-1.029468	-0.130409	-0.077950	-0.726923	-0.408675	-0.300783	0.437052	-0.334180	-2.665820
0.533800	-368.096502	-245.156176	613.252678	122.940326	981.349180	-2.414740	-2.482943	-0.251956	-0.256739	-0.168478	-0.219462	-0.288710	-0.217688	0.852523	-0.333989	-2.666011
0.535600	-367.584584	-244.885735	612.470320	122.698849	980.054904	-2.051726	-2.122676	0.516668	-0.313533	-0.210508	0.445635	-0.163600	-0.129609	0.784366	-0.333798	-2.666202
0.537400	-367.072148	-244.615292	611.687440	122.456856	978.759588	-1.735950	-1.798033	1.280496	-0.334267	-0.226498	0.873511	-0.055713	-0.052373	0.260952	-0.333604	-2.666396
0.539200	-366.559191	-244.344846	610.904037	122.214346	977.463228	-1.433945	-1.477186	2.043477	-0.343778	-0.233219	0.808557	0.047343	0.021896	-0.413450	-0.333410	-2.666590
0.541000	-366.045712	-244.074396	610.120108	121.971316	976.165821	-1.104426	-1.123351	2.809547	-0.335896	-0.226433	0.290743	0.169093	0.108667	-0.843190	-0.333213	-2.666787
0.542800	-365.531708	-243.803944	609.335652	121.727764	974.867361	-0.726685	-0.720727	-2.700419	-0.277872	-0.183929	-0.369153	0.312579	0.209401	-0.781748	-0.333016	-2.666984
0.544600	-365.017177	-243.533489	608.550667	121.483688	973.567844	-0.302273	-0.274967	-1.915828	-0.138332	-0.084679	-0.779893	0.443616	0.300160	-0.280300	-0.332816	-2.667184
0.546400	-364.502118	-243.263031	607.765149	121.239087	972.267267	0.158639	0.200550	-1.115708	0.080296	0.068977	-0.708261	0.501900	0.339317	0.346585	-0.332616	-2.667384
0.548200	-363.986527	-242.992570	606.979098	120.993957	970.965625	0.645699	0.693432	-0.296699	0.327489	0.241627	-0.218966	0.434658	0.290723	0.716222	-0.332413	-2.667587
0.550000	-363.470404	-242.722106	606.192510	120.748298	969.662914	1.150444	1.194660	0.542304	0.520104	0.375551	0.369445	0.232484	0.148320	0.613120	-0.332209	-2.667791
0.551800	-362.953745	-242.451639	605.405384	120.502106	968.359130	1.665942	1.698251	1.398245	0.580786	0.417232	0.684431	-0.055426	-0.053468	0.119285	-0.332004	-2.667996
0.553600	-362.436549	-242.181169	604.617718	120.255380	967.054268	2.186011	2.200235	2.262951	0.477837	0.344826	0.530972	-0.337691	-0.251121	-0.440157	-0.331797	-2.668203
0.555400	-361.918814	-241.910696	603.829509	120.008118	965.748323	2.704559	2.697604	3.124955	0.243423	0.180697	0.011673	-0.521069	-0.379885	-0.701521	-0.331589	-2.668411
0.557200	-361.400537	-241.640219	603.040756	119.760317	964.441292	-3.068089	-3.095850	-2.309425	-0.040700	-0.018445	-0.538357	-0.552719	-0.402945	-0.490216	-0.331378	-2.668622
0.559000	-360.881715	-241.369740	602.251455	119.511976	963.133171	-2.572894	-2.617720	-1.479836	-0.282011	-0.188326	-0.761068	-0.441240	-0.325984	0.069418	-0.331167	-2.668833
0.560800	-360.362348	-241.099257	601.461605	119.263092	961.823953	-2.101685	-2.157023	-0.670488	-0.418746	-0.285786	-0.499618	-0.245851	-0.189791	0.629997	-0.330953	-2.669047
0.562600	-359.842433	-240.828771	600.671204	119.013662	960.513636	-1.664685	-1.722081	0.120998	-0.441547	-0.303791	0.101625	-0.041578	-0.046313	0.835791	-0.330738	-2.669262
0.564400	-359.321967	-240.558281	599.880248	118.763686	959.202215	-1.272588	-1.322836	0.898595	-0.385168	-0.265848	0.683214	0.118391	0.067305	0.543731	-0.330522	-2.669478
0.566200	-358.800948	-240.287789	599.088737	118.513160	957.889685	-0.931203	-0.965680	1.666750	-0.298128	-0.205206	0.890133	0.221781	0.141935	-0.085675	-0.330303	-2.669697
0.568000	-358.279375	-240.017292	598.296667	118.262082	956.576042	-0.630196	-0.642587	2.429901	-0.210644	-0.142827	0.589771	0.288785	0.190798	-0.683812	-0.330083	-2.669917
0.569800	-357.757244	-239.746793	597.504037	118.010451	955.261280	-0.337168	-0.325402	-3.090786	-0.120754	-0.077805	-0.045636	0.344467	0.230605	-0.897466	-0.329862	-2.670138
0.571600	-357.234553	-239.476290	596.710843	117.758263	953.945396	-0.015226	0.017901	-2.324597	-0.005966	0.004710	-0.642768	0.391792	0.263103	-0.603380	-0.329639	-2.670361
0.573400	-356.711301	-239.205784	595.917085	117.505517	952.628385	0.353411	0.401522	-1.550288	0.148933	0.114507	-0.853625	0.403724	0.269689	0.017509	-0.329413	-2.670587
0.575200	-356.187484	-238.935274	595.122758	117.252210	951.310242	0.766833	0.821680	-0.763414	0.327601	0.239730	-0.565890	0.339997	0.222936	0.591335	-0.329187	-2.670813
0.577000	-355.663101	-238.664761	594.327862	116.998340	949.990963	1.215131	1.267994	0.040071	0.478819	0.344707	0.031254	0.177863	0.107689	0.779551	-0.328958	-2.671042
0.578800	-355.138149	-238.394244	593.532393	116.743905	948.670542	1.687788	1.730668	0.862765	0.538214	0.384952	0.565556	-0.063255	-0.062073	0.484179	-0.328728	-2.671272
0.580600	-354.612626	-238.123724	592.736349	116.488902	947.348975	2.175719	2.202359	1.704094	0.463074	0.331144	0.711077	-0.320164	-0.242236	-0.095351	-0.328496	-2.671504
0.582400	-354.086529	-237.853199	591.939728	116.233330	946.026257	2.671150	2.677801	2.558681	0.259560	0.187830	0.387594	-0.510419	-0.375524	-0.587855	-0.328263	-2.671737
0.584200	-353.559856	-237.582672	591.142528	115.977185	944.702384	-3.116154	-3.130309	-2.866594	-0.014507	-0.004712	-0.192064	-0.570168	-0.417619	-0.680722	-0.328027	-2.671973
0.586000	-353.032605	-237.312140	590.344745	115.720465	943.377350	-2.626721	-2.659518	-2.016646	-0.273938	-0.187260	-0.655219	-0.484184	-0.357878	-0.313160	-0.327790	-2.672210
0.587800	-352.504773	-237.041605	589.546378	115.463168	942.051151	-2.151036	-2.197649	-1.183030	-0.444397	-0.308039	-0.700757	-0.291307	-0.223114	0.286221	-0.327551	-2.672449
0.589600	-351.976358	-236.771066	588.747424	115.205292	940.723782	-1.697358	-1.750940	-0.369086	-0.493493	-0.344212	-0.286372	-0.062793	-0.062687	0.740339	-0.327310	-2.672690
0.591400	-351.447357	-236.500523	587.947880	114.946834	939.395238	-1.275249	-1.327791	0.426169	-0.438246	-0.307115	0.343389	0.133430	0.076135	0.756376	-0.327067	-2.672933
0.593200	-350.917768	-236.229976	587.147745	114.687792	938.065513	-0.894680	-0.938004	1.206218	-0.326659	-0.229644	0.805599	0.262065	0.168421	0.307448	-0.326822	-2.673178
0.595000	-350.387589	-235.959426	586.347015	114.428163	936.734603	-0.561499	-0.588343	1.975554	-0.206096	-0.144531	0.813040	0.327637	0.216637	-0.348317	-0.326576	-2.673424
0.596800	-349.856816	-235.688871	585.545687	114.167945	935.402503	-0.267678	-0.273073	2.738913	-0.098137	-0.067018	0.350639	0.357825	0.239292	-0.823183	-0.326328	-2.673672
0.598600	-349.325448	-235.418313	584.743760	113.907135	934.069208	0.014970	0.032137	-2.782163	0.005623	0.008096	-0.313705	0.375571	0.251846	-0.834873	-0.326077	-2.673923
0.600400	-348.793481	-235.147750	583.941231	113.645731	932.734712	0.321226	0.357770	-2.016586	0.126034	0.094505	-0.790619	0.378765	0.252782	-0.377815	-0.325825	-2.674175
0.602200	-348.260914	-234.877183	583.138097	113.383731	931.399011	0.670341	0.720033	-1.242797	0.270097	0.196403	-0.804557	0.340683	0.223916	0.273784	-0.325571	-2.674429
0.604000	-347.727744	-234.606612	582.334356	113.121131	930.062099	1.062547	1.117728	-0.456163	0.414146	0.297029	-0.359525	0.230705	0.144607	0.732709	-0.325315	-2.674685
0.605800	-347.193967	-234.336037	581.530005	112.857930	928.723972	1.489023	1.541785	0.347287	0.508604	0.362000	0.265478	0.041683	0.010505	0.733452	-0.325057	-2.674943
0.607600	-346.659582	-234.065458	580.725041	112.594124	927.384623	1.939481	1.982591	1.169646	0.502620	0.356296	0.688000	-0.194188	-0.155618	0.291815	-0.324797	-2.675203
0.609400	-346.124587	-233.794875	579.919461	112.329712	926.044048	2.404682	2.432372	2.009338	0.374194	0.264982	0.655616	-0.412362	-0.308774	-0.307484	-0.324535	-2.675465
0.611200	-345.588977	-233.524287	579.113264	112.064690	924.702241	2.876536	2.885112	2.859828	0.147469	0.105071	0.198870	-0.543275	-0.400641	-0.687024	-0.324272	-2.675728
0.613000	-345.052751	-233.253695	578.306446	111.799057	923.359197	-2.935645	-2.947432	-2.572543	-0.113862	-0.079072	-0.389314	-0.545030	-0.402117	-0.608656	-0.324006	-2.675994
0.614800	-344.515906	-232.983098	577.499004	111.532808	922.014910	-2.473053	-2.503909	-1.732062	-0.334093	-0.234751	-0.734651	-0.422967	-0.316824	-0.119512	-0.323738	-2.676262
0.616600	-343.978440	-232.712497	576.690936	111.265943	920.669376	-2.027107	-2.073368	-0.908848	-0.458833	-0.323955	-0.612064	-0.225224	-0.178061	0.476940	-0.323468	-2.676532
0.618400	-343.440349	-232.441891	575.882240	110.998457	919.322588	-1.607163	-1.663184	-0.104807	-0.475793	-0.337748	-0.084879	-0.017310	-0.031293	0.806886	-0.323196	-2.676804
0.620200	-342.901630	-232.171281	575.072912	110.730349	917.974542	-1.223366	-1.282057	0.682022	-0.412409	-0.294710	0.532312	0.149341	0.087541	0.655548	-0.322922	-2.677078
0.622000	-342.362282	-231.900666	574.262949	110.461616	916.625231	-0.883844	-0.937321	1.455681	-0.313414	-0.225558	0.864508	0.257070	0.165661	0.099960	-0.322645	-2.677355
0.623800	-341.822302	-231.630047	573.452349	110.192255	915.274651	-0.587237	-0.627802	2.221009	-0.212922	-0.153948	0.704600	0.319913	0.212121	-0.535877	-0.322367	-2.677633
0.625600	-341.281686	-231.359423	572.641109	109.922263	913.922795	-0.314117	-0.335919	2.983047	-0.117983	-0.085137	0.140105	0.363167	0.243840	-0.876273	-0.322087	-2.677913
0.627400	-340.740432	-231.088794	571.829226	109.651638	912.569658	-0.031846	-0.032542	-2.536327	-0.012707	-0.008751	-0.498758	0.398879	0.268818	-0.720858	-0.321804	-2.678196
0.629200	-340.198537	-230.818160	571.016697	109.380376	911.215234	0.284945	0.304032	-1.765685	0.121092	0.087104	-0.838098	0.413404	0.277615	-0.165436	-0.321519	-2.678481
0.631000	-339.655998	-230.547522	570.203519	109.108476	909.859517	0.643052	0.677950	-0.983303	0.281039	0.200208	-0.685574	0.375069	0.248620	0.456545	-0.321232	-2.678768
0.632800	-339.112812	-230.276878	569.389690	108.835934	908.502502	1.036746	1.081790	-0.184948	0.434679	0.307763	-0.145200	0.257057	0.163765	0.776116	-0.320943	-2.679057
0.634600	-338.568977	-230.006229	568.575206	108.562748	907.144183	1.456508	1.505077	0.631766	0.530445	0.373997	0.447605	0.060889	0.024614	0.611630	-0.320652	-2.679348
0.636400	-338.024489	-229.735576	567.760065	108.288914	905.784555	1.893097	1.938336	1.465623	0.523404	0.367913	0.730834	-0.174788	-0.141659	0.077149	-0.320358	-2.679642
0.638200	-337.479346	-229.464917	566.944264	108.014429	904.423610	2.338291	2.373842	2.310481	0.400774	0.280843	0.535912	-0.386674	-0.290934	-0.489026	-0.320062	-2.679938
0.640000	-336.933545	-229.194253	566.127798	107.739292	903.061344	2.784412	2.805083	-3.127010	0.191933	0.133323	-0.010672	-0.514308	-0.381125	-0.731781	-0.319764	-2.680236
0.641800	-336.387083	-228.923584	565.310667	107.463499	901.697750	-3.059598	-3.057295	-2.291018	-0.043333	-0.033038	-0.565549	-0.527307	-0.390988	-0.496246	-0.319464	-2.680536
0.643600	-335.839956	-228.652910	564.492866	107.187047	900.332822	-2.636131	-2.653589	-1.471690	-0.241931	-0.174260	-0.778610	-0.437160	-0.328279	0.077419	-0.319161	-2.680839
0.645400	-335.292163	-228.382230	563.674392	106.909933	898.966555	-2.238356	-2.274610	-0.670978	-0.364667	-0.262789	-0.507241	-0.287463	-0.223063	0.638964	-0.318856	-2.681144
0.647200	-334.743699	-228.111544	562.855243	106.632154	897.598942	-1.876631	-1.928185	0.113117	-0.408688	-0.296135	0.095538	-0.129039	-0.110584	0.840994	-0.318549	-2.681451
0.649000	-334.194562	-227.840854	562.035415	106.353708	896.229977	-1.557787	-1.618628	0.884773	-0.399328	-0.291339	0.672530	0.005195	-0.013946	0.550582	-0.318239	-2.681761
0.650800	-333.644748	-227.570157	561.214906	106.074591	894.859654	-1.276970	-1.339310	1.649056	-0.367807	-0.269685	0.877964	0.111293	0.063568	-0.068850	-0.317927	-2.682073
0.652600	-333.094255	-227.299456	560.393711	105.794800	893.487967	-1.011673	-1.067914	2.411294	-0.329229	-0.241595	0.586564	0.206008	0.132889	-0.655045	-0.317612	-2.682388
0.654400	-332.543080	-227.028748	559.571828	105.514332	892.114909	-0.731366	-0.776012	-3.106327	-0.274470	-0.201029	-0.030509	0.305856	0.204839	-0.864763	-0.317295	-2.682705
0.656200	-331.991220	-226.758035	558.749254	105.233185	890.740474	-0.416670	-0.446449	-2.332146	-0.180425	-0.132509	-0.608714	0.407661	0.276820	-0.580119	-0.316976	-2.683024
0.658000	-331.438670	-226.487315	557.925986	104.951355	889.364656	-0.065159	-0.078368	-1.544480	-0.031548	-0.025866	-0.809705	0.483493	0.329383	0.021314	-0.316654	-2.683346
0.659800	-330.885429	-226.216590	557.102019	104.668839	887.987448	0.316098	0.319712	-0.739754	0.161472	0.110979	-0.524549	0.493701	0.335213	0.574761	-0.316330	-2.683670
0.661600	-330.331493	-225.945859	556.277352	104.385634	886.608845	0.717776	0.736818	0.082763	0.358334	0.249759	0.062139	0.410397	0.275286	0.749098	-0.316003	-2.683997
0.663400	-329.776858	-225.675122	555.451980	104.101737	885.228839	1.131169	1.162559	0.919268	0.504139	0.352257	0.585575	0.237110	0.152364	0.446570	-0.315673	-2.684327
0.665200	-329.221523	-225.404379	554.625901	103.817144	883.847424	1.548453	1.587714	1.761183	0.554714	0.387776	0.722721	0.012396	-0.006561	-0.139283	-0.315341	-2.684659
0.667000	-328.665482	-225.133629	553.799111	103.531853	882.464593	1.962052	2.003857	2.597759	0.497818	0.347764	0.388311	-0.205362	-0.160782	-0.642205	-0.315007	-2.684993
0.668800	-328.108733	-224.862873	552.971607	103.245860	881.080340	2.363827	2.402718	-2.862856	0.358149	0.249277	-0.213563	-0.363659	-0.273622	-0.746233	-0.314670	-2.685330
0.670600	-327.551274	-224.592111	552.143385	102.959162	879.694658	2.744535	2.775735	-2.058182	0.183539	0.125473	-0.713294	-0.437697	-0.327515	-0.378070	-0.314330	-2.685670
0.672400	-326.993099	-224.321343	551.314442	102.671757	878.307541	3.094316	3.114592	-1.270685	0.020650	0.008865	-0.799966	-0.436470	-0.328266	0.247556	-0.313988	-2.686012
0.674200	-326.434207	-224.050567	550.484774	102.383639	876.918981	-2.877274	-2.868966	-0.496701	-0.105741	-0.082977	-0.410261	-0.390692	-0.296783	0.756901	-0.313642	-2.686358
0.676000	-325.874593	-223.779786	549.654379	102.094807	875.528972	-2.601240	-2.603971	0.268815	-0.198428	-0.151412	0.232113	-0.330764	-0.253962	0.842569	-0.313295	-2.686705
0.677800	-325.314255	-223.508997	548.823252	101.805258	874.137507	-2.341777	-2.354185	1.031399	-0.276346	-0.208933	0.750259	-0.268490	-0.208095	0.449112	-0.312944	-2.687056
0.679600	-324.753188	-223.238202	547.991391	101.514986	872.744579	-2.070421	-2.091988	1.796691	-0.354252	-0.265254	0.840395	-0.193356	-0.152294	-0.193137	-0.312591	-2.687409
0.681400	-324.191391	-222.967400	547.158791	101.223990	871.350181	-1.767288	-1.797514	2.570210	-0.426857	-0.316446	0.454109	-0.084970	-0.072999	-0.706322	-0.312235	-2.687765
0.683200	-323.628858	-222.696591	546.325449	100.932267	869.954306	-1.428907	-1.465907	-2.926245	-0.467615	-0.344134	-0.173223	0.066798	0.036229	-0.791914	-0.311877	-2.688123
0.685000	-323.065586	-222.425775	545.491361	100.639811	868.556947	-1.062179	-1.102454	-2.122807	-0.443181	-0.325445	-0.664756	0.247093	0.164637	-0.409407	-0.311515	-2.688485
0.686800	-322.501573	-222.154952	544.656524	100.346621	867.158097	-0.676971	-0.716050	-1.302245	-0.334759	-0.247684	-0.729230	0.416541	0.284661	0.200684	-0.311151	-2.688849
0.688600	-321.936814	-221.884121	543.820935	100.052692	865.757748	-0.282770	-0.316015	-0.468813	-0.153239	-0.118719	-0.335828	0.527399	0.363085	0.663071	-0.310784	-2.689216
0.690400	-321.371305	-221.613284	542.984589	99.758022	864.355894	0.111861	0.088555	0.368640	0.061370	0.033451	0.268376	0.546341	0.376752	0.694736	-0.310414	-2.689586
0.692200	-320.805045	-221.342438	542.147483	99.462606	862.952527	0.498737	0.488453	1.199605	0.256402	0.172069	0.708605	0.470753	0.323802	0.275813	-0.310041	-2.689959
0.694000	-320.238027	-221.071586	541.309613	99.166442	861.547640	0.869348	0.873885	2.016114	0.389723	0.267634	0.709414	0.329225	0.224015	-0.338599	-0.309665	-2.690335
0.695800	-319.670250	-220.800725	540.470975	98.869525	860.141226	1.214596	1.234479	2.815090	0.446622	0.309571	0.261622	0.166175	0.108226	-0.772607	-0.309286	-2.690714
0.697600	-319.101709	-220.529857	539.631566	98.571852	858.733276	1.526082	1.560763	-2.685273	0.441289	0.307306	-0.371408	0.019745	0.003083	-0.756626	-0.308904	-2.691096
0.699400	-318.532401	-220.258981	538.791382	98.273420	857.323784	1.800664	1.848582	-1.914466	0.402951	0.280764	-0.811844	-0.094292	-0.080062	-0.290536	-0.308519	-2.691481
0.701200	-317.962322	-219.988097	537.950419	97.974225	855.912741	2.047860	2.105904	-1.150265	0.355676	0.246495	-0.794558	-0.183843	-0.146122	0.355334	-0.308132	-2.691868
0.703000	-317.391468	-219.717205	537.108673	97.674262	854.500141	2.291745	2.354597	-0.386822	0.304218	0.207937	-0.326659	-0.267331	-0.207274	0.801922	-0.307741	-2.692259
0.704800	-316.819835	-219.446305	536.266140	97.373530	853.085976	2.558457	2.619309	0.381725	0.234185	0.155503	0.316525	-0.355010	-0.270160	0.788524	-0.307347	-2.692653
0.706600	-316.247420	-219.175397	535.422817	97.072023	851.670237	2.861050	2.913454	1.160876	0.125854	0.076050	0.756479	-0.436779	-0.327546	0.328717	-0.306950	-2.693050
0.708400	-315.674219	-218.904480	534.578699	96.769738	850.252917	-3.085090	-3.046032	1.955016	-0.027392	-0.034487	0.738233	-0.484286	-0.359794	-0.298478	-0.306549	-2.693451
0.710200	-315.100227	-218.633555	533.733782	96.466672	848.834009	-2.722299	-2.699705	2.766053	-0.207810	-0.163401	0.282548	-0.466228	-0.345392	-0.716672	-0.306146	-2.693854
0.712000	-314.525441	-218.362621	532.888063	96.162820	847.413504	-2.344152	-2.339493	-2.691467	-0.376616	-0.283547	-0.327725	-0.367653	-0.274230	-0.678223	-0.305739	-2.694261
0.713800	-313.949858	-218.091679	532.041536	95.858179	845.991394	-1.960708	-1.973951	-1.858324	-0.490469	-0.364719	-0.718633	-0.201559	-0.155559	-0.212516	-0.305330	-2.694670
0.715600	-313.373473	-217.820727	531.194200	95.552745	844.567672	-1.581593	-1.611328	-1.027840	-0.521743	-0.387643	-0.650497	-0.005633	-0.015720	0.392546	-0.304917	-2.695083
0.717400	-312.796281	-217.549767	530.346048	95.246515	843.142329	-1.216493	-1.260034	-0.209086	-0.470996	-0.352570	-0.162204	0.174227	0.113234	0.764440	-0.304500	-2.695500
0.719200	-312.218280	-217.278797	529.497077	94.939483	841.715357	-0.875400	-0.928864	0.593195	-0.364629	-0.277686	0.452168	0.304264	0.207585	0.670680	-0.304080	-2.695920
0.721000	-311.639465	-217.007818	528.647283	94.631647	840.286748	-0.567581	-0.625929	1.379090	-0.239466	-0.188501	0.820191	0.375597	0.260758	0.159191	-0.303657	-2.696343
0.722800	-311.059831	-216.736830	527.796661	94.323002	838.856493	-0.297701	-0.354912	2.152102	-0.123522	-0.104604	0.715068	0.402589	0.282251	-0.469825	-0.303231	-2.696769
0.724600	-310.479376	-216.465832	526.945208	94.013544	837.424584	-0.059007	-0.108845	2.917506	-0.024142	-0.031462	0.192257	0.408652	0.287908	-0.843550	-0.302801	-2.697199
0.726400	-309.898094	-216.194825	526.092919	93.703270	835.991013	0.169761	0.132200	-2.601904	0.070042	0.038272	-0.443187	0.408622	0.287811	-0.739870	-0.302368	-2.697632
0.728200	-309.315982	-215.923808	525.239790	93.392175	834.555772	0.414430	0.391616	-1.833676	0.175319	0.115321	-0.818892	0.398534	0.279264	-0.220370	-0.301931	-2.698069
0.730000	-308.733035	-215.652781	524.385816	93.080255	833.118851	0.690236	0.682586	-1.055305	0.296330	0.202435	-0.717681	0.358869	0.249013	0.406631	-0.301491	-2.698509
0.731800	-308.149250	-215.381743	523.530993	92.767506	831.680242	0.998158	1.004903	-0.262333	0.417266	0.288369	-0.206951	0.269010	0.183169	0.770705	-0.301047	-2.698953
0.733600	-307.564621	-215.110696	522.675317	92.453925	830.239937	1.331018	1.350592	0.547031	0.506503	0.351106	0.402463	0.123831	0.078589	0.660827	-0.300600	-2.699400
0.735400	-306.979144	-214.839638	521.818782	92.139506	828.797927	1.679233	1.709342	1.370248	0.532147	0.368567	0.743077	-0.057932	-0.051392	0.151054	-0.300149	-2.699851
0.737200	-306.392816	-214.568570	520.961386	91.824246	827.354202	2.033168	2.070880	2.199941	0.479341	0.330530	0.611117	-0.238906	-0.180605	-0.444774	-0.299695	-2.700305
0.739000	-305.805632	-214.297491	520.103122	91.508141	825.908754	2.383375	2.425378	3.026087	0.359111	0.244713	0.088399	-0.379184	-0.281152	-0.761914	-0.299236	-2.700764
0.740800	-305.217587	-214.026401	519.243987	91.191186	824.461574	2.720205	2.763209	-2.443055	0.203551	0.133450	-0.507132	-0.454113	-0.335690	-0.603878	-0.298774	-2.701226
0.742600	-304.628677	-213.755300	518.383976	90.873377	823.012653	3.033812	3.075082	-1.645172	0.050173	0.022909	-0.812391	-0.463705	-0.343936	-0.060534	-0.298309	-2.701691
0.744400	-304.038897	-213.484187	517.523085	90.554710	821.561982	-2.967317	-2.929476	-0.862755	-0.075460	-0.068897	-0.637150	-0.428600	-0.319920	0.545483	-0.297839	-2.702161
0.746200	-303.448244	-213.213064	516.661308	90.235180	820.109551	-2.718765	-2.685047	-0.091859	-0.168961	-0.138491	-0.078469	-0.375496	-0.281971	0.851828	-0.297366	-2.702634
0.748000	-302.856712	-212.941929	515.798641	89.914783	818.655352	-2.492860	-2.464037	0.673110	-0.243361	-0.194394	0.536865	-0.320970	-0.241595	0.673330	-0.296889	-2.703111
0.749800	-302.264297	-212.670782	514.935079	89.593514	817.199375	-2.266543	-2.244791	1.438343	-0.315334	-0.247684	0.847345	-0.263318	-0.197844	0.112894	-0.296408	-2.703592
0.751600	-301.670994	-212.399623	514.070617	89.271370	815.741611	-2.017533	-2.006053	2.209974	-0.390226	-0.301735	0.672475	-0.186933	-0.140306	-0.499827	-0.295923	-2.704077
0.753400	-301.076798	-212.128453	513.205251	88.948346	814.282049	-1.736503	-1.737796	2.993381	-0.455194	-0.347512	0.120222	-0.076127	-0.058580	-0.805204	-0.295434	-2.704566
0.755200	-300.481706	-211.857270	512.338975	88.624436	812.820681	-1.426629	-1.441467	-2.491138	-0.484683	-0.367355	-0.477923	0.070363	0.047776	-0.628084	-0.294941	-2.705059
0.757000	-299.885712	-211.586074	511.471786	88.299638	811.357497	-1.097038	-1.124499	-1.677258	-0.454951	-0.344973	-0.765291	0.233255	0.165068	-0.081784	-0.294444	-2.705556
0.758800	-299.288811	-211.314866	510.603677	87.973945	809.892488	-0.758229	-0.796129	-0.853017	-0.358900	-0.275638	-0.573091	0.378951	0.269785	0.500393	-0.293943	-2.706057
0.760600	-298.690999	-211.043645	509.734643	87.647354	808.425642	-0.420550	-0.465852	-0.027309	-0.212289	-0.170453	-0.020896	0.474673	0.339035	0.764973	-0.293438	-2.706562
0.762400	-298.092270	-210.772411	508.864681	87.319860	806.956951	-0.094160	-0.143263	0.790334	-0.047574	-0.052089	0.555380	0.503753	0.361100	0.549924	-0.292929	-2.707071
0.764200	-297.492621	-210.501163	507.993784	86.991458	805.486405	0.210881	0.161978	1.593641	0.101109	0.055568	0.804749	0.472329	0.340053	-0.018388	-0.292416	-2.707584
0.766000	-296.892045	-210.229902	507.121948	86.662143	804.013993	0.485663	0.441277	2.381254	0.213134	0.137904	0.571331	0.403793	0.291958	-0.600708	-0.291898	-2.708102
0.767800	-296.290539	-209.958628	506.249167	86.331911	802.539705	0.726062	0.690631	-3.127283	0.288170	0.194274	-0.012130	0.324570	0.235085	-0.847619	-0.291376	-2.708624
0.769600	-295.688097	-209.687339	505.375436	86.000758	801.063532	0.938730	0.916122	-2.360460	0.341068	0.234525	-0.603168	0.249759	0.180023	-0.608335	-0.290850	-2.709150
0.771400	-295.084713	-209.416036	504.500749	85.668677	799.585462	1.143287	1.135613	-1.595273	0.388462	0.269807	-0.853701	0.176987	0.125436	-0.020900	-0.290319	-2.709681
0.773200	-294.480384	-209.144719	503.625103	85.335665	798.105486	1.363097	1.370144	-0.825380	0.435459	0.303430	-0.617445	0.091768	0.061714	0.569945	-0.289784	-2.710216
0.775000	-293.875103	-208.873387	502.748490	85.001716	796.623593	1.611867	1.631785	-0.045067	0.470524	0.327362	-0.036895	-0.019336	-0.019990	0.818112	-0.289244	-2.710756
0.776800	-293.268866	-208.602040	501.870906	84.666825	795.139772	1.890236	1.920493	0.749614	0.471596	0.326440	0.541894	-0.155989	-0.119048	0.582134	-0.288700	-2.711300
0.778600	-292.661667	-208.330679	500.992346	84.330989	793.654013	2.190981	2.228813	1.559237	0.419648	0.287686	0.775746	-0.299708	-0.222362	0.008967	-0.288152	-2.711848
0.780400	-292.053502	-208.059301	500.112803	83.994200	792.166304	2.504186	2.546731	2.379654	0.311479	0.209107	0.528819	-0.420621	-0.309046	-0.554232	-0.287599	-2.712401
0.782200	-291.444364	-207.787908	499.232272	83.656456	790.676636	2.819484	2.863915	-3.080687	0.164027	0.102642	-0.046806	-0.491495	-0.360097	-0.767549	-0.287041	-2.712959
0.784000	-290.834249	-207.516499	498.350748	83.317749	789.184997	3.126480	-3.112941	-2.264822	0.007570	-0.010530	-0.602307	-0.500854	-0.367433	-0.501196	-0.286478	-2.713522
0.785800	-290.223151	-207.245074	497.468225	82.978077	787.691376	-2.868324	-2.827139	-1.462420	-0.128265	-0.109645	-0.800541	-0.457632	-0.337116	0.087101	-0.285911	-2.714089
0.787600	-289.611065	-206.973633	496.584697	82.637432	786.195762	-2.607536	-2.569837	-0.675127	-0.227585	-0.183377	-0.517374	-0.384837	-0.284990	0.646206	-0.285339	-2.714661
0.789400	-288.997985	-206.702174	495.700159	82.295811	784.698144	-2.378164	-2.343889	0.099622	-0.293009	-0.233155	0.084057	-0.306175	-0.227487	0.840967	-0.284763	-2.715237
0.791200	-288.383906	-206.430699	494.814605	81.953207	783.198510	-2.173093	-2.142191	0.866952	-0.339751	-0.269125	0.650307	-0.233583	-0.173031	0.552033	-0.284181	-2.715819
0.793000	-287.768822	-206.159206	493.928028	81.609616	781.696850	-1.972979	-1.946899	1.633110	-0.382952	-0.301449	0.847922	-0.162896	-0.119043	-0.052905	-0.283594	-2.716406
0.794800	-287.152728	-205.887695	493.040423	81.265032	780.193151	-1.756053	-1.737863	2.404454	-0.426067	-0.332337	0.561778	-0.079847	-0.056045	-0.618796	-0.283003	-2.716997
0.796600	-286.535617	-205.616167	492.151784	80.919451	778.687402	-1.510661	-1.503490	-3.096661	-0.457313	-0.353605	-0.036614	0.027534	0.023836	-0.814347	-0.282406	-2.717594
0.798400	-285.917485	-205.344620	491.262106	80.572865	777.179591	-1.237676	-1.243378	-2.300435	-0.456203	-0.351174	-0.591379	0.157853	0.119274	-0.528851	-0.281805	-2.718195
0.800200	-285.298326	-205.073055	490.371381	80.225271	775.669707	-0.945240	-0.964138	-1.490359	-0.406151	-0.313737	-0.774109	0.293375	0.217720	0.062402	-0.281198	-2.718802
0.802000	-284.678133	-204.801470	489.479603	79.876663	774.157737	-0.643930	-0.675100	-0.671501	-0.305544	-0.240368	-0.479125	0.407029	0.300239	0.602900	-0.280586	-2.719414
0.803800	-284.056901	-204.529866	488.586768	79.527035	772.643669	-0.344680	-0.386259	0.147462	-0.170640	-0.142505	0.113988	0.475306	0.350403	0.767387	-0.279969	-2.720031
0.805600	-283.434624	-204.258243	487.692867	79.176382	771.127492	-0.058291	-0.107633	0.957810	-0.028568	-0.039121	0.647630	0.489530	0.362058	0.455525	-0.279346	-2.720654
0.807400	-282.811297	-203.986599	486.797896	78.824697	769.609193	0.205102	0.151430	1.754392	0.095485	0.052112	0.799274	0.459001	0.341497	-0.148414	-0.278718	-2.721282
0.809200	-282.186912	-203.714935	485.901847	78.471977	768.088759	0.438126	0.384378	2.536866	0.189448	0.122531	0.473566	0.404377	0.302922	-0.685236	-0.278085	-2.721915
0.811000	-281.561464	-203.443250	485.004715	78.118214	766.566179	0.640792	0.591726	-2.974471	0.257589	0.174728	-0.140778	0.345397	0.259989	-0.834510	-0.277446	-2.722554
0.812800	-280.934948	-203.171544	484.106492	77.763403	765.041440	0.825084	0.784862	-2.207604	0.314229	0.218239	-0.683005	0.290228	0.218473	-0.505146	-0.276802	-2.723198
0.814600	-280.307356	-202.899817	483.207172	77.407539	763.514528	1.012014	0.982914	-1.439283	0.372027	0.261513	-0.834585	0.232612	0.174297	0.110396	-0.276152	-2.723848
0.816400	-279.678682	-202.628067	482.306750	77.050615	761.985432	1.219718	1.202046	-0.663351	0.432011	0.305062	-0.508281	0.158225	0.117884	0.650401	-0.275497	-2.724503
0.818200	-279.048921	-202.356295	481.405217	76.692626	760.454138	1.454626	1.447721	0.124879	0.481321	0.339914	0.100255	0.056168	0.042048	0.798634	-0.274836	-2.725164
0.820000	-278.418066	-202.084500	480.502567	76.333566	758.920633	1.712765	1.715799	0.927071	0.499938	0.352248	0.628916	-0.071456	-0.051438	0.471907	-0.274169	-2.725831
0.821800	-277.786111	-201.812682	479.598793	75.973429	757.384905	1.985060	1.997270	1.740413	0.472320	0.331400	0.764297	-0.207684	-0.150575	-0.130895	-0.273496	-2.726504
0.823600	-277.153049	-201.540840	478.693889	75.612209	755.846939	2.260894	2.281567	2.557697	0.396968	0.276439	0.427722	-0.327697	-0.237978	-0.647328	-0.272818	-2.727182
0.825400	-276.518874	-201.268974	477.787848	75.249901	754.306723	2.529441	2.557952	-2.913188	0.288287	0.197444	-0.178276	-0.410592	-0.298984	-0.766908	-0.272133	-2.727867
0.827200	-275.883580	-200.997083	476.880662	74.886497	752.764242	2.780308	2.816266	-2.112600	0.169677	0.110745	-0.690504	-0.449034	-0.328318	-0.415603	-0.271442	-2.728558
0.829000	-275.247159	-200.725167	475.972325	74.521992	751.219484	3.005158	3.048519	-1.325878	0.061958	0.030944	-0.800974	-0.451302	-0.331502	0.200192	-0.270746	-2.729254
0.830800	-274.609605	-200.453225	475.062830	74.156380	749.672435	-3.081598	-3.030829	-0.550802	-0.026112	-0.035629	-0.439897	-0.434711	-0.320351	0.716199	-0.270043	-2.729957
0.832600	-273.970912	-200.181256	474.152168	73.789655	748.123080	-2.905206	-2.847992	0.217670	-0.099855	-0.092316	0.182791	-0.414524	-0.305341	0.826457	-0.269334	-2.730666
0.834400	-273.331072	-199.909262	473.240334	73.421811	746.571406	-2.730178	-2.669474	0.985834	-0.172323	-0.147786	0.701880	-0.394952	-0.289416	0.464844	-0.268619	-2.731381
0.836200	-272.690080	-199.637239	472.327319	73.052840	745.017398	-2.537480	-2.477820	1.759976	-0.253632	-0.208710	0.813395	-0.367481	-0.266836	-0.155740	-0.267897	-2.732103
0.838000	-272.047927	-199.365189	471.413116	72.682738	743.461043	-2.318101	-2.264062	2.545132	-0.342469	-0.273938	0.454672	-0.317323	-0.227599	-0.669665	-0.267169	-2.732831
0.839800	-271.404608	-199.093110	470.497718	72.311497	741.902326	-2.074155	-2.029304	-2.939629	-0.424858	-0.333647	-0.158750	-0.233957	-0.164686	-0.775317	-0.266434	-2.733566
0.841600	-270.760114	-198.821003	469.581117	71.939112	740.341232	-1.814135	-1.780835	-2.129938	-0.480860	-0.373970	-0.661167	-0.119378	-0.079724	-0.413728	-0.265693	-2.734307
0.843400	-270.114440	-198.548865	468.663306	71.565575	738.777746	-1.548841	-1.528374	-1.315413	-0.495198	-0.384301	-0.753652	0.010874	0.016313	0.196766	-0.264945	-2.735055
0.845200	-269.467579	-198.276698	467.744276	71.190881	737.211855	-1.289528	-1.282136	-0.504603	-0.465517	-0.362990	-0.381236	0.134501	0.107791	0.690277	-0.264191	-2.735809
0.847000	-268.819522	-198.004499	466.824021	70.815022	735.643542	-1.046998	-1.051745	0.295629	-0.403486	-0.318098	0.234647	0.233060	0.181730	0.770462	-0.263430	-2.736570
0.848800	-268.170262	-197.732269	465.902531	70.437993	734.072793	-0.829901	-0.844495	1.082722	-0.328192	-0.262854	0.727563	0.300207	0.233487	0.386276	-0.262661	-2.737339
0.850600	-267.519793	-197.460006	464.979800	70.059787	732.499593	-0.640977	-0.662013	1.858527	-0.255819	-0.208548	0.803343	0.342892	0.267597	-0.237743	-0.261886	-2.738114
0.852400	-266.868108	-197.187711	464.055819	69.680397	730.923926	-0.472461	-0.496648	2.627878	-0.191667	-0.159028	0.414430	0.375034	0.293432	-0.734485	-0.261104	-2.738896
0.854200	-266.215198	-196.915382	463.130579	69.299816	729.345777	-0.306658	-0.332494	-2.886207	-0.129070	-0.109946	-0.211917	0.407617	0.318395	-0.811676	-0.260315	-2.739685
0.856000	-265.561056	-196.643018	462.204074	68.918038	727.765130	-0.125424	-0.153500	-2.111170	-0.055621	-0.053026	-0.708182	0.441133	0.342729	-0.424865	-0.259519	-2.740481
0.857800	-264.905675	-196.370619	461.276294	68.535056	726.181969	0.079866	0.048224	-1.325383	0.037202	0.017325	-0.784105	0.464818	0.358986	0.196388	-0.258715	-2.741285
0.859600	-264.249047	-196.098184	460.347231	68.150863	724.596279	0.307078	0.271120	-0.527000	0.146816	0.099062	-0.398332	0.462984	0.356384	0.684544	-0.257904	-2.742096
0.861400	-263.591165	-195.825712	459.416877	67.765453	723.008042	0.547782	0.507741	0.281502	0.259030	0.182164	0.217367	0.424599	0.327399	0.751663	-0.257085	-2.742915
0.863200	-262.932021	-195.553203	458.485223	67.378818	721.417244	0.791229	0.748205	1.093485	0.354504	0.253085	0.695528	0.350394	0.272648	0.359726	-0.256259	-2.743741
0.865000	-262.271606	-195.280655	457.552261	66.990952	719.823867	1.026311	0.982124	1.900755	0.418333	0.301360	0.750627	0.253319	0.201198	-0.257074	-0.255426	-2.744574
0.866800	-261.609914	-195.008067	456.617981	66.601847	718.227895	1.242807	1.199964	2.697269	0.447141	0.324491	0.348071	0.152153	0.126169	-0.731128	-0.254585	-2.745415
0.868600	-260.946936	-194.735439	455.682375	66.211497	716.629312	1.433603	1.395264	-2.801823	0.449623	0.328333	-0.275385	0.062075	0.058232	-0.779073	-0.253735	-2.746265
0.870400	-260.282665	-194.462770	454.745435	65.819895	715.028100	1.598719	1.568283	-2.027629	0.440384	0.322857	-0.751761	-0.012300	0.000811	-0.369498	-0.252879	-2.747121
0.872200	-259.617092	-194.190058	453.807150	65.427033	713.424242	1.748697	1.728723	-1.258134	0.430832	0.315887	-0.799540	-0.077464	-0.050306	0.258464	-0.252014	-2.747986
0.874000	-258.950209	-193.917304	452.867512	65.032905	711.817721	1.901456	1.892615	-0.487099	0.422522	0.308520	-0.390118	-0.145036	-0.102863	0.736534	-0.251141	-2.748859
0.875800	-258.282008	-193.644504	451.926512	64.637503	710.208520	2.072184	2.073425	0.291294	0.406788	0.294867	0.235356	-0.222963	-0.162094	0.784983	-0.250259	-2.749741
0.877600	-257.612481	-193.371660	450.984141	64.240821	708.596621	2.265952	2.275599	1.080909	0.370716	0.266156	0.708598	-0.309193	-0.226374	0.377855	-0.249370	-2.750630
0.879400	-256.941619	-193.098769	450.040388	63.842850	706.982007	2.478534	2.495126	1.882055	0.305793	0.216679	0.751859	-0.391532	-0.287128	-0.241885	-0.248472	-2.751528
0.881200	-256.269415	-192.825830	449.095245	63.443585	705.364659	2.700752	2.723323	2.690614	0.214055	0.148015	0.341953	-0.453690	-0.332993	-0.706131	-0.247566	-2.752434
0.883000	-255.595859	-192.552842	448.148701	63.043017	703.744560	2.921748	2.949867	-2.783971	0.108129	0.069054	-0.276256	-0.483893	-0.355749	-0.739265	-0.246651	-2.753349
0.884800	-254.920944	-192.279805	447.200748	62.641139	702.121692	3.130763	-3.118602	-1.982680	0.005209	-0.008152	-0.734743	-0.480980	-0.354519	-0.320989	-0.245728	-2.754272
0.886600	-254.244660	-192.006716	446.251375	62.237944	700.496035	-2.964254	-2.923983	-1.192763	-0.081454	-0.074256	-0.759895	-0.454486	-0.335830	0.301780	-0.244795	-2.755205
0.888400	-253.566999	-191.733574	445.300573	61.833425	698.867572	-2.800683	-2.752959	-0.413847	-0.148567	-0.126760	-0.334193	-0.418781	-0.309579	0.760892	-0.243854	-2.756146
0.890200	-252.887953	-191.460378	444.348331	61.427575	697.236284	-2.656324	-2.600908	0.357972	-0.202919	-0.170112	0.293464	-0.384808	-0.283350	0.784475	-0.242904	-2.757096
0.892000	-252.207512	-191.187127	443.394639	61.020385	695.602151	-2.516410	-2.454980	1.128465	-0.255700	-0.211809	0.754768	-0.354273	-0.258412	0.357482	-0.241945	-2.758055
0.893800	-251.525668	-190.913819	442.439487	60.611849	693.965155	-2.364219	-2.300310	1.903651	-0.314529	-0.256913	0.779449	-0.319618	-0.229691	-0.269469	-0.240977	-2.759023
0.895600	-250.842412	-190.640453	441.482865	60.201959	692.325277	-2.190472	-2.128113	2.688235	-0.377916	-0.304249	0.354733	-0.269612	-0.189613	-0.728102	-0.239999	-2.760001
0.897400	-250.157735	-190.367026	440.524761	59.790709	690.682496	-1.995972	-1.938452	-2.799205	-0.435397	-0.346496	-0.267263	-0.197146	-0.133460	-0.749842	-0.239012	-2.760988
0.899200	-249.471628	-190.093539	439.565167	59.378089	689.036794	-1.788296	-1.737739	-1.994690	-0.473140	-0.374050	-0.718475	-0.104562	-0.063032	-0.324212	-0.238015	-2.761985
0.901000	-248.784081	-189.819988	438.604069	58.964094	687.388151	-1.577918	-1.535286	-1.187575	-0.481652	-0.380323	-0.732152	-0.003430	0.013511	0.295169	-0.237009	-2.762991
0.902800	-248.095087	-189.546372	437.641459	58.548715	685.736546	-1.375823	-1.340914	-0.385203	-0.461035	-0.365365	-0.300211	0.091046	0.085502	0.740425	-0.235993	-2.764007
0.904600	-247.404635	-189.272690	436.677324	58.131945	684.081959	-1.191651	-1.163047	0.407331	-0.420758	-0.335706	0.322118	0.167639	0.145011	0.746574	-0.234967	-2.765033
0.906400	-246.712716	-188.998939	435.711654	57.713777	682.424370	-1.030857	-1.006156	1.189083	-0.374200	-0.300606	0.766988	0.224276	0.190413	0.307869	-0.233931	-2.766069
0.908200	-246.019320	-188.725117	434.744438	57.294203	680.763758	-0.890797	-0.867669	1.962958	-0.331233	-0.266942	0.770978	0.267854	0.226272	-0.318864	-0.232885	-2.767115
0.910000	-245.324440	-188.451223	433.775663	56.873217	679.100103	-0.759240	-0.737092	2.734194	-0.293196	-0.235751	0.330450	0.308951	0.259704	-0.765744	-0.231829	-2.768171
0.911800	-244.628064	-188.177255	432.805319	56.450809	677.433384	-0.619885	-0.600588	-2.774512	-0.253125	-0.202381	-0.296364	0.354649	0.295446	-0.770762	-0.230762	-2.769238
0.913600	-243.930184	-187.903210	431.833394	56.026974	675.763579	-0.461792	-0.448537	-1.991906	-0.200933	-0.160043	-0.741662	0.403738	0.332556	-0.332193	-0.229684	-2.770316
0.915400	-243.230790	-187.629086	430.859876	55.601704	674.090667	-0.283801	-0.279404	-1.198925	-0.130391	-0.104619	-0.744879	0.447042	0.364640	0.290516	-0.228596	-2.771404
0.917200	-242.529873	-187.354881	429.884754	55.174991	672.414626	-0.092308	-0.098348	-0.397239	-0.043747	-0.037829	-0.306176	0.472577	0.383398	0.729787	-0.227498	-2.772502
0.919000	-241.827422	-187.080592	428.908014	54.746829	670.735435	0.102686	0.086002	0.407707	0.048681	0.033050	0.313818	0.472414	0.383345	0.726586	-0.226388	-2.773612
0.920800	-241.123427	-186.806218	427.929645	54.317210	669.053073	0.290357	0.264161	1.208968	0.133626	0.098707	0.747753	0.447205	0.364932	0.283018	-0.225267	-2.774733
0.922600	-240.417881	-186.531754	426.949635	53.886126	667.367516	0.461165	0.427926	2.001396	0.201628	0.152459	0.738090	0.405771	0.334256	-0.339039	-0.224135	-2.775865
0.924400	-239.710771	-186.257199	425.967971	53.453572	665.678742	0.609648	0.572975	2.783723	0.251487	0.193308	0.288836	0.360093	0.299621	-0.772347	-0.222992	-2.777008
0.926200	-239.002090	-185.982550	424.984640	53.019539	663.986729	0.738035	0.701761	-2.724688	0.289876	0.225693	-0.336889	0.318722	0.266996	-0.760704	-0.221837	-2.778163
0.928000	-238.291825	-185.707804	423.999629	52.584021	662.291455	0.857563	0.824115	-1.952509	0.326485	0.256146	-0.771895	0.282464	0.237042	-0.309839	-0.220671	-2.779329
0.929800	-237.579969	-185.432957	423.012926	52.147012	660.592895	0.983402	0.952807	-1.177277	0.367645	0.288910	-0.761184	0.244773	0.205380	0.316025	-0.219492	-2.780508
0.931600	-236.866510	-185.158008	422.024518	51.708503	658.891028	1.125931	1.096540	-0.394361	0.412183	0.323087	-0.312046	0.196503	0.165851	0.749819	-0.218302	-2.781698
0.933400	-236.151440	-184.882951	421.034391	51.268489	657.185830	1.286398	1.256399	0.398201	0.451891	0.352960	0.310352	0.132098	0.114777	0.737748	-0.217100	-2.782900
0.935200	-235.434747	-184.607784	420.042531	50.826963	655.477278	1.458751	1.427137	1.198542	0.476213	0.371218	0.739166	0.053582	0.053699	0.288614	-0.215886	-2.784114
0.937000	-234.716422	-184.332504	419.048925	50.383918	653.765347	1.633360	1.600216	2.001312	0.478317	0.373132	0.721852	-0.029964	-0.010981	-0.331507	-0.214659	-2.785341
0.938800	-233.996454	-184.057105	418.053560	49.939349	652.050014	1.799891	1.766425	2.800040	0.458981	0.359233	0.268747	-0.107029	-0.071187	-0.756003	-0.213419	-2.786581
0.940600	-233.274834	-183.781586	417.056420	49.493249	650.331255	1.949690	1.918176	-2.692935	0.426074	0.334953	-0.353128	-0.169633	-0.121273	-0.733543	-0.212167	-2.787833
0.942400	-232.551552	-183.505940	416.057493	49.045612	648.609045	2.078766	2.052210	-1.911929	0.390031	0.307514	-0.777308	-0.217129	-0.160648	-0.275954	-0.210902	-2.789098
0.944200	-231.826598	-183.230165	415.056763	48.596433	646.883361	2.190960	2.172126	-1.137265	0.358054	0.281936	-0.753546	-0.255707	-0.193434	0.348818	-0.209624	-2.790376
0.946000	-231.099961	-182.954255	414.054217	48.145706	645.154178	2.297944	2.288028	-0.363982	0.330422	0.258492	-0.295014	-0.294007	-0.225452	0.774404	-0.208333	-2.791667
0.947800	-230.371632	-182.678207	413.049839	47.693425	643.421471	2.413319	2.411494	0.413226	0.300991	0.233050	0.329527	-0.337505	-0.260363	0.751536	-0.207028	-2.792972
0.949600	-229.641600	-182.402014	412.043614	47.239587	641.685214	2.544945	2.549262	1.198264	0.261477	0.200015	0.753856	-0.384963	-0.297228	0.294591	-0.205710	-2.794290
0.951400	-228.909856	-182.125672	411.035528	46.784185	639.945384	2.692192	2.700834	1.992073	0.206905	0.156078	0.729669	-0.428981	-0.330878	-0.326968	-0.204378	-2.795622
0.953200	-228.176390	-181.849175	410.025565	46.327215	638.201955	2.848226	2.860218	2.791856	0.139019	0.102557	0.272505	-0.460200	-0.354816	-0.747141	-0.203032	-2.796968
0.955000	-227.441192	-181.572518	409.013710	45.868674	636.454902	3.003451	3.018865	-2.691155	0.065707	0.045006	-0.347513	-0.472622	-0.364870	-0.718603	-0.201673	-2.798327
0.956800	-226.704252	-181.295694	407.999946	45.408558	634.704198	-3.134901	-3.114955	-1.896294	-0.003125	-0.009631	-0.764596	-0.466934	-0.361486	-0.258052	-0.200299	-2.799701
0.958600	-225.965560	-181.018699	406.984259	44.946862	632.949820	-3.007355	-2.980959	-1.109844	-0.060763	-0.056603	-0.732354	-0.449934	-0.349335	0.363712	-0.198910	-2.801090
0.960400	-225.225108	-180.741524	405.966632	44.483584	631.191740	-2.898167	-2.863307	-0.331208	-0.106917	-0.095578	-0.268584	-0.430508	-0.334541	0.781051	-0.197507	-2.802493
0.962200	-224.482885	-180.464163	404.947048	44.018722	629.429933	-2.800487	-2.756288	0.443205	-0.147168	-0.130274	0.355268	-0.414580	-0.321208	0.748401	-0.196089	-2.803911
0.964000	-223.738882	-180.186609	403.925491	43.552273	627.664373	-2.701942	-2.649535	1.218381	-0.189070	-0.165775	0.773682	-0.401975	-0.309262	0.284536	-0.194657	-2.805343
0.965800	-222.993090	-179.908854	402.901944	43.084236	625.895035	-2.591587	-2.533634	1.998927	-0.237263	-0.205166	0.741838	-0.386981	-0.294827	-0.338545	-0.193209	-2.806791
0.967600	-222.245500	-179.630891	401.876391	42.614610	624.121891	-2.465582	-2.404908	2.787387	-0.290465	-0.247472	0.279379	-0.362137	-0.272838	-0.755481	-0.191746	-2.808254
0.969400	-221.496104	-179.352710	400.848813	42.143394	622.344917	-2.327526	-2.266056	-2.700182	-0.342048	-0.288048	-0.341231	-0.322977	-0.240295	-0.722175	-0.190267	-2.809733
0.971200	-220.744892	-179.074303	399.819194	41.670589	620.564086	-2.185521	-2.123881	-1.901446	-0.383756	-0.321137	-0.754829	-0.270922	-0.198256	-0.259095	-0.188773	-2.811227
0.973000	-219.991856	-178.795660	398.787516	41.196196	618.779372	-2.049025	-1.986515	-1.105103	-0.410315	-0.343044	-0.718036	-0.212692	-0.151436	0.360856	-0.187262	-2.812738
0.974800	-219.236988	-178.516772	397.753760	40.720216	616.990749	-1.926105	-1.860910	-0.315394	-0.422238	-0.354068	-0.252121	-0.156674	-0.105702	0.772700	-0.185736	-2.814264
0.976600	-218.480281	-178.237628	396.717909	40.242653	615.198190	-1.820477	-1.750327	0.466608	-0.425254	-0.358112	0.369579	-0.108440	-0.064992	0.733719	-0.184194	-2.815806
0.978400	-217.721727	-177.958217	395.679944	39.763510	613.401671	-1.728844	-1.652304	1.243104	-0.426782	-0.360253	0.782222	-0.068019	-0.029429	0.265915	-0.182635	-2.817365
0.980200	-216.961319	-177.678527	394.639846	39.282792	611.601165	-1.641245	-1.558996	2.018344	-0.431586	-0.363760	0.743660	-0.030455	0.004293	-0.356982	-0.181059	-2.818941
0.982000	-216.199050	-177.398546	393.597596	38.800504	609.796647	-1.546253	-1.461093	2.796918	-0.439149	-0.368277	0.276525	0.010780	0.040564	-0.770255	-0.179467	-2.820533
0.983800	-215.434915	-177.118261	392.553176	38.316654	607.988090	-1.437441	-1.352878	-2.701139	-0.444233	-0.370214	-0.345140	0.059594	0.081978	-0.732261	-0.177857	-2.822143
0.985600	-214.668907	-176.837658	391.506564	37.831249	606.175471	-1.315776	-1.234509	-1.909008	-0.440189	-0.365013	-0.756769	0.114756	0.127596	-0.266176	-0.176231	-2.823769
0.987400	-213.901021	-176.556722	390.457743	37.344299	604.358763	-1.187737	-1.110903	-1.112625	-0.423014	-0.349948	-0.717206	0.170460	0.173335	0.353707	-0.174587	-2.825413
0.989200	-213.131253	-176.275437	389.406690	36.855816	602.537943	-1.062166	-0.989203	-0.316784	-0.393774	-0.325789	-0.250128	0.219553	0.214189	0.762993	-0.172925	-2.827075
0.991000	-212.359599	-175.993787	388.353387	36.365812	600.712986	-0.947357	-0.876204	0.474083	-0.358039	-0.296413	0.369946	0.257471	0.246937	0.720984	-0.171246	-2.828754
0.992800	-211.586056	-175.711755	387.297811	35.874302	598.883868	-0.848172	-0.775914	1.258055	-0.322750	-0.266649	0.778771	0.284576	0.271755	0.251818	-0.169549	-2.830451
0.994600	-210.810623	-175.429320	386.239943	35.381302	597.050566	-0.763325	-0.687528	2.036346	-0.292408	-0.239656	0.736045	0.305610	0.291840	-0.369774	-0.167835	-2.832165
0.996400	-210.033296	-175.146464	385.179760	34.886832	595.213057	-0.684894	-0.605177	2.812465	-0.266815	-0.215366	0.266295	0.326664	0.311329	-0.779666	-0.166101	-2.833899
0.998200	-209.254077	-174.863165	384.117242	34.390913	593.371319	-0.602189	-0.520717	-2.692527	-0.241611	-0.190848	-0.355587	0.351508	0.332769	-0.737879	-0.164350	-2.835650
1.000000	-208.472967	-174.579399	383.052366	33.893567	591.525332	-0.507916	-0.428185	-1.908963	-0.211194	-0.162317	-0.765592	0.379419	0.355628	-0.269239	-0.162580	-2.837420
