#model:pLinear_down	end_point_b=1.00
#t	l_1	l_2	l_3	l_2-l_1	l_3-l_1	phase_1	phase_2	phase_3	RePsi_1	RePsi_2	RePsi_3	ImPsi_1	ImPsi_2	ImPsi_3
0.101800	-151.970454	-151.555364	303.525818	0.415091	455.496272	2.389070	2.389091	2.389769	0.561868	0.374844	0.104505	-0.600082	-0.400355	-0.111769	-0.002731	-2.997269
0.103600	-151.700453	-151.285364	302.985816	0.415089	454.686269	-3.077285	-3.077256	-3.076328	-0.052827	-0.035261	-0.009986	-0.820348	-0.547310	-0.152795	-0.002736	-2.997264
0.105400	-151.430451	-151.015364	302.445815	0.415088	453.876266	-2.261893	-2.261875	-2.261279	-0.633412	-0.422608	-0.118125	-0.523948	-0.349561	-0.097588	-0.002741	-2.997259
0.107200	-151.160450	-150.745364	301.905814	0.415086	453.066263	-1.447947	-1.447951	-1.448057	-0.815828	-0.544311	-0.152101	0.100731	0.067205	0.018763	-0.002746	-2.997254
0.109000	-150.890448	-150.475364	301.365812	0.415085	452.256261	-0.635461	-0.635485	-0.636225	-0.487917	-0.325539	-0.091025	0.661571	0.441379	0.123224	-0.002751	-2.997249
0.110800	-150.620447	-150.205364	300.825811	0.415083	451.446258	0.175551	0.175522	0.174610	0.143572	0.095771	0.026595	0.809419	0.540018	0.150762	-0.002756	-2.997244
0.112600	-150.350445	-149.935364	300.285809	0.415082	450.636255	0.985086	0.985070	0.984553	0.685047	0.457026	0.127450	0.454433	0.303183	0.084643	-0.002761	-2.997239
0.114400	-150.080444	-149.665364	299.745808	0.415080	449.826252	1.793153	1.793159	1.793358	0.801835	0.534943	0.149203	-0.181291	-0.120951	-0.033766	-0.002766	-2.997234
0.116200	-149.810442	-149.395364	299.205806	0.415079	449.016249	2.599765	2.599790	2.600583	0.423940	0.282823	0.078816	-0.704316	-0.469897	-0.131185	-0.002771	-2.997229
0.118000	-149.540441	-149.125364	298.665805	0.415077	448.206246	-2.878249	-2.878221	-2.877321	-0.213986	-0.142781	-0.040004	-0.793702	-0.529533	-0.147834	-0.002776	-2.997224
0.119800	-149.270439	-148.855364	298.125803	0.415076	447.396243	-2.074518	-2.074503	-2.074045	-0.719924	-0.480327	-0.134240	-0.396782	-0.264720	-0.073903	-0.002781	-2.997219
0.121600	-149.000438	-148.585364	297.585802	0.415074	446.586240	-1.272235	-1.272243	-1.272503	-0.785658	-0.524182	-0.146484	0.241795	0.161318	0.045039	-0.002786	-2.997214
0.123400	-148.730436	-148.315364	297.045800	0.415073	445.776237	-0.471416	-0.471442	-0.472260	-0.373326	-0.249087	-0.069682	0.732374	0.488617	0.136415	-0.002791	-2.997209
0.125200	-148.460435	-148.045364	296.505799	0.415071	444.966233	0.327929	0.327901	0.327022	0.264770	0.176630	0.049170	0.778250	0.519224	0.144960	-0.002796	-2.997204
0.127000	-148.190433	-147.775364	295.965797	0.415070	444.156230	1.125798	1.125785	1.125376	0.742011	0.495030	0.138062	0.353866	0.236088	0.065913	-0.002801	-2.997199
0.128800	-147.920432	-147.505364	295.425795	0.415068	443.346227	1.922200	1.922210	1.922519	0.771836	0.514929	0.143617	-0.282971	-0.188789	-0.052705	-0.002806	-2.997194
0.130600	-147.650430	-147.235364	294.885794	0.415067	442.536224	2.717151	2.717177	2.718019	0.338534	0.225843	0.062909	-0.749117	-0.499787	-0.139530	-0.002811	-2.997189
0.132400	-147.380429	-146.965364	294.345792	0.415065	441.726221	-2.772525	-2.772498	-2.771626	-0.296547	-0.197863	-0.055382	-0.766687	-0.511509	-0.142803	-0.002816	-2.997184
0.134200	-147.110427	-146.695364	293.805791	0.415064	440.916218	-1.980456	-1.980444	-1.980059	-0.754008	-0.503066	-0.140590	-0.327410	-0.218438	-0.060982	-0.002821	-2.997179
0.136000	-146.840426	-146.425364	293.265789	0.415062	440.106215	-1.189838	-1.189848	-1.190175	-0.763092	-0.509127	-0.142282	0.305637	0.203912	0.056932	-0.002827	-2.997173
0.137800	-146.570424	-146.155364	292.725788	0.415060	439.296212	-0.400684	-0.400710	-0.401555	-0.320634	-0.213933	-0.059869	0.756928	0.504999	0.140991	-0.002832	-2.997168
0.139600	-146.300422	-145.885364	292.185786	0.415059	438.486209	0.386995	0.386968	0.386105	0.310251	0.206974	0.057643	0.761264	0.507891	0.141799	-0.002837	-2.997163
0.141400	-146.030421	-145.615364	291.645785	0.415057	437.676205	1.173199	1.173188	1.172814	0.757945	0.505661	0.141032	0.318309	0.212366	0.059292	-0.002842	-2.997158
0.143200	-145.760419	-145.345364	291.105783	0.415056	436.866202	1.957938	1.957949	1.958284	0.761232	0.507854	0.141644	-0.310368	-0.207068	-0.057808	-0.002848	-2.997152
0.145000	-145.490418	-145.075364	290.565781	0.415054	436.056199	2.741225	2.741252	2.742101	0.320403	0.213747	0.059533	-0.757048	-0.505079	-0.141009	-0.002853	-2.997147
0.146800	-145.220416	-144.805364	290.025780	0.415053	435.246196	-2.760114	-2.760087	-2.759217	-0.306040	-0.204196	-0.057151	-0.762947	-0.509014	-0.142107	-0.002858	-2.997142
0.148600	-144.950415	-144.535364	289.485778	0.415051	434.436193	-1.979709	-1.979697	-1.979307	-0.754252	-0.503229	-0.140638	-0.326847	-0.218062	-0.060877	-0.002863	-2.997137
0.150400	-144.680413	-144.265364	288.945777	0.415049	433.626190	-1.200755	-1.200765	-1.201077	-0.766383	-0.511323	-0.142897	0.297288	0.198342	0.055379	-0.002869	-2.997131
0.152200	-144.410411	-143.995364	288.405775	0.415048	432.816186	-0.423265	-0.423291	-0.424124	-0.337643	-0.225281	-0.063038	0.749494	0.500039	0.139609	-0.002874	-2.997126
0.154000	-144.140410	-143.725364	287.865773	0.415046	432.006183	0.352751	0.352724	0.351848	0.284005	0.189463	0.052755	0.771439	0.514680	0.143697	-0.002879	-2.997121
0.155800	-143.870408	-143.455364	287.325772	0.415044	431.196180	1.127292	1.127279	1.126862	0.742538	0.495382	0.138164	0.352757	0.235348	0.065710	-0.002885	-2.997115
0.157600	-143.600406	-143.185364	286.785770	0.415043	430.386177	1.900367	1.900376	1.900655	0.777829	0.518927	0.144738	-0.266053	-0.177502	-0.049554	-0.002890	-2.997110
0.159400	-143.330405	-142.915364	286.245768	0.415041	429.576173	2.671990	2.672016	2.672833	0.372009	0.248177	0.069147	-0.733070	-0.489082	-0.136544	-0.002896	-2.997104
0.161200	-143.060403	-142.645364	285.705767	0.415040	428.766170	-2.841016	-2.840988	-2.840092	-0.243383	-0.162393	-0.045481	-0.785185	-0.523851	-0.146251	-0.002901	-2.997099
0.163000	-142.790402	-142.375364	285.165765	0.415038	427.956167	-2.072277	-2.072263	-2.071791	-0.720811	-0.480919	-0.134411	-0.395167	-0.263643	-0.073603	-0.002907	-2.997093
0.164800	-142.520400	-142.105364	284.625764	0.415036	427.146163	-1.304987	-1.304995	-1.305208	-0.793153	-0.529183	-0.147886	0.215937	0.144067	0.040227	-0.002912	-2.997088
0.166600	-142.250398	-141.835364	284.085762	0.415035	426.336160	-0.539160	-0.539185	-0.539962	-0.422044	-0.281591	-0.078760	0.705420	0.470635	0.131403	-0.002918	-2.997082
0.168400	-141.980397	-141.565364	283.545760	0.415033	425.526157	0.225195	0.225167	0.224259	0.183561	0.122451	0.034046	0.801296	0.534600	0.149262	-0.002923	-2.997077
0.170200	-141.710395	-141.295364	283.005759	0.415031	424.716153	0.988075	0.988059	0.987526	0.686401	0.457930	0.127710	0.452383	0.301816	0.084270	-0.002929	-2.997071
0.172000	-141.440393	-141.025364	282.465757	0.415030	423.906150	1.749487	1.749492	1.749629	0.808983	0.539713	0.150543	-0.146116	-0.097484	-0.027213	-0.002934	-2.997066
0.173800	-141.170391	-140.755364	281.925755	0.415028	423.096147	2.509443	2.509467	2.510199	0.485741	0.324055	0.090333	-0.663207	-0.442471	-0.123531	-0.002940	-2.997060
0.175600	-140.900390	-140.485364	281.385753	0.415026	422.286143	-3.015230	-3.015201	-3.014275	-0.103600	-0.069135	-0.019444	-0.815490	-0.544070	-0.151897	-0.002946	-2.997054
0.177400	-140.630388	-140.215364	280.845752	0.415024	421.476140	-2.258158	-2.258140	-2.257524	-0.635364	-0.423911	-0.118497	-0.521577	-0.347980	-0.097150	-0.002951	-2.997049
0.179200	-140.360386	-139.945364	280.305750	0.415023	420.666136	-1.502534	-1.502536	-1.502563	-0.820107	-0.547166	-0.152909	0.056069	0.037408	0.010450	-0.002957	-2.997043
0.181000	-140.090385	-139.675364	279.765748	0.415021	419.856133	-0.748369	-0.748390	-0.749042	-0.559345	-0.373194	-0.104337	0.602383	0.401891	0.112213	-0.002963	-2.997037
0.182800	-139.820383	-139.405364	279.225747	0.415019	419.046130	0.004327	0.004298	0.003374	0.003557	0.002357	0.000517	0.822039	0.548439	0.153129	-0.002968	-2.997032
0.184600	-139.550381	-139.135364	278.685745	0.415018	418.236126	0.755547	0.755526	0.754829	0.563679	0.376053	0.104852	0.598377	0.399219	0.111467	-0.002974	-2.997026
0.186400	-139.280380	-138.865364	278.145743	0.415016	417.426123	1.505298	1.505296	1.505201	0.820310	0.547270	0.152656	0.053806	0.035898	0.010028	-0.002980	-2.997020
0.188200	-139.010378	-138.595364	277.605741	0.415014	416.616119	2.253588	2.253607	2.254165	0.637771	0.425486	0.118654	-0.518693	-0.346056	-0.096613	-0.002985	-2.997015
0.190000	-138.740376	-138.325364	277.065740	0.415012	415.806116	3.000431	3.000460	3.001375	0.115657	0.077147	0.021397	-0.813874	-0.542992	-0.151598	-0.002991	-2.997009
0.191800	-138.470374	-138.055364	276.525738	0.415011	414.996112	-2.537353	-2.537329	-2.536542	-0.467027	-0.311602	-0.087142	-0.676479	-0.451326	-0.126005	-0.002997	-2.997003
0.193600	-138.200372	-137.785364	275.985736	0.415009	414.186109	-1.793396	-1.793390	-1.793144	-0.801740	-0.534913	-0.149490	-0.181475	-0.121074	-0.033798	-0.003003	-2.996997
0.195400	-137.930371	-137.515364	275.445734	0.415007	413.376105	-1.050893	-1.050908	-1.051330	-0.713408	-0.475980	-0.133036	0.408378	0.272458	0.076077	-0.003009	-2.996991
0.197200	-137.660369	-137.245364	274.905733	0.415005	412.566102	-0.309856	-0.309884	-0.310750	-0.250657	-0.167247	-0.046837	0.782890	0.522321	0.145840	-0.003015	-2.996985
0.199000	-137.390367	-136.975364	274.365731	0.415004	411.756098	0.429708	0.429681	0.428824	0.342473	0.228472	0.063649	0.747321	0.498590	0.139214	-0.003021	-2.996979
0.200800	-137.120365	-136.705364	273.825729	0.415002	410.946094	1.167799	1.167787	1.167388	0.756213	0.504507	0.140719	0.322397	0.215094	0.060061	-0.003027	-2.996973
0.202600	-136.850364	-136.435364	273.285727	0.415000	410.136091	1.904425	1.904435	1.904700	0.776742	0.518203	0.144543	-0.269207	-0.179607	-0.050141	-0.003033	-2.996967
0.204400	-136.580362	-136.165364	272.745725	0.414998	409.326087	2.639598	2.639624	2.640418	0.395554	0.263886	0.073536	-0.720637	-0.480788	-0.134232	-0.003038	-2.996962
0.206200	-136.310360	-135.895364	272.205724	0.414996	408.516084	-2.909859	-2.909830	-2.908916	-0.188795	-0.125974	-0.035315	-0.800068	-0.533781	-0.149028	-0.003044	-2.996956
0.208000	-136.040358	-135.625364	271.665722	0.414995	407.706080	-2.177572	-2.177555	-2.176987	-0.675287	-0.450547	-0.125938	-0.468737	-0.312727	-0.087308	-0.003051	-2.996949
0.209800	-135.770356	-135.355364	271.125720	0.414993	406.896076	-1.446734	-1.446738	-1.446803	-0.815703	-0.544228	-0.152094	0.101720	0.067865	0.018956	-0.003057	-2.996943
0.211600	-135.500355	-135.085364	270.585718	0.414991	406.086073	-0.717355	-0.717377	-0.718041	-0.540397	-0.360553	-0.100810	0.619437	0.413270	0.115396	-0.003063	-2.996937
0.213400	-135.230353	-134.815364	270.045716	0.414989	405.276069	0.010553	0.010524	0.009601	0.008675	0.005772	0.001470	0.822000	0.548414	0.153129	-0.003069	-2.996931
0.215200	-134.960351	-134.545364	269.505714	0.414987	404.466065	0.736989	0.736967	0.736251	0.552476	0.368580	0.102769	0.608734	0.406129	0.113402	-0.003075	-2.996925
0.217000	-134.690349	-134.275364	268.965713	0.414985	403.656062	1.461954	1.461951	1.461804	0.817207	0.545200	0.152083	0.089300	0.059578	0.016642	-0.003081	-2.996919
0.218800	-134.420347	-134.005364	268.425711	0.414983	402.846058	2.185459	2.185476	2.185972	0.671603	0.448057	0.124960	-0.474072	-0.316287	-0.088303	-0.003087	-2.996913
0.220600	-134.150345	-133.735364	267.885709	0.414982	402.036054	2.907514	2.907543	2.908435	0.190672	0.127195	0.035372	-0.799634	-0.533492	-0.148949	-0.003093	-2.996907
0.222400	-133.880343	-133.465364	267.345707	0.414980	401.226050	-2.655058	-2.655032	-2.654188	-0.384355	-0.256446	-0.071745	-0.726645	-0.484796	-0.135352	-0.003100	-2.996900
0.224200	-133.610341	-133.195364	266.805705	0.414978	400.416047	-1.935890	-1.935879	-1.935498	-0.767843	-0.512298	-0.143182	-0.293492	-0.195809	-0.054664	-0.003106	-2.996894
0.226000	-133.340340	-132.925364	266.265703	0.414976	399.606043	-1.218174	-1.218184	-1.218450	-0.771442	-0.514700	-0.143852	0.283894	0.189405	0.052893	-0.003112	-2.996888
0.227800	-133.070338	-132.655364	265.725701	0.414974	398.796039	-0.501920	-0.501945	-0.502728	-0.395488	-0.263874	-0.073818	0.720643	0.480792	0.134252	-0.003118	-2.996882
0.229600	-132.800336	-132.385364	265.185699	0.414972	397.986035	0.212863	0.212834	0.211921	0.173665	0.115848	0.032205	0.803496	0.536069	0.149686	-0.003125	-2.996875
0.231400	-132.530334	-132.115364	264.645697	0.414970	397.176031	0.926172	0.926155	0.925557	0.657098	0.438380	0.122261	0.493977	0.329567	0.092028	-0.003131	-2.996869
0.233200	-132.260332	-131.845364	264.105696	0.414968	396.366028	1.638014	1.638016	1.638026	0.820215	0.547207	0.152646	-0.055216	-0.036839	-0.010278	-0.003138	-2.996862
0.235000	-131.990330	-131.575364	263.565694	0.414966	395.556024	2.348399	2.348419	2.349032	0.585801	0.390813	0.108979	-0.576738	-0.384783	-0.107429	-0.003144	-2.996856
0.236800	-131.720328	-131.305364	263.025692	0.414964	394.746020	3.057335	3.057364	3.058285	0.069182	0.046140	0.012741	-0.819132	-0.546501	-0.152583	-0.003150	-2.996850
0.238600	-131.450326	-131.035364	262.485690	0.414962	393.936016	-2.518357	-2.518333	-2.517545	-0.479791	-0.320119	-0.089525	-0.667484	-0.445326	-0.124333	-0.003157	-2.996843
0.240400	-131.180324	-130.765364	261.945688	0.414961	393.126012	-1.812309	-1.812302	-1.812021	-0.798163	-0.532527	-0.148833	-0.196604	-0.131168	-0.036615	-0.003163	-2.996837
0.242200	-130.910322	-130.495364	261.405686	0.414959	392.316008	-1.107715	-1.107728	-1.108085	-0.735447	-0.490684	-0.137149	0.367203	0.244987	0.068414	-0.003170	-2.996830
0.244000	-130.640320	-130.225364	260.865684	0.414957	391.506004	-0.404585	-0.404612	-0.405435	-0.323583	-0.215901	-0.060425	0.755668	0.504160	0.140780	-0.003176	-2.996824
0.245800	-130.370318	-129.955364	260.325682	0.414955	390.696000	0.297074	0.297046	0.296147	0.240634	0.160528	0.044681	0.786043	0.524425	0.146439	-0.003183	-2.996817
0.247600	-130.100316	-129.685364	259.785680	0.414953	389.885996	0.997260	0.997244	0.996694	0.690525	0.460682	0.128490	0.446058	0.297597	0.083104	-0.003189	-2.996811
0.249400	-129.830314	-129.415364	259.245678	0.414951	389.075992	1.695980	1.695984	1.696041	0.815637	0.544154	0.151797	-0.102641	-0.068479	-0.019112	-0.003196	-2.996804
0.251200	-129.560312	-129.145364	258.705676	0.414949	388.265988	2.393243	2.393265	2.393904	0.559356	0.373170	0.104055	-0.602419	-0.401916	-0.112214	-0.003203	-2.996797
0.253000	-129.290310	-128.875364	258.165674	0.414947	387.455984	3.089059	3.089088	3.090012	0.043166	0.028783	0.007895	-0.820913	-0.547690	-0.152917	-0.003209	-2.996791
0.254800	-129.020308	-128.605364	257.625672	0.414945	386.645980	-2.499755	-2.499731	-2.498949	-0.492124	-0.328347	-0.091824	-0.658444	-0.439295	-0.122651	-0.003216	-2.996784
0.256600	-128.750306	-128.335364	257.085670	0.414943	385.835976	-1.806829	-1.806822	-1.806540	-0.799228	-0.533238	-0.149034	-0.192227	-0.128248	-0.035799	-0.003223	-2.996777
0.258400	-128.480304	-128.065364	256.545668	0.414941	385.025972	-1.115358	-1.115370	-1.115714	-0.738231	-0.492542	-0.137671	0.361571	0.241230	0.067368	-0.003230	-2.996770
0.260200	-128.210302	-127.795364	256.005666	0.414939	384.215968	-0.425350	-0.425376	-0.426187	-0.339203	-0.226322	-0.063336	0.748785	0.499568	0.139502	-0.003236	-2.996764
0.262000	-127.940300	-127.525364	255.465664	0.414936	383.405964	0.263188	0.263160	0.262252	0.213864	0.142668	0.039695	0.793743	0.529563	0.147877	-0.003243	-2.996757
0.263800	-127.670298	-127.255364	254.925662	0.414934	382.595960	0.950253	0.950236	0.949646	0.668801	0.446189	0.124446	0.478012	0.318916	0.089059	-0.003250	-2.996750
0.265600	-127.400296	-126.985364	254.385660	0.414932	381.785955	1.635852	1.635854	1.635849	0.820331	0.547285	0.152675	-0.053442	-0.035655	-0.009946	-0.003257	-2.996743
0.267400	-127.130294	-126.715364	253.845657	0.414930	380.975951	2.319993	2.320013	2.320596	0.601945	0.401585	0.111991	-0.559867	-0.373527	-0.104289	-0.003264	-2.996736
0.269200	-126.860292	-126.445364	253.305655	0.414928	380.165947	3.002685	3.002714	3.003623	0.113822	0.075923	0.021058	-0.814131	-0.543165	-0.151656	-0.003271	-2.996729
0.271000	-126.590290	-126.175364	252.765653	0.414926	379.355943	-2.599253	-2.599228	-2.598396	-0.424285	-0.283087	-0.079188	-0.704073	-0.469738	-0.131153	-0.003278	-2.996722
0.272800	-126.320288	-125.905364	252.225651	0.414924	378.545939	-1.919451	-1.919441	-1.919055	-0.772562	-0.515448	-0.144070	-0.280830	-0.187362	-0.052305	-0.003285	-2.996715
0.274600	-126.050285	-125.635364	251.685649	0.414922	377.735935	-1.241102	-1.241111	-1.241338	-0.777746	-0.518906	-0.145035	0.266132	0.177556	0.049590	-0.003292	-2.996708
0.276400	-125.780283	-125.365364	251.145647	0.414920	376.925930	-0.564214	-0.564239	-0.564977	-0.439582	-0.293292	-0.082037	0.694622	0.463432	0.129416	-0.003299	-2.996701
0.278200	-125.510281	-125.095364	250.605645	0.414918	376.115926	0.111204	0.111175	0.110252	0.091226	0.060848	0.016850	0.816968	0.545058	0.152208	-0.003306	-2.996694
0.280000	-125.240279	-124.825364	250.065643	0.414915	375.305922	0.785151	0.785130	0.784427	0.581141	0.387705	0.108118	0.581429	0.387913	0.108328	-0.003313	-2.996687
0.281800	-124.970277	-124.555364	249.525641	0.414913	374.495917	1.457629	1.457626	1.457450	0.816811	0.544937	0.152023	0.092833	0.061935	0.017305	-0.003320	-2.996680
0.283600	-124.700275	-124.285364	248.985638	0.414911	373.685913	2.128648	2.128663	2.129092	0.697436	0.465294	0.129784	-0.435172	-0.290335	-0.081060	-0.003327	-2.996673
0.285400	-124.430273	-124.015364	248.445636	0.414909	372.875909	2.798214	2.798242	2.799090	0.276761	0.184631	0.051413	-0.774064	-0.516434	-0.144194	-0.003334	-2.996666
0.287200	-124.160270	-123.745364	247.905634	0.414907	372.065904	-2.816850	-2.816822	-2.815918	-0.262283	-0.175004	-0.049009	-0.779071	-0.519774	-0.145127	-0.003342	-2.996658
0.289000	-123.890268	-123.475364	247.365632	0.414905	371.255900	-2.150174	-2.150158	-2.149583	-0.687872	-0.458945	-0.128295	-0.450060	-0.300267	-0.083833	-0.003349	-2.996651
0.290800	-123.620266	-123.205364	246.825630	0.414902	370.445896	-1.484948	-1.484950	-1.484947	-0.818990	-0.546424	-0.152722	0.070482	0.047024	0.013143	-0.003356	-2.996644
0.292600	-123.350264	-122.935364	246.285627	0.414900	369.635891	-0.821180	-0.821200	-0.821767	-0.601680	-0.401441	-0.112238	0.560092	0.373678	0.104357	-0.003364	-2.996636
0.294400	-123.080262	-122.665364	245.745625	0.414898	368.825887	-0.158879	-0.158908	-0.159803	-0.130056	-0.086786	-0.024375	0.811684	0.541533	0.151229	-0.003371	-2.996629
0.296200	-122.810259	-122.395364	245.205623	0.414896	368.015882	0.501951	0.501926	0.501081	0.395521	0.263864	0.073540	0.720650	0.480798	0.134269	-0.003378	-2.996622
0.298000	-122.540257	-122.125364	244.665621	0.414893	367.205878	1.161312	1.161300	1.160861	0.754103	0.503100	0.140344	0.327295	0.218362	0.060987	-0.003386	-2.996614
0.299800	-122.270255	-121.855364	244.125618	0.414891	366.395873	1.819208	1.819216	1.819367	0.796834	0.531610	0.148305	-0.202118	-0.134847	-0.037643	-0.003393	-2.996607
0.301600	-122.000253	-121.585364	243.585616	0.414889	365.585869	2.475649	2.475672	2.476352	0.507870	0.338821	0.094470	-0.646414	-0.431270	-0.120415	-0.003401	-2.996599
0.303400	-121.730250	-121.315364	243.045614	0.414887	364.775864	3.130642	3.130671	3.131598	0.009002	0.005990	0.001531	-0.821995	-0.548413	-0.153126	-0.003408	-2.996592
0.305200	-121.460248	-121.045364	242.505612	0.414884	363.965860	-2.498996	-2.498972	-2.498179	-0.492622	-0.328680	-0.091923	-0.658069	-0.439045	-0.122586	-0.003416	-2.996584
0.307000	-121.190246	-120.775364	241.965609	0.414882	363.155855	-1.846895	-1.846887	-1.846550	-0.790886	-0.527673	-0.147490	-0.224086	-0.149504	-0.041734	-0.003423	-2.996577
0.308800	-120.920243	-120.505364	241.425607	0.414880	362.345850	-1.196249	-1.196259	-1.196513	-0.765030	-0.510423	-0.142673	0.300736	0.200643	0.056042	-0.003431	-2.996569
0.310600	-120.650241	-120.235364	240.885605	0.414877	361.535846	-0.547064	-0.547089	-0.547828	-0.427604	-0.285302	-0.079810	0.702057	0.468394	0.130809	-0.003439	-2.996561
0.312400	-120.380239	-119.965364	240.345602	0.414875	360.725841	0.100652	0.100623	0.099700	0.082601	0.055093	0.015244	0.817883	0.545669	0.152388	-0.003446	-2.996554
0.314200	-120.110236	-119.695364	239.805600	0.414873	359.915837	0.746897	0.746876	0.746143	0.558478	0.372585	0.103902	0.603227	0.402456	0.112397	-0.003454	-2.996546
0.316000	-119.840234	-119.425364	239.265598	0.414871	359.105832	1.391675	1.391670	1.391422	0.808915	0.539670	0.150559	0.146463	0.097716	0.027300	-0.003462	-2.996538
0.317800	-119.570232	-119.155364	238.725595	0.414868	358.295827	2.034992	2.035005	2.035343	0.735076	0.490407	0.136803	-0.368042	-0.245548	-0.068555	-0.003470	-2.996530
0.319600	-119.300229	-118.885364	238.185593	0.414866	357.485822	2.676856	2.676882	2.677671	0.368435	0.245794	0.068495	-0.734868	-0.490284	-0.136897	-0.003477	-2.996523
0.321400	-119.030227	-118.615364	237.645591	0.414863	356.675818	-2.965913	-2.965884	-2.964956	-0.143674	-0.095871	-0.026914	-0.809386	-0.540001	-0.150780	-0.003485	-2.996515
0.323200	-118.760225	-118.345364	237.105588	0.414861	355.865813	-2.326942	-2.326922	-2.326219	-0.598011	-0.398993	-0.111560	-0.564010	-0.376292	-0.105065	-0.003493	-2.996507
0.325000	-118.490222	-118.075364	236.565586	0.414859	355.055808	-1.689421	-1.689417	-1.689212	-0.816240	-0.544589	-0.152218	-0.097283	-0.064904	-0.018110	-0.003501	-2.996499
0.326800	-118.220220	-117.805364	236.025583	0.414856	354.245803	-1.053355	-1.053369	-1.053740	-0.714406	-0.476649	-0.133245	0.406618	0.271285	0.075771	-0.003509	-2.996491
0.328600	-117.950217	-117.535364	235.485581	0.414854	353.435798	-0.418752	-0.418779	-0.419578	-0.334254	-0.223022	-0.062420	0.751004	0.501050	0.139933	-0.003517	-2.996483
0.330400	-117.680215	-117.265364	234.945579	0.414851	352.625794	0.214382	0.214353	0.213436	0.174885	0.116662	0.032438	0.803227	0.535892	0.149663	-0.003525	-2.996475
0.332200	-117.410213	-116.995364	234.405576	0.414849	351.815789	0.846046	0.846026	0.845348	0.615447	0.410594	0.114519	0.544983	0.363598	0.101550	-0.003533	-2.996467
0.334000	-117.140210	-116.725364	233.865574	0.414846	351.005784	1.476243	1.476240	1.476062	0.818395	0.545995	0.152330	0.077613	0.051781	0.014474	-0.003541	-2.996459
0.335800	-116.870208	-116.455364	233.325571	0.414844	350.195779	2.104981	2.104996	2.105387	0.707538	0.472035	0.131676	-0.418545	-0.279242	-0.077965	-0.003550	-2.996450
0.337600	-116.600205	-116.185364	232.785569	0.414842	349.385774	2.732265	2.732292	2.733104	0.327171	0.218264	0.060809	-0.754142	-0.503144	-0.140491	-0.003558	-2.996442
0.339400	-116.330203	-115.915364	232.245566	0.414839	348.575769	-2.925083	-2.925054	-2.924128	-0.176592	-0.117834	-0.033048	-0.802846	-0.535637	-0.149565	-0.003566	-2.996434
0.341200	-116.060200	-115.645364	231.705564	0.414837	347.765764	-2.300692	-2.300672	-2.299979	-0.612608	-0.408732	-0.114283	-0.548118	-0.365690	-0.102106	-0.003574	-2.996426
0.343000	-115.790198	-115.375364	231.165561	0.414834	346.955759	-1.677750	-1.677747	-1.677545	-0.817319	-0.545310	-0.152423	-0.087750	-0.058545	-0.016333	-0.003583	-2.996417
0.344800	-115.520195	-115.105364	230.625559	0.414832	346.145754	-1.056265	-1.056279	-1.056640	-0.715586	-0.477436	-0.133469	0.404537	0.269897	0.075387	-0.003591	-2.996409
0.346600	-115.250193	-114.835364	230.085556	0.414829	345.335749	-0.436242	-0.436269	-0.437056	-0.347337	-0.231750	-0.064859	0.745042	0.497073	0.138828	-0.003599	-2.996401
0.348400	-114.980190	-114.565364	229.545554	0.414826	344.525744	0.182312	0.182283	0.181363	0.149040	0.099419	0.027623	0.808420	0.539357	0.150636	-0.003608	-2.996392
0.350200	-114.710188	-114.295364	229.005551	0.414824	343.715739	0.799397	0.799377	0.798665	0.589363	0.393192	0.109662	0.573089	0.382350	0.106790	-0.003616	-2.996384
0.352000	-114.440185	-114.025364	228.465549	0.414821	342.905734	1.415015	1.415011	1.414771	0.812111	0.541803	0.151164	0.127545	0.085095	0.023779	-0.003625	-2.996375
0.353800	-114.170182	-113.755364	227.925546	0.414819	342.095728	2.029173	2.029186	2.029506	0.737204	0.491828	0.137207	-0.363758	-0.242690	-0.067759	-0.003633	-2.996367
0.355600	-113.900180	-113.485364	227.385543	0.414816	341.285723	2.641877	2.641903	2.642667	0.393909	0.262790	0.073246	-0.721533	-0.481388	-0.134418	-0.003642	-2.996358
0.357400	-113.630177	-113.215364	226.845541	0.414814	340.475718	-3.030053	-3.030023	-3.029092	-0.091500	-0.061063	-0.017194	-0.816931	-0.545036	-0.152193	-0.003651	-2.996349
0.359200	-113.360175	-112.945364	226.305538	0.414811	339.665713	-2.420244	-2.420222	-2.419456	-0.542864	-0.362201	-0.101292	-0.617272	-0.411828	-0.114992	-0.003659	-2.996341
0.361000	-113.090172	-112.675364	225.765536	0.414808	338.855707	-1.811884	-1.811877	-1.811549	-0.798242	-0.532583	-0.148873	-0.196264	-0.130942	-0.036551	-0.003668	-2.996332
0.362800	-112.820169	-112.405364	225.225533	0.414806	338.045702	-1.204979	-1.204989	-1.205213	-0.767624	-0.512155	-0.143169	0.294045	0.196180	0.054804	-0.003677	-2.996323
0.364600	-112.550167	-112.135364	224.685530	0.414803	337.235697	-0.599535	-0.599559	-0.600253	-0.463834	-0.309474	-0.086566	0.678661	0.452786	0.126465	-0.003685	-2.996314
0.366400	-112.280164	-111.865364	224.145528	0.414800	336.425692	0.004442	0.004413	0.003497	0.003652	0.002420	0.000536	0.822030	0.548438	0.153178	-0.003694	-2.996306
0.368200	-112.010161	-111.595364	223.605525	0.414798	335.615686	0.606951	0.606927	0.606113	0.468871	0.312803	0.087216	0.675227	0.450494	0.125825	-0.003703	-2.996297
0.370000	-111.740159	-111.325364	223.065522	0.414795	334.805681	1.207992	1.207982	1.207556	0.768551	0.512742	0.143053	0.291748	0.194647	0.054375	-0.003712	-2.996288
0.371800	-111.470156	-111.055364	222.525519	0.414792	333.995675	1.807570	1.807577	1.807690	0.799129	0.533143	0.148750	-0.192830	-0.128651	-0.035912	-0.003721	-2.996279
0.373600	-111.200153	-110.785364	221.985517	0.414790	333.185670	2.405692	2.405714	2.406327	0.551811	0.368138	0.102669	-0.609332	-0.406531	-0.113516	-0.003730	-2.996270
0.375400	-110.930150	-110.515364	221.445514	0.414787	332.375664	3.002364	3.002393	3.003294	0.114083	0.076097	0.021110	-0.814091	-0.543141	-0.151667	-0.003739	-2.996261
0.377200	-110.660148	-110.245364	220.905511	0.414784	331.565659	-2.685598	-2.685571	-2.684690	-0.361986	-0.241524	-0.067593	-0.738038	-0.492400	-0.137497	-0.003748	-2.996252
0.379000	-110.390145	-109.975364	220.365509	0.414781	330.755653	-2.091822	-2.091807	-2.091245	-0.712944	-0.475675	-0.132985	-0.409176	-0.272992	-0.076221	-0.003757	-2.996243
0.380800	-110.120142	-109.705364	219.825506	0.414779	329.945648	-1.499498	-1.499500	-1.499446	-0.819925	-0.547050	-0.152918	0.058558	0.039069	0.010929	-0.003767	-2.996233
0.382600	-109.850139	-109.435364	219.285503	0.414776	329.135642	-0.908632	-0.908650	-0.909119	-0.648295	-0.432543	-0.120939	0.505397	0.337189	0.094187	-0.003776	-2.996224
0.384400	-109.580137	-109.165364	218.745500	0.414773	328.325637	-0.319230	-0.319257	-0.320088	-0.257982	-0.172135	-0.048213	0.780498	0.520729	0.145446	-0.003785	-2.996215
0.386200	-109.310134	-108.895364	218.205497	0.414770	327.515631	0.268705	0.268677	0.267764	0.218238	0.145587	0.040519	0.792545	0.528767	0.147690	-0.003794	-2.996206
0.388000	-109.040131	-108.625364	217.665495	0.414767	326.705625	0.855171	0.855152	0.854465	0.620392	0.413895	0.115452	0.539343	0.359836	0.100512	-0.003804	-2.996196
0.389800	-108.770128	-108.355364	217.125492	0.414764	325.895620	1.440172	1.440168	1.439936	0.815061	0.543772	0.151724	0.107076	0.071439	0.019969	-0.003813	-2.996187
0.391600	-108.500125	-108.085364	216.585489	0.414762	325.085614	2.023713	2.023726	2.024027	0.739178	0.493146	0.137585	-0.359726	-0.240001	-0.067010	-0.003823	-2.996177
0.393400	-108.230122	-107.815364	216.045486	0.414759	324.275608	2.605799	2.605824	2.606560	0.419678	0.279983	0.078052	-0.706854	-0.471596	-0.131690	-0.003832	-2.996168
0.395200	-107.960119	-107.545364	215.505483	0.414756	323.465603	-3.096750	-3.096720	-3.095791	-0.036850	-0.024602	-0.007013	-0.821214	-0.547894	-0.152998	-0.003842	-2.996158
0.397000	-107.690117	-107.275364	214.965480	0.414753	322.655597	-2.517561	-2.517537	-2.516715	-0.480319	-0.320474	-0.089644	-0.667098	-0.445071	-0.124282	-0.003851	-2.996149
0.398800	-107.420114	-107.005364	214.425477	0.414750	321.845591	-1.939821	-1.939811	-1.939360	-0.766677	-0.511524	-0.143002	-0.296506	-0.197822	-0.055229	-0.003861	-2.996139
0.400600	-107.150111	-106.735364	213.885474	0.414747	321.035585	-1.363535	-1.363541	-1.363604	-0.804420	-0.536706	-0.150034	0.169154	0.112856	0.031539	-0.003871	-2.996129
0.402400	-106.880108	-106.465364	213.345471	0.414744	320.225579	-0.788709	-0.788729	-0.789283	-0.583176	-0.389097	-0.108809	0.579328	0.386514	0.107967	-0.003880	-2.996120
0.404200	-106.610105	-106.195364	212.805468	0.414741	319.415573	-0.215346	-0.215374	-0.216239	-0.175656	-0.117209	-0.032875	0.803044	0.535772	0.149653	-0.003890	-2.996110
0.406000	-106.340102	-105.925364	212.265465	0.414738	318.605567	0.356549	0.356522	0.355623	0.286928	0.191416	0.053320	0.770344	0.513955	0.143560	-0.003900	-2.996100
0.407800	-106.070099	-105.655364	211.725462	0.414735	317.795561	0.926976	0.926959	0.926313	0.657488	0.438645	0.122368	0.493444	0.329214	0.091964	-0.003910	-2.996090
0.409600	-105.800096	-105.385364	211.185459	0.414732	316.985555	1.495939	1.495937	1.495748	0.819761	0.546909	0.152605	0.061480	0.041018	0.011474	-0.003920	-2.996080
0.411400	-105.530093	-105.115364	210.645456	0.414729	316.175549	2.063442	2.063456	2.063785	0.724306	0.483223	0.134819	-0.388801	-0.259399	-0.072429	-0.003930	-2.996070
0.413200	-105.260090	-104.845364	210.105453	0.414726	315.365543	2.629491	2.629517	2.630261	0.402814	0.268732	0.074913	-0.716597	-0.478097	-0.133509	-0.003940	-2.996060
0.415000	-104.990087	-104.575364	209.565450	0.414723	314.555537	-3.089095	-3.089066	-3.088136	-0.043135	-0.028795	-0.008184	-0.820906	-0.547689	-0.152946	-0.003950	-2.996050
0.416800	-104.720084	-104.305364	209.025447	0.414720	313.745531	-2.525944	-2.525920	-2.525090	-0.474709	-0.316731	-0.088602	-0.671100	-0.447742	-0.125031	-0.003960	-2.996040
0.418600	-104.450081	-104.035364	208.485444	0.414717	312.935525	-1.964243	-1.964232	-1.963754	-0.759207	-0.506541	-0.141615	-0.315139	-0.210254	-0.058702	-0.003970	-2.996030
0.420400	-104.180077	-103.765364	207.945441	0.414714	312.125519	-1.403996	-1.404001	-1.404018	-0.810603	-0.540832	-0.151192	0.136477	0.091054	0.025452	-0.003981	-2.996019
0.422200	-103.910074	-103.495364	207.405438	0.414711	311.315512	-0.845207	-0.845226	-0.845730	-0.614958	-0.410301	-0.114736	0.545471	0.363925	0.101664	-0.003991	-2.996009
0.424000	-103.640071	-103.225364	206.865435	0.414708	310.505506	-0.287882	-0.287910	-0.288746	-0.233392	-0.155730	-0.043634	0.788199	0.525868	0.146894	-0.004001	-2.995999
0.425800	-103.370068	-102.955364	206.325432	0.414705	309.695500	0.267976	0.267948	0.267035	0.217661	0.145202	0.040415	0.792702	0.528872	0.147733	-0.004012	-2.995988
0.427600	-103.100065	-102.685364	205.785429	0.414701	308.885493	0.822368	0.822348	0.821632	0.602367	0.401870	0.112102	0.559398	0.373217	0.104259	-0.004022	-2.995978
0.429400	-102.830062	-102.415364	205.245425	0.414698	308.075487	1.375294	1.375288	1.374985	0.806401	0.537996	0.150122	0.159693	0.106544	0.029777	-0.004033	-2.995967
0.431200	-102.560059	-102.145364	204.705422	0.414695	307.265481	1.926759	1.926770	1.926970	0.770528	0.514062	0.143438	-0.286483	-0.191135	-0.053365	-0.004043	-2.995957
0.433000	-102.290055	-101.875364	204.165419	0.414692	306.455474	2.476769	2.476793	2.477438	0.507142	0.338337	0.094357	-0.646978	-0.431649	-0.120541	-0.004054	-2.995946
0.434800	-102.020052	-101.605364	203.625416	0.414689	305.645468	3.025328	3.025357	3.026259	0.095359	0.063605	0.017624	-0.816492	-0.544745	-0.152129	-0.004065	-2.995935
0.436600	-101.750049	-101.335364	203.085412	0.414685	304.835461	-2.710748	-2.710721	-2.709824	-0.343311	-0.229065	-0.064120	-0.746906	-0.498319	-0.139161	-0.004076	-2.995924
0.438400	-101.480046	-101.065364	202.545409	0.414682	304.025455	-2.165088	-2.165071	-2.164437	-0.681078	-0.454416	-0.127062	-0.460265	-0.307078	-0.085747	-0.004086	-2.995914
0.440200	-101.210042	-100.795364	202.005406	0.414679	303.215448	-1.620880	-1.620878	-1.620687	-0.820980	-0.547756	-0.153132	-0.041152	-0.027456	-0.007646	-0.004097	-2.995903
0.442000	-100.940039	-100.525364	201.465403	0.414675	302.405442	-1.078129	-1.078143	-1.078446	-0.724254	-0.483222	-0.135108	0.388794	0.259394	0.072473	-0.004108	-2.995892
0.443800	-100.670036	-100.255364	200.925399	0.414672	301.595435	-0.536839	-0.536864	-0.537573	-0.420400	-0.280497	-0.078485	0.706387	0.471285	0.131656	-0.004119	-2.995881
0.445600	-100.400032	-99.985364	200.385396	0.414669	300.785428	0.002985	0.002956	0.002047	0.002454	0.001621	0.000314	0.822030	0.548440	0.153206	-0.004130	-2.995870
0.447400	-100.130029	-99.715364	199.845393	0.414665	299.975422	0.541343	0.541318	0.540467	0.423590	0.282594	0.078792	0.704508	0.470032	0.131306	-0.004141	-2.995859
0.449200	-99.860026	-99.445364	199.305389	0.414662	299.165415	1.078235	1.078221	1.077670	0.724334	0.483244	0.134836	0.388738	0.259357	0.072462	-0.004152	-2.995848
0.451000	-99.590022	-99.175364	198.765386	0.414659	298.355408	1.613664	1.613665	1.613569	0.821306	0.547941	0.152907	-0.035229	-0.023504	-0.006544	-0.004164	-2.995836
0.452800	-99.320019	-98.905364	198.225382	0.414655	297.545401	2.147635	2.147651	2.148038	0.689042	0.459698	0.128259	-0.448331	-0.299117	-0.083527	-0.004175	-2.995825
0.454600	-99.050015	-98.635364	197.685379	0.414652	296.735394	2.680151	2.680177	2.680941	0.366009	0.244177	0.068061	-0.736072	-0.491091	-0.137148	-0.004186	-2.995814
0.456400	-98.780012	-98.365364	197.145376	0.414648	295.925388	-3.071969	-3.071939	-3.071008	-0.057187	-0.038170	-0.010803	-0.820045	-0.547116	-0.152796	-0.004198	-2.995802
0.458200	-98.510008	-98.095364	196.605372	0.414645	295.115381	-2.542353	-2.542328	-2.541483	-0.463633	-0.309342	-0.086546	-0.678798	-0.452879	-0.126474	-0.004209	-2.995791
0.460000	-98.240005	-97.825364	196.065369	0.414641	294.305374	-2.014187	-2.014174	-2.013642	-0.742526	-0.495414	-0.138519	-0.352648	-0.235279	-0.065694	-0.004221	-2.995779
0.461800	-97.970002	-97.555364	195.525365	0.414638	293.495367	-1.487475	-1.487477	-1.487399	-0.819158	-0.546540	-0.152800	0.068412	0.045643	0.012773	-0.004232	-2.995768
0.463600	-97.699998	-97.285364	194.985362	0.414634	292.685360	-0.962221	-0.962237	-0.962631	-0.674431	-0.449982	-0.125829	0.469944	0.313537	0.087601	-0.004244	-2.995756
0.465400	-97.429994	-97.015364	194.445358	0.414631	291.875352	-0.438428	-0.438455	-0.439212	-0.348962	-0.232836	-0.065175	0.744275	0.496564	0.138725	-0.004256	-2.995744
0.467200	-97.159991	-96.745364	193.905354	0.414627	291.065345	0.083899	0.083870	0.082954	0.068887	0.045944	0.012694	0.819142	0.546514	0.152677	-0.004267	-2.995733
0.469000	-96.889987	-96.475364	193.365351	0.414624	290.255338	0.604760	0.604736	0.603906	0.467386	0.311814	0.086958	0.676247	0.451178	0.126047	-0.004279	-2.995721
0.470800	-96.619984	-96.205364	192.825347	0.414620	289.445331	1.124155	1.124143	1.123620	0.741415	0.494640	0.138026	0.355078	0.236900	0.066194	-0.004291	-2.995709
0.472600	-96.349980	-95.935364	192.285344	0.414616	288.635324	1.642089	1.642091	1.642013	0.819972	0.547052	0.152666	-0.058557	-0.039068	-0.010891	-0.004303	-2.995697
0.474400	-96.079976	-95.665364	191.745340	0.414613	287.825316	2.158564	2.158580	2.158969	0.684100	0.456401	0.127345	-0.455834	-0.304123	-0.084928	-0.004315	-2.995685
0.476200	-95.809973	-95.395364	191.205336	0.414609	287.015309	2.673584	2.673611	2.674366	0.370834	0.247396	0.068964	-0.733652	-0.489478	-0.136702	-0.004327	-2.995673
0.478000	-95.539969	-95.125364	190.665333	0.414605	286.205302	-3.096031	-3.096002	-3.095073	-0.037440	-0.024995	-0.007123	-0.821183	-0.547876	-0.153015	-0.004340	-2.995660
0.479800	-95.269965	-94.855364	190.125329	0.414602	285.395294	-2.583912	-2.583887	-2.583022	-0.435031	-0.290260	-0.081220	-0.697474	-0.465340	-0.129960	-0.004352	-2.995648
0.481600	-94.999962	-94.585364	189.585325	0.414598	284.585287	-2.073243	-2.073229	-2.072645	-0.720418	-0.480664	-0.134406	-0.395858	-0.264108	-0.073749	-0.004364	-2.995636
0.483400	-94.729958	-94.315364	189.045321	0.414594	283.775279	-1.564028	-1.564028	-1.563870	-0.821989	-0.548431	-0.153335	0.005564	0.003712	0.001062	-0.004377	-2.995623
0.485200	-94.459954	-94.045364	188.505318	0.414591	282.965272	-1.056270	-1.056284	-1.056589	-0.715581	-0.477437	-0.133504	0.404530	0.269894	0.075416	-0.004389	-2.995611
0.487000	-94.189950	-93.775364	187.965314	0.414587	282.155264	-0.549973	-0.549998	-0.550685	-0.429639	-0.286662	-0.080214	0.700802	0.467561	0.130631	-0.004402	-2.995598
0.488800	-93.919947	-93.505364	187.425310	0.414583	281.345257	-0.045140	-0.045169	-0.046066	-0.037094	-0.024764	-0.007056	0.821192	0.547883	0.153068	-0.004414	-2.995586
0.490600	-93.649943	-93.235364	186.885306	0.414579	280.535249	0.458227	0.458201	0.457320	0.363637	0.242596	0.067628	0.737238	0.491871	0.137422	-0.004427	-2.995573
0.492400	-93.379939	-92.965364	186.345302	0.414575	279.725241	0.960129	0.960112	0.959467	0.673479	0.449316	0.125373	0.471376	0.314493	0.087874	-0.004440	-2.995560
0.494200	-93.109935	-92.695364	185.805299	0.414571	278.915233	1.460568	1.460565	1.460314	0.817069	0.545116	0.152134	0.090431	0.060334	0.016877	-0.004452	-2.995547
0.496000	-92.839931	-92.425364	185.265295	0.414567	278.105226	1.959547	1.959558	1.959765	0.760718	0.507520	0.141631	-0.311587	-0.207885	-0.058048	-0.004465	-2.995535
0.497800	-92.569927	-92.155364	184.725291	0.414564	277.295218	2.457070	2.457093	2.457708	0.519785	0.346774	0.096728	-0.636860	-0.424901	-0.118669	-0.004478	-2.995522
0.499600	-92.299923	-91.885364	184.185287	0.414560	276.485210	2.953141	2.953170	2.954045	0.154000	0.102729	0.028556	-0.807486	-0.538739	-0.150469	-0.004491	-2.995509
0.501400	-92.029919	-91.615364	183.645283	0.414556	275.675202	-2.835425	-2.835397	-2.834469	-0.247765	-0.165320	-0.046323	-0.783800	-0.522936	-0.146055	-0.004505	-2.995495
0.503200	-91.759915	-91.345364	183.105279	0.414552	274.865194	-2.342256	-2.342235	-2.341473	-0.589298	-0.393185	-0.109976	-0.573095	-0.382358	-0.106785	-0.004518	-2.995482
0.505000	-91.489911	-91.075364	182.565275	0.414548	274.055186	-1.850540	-1.850531	-1.850112	-0.790054	-0.527125	-0.147392	-0.226964	-0.151426	-0.042274	-0.004531	-2.995469
0.506800	-91.219907	-90.805364	182.025271	0.414544	273.245178	-1.360278	-1.360284	-1.360304	-0.803859	-0.536335	-0.149965	0.171772	0.114603	0.032041	-0.004544	-2.995456
0.508600	-90.949903	-90.535364	181.485267	0.414539	272.435170	-0.871475	-0.871494	-0.871944	-0.629068	-0.419718	-0.117387	0.529127	0.353023	0.098644	-0.004558	-2.995442
0.510400	-90.679899	-90.265364	180.945263	0.414535	271.625162	-0.384134	-0.384161	-0.384934	-0.308057	-0.205546	-0.057558	0.762113	0.508467	0.142068	-0.004571	-2.995429
0.512200	-90.409895	-89.995364	180.405258	0.414531	270.815153	0.101742	0.101713	0.100799	0.083491	0.055688	0.015418	0.817780	0.545607	0.152443	-0.004585	-2.995415
0.514000	-90.139891	-89.725364	179.865254	0.414527	270.005145	0.586153	0.586129	0.585287	0.454722	0.303366	0.084608	0.684823	0.456901	0.127662	-0.004599	-2.995401
0.515800	-89.869887	-89.455364	179.325250	0.414523	269.195137	1.069100	1.069087	1.068510	0.720749	0.480854	0.134191	0.395336	0.263760	0.073708	-0.004612	-2.995388
0.517600	-89.599882	-89.185364	178.785246	0.414519	268.385128	1.550585	1.550585	1.550407	0.821889	0.548333	0.153041	0.016614	0.011084	0.003121	-0.004626	-2.995374
0.519400	-89.329878	-88.915364	178.245242	0.414515	267.575120	2.030611	2.030624	2.030887	0.736672	0.491478	0.137159	-0.364813	-0.243397	-0.067970	-0.004640	-2.995360
0.521200	-89.059874	-88.645364	177.705238	0.414510	266.765111	2.509181	2.509205	2.509850	0.485906	0.324171	0.090420	-0.663068	-0.442387	-0.123560	-0.004654	-2.995346
0.523000	-88.789870	-88.375364	177.165233	0.414506	265.955103	2.986298	2.986328	2.987212	0.127145	0.084813	0.023552	-0.812146	-0.541849	-0.151346	-0.004668	-2.995332
0.524800	-88.519865	-88.105364	176.625229	0.414502	265.145094	-2.821221	-2.821193	-2.820264	-0.258872	-0.172731	-0.048396	-0.780200	-0.520535	-0.145391	-0.004683	-2.995317
0.526600	-88.249861	-87.835364	176.085225	0.414497	264.335086	-2.347006	-2.346986	-2.346214	-0.586568	-0.391364	-0.109474	-0.575887	-0.384221	-0.107310	-0.004697	-2.995303
0.528400	-87.979857	-87.565364	175.545220	0.414493	263.525077	-1.874244	-1.874235	-1.873788	-0.784451	-0.523388	-0.146357	-0.245626	-0.163877	-0.045754	-0.004711	-2.995289
0.530200	-87.709852	-87.295364	175.005216	0.414489	262.715068	-1.402938	-1.402942	-1.402912	-0.810451	-0.540735	-0.151203	0.137334	0.091627	0.025626	-0.004726	-2.995274
0.532000	-87.439848	-87.025364	174.465212	0.414484	261.905059	-0.933089	-0.933106	-0.933497	-0.660453	-0.440658	-0.123245	0.489386	0.326510	0.091245	-0.004740	-2.995260
0.533800	-87.169844	-86.755364	173.925207	0.414480	261.095051	-0.464702	-0.464728	-0.465451	-0.368392	-0.245800	-0.068807	0.734845	0.490276	0.136996	-0.004755	-2.995245
0.535600	-86.899839	-86.485364	173.385203	0.414475	260.285042	0.002222	0.002193	0.001294	0.001826	0.001203	0.000198	0.822024	0.548440	0.153246	-0.004770	-2.995230
0.537400	-86.629835	-86.215364	172.845198	0.414471	259.475033	0.467681	0.467655	0.466774	0.370589	0.247235	0.068933	0.733764	0.489555	0.136795	-0.004784	-2.995216
0.539200	-86.359830	-85.945364	172.305194	0.414466	258.665024	0.931676	0.931659	0.930984	0.659793	0.440186	0.122838	0.490343	0.327148	0.091423	-0.004799	-2.995201
0.541000	-86.089826	-85.675364	171.765189	0.414462	257.855015	1.394208	1.394203	1.393879	0.809270	0.539915	0.150700	0.144412	0.096349	0.026943	-0.004814	-2.995186
0.542800	-85.819821	-85.405364	171.225185	0.414457	257.045005	1.855280	1.855289	1.855384	0.789013	0.526400	0.146924	-0.230720	-0.153932	-0.042979	-0.004829	-2.995171
0.544600	-85.549816	-85.135364	170.685180	0.414453	256.234996	2.314896	2.314916	2.315411	0.604781	0.403483	0.112584	-0.556782	-0.371476	-0.103756	-0.004845	-2.995155
0.546400	-85.279812	-84.865364	170.145175	0.414448	255.424987	2.773057	2.773085	2.773880	0.296140	0.197564	0.055054	-0.766846	-0.511627	-0.142911	-0.004860	-2.995140
0.548200	-85.009807	-84.595364	169.605171	0.414444	254.614978	-3.053420	-3.053390	-3.052457	-0.072387	-0.048312	-0.013638	-0.818837	-0.546314	-0.152602	-0.004875	-2.995125
0.550000	-84.739802	-84.325364	169.065166	0.414439	253.804968	-2.598163	-2.598137	-2.597254	-0.425045	-0.283599	-0.079374	-0.703599	-0.469429	-0.131122	-0.004891	-2.995109
0.551800	-84.469798	-84.055364	168.525161	0.414434	252.994959	-2.144358	-2.144341	-2.143683	-0.690466	-0.460684	-0.128848	-0.446044	-0.297593	-0.083113	-0.004906	-2.995094
0.553600	-84.199793	-83.785364	167.985157	0.414429	252.184949	-1.692007	-1.692003	-1.691699	-0.815973	-0.544420	-0.152243	-0.099392	-0.066312	-0.018497	-0.004922	-2.995078
0.555400	-83.929788	-83.515364	167.445152	0.414425	251.374940	-1.241112	-1.241121	-1.241229	-0.777734	-0.518907	-0.145115	0.266119	0.177550	0.049635	-0.004938	-2.995062
0.557200	-83.659783	-83.245364	166.905147	0.414420	250.564930	-0.791677	-0.791697	-0.792191	-0.584885	-0.390242	-0.109167	0.577586	0.385356	0.107694	-0.004954	-2.995046
0.559000	-83.389779	-82.975364	166.365142	0.414415	249.754921	-0.343704	-0.343731	-0.344511	-0.277000	-0.184826	-0.051776	0.773939	0.516360	0.144295	-0.004970	-2.995030
0.560800	-83.119774	-82.705364	165.825137	0.414410	248.944911	0.102806	0.102778	0.101868	0.084361	0.056268	0.015584	0.817687	0.545547	0.152450	-0.004986	-2.995014
0.562600	-82.849769	-82.435364	165.285132	0.414405	248.134901	0.547852	0.547828	0.546968	0.428163	0.285647	0.079671	0.701728	0.468182	0.130835	-0.005002	-2.994998
0.564400	-82.579764	-82.165364	164.745127	0.414400	247.324891	0.991435	0.991419	0.990778	0.687899	0.458939	0.128088	0.450062	0.300274	0.083922	-0.005018	-2.994982
0.566200	-82.309759	-81.895364	164.205122	0.414395	246.514881	1.433556	1.433552	1.433254	0.814322	0.543287	0.151654	0.112465	0.075035	0.020991	-0.005035	-2.994965
0.568000	-82.039754	-81.625364	163.665117	0.414390	245.704871	1.874217	1.874226	1.874330	0.784501	0.523391	0.146095	-0.245618	-0.163873	-0.045759	-0.005051	-2.994949
0.569800	-81.769749	-81.355364	163.125112	0.414385	244.894861	2.313421	2.313441	2.313928	0.605600	0.404031	0.112746	-0.555888	-0.370880	-0.103596	-0.005068	-2.994932
0.571600	-81.499744	-81.085364	162.585107	0.414380	244.084851	2.751170	2.751197	2.751977	0.312851	0.208713	0.058174	-0.760180	-0.507180	-0.141679	-0.005084	-2.994916
0.573400	-81.229739	-80.815364	162.045102	0.414375	243.274841	-3.095719	-3.095689	-3.094761	-0.037696	-0.025167	-0.007173	-0.821164	-0.547868	-0.153047	-0.005101	-2.994899
0.575200	-80.959734	-80.545364	161.505097	0.414370	242.464831	-2.660875	-2.660849	-2.659942	-0.380114	-0.253623	-0.071004	-0.728853	-0.486280	-0.135839	-0.005118	-2.994882
0.577000	-80.689728	-80.275364	160.965092	0.414365	241.654820	-2.227483	-2.227465	-2.226746	-0.651047	-0.434385	-0.121510	-0.501833	-0.334815	-0.093519	-0.005135	-2.994865
0.578800	-80.419723	-80.005364	160.425087	0.414360	240.844810	-1.795546	-1.795539	-1.795135	-0.801329	-0.534651	-0.149525	-0.183193	-0.122223	-0.034119	-0.005152	-2.994848
0.580600	-80.149718	-79.735364	159.885082	0.414354	240.034799	-1.365064	-1.365070	-1.365051	-0.804666	-0.536877	-0.150147	0.167922	0.112035	0.031336	-0.005170	-2.994830
0.582400	-79.879713	-79.465364	159.345076	0.414349	239.224789	-0.936041	-0.936058	-0.936424	-0.661891	-0.441620	-0.123531	0.487432	0.325208	0.090899	-0.005187	-2.994813
0.584200	-79.609707	-79.195364	158.805071	0.414344	238.414778	-0.508478	-0.508503	-0.509185	-0.400194	-0.267020	-0.074746	0.718015	0.479049	0.133884	-0.005205	-2.994795
0.586000	-79.339702	-78.925364	158.265066	0.414338	237.604768	-0.082378	-0.082407	-0.083279	-0.067640	-0.045144	-0.012751	0.819232	0.546580	0.152753	-0.005222	-2.994778
0.587800	-79.069697	-78.655364	157.725060	0.414333	236.794757	0.342259	0.342232	0.341327	0.275886	0.184052	0.051290	0.774352	0.516636	0.144386	-0.005240	-2.994760
0.589600	-78.799691	-78.385364	157.185055	0.414328	235.984746	0.765432	0.765412	0.764636	0.569549	0.379980	0.106036	0.592759	0.395480	0.110533	-0.005258	-2.994742
0.591400	-78.529686	-78.115364	156.645049	0.414322	235.174735	1.187143	1.187133	1.186625	0.762287	0.508571	0.141967	0.307701	0.205293	0.057391	-0.005276	-2.994724
0.593200	-78.259680	-77.845364	156.105044	0.414317	234.364724	1.607394	1.607395	1.607244	0.821500	0.548077	0.153006	-0.030078	-0.020068	-0.005579	-0.005294	-2.994706
0.595000	-77.989675	-77.575364	155.565038	0.414311	233.554713	2.026185	2.026199	2.026433	0.738274	0.492550	0.137491	-0.361547	-0.241219	-0.067374	-0.005312	-2.994688
0.596800	-77.719669	-77.305364	155.025033	0.414306	232.744702	2.443521	2.443544	2.444124	0.528362	0.352500	0.098357	-0.629754	-0.420163	-0.117375	-0.005331	-2.994669
0.598600	-77.449664	-77.035364	154.485027	0.414300	231.934691	2.859402	2.859430	2.860259	0.228905	0.152706	0.042529	-0.789522	-0.526758	-0.147161	-0.005349	-2.994651
0.600400	-77.179658	-76.765364	153.945021	0.414294	231.124679	-3.009356	-3.009327	-3.008388	-0.108385	-0.072329	-0.020352	-0.814848	-0.543656	-0.151882	-0.005368	-2.994632
0.602200	-76.909652	-76.495364	153.405016	0.414289	230.314668	-2.596381	-2.596356	-2.595462	-0.426296	-0.284435	-0.079621	-0.702837	-0.468923	-0.130999	-0.005387	-2.994613
0.604000	-76.639647	-76.225364	152.865010	0.414283	229.504657	-2.184860	-2.184842	-2.184139	-0.671836	-0.448257	-0.125398	-0.473634	-0.316002	-0.088268	-0.005406	-2.994594
0.605800	-76.369641	-75.955364	152.325004	0.414277	228.694645	-1.774792	-1.774786	-1.774387	-0.804955	-0.537072	-0.150216	-0.166524	-0.111102	-0.031012	-0.005425	-2.994575
0.607600	-76.099635	-75.685364	151.784999	0.414271	227.884633	-1.366181	-1.366187	-1.366154	-0.804850	-0.537002	-0.150196	0.167022	0.111435	0.031173	-0.005444	-2.994556
0.609400	-75.829629	-75.415364	151.244993	0.414266	227.074622	-0.959029	-0.959045	-0.959379	-0.672917	-0.448978	-0.125599	0.472088	0.314971	0.088049	-0.005463	-2.994537
0.611200	-75.559623	-75.145364	150.704987	0.414260	226.264610	-0.553336	-0.553360	-0.554004	-0.431988	-0.288233	-0.080680	0.699343	0.466593	0.130418	-0.005483	-2.994517
0.613000	-75.289617	-74.875364	150.164981	0.414254	225.454598	-0.149105	-0.149134	-0.149979	-0.122113	-0.081488	-0.022907	0.812894	0.542353	0.151589	-0.005502	-2.994498
0.614800	-75.019611	-74.605364	149.624975	0.414248	224.644586	0.253662	0.253635	0.252725	0.206288	0.137617	0.038320	0.795720	0.530895	0.148387	-0.005522	-2.994478
0.616600	-74.749605	-74.335364	149.084969	0.414242	223.834574	0.654967	0.654945	0.654119	0.500729	0.334064	0.093217	0.651929	0.434959	0.121578	-0.005542	-2.994458
0.618400	-74.479599	-74.065364	148.544963	0.414236	223.024562	1.054810	1.054796	1.054186	0.715018	0.477035	0.133170	0.405590	0.270605	0.075650	-0.005562	-2.994438
0.620200	-74.209593	-73.795364	148.004957	0.414230	222.214550	1.453192	1.453189	1.452892	0.816368	0.544655	0.152066	0.096454	0.064353	0.018013	-0.005582	-2.994418
0.622000	-73.939587	-73.525364	147.464951	0.414223	221.404537	1.850114	1.850123	1.850187	0.790188	0.527188	0.147185	-0.226638	-0.151211	-0.042227	-0.005602	-2.994398
0.623800	-73.669581	-73.255364	146.924944	0.414217	220.594525	2.245579	2.245598	2.246015	0.641887	0.428244	0.119534	-0.513554	-0.342637	-0.095721	-0.005623	-2.994377
0.625600	-73.399575	-72.985364	146.384938	0.414211	219.784513	2.639588	2.639614	2.640322	0.395551	0.263891	0.073605	-0.720614	-0.480786	-0.134327	-0.005643	-2.994357
0.627400	-73.129568	-72.715364	145.844932	0.414205	218.974500	3.032143	3.032173	3.033065	0.089791	0.059891	0.016596	-0.817109	-0.545166	-0.152319	-0.005664	-2.994336
0.629200	-72.859562	-72.445364	145.304925	0.414198	218.164487	-2.859940	-2.859912	-2.858967	-0.228474	-0.152452	-0.042745	-0.789628	-0.526831	-0.147195	-0.005685	-2.994315
0.631000	-72.589556	-72.175364	144.764919	0.414192	217.354475	-2.470292	-2.470268	-2.469411	-0.511293	-0.341146	-0.095478	-0.643644	-0.429432	-0.119975	-0.005706	-2.994294
0.632800	-72.319549	-71.905364	144.224913	0.414186	216.544462	-2.082098	-2.082083	-2.081436	-0.716874	-0.478307	-0.133809	-0.402215	-0.268353	-0.074960	-0.005727	-2.994273
0.634600	-72.049543	-71.635364	143.684906	0.414179	215.734449	-1.695359	-1.695354	-1.695010	-0.815627	-0.544194	-0.152222	-0.102125	-0.068136	-0.019006	-0.005749	-2.994251
0.636400	-71.779536	-71.365364	143.144900	0.414173	214.924436	-1.310076	-1.310083	-1.310087	-0.794215	-0.529908	-0.148230	0.211891	0.141372	0.039545	-0.005770	-2.994230
0.638200	-71.509529	-71.095364	142.604893	0.414166	214.114423	-0.926252	-0.926269	-0.926617	-0.657083	-0.438415	-0.122660	0.493884	0.329515	0.092125	-0.005792	-2.994208
0.640000	-71.239523	-70.825364	142.064886	0.414159	213.304409	-0.543888	-0.543913	-0.544551	-0.425360	-0.283812	-0.079453	0.703391	0.469295	0.131190	-0.005814	-2.994186
0.641800	-70.969516	-70.555364	141.524880	0.414153	212.494396	-0.162986	-0.163014	-0.163847	-0.133384	-0.089008	-0.025011	0.811117	0.541170	0.151277	-0.005836	-2.994164
0.643600	-70.699509	-70.285364	140.984873	0.414146	211.684382	0.216454	0.216426	0.215520	0.176544	0.117772	0.032780	0.802839	0.535646	0.149734	-0.005858	-2.994142
0.645400	-70.429503	-70.015364	140.444866	0.414139	210.874369	0.594432	0.594408	0.593560	0.460368	0.307137	0.085703	0.681024	0.454373	0.127019	-0.005880	-2.994120
0.647200	-70.159496	-69.745364	139.904859	0.414132	210.064355	0.970948	0.970932	0.970262	0.678527	0.452691	0.126382	0.464054	0.309613	0.086562	-0.005903	-2.994097
0.649000	-69.889489	-69.475364	139.364853	0.414125	209.254341	1.346003	1.345997	1.345602	0.801360	0.534644	0.149287	0.183238	0.122254	0.034199	-0.005925	-2.994075
0.650800	-69.619482	-69.205364	138.824846	0.414118	208.444328	1.719598	1.719603	1.719539	0.812960	0.542384	0.151450	-0.121871	-0.081311	-0.022695	-0.005948	-2.994052
0.652600	-69.349475	-68.935364	138.284839	0.414111	207.634314	2.091735	2.091750	2.092027	0.713000	0.475691	0.132810	-0.409126	-0.272966	-0.076259	-0.005971	-2.994029
0.654400	-69.079468	-68.665364	137.744832	0.414104	206.824299	2.462416	2.462439	2.463022	0.516365	0.344498	0.096143	-0.639619	-0.426749	-0.119240	-0.005995	-2.994005
0.656200	-68.809461	-68.395364	137.204824	0.414097	206.014285	2.831641	2.831670	2.832481	0.250729	0.167268	0.046609	-0.782859	-0.522317	-0.145950	-0.006018	-2.993982
0.658000	-68.539454	-68.125364	136.664817	0.414090	205.204271	-3.083773	-3.083743	-3.082809	-0.047503	-0.031710	-0.009004	-0.820647	-0.547529	-0.152997	-0.006042	-2.993958
0.659800	-68.269446	-67.855364	136.124810	0.414083	204.394257	-2.717455	-2.717428	-2.716493	-0.338286	-0.225718	-0.063229	-0.749176	-0.499844	-0.139669	-0.006065	-2.993935
0.661600	-67.999439	-67.585364	135.584803	0.414076	203.584242	-2.352592	-2.352571	-2.351755	-0.583334	-0.389212	-0.108925	-0.579146	-0.386401	-0.107962	-0.006089	-2.993911
0.663400	-67.729432	-67.315364	135.044795	0.414068	202.774227	-1.989183	-1.989171	-1.988576	-0.751095	-0.501141	-0.140209	-0.333966	-0.222819	-0.062240	-0.006114	-2.993886
0.665200	-67.459424	-67.045364	134.504788	0.414061	201.964213	-1.627231	-1.627228	-1.626927	-0.820683	-0.547570	-0.153186	-0.046364	-0.030933	-0.008608	-0.006138	-2.993862
0.667000	-67.189417	-66.775364	133.964781	0.414054	201.154198	-1.266735	-1.266743	-1.266771	-0.784285	-0.523285	-0.146398	0.246102	0.164198	0.045933	-0.006162	-2.993838
0.668800	-66.919410	-66.505364	133.424773	0.414046	200.344183	-0.907698	-0.907715	-0.908063	-0.647804	-0.432226	-0.120946	0.505988	0.337592	0.094398	-0.006187	-2.993813
0.670600	-66.649402	-66.235364	132.884766	0.414038	199.534167	-0.550121	-0.550145	-0.550765	-0.429733	-0.286730	-0.080279	0.700723	0.467517	0.130713	-0.006212	-2.993788
0.672400	-66.379394	-65.965364	132.344758	0.414031	198.724152	-0.194004	-0.194032	-0.194844	-0.158474	-0.105749	-0.029692	0.806586	0.538149	0.150456	-0.006237	-2.993763
0.674200	-66.109387	-65.695364	131.804750	0.414023	197.914137	0.160650	0.160622	0.159724	0.131490	0.087713	0.024384	0.811430	0.541381	0.151359	-0.006263	-2.993737
0.676000	-65.839379	-65.425364	131.264742	0.414015	197.104121	0.513843	0.513818	0.512948	0.404047	0.269562	0.075213	0.715869	0.477623	0.133538	-0.006288	-2.993712
0.677800	-65.569371	-65.155364	130.724735	0.414008	196.294106	0.865574	0.865556	0.864823	0.625950	0.417614	0.116597	0.532843	0.355509	0.099405	-0.006314	-2.993686
0.679600	-65.299363	-64.885364	130.184727	0.414000	195.484090	1.215845	1.215835	1.215331	0.770794	0.514253	0.143610	0.285695	0.190613	0.053313	-0.006340	-2.993660
0.681400	-65.029355	-64.615364	129.644719	0.413992	194.674074	1.564655	1.564656	1.564443	0.822024	0.548434	0.153164	0.005048	0.003368	0.000973	-0.006366	-2.993634
0.683200	-64.759347	-64.345364	129.104711	0.413984	193.864058	1.912007	1.912018	1.912124	0.774649	0.516825	0.144329	-0.275078	-0.183531	-0.051270	-0.006393	-2.993607
0.685000	-64.489339	-64.075364	128.564703	0.413976	193.054042	2.257902	2.257921	2.258335	0.635504	0.423989	0.118378	-0.521419	-0.347888	-0.097213	-0.006419	-2.993581
0.686800	-64.219331	-63.805364	128.024694	0.413967	192.244025	2.602340	2.602366	2.603042	0.422109	0.281612	0.078579	-0.705378	-0.470625	-0.131522	-0.006446	-2.993554
0.688600	-63.949323	-63.535364	127.484686	0.413959	191.434009	2.945323	2.945352	2.946213	0.160304	0.106938	0.029751	-0.806241	-0.537920	-0.150333	-0.006473	-2.993527
0.690400	-63.679314	-63.265364	126.944678	0.413951	190.623992	-2.996334	-2.996304	-2.995355	-0.118985	-0.079403	-0.022338	-0.813357	-0.542668	-0.151660	-0.006501	-2.993499
0.692200	-63.409306	-62.995364	126.404670	0.413943	189.813976	-2.656260	-2.656233	-2.655302	-0.383468	-0.255864	-0.071666	-0.727080	-0.485104	-0.135568	-0.006528	-2.993472
0.694000	-63.139298	-62.725364	125.864661	0.413934	189.003959	-2.317641	-2.317620	-2.316808	-0.603211	-0.402476	-0.112650	-0.558405	-0.372565	-0.104109	-0.006556	-2.993444
0.695800	-62.869289	-62.455364	125.324653	0.413926	188.193942	-1.980477	-1.980464	-1.979860	-0.753970	-0.503062	-0.140769	-0.327412	-0.218448	-0.061026	-0.006584	-2.993416
0.697600	-62.599281	-62.185364	124.784644	0.413917	187.383925	-1.644769	-1.644766	-1.644431	-0.819740	-0.546943	-0.153035	-0.060749	-0.040531	-0.011289	-0.006612	-2.993388
0.699400	-62.329272	-61.915364	124.244635	0.413908	186.573907	-1.310518	-1.310524	-1.310492	-0.794301	-0.529970	-0.148291	0.211538	0.141138	0.039497	-0.006641	-2.993359
0.701200	-62.059263	-61.645364	123.704627	0.413900	185.763890	-0.977725	-0.977741	-0.978010	-0.681616	-0.454787	-0.127273	0.459418	0.306522	0.085731	-0.006669	-2.993331
0.703000	-61.789254	-61.375364	123.164618	0.413891	184.953872	-0.646392	-0.646415	-0.646952	-0.495095	-0.330341	-0.092483	0.656165	0.437792	0.122428	-0.006698	-2.993302
0.704800	-61.519245	-61.105364	122.624609	0.413882	184.143854	-0.316519	-0.316546	-0.317289	-0.255856	-0.170722	-0.047860	0.781166	0.521191	0.145744	-0.006728	-2.993272
0.706600	-61.249236	-60.835364	122.084600	0.413873	183.333836	0.011893	0.011864	0.010999	0.009776	0.006507	0.001687	0.821948	0.548401	0.153351	-0.006757	-2.993243
0.708400	-60.979227	-60.565364	121.544591	0.413864	182.523818	0.338843	0.338817	0.337924	0.273235	0.182286	0.050829	0.775274	0.517261	0.144645	-0.006787	-2.993213
0.710200	-60.709218	-60.295364	121.004582	0.413855	181.713800	0.664333	0.664311	0.663488	0.506804	0.338123	0.094396	0.647201	0.431811	0.120756	-0.006817	-2.993183
0.712000	-60.439209	-60.025364	120.464573	0.413846	180.903782	0.988361	0.988346	0.987682	0.686497	0.458013	0.127914	0.452164	0.301682	0.084376	-0.006847	-2.993153
0.713800	-60.169200	-59.755364	119.924563	0.413836	180.093763	1.310930	1.310923	1.310489	0.794432	0.530028	0.148047	0.211223	0.140927	0.039433	-0.006878	-2.993122
0.715600	-59.899190	-59.485364	119.384554	0.413827	179.283744	1.632039	1.632042	1.631884	0.820494	0.547416	0.152909	-0.050312	-0.033569	-0.009352	-0.006909	-2.993091
0.717400	-59.629181	-59.215364	118.844544	0.413817	178.473725	1.951689	1.951701	1.951838	0.763121	0.509137	0.142207	-0.305591	-0.203890	-0.056971	-0.006940	-2.993060
0.719200	-59.359171	-58.945364	118.304535	0.413808	177.663706	2.269883	2.269903	2.270322	0.629207	0.419790	0.117227	-0.528992	-0.352943	-0.098644	-0.006971	-2.993029
0.721000	-59.089162	-58.675364	117.764525	0.413798	176.853687	2.586620	2.586646	2.587309	0.433142	0.288975	0.080653	-0.698652	-0.466140	-0.130292	-0.007003	-2.992997
0.722800	-58.819152	-58.405364	117.224516	0.413789	176.043668	2.901901	2.901930	2.902774	0.195150	0.130187	0.036257	-0.798518	-0.532771	-0.148921	-0.007035	-2.992965
0.724600	-58.549142	-58.135364	116.684506	0.413779	175.233648	-3.067459	-3.067428	-3.066484	-0.060883	-0.040638	-0.011504	-0.819753	-0.546938	-0.152882	-0.007067	-2.992933
0.726400	-58.279132	-57.865364	116.144496	0.413769	174.423628	-2.755088	-2.755059	-2.754102	-0.309857	-0.206753	-0.057950	-0.761365	-0.507982	-0.141990	-0.007100	-2.992900
0.728200	-58.009122	-57.595364	115.604486	0.413759	173.613608	-2.444172	-2.444148	-2.443266	-0.527920	-0.352245	-0.098629	-0.630060	-0.420375	-0.117495	-0.007133	-2.992867
0.730000	-57.739112	-57.325364	115.064476	0.413749	172.803588	-2.134711	-2.134694	-2.133968	-0.694719	-0.463533	-0.129745	-0.439352	-0.293135	-0.081918	-0.007166	-2.992834
0.731800	-57.469102	-57.055364	114.524466	0.413739	171.993568	-1.826707	-1.826698	-1.826190	-0.795214	-0.530583	-0.148493	-0.208066	-0.138821	-0.038771	-0.007199	-2.992801
0.733600	-57.199092	-56.785364	113.984455	0.413728	171.183547	-1.520159	-1.520160	-1.519913	-0.820927	-0.547739	-0.153290	0.041605	0.027759	0.007807	-0.007233	-2.992767
0.735400	-56.929081	-56.515364	113.444445	0.413718	170.373526	-1.215069	-1.215078	-1.215111	-0.770519	-0.514107	-0.143886	0.286273	0.191002	0.053451	-0.007267	-2.992733
0.737200	-56.659071	-56.245364	112.904434	0.413707	169.563505	-0.911438	-0.911455	-0.911758	-0.649683	-0.433485	-0.121343	0.503555	0.335973	0.093988	-0.007302	-2.992698
0.739000	-56.389060	-55.975364	112.364424	0.413697	168.753484	-0.609266	-0.609288	-0.609832	-0.470395	-0.313863	-0.087894	0.674085	0.449751	0.125802	-0.007336	-2.992664
0.740800	-56.119050	-55.705364	111.824413	0.413686	167.943463	-0.308554	-0.308580	-0.309309	-0.249623	-0.166564	-0.046706	0.783173	0.522534	0.146154	-0.007372	-2.992628
0.742600	-55.849039	-55.435364	111.284402	0.413675	167.133441	-0.009302	-0.009330	-0.010175	-0.007646	-0.005117	-0.001561	0.821964	0.548416	0.153391	-0.007407	-2.992593
0.744400	-55.579028	-55.165364	110.744392	0.413665	166.323420	0.288489	0.288463	0.287578	0.233864	0.156019	0.043498	0.788037	0.525780	0.147062	-0.007443	-2.992557
0.746200	-55.309017	-54.895364	110.204381	0.413654	165.513398	0.584820	0.584797	0.583955	0.453792	0.302755	0.084530	0.685404	0.457303	0.127914	-0.007479	-2.992521
0.748000	-55.039006	-54.625364	109.664369	0.413642	164.703375	0.879690	0.879672	0.878949	0.633400	0.422590	0.118040	0.523947	0.349578	0.097790	-0.007515	-2.992485
0.749800	-54.768995	-54.355364	109.124358	0.413631	163.893353	1.173100	1.173090	1.172549	0.757870	0.505637	0.141263	0.318367	0.212414	0.059433	-0.007552	-2.992448
0.751600	-54.498983	-54.085363	108.584347	0.413620	163.083330	1.465050	1.465048	1.464740	0.817435	0.545379	0.152377	0.086764	0.057889	0.016221	-0.007589	-2.992411
0.753400	-54.228972	-53.815363	108.044335	0.413608	162.273307	1.755542	1.755548	1.755500	0.808039	0.539110	0.150624	-0.151003	-0.100751	-0.028142	-0.007627	-2.992373
0.755200	-53.958960	-53.545363	107.504324	0.413597	161.463284	2.044575	2.044590	2.044809	0.731481	0.488030	0.136339	-0.375052	-0.250236	-0.069945	-0.007665	-2.992335
0.757000	-53.688949	-53.275363	106.964312	0.413585	160.653261	2.332152	2.332173	2.332644	0.595064	0.397012	0.110886	-0.567117	-0.378383	-0.105782	-0.007703	-2.992297
0.758800	-53.418937	-53.005363	106.424300	0.413573	159.843237	2.618272	2.618298	2.618984	0.410811	0.274078	0.076506	-0.712003	-0.475052	-0.132816	-0.007742	-2.992258
0.760600	-53.148925	-52.735363	105.884289	0.413562	159.033214	2.902935	2.902965	2.903815	0.194322	0.129636	0.036111	-0.798713	-0.532905	-0.148995	-0.007781	-2.992219
0.762400	-52.878913	-52.465363	105.344277	0.413550	158.223190	-3.097042	-3.097011	-3.096063	-0.036609	-0.024442	-0.006979	-0.821189	-0.547901	-0.153189	-0.007821	-2.992179
0.764200	-52.608901	-52.195363	104.804264	0.413537	157.413165	-2.815290	-2.815260	-2.814285	-0.263486	-0.175816	-0.049314	-0.778623	-0.519501	-0.145247	-0.007861	-2.992139
0.766000	-52.338889	-51.925363	104.264252	0.413525	156.603141	-2.534993	-2.534967	-2.534036	-0.468598	-0.312668	-0.087588	-0.675339	-0.450589	-0.125974	-0.007901	-2.992099
0.767800	-52.068876	-51.655363	103.724240	0.413513	155.793116	-2.256152	-2.256132	-2.255312	-0.636375	-0.424609	-0.118896	-0.520273	-0.347128	-0.097038	-0.007942	-2.992058
0.769600	-51.798864	-51.385363	103.184227	0.413500	154.983091	-1.978767	-1.978754	-1.978104	-0.754517	-0.503434	-0.140941	-0.326118	-0.217587	-0.060807	-0.007983	-2.992017
0.771400	-51.528851	-51.115363	102.644214	0.413487	154.173065	-1.702839	-1.702833	-1.702398	-0.814819	-0.543669	-0.152194	-0.108220	-0.072204	-0.020145	-0.008024	-2.991976
0.773200	-51.258838	-50.845363	102.104202	0.413475	153.363040	-1.428368	-1.428370	-1.428176	-0.813650	-0.542888	-0.151976	0.116677	0.077848	0.021823	-0.008066	-2.991934
0.775000	-50.988825	-50.575363	101.564189	0.413462	152.553014	-1.155355	-1.155365	-1.155421	-0.752054	-0.501791	-0.140482	0.331743	0.221342	0.061957	-0.008109	-2.991891
0.776800	-50.718812	-50.305363	101.024176	0.413449	151.742988	-0.883801	-0.883817	-0.884114	-0.635514	-0.424035	-0.118733	0.521311	0.347823	0.097334	-0.008152	-2.991848
0.778600	-50.448799	-50.035363	100.484162	0.413435	150.932961	-0.613705	-0.613727	-0.614238	-0.473378	-0.315856	-0.088475	0.671983	0.448353	0.125453	-0.008195	-2.991805
0.780400	-50.178786	-49.765363	99.944149	0.413422	150.122935	-0.345069	-0.345095	-0.345779	-0.278046	-0.185529	-0.052022	0.773529	0.516105	0.144404	-0.008239	-2.991761
0.782200	-49.908772	-49.495363	99.404136	0.413409	149.312908	-0.077894	-0.077921	-0.078724	-0.063963	-0.042692	-0.012068	0.819496	0.546775	0.152982	-0.008283	-2.991717
0.784000	-49.638758	-49.225363	98.864122	0.413395	148.502880	0.187822	0.187795	0.186934	0.153483	0.102390	0.028513	0.807539	0.538796	0.150751	-0.008328	-2.991672
0.785800	-49.368745	-48.955363	98.324108	0.413381	147.692853	0.452078	0.452053	0.451198	0.359079	0.239566	0.066884	0.739424	0.493350	0.138039	-0.008373	-2.991627
0.787600	-49.098731	-48.685363	97.784094	0.413367	146.882825	0.714874	0.714853	0.714067	0.538844	0.359506	0.100435	0.620760	0.414176	0.115892	-0.008419	-2.991581
0.789400	-48.828717	-48.415363	97.244080	0.413353	146.072797	0.976209	0.976195	0.975534	0.680938	0.454313	0.126955	0.460464	0.307225	0.085974	-0.008465	-2.991535
0.791200	-48.558702	-48.145363	96.704066	0.413339	145.262768	1.236086	1.236078	1.235590	0.776398	0.518005	0.144772	0.270029	0.180165	0.050432	-0.008512	-2.991488
0.793000	-48.288688	-47.875363	96.164051	0.413324	144.452739	1.494503	1.494503	1.494224	0.819627	0.546847	0.152840	0.062654	0.041802	0.011726	-0.008559	-2.991441
0.794800	-48.018673	-47.605363	95.624037	0.413310	143.642710	1.751462	1.751469	1.751421	0.808639	0.539516	0.150789	-0.147704	-0.098550	-0.027536	-0.008607	-2.991393
0.796600	-47.748659	-47.335363	95.084022	0.413295	142.832681	2.006962	2.006977	2.007165	0.745058	0.497094	0.138922	-0.347276	-0.231707	-0.064787	-0.008656	-2.991344
0.798400	-47.478644	-47.065363	94.544007	0.413280	142.022651	2.261005	2.261026	2.261442	0.633866	0.422906	0.118167	-0.523375	-0.349203	-0.097656	-0.008705	-2.991295
0.800200	-47.208629	-46.795363	94.003992	0.413265	141.212621	2.513592	2.513617	2.514238	0.482954	0.322216	0.089999	-0.665174	-0.443812	-0.124124	-0.008754	-2.991246
0.802000	-46.938613	-46.525363	93.463977	0.413250	140.402590	2.764721	2.764750	2.765539	0.302509	0.201820	0.056317	-0.764317	-0.509962	-0.142630	-0.008804	-2.991196
0.803800	-46.668598	-46.255363	92.923961	0.413234	139.592559	3.014394	3.014425	3.015337	0.104275	0.069557	0.019313	-0.815358	-0.544017	-0.152157	-0.008855	-2.991145
0.805600	-46.398582	-45.985363	92.383946	0.413219	138.782528	-3.020574	-3.020543	-3.019560	-0.099234	-0.066227	-0.018675	-0.815981	-0.544432	-0.152273	-0.008906	-2.991094
0.807400	-46.128566	-45.715363	91.843930	0.413203	137.972496	-2.773814	-2.773784	-2.772785	-0.295540	-0.197205	-0.055320	-0.767018	-0.511764	-0.143133	-0.008958	-2.991042
0.809200	-45.858550	-45.445363	91.303914	0.413187	137.162464	-2.528509	-2.528483	-2.527523	-0.472960	-0.315583	-0.088440	-0.672278	-0.448552	-0.125448	-0.009010	-2.990990
0.811000	-45.588534	-45.175363	90.763898	0.413171	136.352432	-2.284661	-2.284639	-2.283771	-0.621278	-0.414542	-0.116127	-0.538195	-0.359090	-0.100417	-0.009063	-2.990937
0.812800	-45.318518	-44.905363	90.223881	0.413154	135.542399	-2.042269	-2.042253	-2.041522	-0.732292	-0.488612	-0.136852	-0.373337	-0.249095	-0.069641	-0.009117	-2.990883
0.814600	-45.048501	-44.635363	89.683865	0.413138	134.732366	-1.801334	-1.801325	-1.800767	-0.800218	-0.533934	-0.149532	-0.187820	-0.125315	-0.035007	-0.009171	-2.990829
0.816400	-44.778484	-44.365363	89.143848	0.413121	133.922332	-1.561857	-1.561854	-1.561496	-0.821929	-0.548419	-0.153586	0.007348	0.004904	0.001428	-0.009226	-2.990774
0.818200	-44.508468	-44.095363	88.603831	0.413104	133.112298	-1.323837	-1.323841	-1.323697	-0.797023	-0.531802	-0.148936	0.200934	0.134068	0.037570	-0.009281	-2.990718
0.820000	-44.238450	-43.825363	88.063814	0.413087	132.302264	-1.087275	-1.087286	-1.087357	-0.727734	-0.485571	-0.136000	0.382129	0.254964	0.071398	-0.009338	-2.990662
0.821800	-43.968433	-43.555363	87.523796	0.413069	131.492229	-0.852172	-0.852188	-0.852466	-0.618701	-0.412823	-0.115643	0.541139	0.361058	0.101086	-0.009395	-2.990605
0.823600	-43.698415	-43.285363	86.983779	0.413052	130.682194	-0.618527	-0.618548	-0.619011	-0.476605	-0.318014	-0.089113	0.669683	0.446824	0.125086	-0.009452	-2.990548
0.825400	-43.428397	-43.015363	86.443761	0.413034	129.872158	-0.386342	-0.386366	-0.386983	-0.309720	-0.206665	-0.057954	0.761385	0.508010	0.142207	-0.009511	-2.990489
0.827200	-43.158379	-42.745363	85.903743	0.413016	129.062122	-0.155616	-0.155642	-0.156375	-0.127397	-0.085016	-0.023912	0.812042	0.541809	0.151666	-0.009570	-2.990430
0.829000	-42.888361	-42.475363	85.363725	0.412998	128.252086	0.073650	0.073624	0.072818	0.060484	0.040342	0.011169	0.819751	0.546952	0.153105	-0.009630	-2.990370
0.830800	-42.618343	-42.205363	84.823706	0.412979	127.442049	0.301457	0.301432	0.300600	0.244057	0.162825	0.045445	0.784917	0.523711	0.146601	-0.009690	-2.990310
0.832600	-42.348324	-41.935363	84.283687	0.412960	126.632011	0.527804	0.527782	0.526972	0.413985	0.276204	0.077175	0.710129	0.473811	0.132636	-0.009752	-2.990248
0.834400	-42.078305	-41.665363	83.743668	0.412941	125.821973	0.752692	0.752674	0.751930	0.561920	0.374909	0.104799	0.599933	0.400286	0.112060	-0.009814	-2.990186
0.836200	-41.808286	-41.395363	83.203649	0.412922	125.011935	0.976120	0.976107	0.975472	0.680886	0.454285	0.127014	0.460517	0.307264	0.086026	-0.009877	-2.990123
0.838000	-41.538266	-41.125363	82.663630	0.412903	124.201896	1.198090	1.198082	1.197590	0.765567	0.510786	0.142827	0.299322	0.199712	0.055925	-0.009940	-2.990060
0.839800	-41.268246	-40.855363	82.123610	0.412883	123.391856	1.418600	1.418599	1.418278	0.812501	0.542102	0.151592	0.124623	0.083150	0.023301	-0.010005	-2.989995
0.841600	-40.998226	-40.585363	81.583590	0.412863	122.581816	1.637652	1.637657	1.637527	0.820167	0.547217	0.153023	-0.054915	-0.036642	-0.010227	-0.010070	-2.989930
0.843400	-40.728206	-40.315363	81.043570	0.412843	121.771776	1.855246	1.855258	1.855328	0.788972	0.526403	0.147198	-0.230678	-0.153915	-0.043050	-0.010137	-2.989863
0.845200	-40.458186	-40.045363	80.503549	0.412822	120.961735	2.071382	2.071399	2.071671	0.721144	0.481146	0.134530	-0.394511	-0.263228	-0.073647	-0.010204	-2.989796
0.847000	-40.188165	-39.775363	79.963528	0.412801	120.151693	2.286060	2.286083	2.286547	0.620544	0.414024	0.115742	-0.539081	-0.359688	-0.100647	-0.010272	-2.989728
0.848800	-39.918144	-39.505363	79.423507	0.412780	119.341651	2.499281	2.499308	2.499947	0.492415	0.328533	0.091812	-0.658183	-0.439156	-0.122891	-0.010341	-2.989659
0.850600	-39.648122	-39.235363	78.883486	0.412759	118.531608	2.711045	2.711076	2.711865	0.343073	0.228888	0.063920	-0.746974	-0.498400	-0.139474	-0.010411	-2.989589
0.852400	-39.378101	-38.965363	78.343464	0.412737	117.721564	2.921352	2.921385	2.922294	0.179574	0.119798	0.033382	-0.802131	-0.535201	-0.149776	-0.010481	-2.989519
0.854200	-39.108079	-38.695363	77.803442	0.412715	116.911520	3.130203	3.130236	3.131230	0.009362	0.006228	0.001590	-0.821927	-0.548410	-0.153473	-0.010553	-2.989447
0.856000	-38.838056	-38.425363	77.263420	0.412693	116.101476	-2.945589	-2.945556	-2.944514	-0.160080	-0.106828	-0.030059	-0.806236	-0.537940	-0.150542	-0.010626	-2.989374
0.857800	-38.568034	-38.155363	76.723397	0.412670	115.291431	-2.739652	-2.739621	-2.738571	-0.321558	-0.214570	-0.060221	-0.756460	-0.504729	-0.141245	-0.010700	-2.989300
0.859600	-38.298011	-37.885363	76.183374	0.412647	114.481385	-2.535172	-2.535144	-2.534123	-0.468461	-0.312588	-0.087662	-0.675401	-0.450644	-0.126103	-0.010775	-2.989225
0.861400	-38.027987	-37.615363	75.643351	0.412624	113.671338	-2.332148	-2.332124	-2.331170	-0.595018	-0.397030	-0.111302	-0.567069	-0.378362	-0.105867	-0.010851	-2.989149
0.863200	-37.757964	-37.345363	75.103327	0.412600	112.861291	-2.130582	-2.130562	-2.129706	-0.696497	-0.464739	-0.130259	-0.436461	-0.291216	-0.081468	-0.010927	-2.989072
0.865000	-37.487940	-37.075363	74.563303	0.412577	112.051243	-1.930473	-1.930458	-1.929728	-0.769353	-0.513351	-0.143869	-0.289302	-0.193028	-0.053977	-0.011006	-2.988994
0.866800	-37.217916	-36.805363	74.023279	0.412552	111.241195	-1.731821	-1.731812	-1.731230	-0.811312	-0.541347	-0.151708	-0.131782	-0.087926	-0.024550	-0.011085	-2.988915
0.868600	-36.947891	-36.535363	73.483254	0.412528	110.431145	-1.534627	-1.534623	-1.534206	-0.821406	-0.548082	-0.153593	0.029723	0.019835	0.005623	-0.011165	-2.988835
0.870400	-36.677866	-36.265363	72.943229	0.412503	109.621095	-1.338890	-1.338892	-1.338648	-0.799939	-0.533758	-0.149583	0.188910	0.126049	0.035363	-0.011247	-2.988753
0.872200	-36.407841	-35.995363	72.403204	0.412477	108.811045	-1.144612	-1.144619	-1.144550	-0.748419	-0.499383	-0.139957	0.339790	0.226721	0.063552	-0.011329	-2.988671
0.874000	-36.137815	-35.725363	71.863178	0.412451	108.000993	-0.951791	-0.951804	-0.951906	-0.669436	-0.446683	-0.125200	0.476911	0.318212	0.089172	-0.011413	-2.988587
0.875800	-35.867789	-35.455363	71.323152	0.412425	107.190941	-0.760430	-0.760446	-0.760708	-0.566510	-0.378008	-0.105969	0.595531	0.397359	0.111335	-0.011498	-2.988501
0.877600	-35.597762	-35.185363	70.783126	0.412399	106.380888	-0.570527	-0.570546	-0.570953	-0.443913	-0.296206	-0.083062	0.691763	0.461568	0.129316	-0.011585	-2.988415
0.879400	-35.327735	-34.915363	70.243099	0.412372	105.570834	-0.382082	-0.382104	-0.382633	-0.306466	-0.204498	-0.057379	0.762678	0.508885	0.142567	-0.011673	-2.988327
0.881200	-35.057708	-34.645363	69.703071	0.412344	104.760779	-0.195097	-0.195120	-0.195747	-0.159345	-0.106333	-0.029888	0.806358	0.538030	0.150729	-0.011762	-2.988238
0.883000	-34.787680	-34.375363	69.163043	0.412317	103.950724	-0.009571	-0.009594	-0.010290	-0.007866	-0.005262	-0.001581	0.821918	0.548412	0.153637	-0.011852	-2.988148
0.884800	-34.517652	-34.105363	68.623015	0.412288	103.140667	0.174497	0.174473	0.173738	0.142702	0.095203	0.026556	0.809477	0.540111	0.151312	-0.011944	-2.988056
0.886600	-34.247623	-33.835363	68.082987	0.412260	102.330610	0.357105	0.357083	0.356339	0.287328	0.191702	0.053584	0.770107	0.513842	0.143955	-0.012038	-2.987962
0.888400	-33.977594	-33.565363	67.542957	0.412231	101.520551	0.538254	0.538235	0.537512	0.421371	0.281141	0.078635	0.705744	0.470896	0.131926	-0.012132	-2.987868
0.890200	-33.707564	-33.295363	67.002928	0.412201	100.710492	0.717945	0.717929	0.717256	0.540723	0.360777	0.100941	0.619074	0.413067	0.115728	-0.012229	-2.987771
0.892000	-33.437534	-33.025363	66.462898	0.412171	99.900432	0.896176	0.896164	0.895569	0.641915	0.428296	0.119854	0.513404	0.342560	0.095979	-0.012327	-2.987673
0.893800	-33.167504	-32.755363	65.922867	0.412140	99.090371	1.072949	1.072941	1.072448	0.722197	0.481863	0.134859	0.392522	0.261903	0.073385	-0.012426	-2.987574
0.895600	-32.897473	-32.485363	65.382836	0.412109	98.280309	1.248263	1.248260	1.247889	0.779592	0.520159	0.145587	0.260542	0.173840	0.048716	-0.012527	-2.987473
0.897400	-32.627441	-32.215363	64.842804	0.412078	97.470246	1.422119	1.422121	1.421888	0.812909	0.542390	0.151815	0.121760	0.081239	0.022775	-0.012630	-2.987370
0.899200	-32.357409	-31.945363	64.302772	0.412046	96.660181	1.594516	1.594524	1.594441	0.821747	0.548286	0.153467	-0.019495	-0.013012	-0.003629	-0.012734	-2.987266
0.901000	-32.087376	-31.675363	63.762740	0.412013	95.850116	1.765455	1.765468	1.765544	0.806453	0.538082	0.150608	-0.158997	-0.106093	-0.029707	-0.012840	-2.987160
0.902800	-31.817343	-31.405363	63.222706	0.411980	95.040049	1.934937	1.934954	1.935191	0.768079	0.512477	0.143434	-0.292744	-0.195334	-0.054710	-0.012948	-2.987052
0.904600	-31.547309	-31.135363	62.682673	0.411946	94.229982	2.102960	2.102982	2.103379	0.708304	0.472593	0.132259	-0.417069	-0.278290	-0.077952	-0.013058	-2.986942
0.906400	-31.277275	-30.865363	62.142638	0.411912	93.419913	2.269526	2.269552	2.270102	0.629351	0.419912	0.117498	-0.528729	-0.352794	-0.098828	-0.013170	-2.986830
0.908200	-31.007240	-30.595363	61.602603	0.411877	92.609843	2.434634	2.434664	2.435358	0.533889	0.356215	0.099650	-0.624976	-0.417014	-0.116823	-0.013283	-2.986717
0.910000	-30.737204	-30.325363	61.062568	0.411841	91.799772	2.598284	2.598317	2.599143	0.424932	0.283514	0.079278	-0.703604	-0.469479	-0.131524	-0.013399	-2.986601
0.911800	-30.467168	-30.055363	60.522531	0.411805	90.989699	2.760477	2.760513	2.761454	0.305733	0.203979	0.056990	-0.762985	-0.509101	-0.142627	-0.013516	-2.986484
0.913600	-30.197131	-29.785363	59.982495	0.411768	90.179626	2.921213	2.921250	2.922288	0.179679	0.119870	0.033419	-0.802076	-0.535184	-0.149937	-0.013636	-2.986364
0.915400	-29.927094	-29.515363	59.442457	0.411730	89.369551	3.080492	3.080529	3.081644	0.050191	0.033469	0.009205	-0.820417	-0.547422	-0.153366	-0.013758	-2.986242
0.917200	-29.657055	-29.245363	58.902419	0.411692	88.559474	-3.044872	-3.044835	-3.043665	-0.079375	-0.052984	-0.015024	-0.818104	-0.545879	-0.152933	-0.013882	-2.986118
0.919000	-29.387016	-28.975363	58.362380	0.411653	87.749396	-2.888508	-2.888471	-2.887268	-0.205807	-0.137345	-0.038669	-0.795758	-0.530968	-0.148754	-0.014008	-2.985992
0.920800	-29.116977	-28.705363	57.822340	0.411613	86.939317	-2.733602	-2.733566	-2.732351	-0.326116	-0.217622	-0.061170	-0.754471	-0.503419	-0.141032	-0.014137	-2.985863
0.922600	-28.846936	-28.435363	57.282300	0.411573	86.129236	-2.580152	-2.580118	-2.578914	-0.437601	-0.292010	-0.082021	-0.695755	-0.464241	-0.130050	-0.014267	-2.985733
0.924400	-28.576895	-28.165363	56.742258	0.411532	85.319154	-2.428160	-2.428128	-2.426954	-0.537895	-0.358932	-0.100780	-0.621474	-0.414677	-0.116157	-0.014401	-2.985599
0.926200	-28.306853	-27.895363	56.202216	0.411490	84.509070	-2.277625	-2.277596	-2.276472	-0.625009	-0.417059	-0.117075	-0.533777	-0.356160	-0.099752	-0.014537	-2.985463
0.928000	-28.036810	-27.625363	55.662174	0.411447	83.698984	-2.128548	-2.128522	-2.127464	-0.697353	-0.465331	-0.130608	-0.435024	-0.290267	-0.081279	-0.014675	-2.985325
0.929800	-27.766767	-27.355363	55.122130	0.411403	82.888897	-1.980928	-1.980906	-1.979928	-0.753750	-0.502962	-0.141158	-0.327722	-0.218669	-0.061206	-0.014816	-2.985184
0.931600	-27.496722	-27.085363	54.582086	0.411359	82.078808	-1.834766	-1.834748	-1.833863	-0.793440	-0.529446	-0.148583	-0.214449	-0.143087	-0.040015	-0.014960	-2.985040
0.933400	-27.226677	-26.815363	54.042040	0.411314	81.268717	-1.690062	-1.690048	-1.689266	-0.816068	-0.544544	-0.152817	-0.097793	-0.065247	-0.018189	-0.015107	-2.984893
0.935200	-26.956631	-26.545363	53.501994	0.411267	80.458625	-1.546816	-1.546805	-1.546134	-0.821668	-0.548281	-0.153864	0.019708	0.013157	0.003795	-0.015257	-2.984743
0.937000	-26.686583	-26.275363	52.961947	0.411220	79.648530	-1.405027	-1.405020	-1.404464	-0.810635	-0.540919	-0.151800	0.135623	0.090502	0.025485	-0.015409	-2.984591
0.938800	-26.416535	-26.005363	52.421898	0.411172	78.838434	-1.264696	-1.264693	-1.264254	-0.783695	-0.522943	-0.146759	0.247673	0.165269	0.046452	-0.015565	-2.984435
0.940600	-26.146486	-25.735363	51.881849	0.411123	78.028335	-1.125824	-1.125824	-1.125501	-0.741865	-0.495031	-0.138931	0.353773	0.236065	0.066307	-0.015724	-2.984276
0.942400	-25.876436	-25.465363	51.341799	0.411073	77.218235	-0.988410	-0.988413	-0.988203	-0.686411	-0.458029	-0.128553	0.452060	0.301649	0.084701	-0.015886	-2.984114
0.944200	-25.606384	-25.195363	50.801748	0.411021	76.408132	-0.852453	-0.852460	-0.852357	-0.618805	-0.412918	-0.115900	0.540923	0.360944	0.101332	-0.016052	-2.983949
0.946000	-25.336332	-24.925363	50.261695	0.410969	75.598027	-0.717956	-0.717964	-0.717962	-0.540683	-0.360790	-0.101277	0.619015	0.413052	0.115949	-0.016221	-2.983779
0.947800	-25.066279	-24.655363	49.721642	0.410915	74.787920	-0.584916	-0.584927	-0.585015	-0.453795	-0.302812	-0.085014	0.685265	0.457259	0.128350	-0.016393	-2.983607
0.949600	-24.796224	-24.385363	49.181587	0.410861	73.977811	-0.453335	-0.453347	-0.453515	-0.359964	-0.240202	-0.067449	0.738881	0.493035	0.138386	-0.016569	-2.983431
0.951400	-24.526168	-24.115363	48.641531	0.410805	73.167699	-0.323213	-0.323226	-0.323462	-0.261048	-0.174197	-0.048931	0.779343	0.520034	0.145961	-0.016750	-2.983250
0.953200	-24.256111	-23.845363	48.101474	0.410748	72.357585	-0.194549	-0.194562	-0.194853	-0.158893	-0.106033	-0.029806	0.806397	0.538086	0.151026	-0.016934	-2.983066
0.955000	-23.986052	-23.575363	47.561416	0.410689	71.547468	-0.067343	-0.067356	-0.067688	-0.055308	-0.036913	-0.010412	0.820040	0.547190	0.153580	-0.017122	-2.982878
0.956800	-23.715992	-23.305363	47.021356	0.410629	70.737348	0.058404	0.058391	0.058033	0.047975	0.032005	0.008928	0.820503	0.547499	0.153667	-0.017314	-2.982686
0.958600	-23.445931	-23.035363	46.481295	0.410568	69.927226	0.182693	0.182681	0.182310	0.149322	0.099632	0.027906	0.808228	0.539308	0.151368	-0.017511	-2.982489
0.960400	-23.175869	-22.765363	45.941232	0.410505	69.117101	0.305523	0.305512	0.305144	0.247223	0.164959	0.046240	0.783844	0.523038	0.146802	-0.017713	-2.982287
0.962200	-22.905805	-22.495363	45.401168	0.410441	68.306972	0.426895	0.426886	0.426535	0.340308	0.227073	0.063674	0.748147	0.499217	0.140116	-0.017919	-2.982081
0.964000	-22.635739	-22.225363	44.861102	0.410376	67.496841	0.546808	0.546801	0.546481	0.427362	0.285162	0.079979	0.702066	0.468468	0.131485	-0.018130	-2.981870
0.965800	-22.365672	-21.955363	44.321035	0.410309	66.686707	0.665262	0.665258	0.664983	0.507337	0.338528	0.094960	0.646642	0.431485	0.121104	-0.018345	-2.981655
0.967600	-22.095603	-21.685363	43.780966	0.410240	65.876569	0.782259	0.782258	0.782039	0.579351	0.386582	0.108450	0.583000	0.389018	0.109181	-0.018567	-2.981433
0.969400	-21.825532	-21.415363	43.240895	0.410169	65.066428	0.897797	0.897799	0.897648	0.642698	0.428853	0.120318	0.512325	0.341858	0.095941	-0.018793	-2.981207
0.971200	-21.555460	-21.145363	42.700823	0.410097	64.256283	1.011877	1.011882	1.011810	0.696840	0.464981	0.130462	0.435835	0.290817	0.081609	-0.019025	-2.980975
0.973000	-21.285386	-20.875363	42.160749	0.410022	63.446134	1.124498	1.124507	1.124524	0.741406	0.494719	0.138813	0.354761	0.236717	0.066417	-0.019263	-2.980737
0.974800	-21.015309	-20.605363	41.620673	0.409946	62.635982	1.235661	1.235674	1.235788	0.776184	0.517927	0.145331	0.270324	0.180372	0.050594	-0.019507	-2.980493
0.976600	-20.745231	-20.335363	41.080594	0.409868	61.825826	1.345366	1.345383	1.345601	0.801114	0.534562	0.150003	0.183718	0.122581	0.034363	-0.019757	-2.980243
0.978400	-20.475151	-20.065363	40.540514	0.409788	61.015665	1.453613	1.453633	1.453962	0.816272	0.544677	0.152844	0.096094	0.064110	0.017939	-0.020014	-2.979986
0.980200	-20.205069	-19.795363	40.000432	0.409706	60.205500	1.560401	1.560426	1.560871	0.821863	0.548408	0.153892	0.008544	0.005687	0.001528	-0.020277	-2.979723
0.982000	-19.934984	-19.525363	39.460347	0.409621	59.395331	1.665732	1.665760	1.666325	0.818204	0.545966	0.153206	-0.077911	-0.052004	-0.014680	-0.020548	-2.979452
0.983800	-19.664897	-19.255363	38.920260	0.409534	58.585157	1.769604	1.769637	1.770323	0.805714	0.537632	0.150864	-0.162327	-0.108334	-0.030507	-0.020826	-2.979174
0.985600	-19.394808	-18.985363	38.380171	0.409445	57.774978	1.872019	1.872055	1.872866	0.784894	0.523739	0.146960	-0.243848	-0.162734	-0.045794	-0.021111	-2.978889
0.987400	-19.124716	-18.715363	37.840079	0.409353	56.964794	1.972975	1.973015	1.973951	0.756319	0.504670	0.141601	-0.321711	-0.214692	-0.060395	-0.021404	-2.978596
0.989200	-18.854621	-18.445363	37.299984	0.409258	56.154605	2.072474	2.072518	2.073578	0.720619	0.480847	0.134905	-0.395247	-0.263764	-0.074187	-0.021706	-2.978294
0.991000	-18.584524	-18.175363	36.759887	0.409161	55.344410	2.170514	2.170562	2.171746	0.678467	0.452719	0.126999	-0.463884	-0.309566	-0.087062	-0.022016	-2.977984
0.992800	-18.314423	-17.905363	36.219786	0.409060	54.534210	2.267097	2.267148	2.268455	0.630569	0.420756	0.118013	-0.527146	-0.351781	-0.098929	-0.022335	-2.977665
0.994600	-18.044320	-17.635363	35.679683	0.408957	53.724003	2.362222	2.362276	2.363703	0.577647	0.385440	0.108083	-0.584652	-0.390156	-0.109719	-0.022664	-2.977336
0.996400	-17.774214	-17.365363	35.139577	0.408851	52.913790	2.455889	2.455946	2.457491	0.520429	0.347258	0.097347	-0.636114	-0.424497	-0.119375	-0.023002	-2.976997
0.998200	-17.504104	-17.095363	34.599467	0.408741	52.103571	2.548098	2.548158	2.549817	0.459644	0.306694	0.085939	-0.681328	-0.454670	-0.127860	-0.023351	-2.976649
1.000000	-17.233991	-16.825363	34.059354	0.408628	51.293344	2.638849	2.638912	2.640682	0.396004	0.264225	0.073994	-0.720176	-0.480594	-0.135152	-0.023711	-2.976289
