#model:pLinear_down	end_point_b=1.00
#t	l_1	l_2	l_3	l_2-l_1	l_3-l_1	phase_1	phase_2	phase_3	RePsi_1	RePsi_2	RePsi_3	ImPsi_1	ImPsi_2	ImPsi_3
0.101800	-162308.628863	-149952.809751	312261.438613	12355.819112	474570.067476	2.107285	0.601907	-0.456069	0.699634	0.317256	-0.067470	-0.416049	0.461840	0.137535
0.103600	-162308.161726	-149952.003773	312260.165499	12356.157953	474568.327225	2.662621	-0.325682	-2.481286	0.370844	-0.183541	-0.093913	-0.714117	0.543489	-0.120929
0.105400	-162307.694605	-149951.197775	312258.892380	12356.496831	474566.586985	-3.063187	-1.247672	1.774642	-0.063547	-0.534984	0.149994	-0.808827	0.179145	-0.031006
0.107200	-162307.227501	-149950.391755	312257.619256	12356.835745	474564.846757	-2.526021	-2.210069	-0.250175	-0.474392	-0.440703	-0.037932	-0.670760	-0.327625	0.148447
0.109000	-162306.760412	-149949.585716	312256.346127	12357.174696	474563.106539	-1.995771	3.097006	-2.277277	-0.744019	0.024803	-0.116376	-0.336708	-0.555914	-0.099319
0.110800	-162306.293338	-149948.779655	312255.072993	12357.513683	474561.366332	-1.448426	2.159341	1.979224	-0.799529	0.476079	0.140579	0.098330	-0.317759	-0.060838
0.112600	-162305.826281	-149947.973574	312253.799855	12357.852707	474559.626136	-0.892965	1.239061	-0.046728	-0.630003	0.536861	-0.007149	0.507204	0.184930	0.152877
0.114400	-162305.359239	-149947.167472	312252.526712	12358.191767	474557.885951	-0.355430	0.284166	-2.074273	-0.285450	0.154499	-0.134171	0.769004	0.528978	-0.073905
0.116200	-162304.892214	-149946.361350	312251.253563	12358.530864	474556.145777	0.169931	-0.696300	2.184066	0.138497	-0.354702	0.125300	0.807158	0.424293	-0.088186
0.118000	-162304.425204	-149945.555206	312249.980410	12358.869997	474554.405614	0.708779	-1.645259	0.156818	0.525481	-0.568363	0.023903	0.612871	-0.042400	0.151173
0.119800	-162303.958210	-149944.749043	312248.707252	12359.209167	474552.665462	1.260787	-2.566577	-1.869480	0.768225	-0.310423	-0.146411	0.246092	-0.478997	-0.045079
0.121600	-162303.491231	-149943.942858	312247.434089	12359.548373	474550.925320	1.799195	2.769686	2.387190	0.797004	0.201364	0.104779	-0.185267	-0.516242	-0.111485
0.123400	-162303.024269	-149943.136653	312246.160922	12359.887616	474549.185190	2.320965	1.788143	0.359370	0.600401	0.537502	0.053865	-0.559520	-0.118699	0.143378
0.125200	-162302.557322	-149942.330427	312244.887749	12360.226895	474547.445071	2.851397	0.827470	-1.665850	0.231676	0.417107	-0.152497	-0.775809	0.383408	-0.014539
0.127000	-162302.090391	-149941.524180	312243.614571	12360.566211	474545.704963	-2.884863	-0.097897	2.589849	-0.204487	-0.055978	0.080252	-0.778930	0.569982	-0.130384
0.128800	-162301.623476	-149940.717913	312242.341389	12360.905563	474543.964865	-2.345759	-1.037343	0.563960	-0.582715	-0.480412	0.081908	-0.570679	0.283714	0.129503
0.130600	-162301.156577	-149939.911625	312241.068202	12361.244951	474542.224779	-1.825961	-2.016491	-1.462851	-0.795058	-0.495422	-0.152099	-0.207392	-0.236691	0.016482
0.132400	-162300.689693	-149939.105317	312239.795010	12361.584376	474540.484703	-1.303622	-2.988156	2.792441	-0.783633	-0.085977	0.052391	0.214495	-0.555937	-0.143905
0.134200	-162300.222825	-149938.298988	312238.521813	12361.923838	474538.744639	-0.763171	2.362549	0.766677	-0.556311	0.402880	0.106230	0.581608	-0.408033	0.110284
0.136000	-162299.755974	-149937.492638	312237.248611	12362.263336	474537.004585	-0.224126	1.428940	-1.261229	-0.180637	0.556485	-0.145842	0.792422	0.079475	0.046648
0.137800	-162299.289137	-149936.686267	312235.975405	12362.602870	474535.264542	0.295070	0.455262	2.996263	0.238930	0.241422	0.022195	0.786100	0.493138	-0.151646
0.139600	-162298.822317	-149935.879876	312234.702193	12362.942441	474533.524510	0.810387	-0.525369	0.969305	0.590806	-0.280004	0.126166	0.561993	0.483005	0.086591
0.141400	-162298.355513	-149935.073464	312233.428977	12363.282049	474531.784490	1.342946	-1.467557	-1.058384	0.784533	-0.569627	-0.133487	0.181915	0.059018	0.075090
0.143200	-162297.888724	-149934.267032	312232.155756	12363.621692	474530.044480	1.880879	-2.397870	-3.084607	0.771265	-0.383376	-0.008718	-0.247128	-0.416740	-0.152816
0.145000	-162297.421951	-149933.460579	312230.882530	12363.961373	474528.304481	2.400457	2.919239	1.170179	0.554014	0.121422	0.140980	-0.605364	-0.537046	0.059708
0.146800	-162296.955194	-149932.654105	312229.609299	12364.301089	474526.564493	2.910165	1.932677	-0.855647	0.187634	0.518451	-0.115708	-0.796239	-0.196260	0.100495
0.148600	-162296.488453	-149931.847610	312228.336063	12364.640843	474524.824516	-2.849098	0.978933	-2.882826	-0.232668	0.473448	-0.039167	-0.772646	0.318279	-0.147968
0.150400	-162296.021727	-149931.041095	312227.062822	12364.980632	474523.084549	-2.314042	0.048794	1.373019	-0.594486	0.027789	0.150216	-0.546368	0.569057	0.030103
0.152200	-162295.555017	-149930.234559	312225.789577	12365.320458	474521.344594	-1.793316	-0.908645	-0.653418	-0.798468	-0.436547	-0.093033	-0.180666	0.340314	0.121515
0.154000	-162295.088324	-149929.428003	312224.516326	12365.660321	474519.604650	-1.287660	-1.897344	-2.682165	-0.787490	-0.522165	-0.067880	0.229122	-0.176843	-0.137204
0.155800	-162294.621645	-149928.621426	312223.243071	12366.000220	474517.864717	-0.772543	-2.863495	1.574837	-0.564838	-0.155685	0.153211	0.579550	-0.545315	-0.000619
0.157600	-162294.154983	-149927.814828	312221.969811	12366.340155	474516.124794	-0.242182	2.486142	-0.452783	-0.193241	0.348704	-0.066967	0.782257	-0.453545	0.137653
0.159400	-162293.688336	-149927.008210	312220.696546	12366.680127	474514.384883	0.279569	1.537027	-2.479880	0.225153	0.557129	-0.094169	0.784266	0.018821	-0.120907
0.161200	-162293.221706	-149926.201571	312219.423276	12367.020135	474512.644982	0.783098	0.550325	1.776832	0.579427	0.287392	0.149820	0.582099	0.468406	-0.031313
0.163000	-162292.755091	-149925.394911	312218.150002	12367.360180	474510.905092	1.289723	-0.427588	-0.251970	0.780356	-0.233419	-0.038164	0.225302	0.512216	0.148245
0.164800	-162292.288491	-149924.588230	312216.876722	12367.700261	474509.165213	1.813636	-1.368153	-2.278486	0.781474	-0.561304	-0.116378	-0.193594	0.115327	-0.099564
0.166600	-162291.821908	-149923.781529	312215.603438	12368.040379	474507.425346	2.335717	-2.310726	1.976484	0.586464	-0.414985	0.140631	-0.562924	-0.378865	-0.060403
0.168400	-162291.355340	-149922.974808	312214.330148	12368.380533	474505.685489	2.838666	2.991378	-0.050659	0.245023	0.082223	-0.007761	-0.783960	-0.543248	0.153076
0.170200	-162290.888789	-149922.168066	312213.056854	12368.720723	474503.945643	-2.945146	2.003926	-2.077215	-0.159144	0.506803	-0.133877	-0.799666	-0.234353	-0.074257
0.172000	-162290.422252	-149921.361303	312211.783555	12369.060950	474502.205808	-2.429331	1.053308	2.177340	-0.526528	0.497337	0.125805	-0.609782	0.283100	-0.087282
0.173800	-162289.955732	-149920.554519	312210.510251	12369.401213	474500.465983	-1.908209	0.114399	0.150713	-0.764189	0.064642	0.022991	-0.268099	0.562594	0.151391
0.175600	-162289.489228	-149919.747715	312209.236942	12369.741513	474498.726170	-1.404582	-0.858540	-1.878020	-0.808975	-0.417133	-0.145851	0.135715	0.360177	-0.046274
0.177400	-162289.022739	-149918.940890	312207.963629	12370.081849	474496.986368	-0.910920	-1.852034	2.377725	-0.646379	-0.532460	0.106005	0.501530	-0.153825	-0.110671
0.179200	-162288.556266	-149918.134044	312206.690310	12370.422221	474495.246576	-0.403981	-2.814849	0.350853	-0.317359	-0.182899	0.052622	0.742371	-0.539700	0.143778
0.181000	-162288.089809	-149917.327178	312205.416987	12370.762630	474493.506796	0.114128	2.529420	-1.677630	0.091940	0.327475	-0.152300	0.802079	-0.466384	-0.016333
0.182800	-162287.623367	-149916.520292	312204.143659	12371.103076	474491.767026	0.619188	1.565727	2.579025	0.474793	0.554331	0.081679	0.666204	0.002810	-0.129541
0.184600	-162287.156942	-149915.713384	312202.870326	12371.443557	474490.027267	1.109071	0.570660	0.550055	0.734351	0.297738	0.079978	0.365412	0.463838	0.130431
0.186400	-162286.690532	-149914.906456	312201.596988	12371.784076	474488.287520	1.606912	-0.405104	-1.477704	0.809439	-0.223113	-0.152540	-0.029246	0.520291	0.014241
0.188200	-162286.224138	-149914.099507	312200.323645	12372.124630	474486.547783	2.120000	-1.348208	2.778079	0.687266	-0.558002	0.054429	-0.420613	0.126297	-0.143075
0.190000	-162285.757759	-149913.292538	312199.050297	12372.465221	474484.808057	2.626193	-2.303338	0.749497	0.401768	-0.415336	0.104373	-0.709249	-0.373596	0.112150
0.191800	-162285.291397	-149912.485548	312197.776945	12372.805848	474483.068342	3.114433	2.987870	-1.276952	0.022301	0.084169	-0.146613	-0.820897	-0.543215	0.044366
0.193600	-162284.825050	-149911.678538	312196.503588	12373.146512	474481.328638	-2.679370	2.000315	2.977297	-0.362630	0.510525	0.025028	-0.727851	-0.233840	-0.150963
0.195400	-162284.358719	-149910.871506	312195.230225	12373.487212	474479.588944	-2.173379	1.049042	0.949426	-0.663535	0.496432	0.124546	-0.456469	0.285395	0.089172
0.197200	-162283.892404	-149910.064455	312193.956858	12373.827949	474477.849262	-1.666940	0.100092	-1.078491	-0.808147	0.056296	-0.134857	-0.077938	0.560568	0.072331
0.199000	-162283.426104	-149909.257382	312192.683486	12374.168722	474476.109590	-1.178722	-0.884999	-3.107434	-0.758583	-0.425795	-0.005232	0.313660	0.348427	-0.153100
0.200800	-162282.959820	-149908.450289	312191.410109	12374.509531	474474.369930	-0.696237	-1.881368	1.149145	-0.523568	-0.530196	0.139782	0.626370	-0.170171	0.062700
0.202600	-162282.493552	-149907.643175	312190.136728	12374.850377	474472.630280	-0.198908	-2.843963	-0.879718	-0.159350	-0.167500	-0.117951	0.790530	-0.546062	0.097563
0.204400	-162282.027300	-149906.836041	312188.863341	12375.191259	474470.890641	0.305944	2.492864	-2.907473	0.243615	0.343010	-0.035539	0.771273	-0.452400	-0.149015
0.206200	-162281.561064	-149906.028886	312187.589950	12375.532178	474469.151013	0.795459	1.516980	1.347537	0.585103	0.551833	0.149205	0.573447	0.029726	0.033876
0.208000	-162281.094843	-149905.221711	312186.316553	12375.873132	474467.411396	1.272900	0.516212	-0.681812	0.782970	0.272912	-0.096514	0.240398	0.480865	0.118909
0.209800	-162280.628638	-149904.414514	312185.043152	12376.214124	474465.671790	1.760989	-0.459557	-2.708836	0.794075	-0.251932	-0.064240	-0.152875	0.509058	-0.139059
0.211600	-162280.162449	-149903.607297	312183.769746	12376.555151	474463.932195	2.261903	-1.407765	1.545351	0.621537	-0.563321	0.153053	-0.514135	0.092662	0.003895
0.213400	-162279.696275	-149902.800060	312182.496335	12376.896215	474462.192611	2.753027	-2.374051	-0.482280	0.309349	-0.386488	-0.071072	-0.755655	-0.400543	0.135759
0.215200	-162279.230118	-149901.992802	312181.222920	12377.237316	474460.453037	-3.055380	2.909200	-2.510422	-0.070668	0.126780	-0.090294	-0.817655	-0.535686	-0.123537
0.217000	-162278.763976	-149901.185523	312179.949499	12377.578452	474458.713475	-2.576409	1.920412	1.743214	-0.434754	0.529470	0.150850	-0.685522	-0.193041	-0.026270
0.218800	-162278.297850	-149900.378224	312178.676074	12377.919625	474456.973923	-2.081677	0.965684	-0.284270	-0.702749	0.470686	-0.042948	-0.393902	0.325559	0.146989
0.220600	-162277.831739	-149899.570904	312177.402643	12378.260835	474455.234382	-1.589671	0.007209	-2.313656	-0.813095	0.004047	-0.112755	-0.015349	0.561417	-0.103548
0.222400	-162277.365644	-149898.763564	312176.129208	12378.602081	474453.494852	-1.115442	-0.987086	1.941778	-0.737278	-0.459002	0.142840	0.361027	0.303163	-0.055563
0.224200	-162276.899565	-149897.956202	312174.855768	12378.943363	474451.755333	-0.644232	-1.986430	-0.086256	-0.489582	-0.511063	-0.013186	0.651783	-0.225555	0.152494
0.226000	-162276.433502	-149897.148821	312173.582323	12379.284682	474450.015825	-0.157807	-2.951650	-2.115752	-0.126683	-0.107921	-0.130952	0.796096	-0.561325	-0.079381
0.227800	-162275.967455	-149896.341418	312172.308873	12379.626037	474448.276328	0.333552	2.377356	2.139708	0.265167	0.391812	0.128990	0.765276	-0.408755	-0.082481
0.229600	-162275.501423	-149895.533995	312171.035418	12379.967428	474446.536842	0.808792	1.391964	0.109895	0.593037	0.543121	0.016785	0.565920	0.098177	0.152121
0.231400	-162275.035407	-149894.726552	312169.761959	12380.308855	474444.797366	1.274224	0.386423	-1.918275	0.782451	0.208857	-0.144092	0.239105	0.513314	-0.052186
0.233200	-162274.569407	-149893.919088	312168.488494	12380.650319	474443.057901	1.751328	-0.591892	2.336794	0.794948	-0.317369	0.110334	-0.145093	0.472065	-0.106134
0.235000	-162274.103422	-149893.111603	312167.215025	12380.991820	474441.318448	2.239503	-1.546406	0.307392	0.633414	-0.569770	0.046346	-0.500493	0.013899	0.145994
0.236800	-162273.637454	-149892.304097	312165.941551	12381.333356	474439.579005	2.716591	-2.521737	-1.720298	0.336947	-0.322788	-0.151415	-0.744494	-0.452280	-0.022807
0.238600	-162273.171501	-149891.496571	312164.668072	12381.674929	474437.839573	-3.104542	2.755274	2.532877	-0.030384	0.207677	0.087494	-0.819669	-0.510566	-0.125529
0.240400	-162272.705563	-149890.689025	312163.394588	12382.016539	474436.100152	-2.636818	1.763326	0.504204	-0.392247	0.554083	0.074016	-0.709926	-0.108015	0.134142
0.242200	-162272.239642	-149889.881457	312162.121099	12382.358185	474434.360741	-2.154345	0.803325	-1.524246	-0.672564	0.411554	-0.152920	-0.444063	0.397057	0.007124
0.244000	-162271.773736	-149889.073870	312160.847606	12382.699867	474432.621342	-1.676003	-0.163269	2.729402	-0.809356	-0.091107	0.061374	-0.085465	0.553054	-0.140367
0.245800	-162271.307846	-149888.266261	312159.574107	12383.041585	474430.881954	-1.214780	-1.164551	0.701807	-0.769320	-0.505523	0.098888	0.286080	0.217463	0.116974
0.247600	-162270.841972	-149887.458632	312158.300604	12383.383340	474429.142576	-0.755347	-2.167993	-1.328106	-0.558451	-0.462622	-0.148538	0.593065	-0.314597	0.036774
0.249400	-162270.376113	-149886.650983	312157.027096	12383.725131	474427.403209	-0.280915	-3.138102	2.926093	-0.223492	-0.001995	0.032754	0.774548	-0.571541	-0.149633
0.251200	-162269.910270	-149885.843312	312155.753583	12384.066958	474425.663853	0.197183	2.183663	0.897269	0.158766	0.462592	0.119625	0.794710	-0.325292	0.095462
0.253000	-162269.444443	-149885.035621	312154.480065	12384.408822	474423.924508	0.659326	1.191212	-1.132692	0.502161	0.512588	-0.138711	0.647928	0.204487	0.064982
0.254800	-162268.978632	-149884.227910	312153.206542	12384.750722	474422.185174	1.112674	0.180788	3.122771	0.733470	0.099744	0.002883	0.361683	0.545697	-0.153182
0.256600	-162268.512836	-149883.420178	312151.933014	12385.092658	474420.445851	1.577641	-0.802486	1.093037	0.808010	-0.409097	0.135924	-0.005531	0.395350	0.070377
0.258400	-162268.047056	-149882.612425	312150.659482	12385.434631	474418.706538	2.052917	-1.763679	-0.936008	0.715527	-0.558954	-0.123346	-0.374442	-0.109170	0.090841
0.260200	-162267.581292	-149881.804652	312149.385944	12385.776640	474416.967237	2.517008	-2.745800	-2.964968	0.477900	-0.214199	-0.026887	-0.662965	-0.512631	-0.150643
0.262000	-162267.115544	-149880.996858	312148.112402	12386.118685	474415.227946	2.966766	2.525902	1.287767	0.142625	0.318521	0.147032	-0.807481	-0.450256	0.042762
0.263800	-162266.649811	-149880.189044	312146.838855	12386.460767	474413.488666	-2.860939	1.528691	-0.740375	-0.224655	0.564020	-0.103345	-0.779343	0.023762	0.113097
0.265600	-162266.184094	-149879.381209	312145.565303	12386.802885	474411.749397	-2.391367	0.562193	-2.770126	-0.549636	0.304669	-0.055568	-0.589726	0.483595	-0.142647
0.267400	-162265.718393	-149878.573353	312144.291746	12387.145039	474410.010139	-1.925809	-0.410840	1.483987	-0.763067	-0.223876	0.152651	-0.282884	0.513913	0.013285
0.269200	-162265.252707	-149877.765477	312143.018184	12387.487230	474408.270891	-1.476869	-1.417394	-0.544817	-0.816984	-0.544161	-0.079319	0.076963	0.084137	0.130890
0.271000	-162264.787037	-149876.957581	312141.744618	12387.829457	474406.531655	-1.029820	-2.426355	-2.575527	-0.698349	-0.366814	-0.082102	0.419538	-0.422267	-0.129206
0.272800	-162264.321383	-149876.149663	312140.471046	12388.171720	474404.792429	-0.568339	2.879977	1.679024	-0.434032	0.147733	0.152272	0.679633	-0.551752	-0.016545
0.274600	-162263.855745	-149875.341725	312139.197470	12388.514019	474403.053214	-0.103078	1.912194	-0.350995	-0.083377	0.533015	-0.052630	0.806006	-0.189385	0.143737
0.276400	-162263.390122	-149874.533767	312137.923889	12388.856355	474401.314011	0.346996	0.914841	-2.380345	0.278665	0.437696	-0.105716	0.770585	0.336870	-0.110950
0.278200	-162262.924515	-149873.725788	312136.650303	12389.198727	474399.574817	0.788032	-0.100897	1.874248	0.579886	-0.055860	0.146108	0.576839	0.551750	-0.045750
0.280000	-162262.458924	-149872.917788	312135.376712	12389.541136	474397.835635	1.239845	-1.091314	-0.156433	0.764549	-0.504260	-0.023850	0.262690	0.262191	0.151219
0.281800	-162261.993348	-149872.109768	312134.103116	12389.883580	474396.096464	1.702138	-2.059301	-2.185356	0.800547	-0.503009	-0.125128	-0.105754	-0.267334	-0.088306
0.283600	-162261.527788	-149871.301727	312132.829515	12390.226061	474394.357303	2.154229	-3.046090	2.067532	0.681659	-0.053047	0.134531	-0.449954	-0.553761	-0.072925
0.285400	-162261.062244	-149870.493666	312131.555910	12390.568578	474392.618154	2.592018	2.221014	0.037611	0.428295	0.438972	0.005762	-0.699233	-0.333859	0.153117
0.287200	-162260.596716	-149869.685584	312130.282299	12390.911132	474390.879015	3.034309	1.216569	-1.991011	0.086913	0.528677	-0.139820	-0.807010	0.195519	-0.062476
0.289000	-162260.131203	-149868.877481	312129.008684	12391.253722	474389.139887	-2.792737	0.242483	2.261582	-0.275597	0.137203	0.118015	-0.757691	0.554690	-0.097558
0.290800	-162259.665706	-149868.069358	312127.735064	12391.596348	474387.400770	-2.339200	-0.735445	0.232607	-0.584689	-0.376722	0.035310	-0.565147	0.416372	0.149053
0.292600	-162259.200225	-149867.261214	312126.461439	12391.939010	474385.661663	-1.901845	-1.745670	-1.797694	-0.775793	-0.542632	-0.149080	-0.266638	-0.095871	-0.034419
0.294400	-162258.734759	-149866.453050	312125.187809	12392.281709	474383.922568	-1.467711	-2.761363	2.454960	-0.811006	-0.207227	0.097100	0.083900	-0.518484	-0.118460
0.296200	-162258.269309	-149865.644865	312123.914174	12392.624444	474382.183483	-1.020093	2.536465	0.426026	-0.687596	0.324542	0.063286	0.422234	-0.469202	0.139451
0.298000	-162257.803875	-149864.836660	312122.640534	12392.967215	474380.444409	-0.567326	1.562962	-1.604692	-0.435099	0.566542	-0.153038	0.682826	0.004438	-0.005189
0.299800	-162257.338456	-149864.028434	312121.366890	12393.310023	474378.705346	-0.128394	0.562699	2.649441	-0.104835	0.295179	0.072404	0.812016	0.468006	-0.135044
0.301600	-162256.873054	-149863.220187	312120.093241	12393.652867	474376.966294	0.300255	-0.458485	0.619429	0.242072	-0.245107	0.088843	0.781849	0.496607	0.124597
0.303400	-162256.407666	-149862.411920	312118.819586	12393.995747	474375.227253	0.737988	-1.458028	-1.411455	0.544490	-0.563498	-0.151194	0.598731	0.063816	0.024297
0.305200	-162255.942295	-149861.603632	312117.545927	12394.338663	474373.488222	1.187050	-2.433207	2.842448	0.748450	-0.370936	0.045123	0.302196	-0.432969	-0.146314
0.307000	-162255.476939	-149860.795324	312116.272263	12394.681616	474371.749203	1.628032	2.860338	0.811392	0.814395	0.154826	0.111027	-0.046663	-0.535889	0.105400
0.308800	-162255.011599	-149859.986995	312114.998594	12395.024604	474370.010194	2.054296	1.840674	-1.218044	0.726090	0.531369	-0.143816	-0.381246	-0.146991	0.052946
0.310600	-162254.546275	-149859.178646	312113.724921	12395.367629	474368.271196	2.482660	0.827407	3.035431	0.497685	0.413734	0.016221	-0.642674	0.380355	-0.152218
0.312400	-162254.080966	-149858.370276	312112.451242	12395.710691	474366.532209	2.924700	-0.155632	1.004464	0.173540	-0.088533	0.129232	-0.787531	0.564259	0.082166
0.314200	-162253.615674	-149857.561885	312111.177559	12396.053788	474364.793232	-2.916466	-1.137402	-1.024944	-0.181259	-0.511163	-0.130865	-0.791496	0.236533	0.079489
0.316000	-162253.150396	-149856.753474	312109.903870	12396.396922	474363.054267	-2.489876	-2.149508	-3.056259	-0.497270	-0.461930	-0.013043	-0.651802	-0.301792	-0.152476
0.317800	-162252.685135	-149855.945042	312108.630177	12396.740092	474361.315312	-2.068917	3.110690	1.196817	-0.717258	0.017200	0.142635	-0.390091	-0.556414	0.055977
0.319600	-162252.219889	-149855.136590	312107.356479	12397.083299	474359.576368	-1.636089	2.114953	-0.832863	-0.806033	0.487064	-0.113280	-0.052703	-0.294719	0.103006
0.321400	-162251.754659	-149854.328117	312106.082776	12397.426542	474357.837435	-1.195823	1.135682	-2.863911	-0.752477	0.515057	-0.041986	0.296171	0.239412	-0.147296
0.323200	-162251.289444	-149853.519624	312104.809068	12397.769820	474356.098513	-0.767159	0.134360	1.389915	-0.567492	0.074351	0.150664	0.588580	0.550036	0.027553
0.325000	-162250.824246	-149852.711110	312103.535356	12398.113136	474354.359601	-0.350598	-0.891581	-0.641313	-0.281359	-0.430060	-0.091538	0.769360	0.347216	0.122609
0.326800	-162250.359063	-149851.902576	312102.261638	12398.456487	474352.620701	0.072269	-1.901952	-2.672077	0.058540	-0.534331	-0.069305	0.808610	-0.183712	-0.136601
0.328600	-162249.893895	-149851.094021	312100.987916	12398.799874	474350.881811	0.507499	-2.885446	1.581213	0.392093	-0.144580	0.153091	0.705102	-0.552044	-0.001595
0.330400	-162249.428743	-149850.285445	312099.714189	12399.143298	474349.142932	0.938011	2.406486	-0.450145	0.656485	0.375675	-0.066635	0.481459	-0.415498	0.137895
0.332200	-162248.963607	-149849.476849	312098.440456	12399.486758	474347.404064	1.353498	1.384928	-2.479601	0.800763	0.541905	-0.094184	0.176796	0.101899	-0.120856
0.334000	-162248.498487	-149848.668232	312097.166719	12399.830255	474345.665206	1.767579	0.362022	1.772721	0.798815	0.198179	0.149930	-0.159254	0.523294	-0.030693
0.335800	-162248.033382	-149847.859595	312095.892977	12400.173787	474343.926360	2.194598	-0.631846	-0.258416	0.654973	-0.336907	-0.039139	-0.471361	0.460290	0.148069
0.337600	-162247.568293	-149847.050937	312094.619231	12400.517356	474342.187524	2.625146	-1.617329	-2.288483	0.400157	-0.564950	-0.115321	-0.704684	-0.026308	-0.100673
0.339400	-162247.103220	-149846.242259	312093.345479	12400.860961	474340.448699	3.041931	-2.629300	1.962910	0.081471	-0.271190	0.141475	-0.814764	-0.482224	-0.058504
0.341200	-162246.638162	-149845.433560	312092.071723	12401.204602	474338.709885	-2.833227	2.624186	-0.067023	-0.248227	0.274328	-0.010263	-0.779297	-0.482019	0.152895
0.343000	-162246.173120	-149844.624841	312090.797961	12401.548280	474336.971082	-2.416073	1.616155	-2.097583	-0.536937	0.566628	-0.132330	-0.605421	-0.025719	-0.076964
0.344800	-162245.708094	-149843.816101	312089.524195	12401.891993	474335.232289	-1.988897	0.629964	2.154300	-0.738038	0.335494	0.127826	-0.327908	0.460173	-0.084389
0.346600	-162245.243084	-149843.007340	312088.250424	12402.235743	474333.493507	-1.569783	-0.370981	0.124289	-0.815806	-0.202179	0.018980	0.000827	0.519753	0.151924
0.348400	-162244.778089	-149842.198559	312086.976648	12402.579529	474331.754737	-1.164480	-1.399805	-1.907714	-0.753016	-0.543836	-0.144432	0.323992	0.093908	-0.050590
0.350200	-162244.313109	-149841.389758	312085.702867	12402.923352	474330.015976	-0.756925	-2.422021	2.344809	-0.558127	-0.370435	0.109560	0.590851	-0.422722	-0.107093
0.352000	-162243.848146	-149840.580936	312084.429081	12403.267210	474328.277227	-0.336585	2.867265	0.314266	-0.266456	0.154590	0.047325	0.761523	-0.549315	0.145599
0.353800	-162243.383198	-149839.772093	312083.155291	12403.611105	474326.538489	0.083584	1.874582	-1.717291	0.067790	0.537438	-0.151540	0.809144	-0.168481	-0.022360
0.355600	-162242.918266	-149838.963230	312081.881495	12403.955036	474324.799761	0.489385	0.853500	2.535990	0.385204	0.416222	0.087193	0.723254	0.363069	-0.125930
0.357400	-162242.453349	-149838.154346	312080.607695	12404.299003	474323.061044	0.889454	-0.178482	0.504188	0.634237	-0.098821	0.073926	0.514292	0.547782	0.133984
0.359200	-162241.988448	-149837.345442	312079.333890	12404.643006	474321.322338	1.300376	-1.185447	-1.527097	0.778826	-0.526945	-0.153021	0.215899	0.213744	0.006691
0.361000	-162241.523563	-149836.536517	312078.060080	12404.987046	474319.583643	1.718778	-2.175936	2.725405	0.799811	-0.467157	0.061886	-0.119229	-0.323137	-0.140012
0.362800	-162241.058693	-149835.727572	312076.786265	12405.331122	474317.844958	2.126682	3.097227	0.693384	0.694026	0.024653	0.097882	-0.431151	-0.555316	0.117782
0.364600	-162240.593839	-149834.918606	312075.512445	12405.675234	474316.106284	2.522732	2.063012	-1.336721	0.475178	0.487158	-0.149046	-0.667206	-0.261232	0.035539
0.366400	-162240.129001	-149834.109619	312074.238620	12406.019382	474314.367621	2.923633	1.041293	2.915071	0.175466	0.486786	0.034376	-0.792250	0.284892	-0.149151
0.368200	-162239.664178	-149833.300612	312072.964791	12406.363566	474312.628969	-2.946755	0.045673	0.883447	-0.156237	0.026042	0.118385	-0.791706	0.569785	0.097181
0.370000	-162239.199372	-149832.491585	312071.690956	12406.707787	474310.890328	-2.536967	-0.954552	-1.147245	-0.462348	-0.458039	-0.139551	-0.669150	0.324408	0.062915
0.371800	-162238.734580	-149831.682537	312070.417117	12407.052043	474309.151697	-2.141553	-1.983241	3.103494	-0.689732	-0.505739	0.005830	-0.442833	-0.221281	-0.152964
0.373600	-162238.269805	-149830.873468	312069.143273	12407.396336	474307.413077	-1.749056	-3.016815	1.072768	-0.802376	-0.069496	0.134612	-0.144566	-0.554064	0.073194
0.375400	-162237.805045	-149830.064379	312067.869424	12407.740665	474305.674468	-1.344986	2.259198	-0.958379	-0.787169	0.439732	-0.125271	0.180835	-0.361747	0.088006
0.377200	-162237.340300	-149829.255270	312066.595570	12408.085031	474303.935870	-0.935908	1.263560	-2.990242	-0.651880	0.540039	-0.023096	0.480193	0.171345	-0.151430
0.379000	-162236.875572	-149828.446139	312065.321711	12408.429432	474302.197283	-0.538590	0.245401	1.262410	-0.419498	0.134757	0.145903	0.702070	0.538063	0.046477
0.380800	-162236.410859	-149827.636989	312064.047847	12408.773870	474300.458706	-0.151376	-0.793053	-0.770070	-0.123418	-0.394620	-0.106537	0.809072	0.388624	0.109854
0.382600	-162235.946161	-149826.827818	312062.773979	12409.118344	474298.720140	0.242609	-1.815043	-2.801559	0.194696	-0.548662	-0.051090	0.786702	-0.136739	-0.144414
0.384400	-162235.481480	-149826.018626	312061.500105	12409.462854	474296.981585	0.647289	-2.813602	1.450455	0.486878	-0.183559	0.151984	0.644074	-0.539433	0.018379
0.386200	-162235.016814	-149825.209414	312060.226227	12409.807400	474295.243041	1.046728	2.462162	-0.581806	0.705083	0.351721	-0.084172	0.407521	-0.435449	0.127968
0.388000	-162234.552163	-149824.400181	312058.952344	12410.151982	474293.504507	1.432503	1.427253	-2.612334	0.811751	0.546433	-0.077349	0.112981	0.078980	-0.132238
0.389800	-162234.087528	-149823.590928	312057.678456	12410.496601	474291.765984	1.817364	0.392109	1.638744	0.789700	0.213945	0.152689	-0.198759	0.517372	-0.010391
0.391600	-162233.622909	-149822.781654	312056.404563	12410.841255	474290.027472	2.213978	-0.616577	-0.393289	0.646085	-0.329462	-0.058694	-0.484242	0.464846	0.141465
0.393400	-162233.158306	-149821.972360	312055.130665	12411.185946	474288.288971	2.613647	-1.617764	-2.424526	0.408314	-0.564712	-0.100600	-0.700173	-0.026543	-0.115381
0.395200	-162232.693718	-149821.163045	312053.856763	12411.530673	474286.550481	3.000773	-2.642977	1.825911	0.114857	-0.264917	0.148152	-0.810233	-0.486526	-0.038638
0.397000	-162232.229146	-149820.353709	312052.582855	12411.875436	474284.812001	-2.903630	2.598247	-0.205070	-0.192761	0.286840	-0.031203	-0.794698	-0.474911	0.150020
0.398800	-162231.764589	-149819.544354	312051.308943	12412.220236	474283.073532	-2.517016	1.575116	-2.236759	-0.473547	0.566344	-0.120374	-0.656937	-0.002446	-0.094578
0.400600	-162231.300048	-149818.734977	312050.035026	12412.565071	474281.335074	-2.120930	0.572809	2.014100	-0.688623	0.308500	0.138360	-0.422325	0.478340	-0.065696
0.402400	-162230.835523	-149817.925580	312048.761104	12412.909943	474279.596627	-1.731407	-0.441255	-0.017048	-0.804610	-0.238616	-0.002610	-0.130352	0.505204	0.153085
0.404200	-162230.371013	-149817.116163	312047.487177	12413.254850	474277.858190	-1.354934	-1.481417	-2.050005	-0.800392	-0.550197	-0.135803	0.175509	0.049308	-0.070564
0.406000	-162229.906520	-149816.306725	312046.213245	12413.599794	474276.119764	-0.977807	-2.518514	2.201397	-0.674681	-0.327310	0.123738	0.454663	-0.455504	-0.090333
0.407800	-162229.442041	-149815.497267	312044.939308	12413.944774	474274.381349	-0.589133	2.753480	0.169848	-0.448624	0.215634	0.025880	0.671290	-0.527416	0.150902
0.409600	-162228.977578	-149814.687788	312043.665366	12414.289791	474272.642945	-0.198954	1.746857	-1.862777	-0.160326	0.555655	-0.146684	0.795180	-0.098853	-0.044089
0.411400	-162228.513131	-149813.878288	312042.391420	12414.634843	474270.904551	0.178605	0.715653	2.389326	0.145420	0.363252	0.104665	0.805523	0.417817	-0.111841
0.413200	-162228.048700	-149813.068768	312041.117468	12414.979932	474269.166168	0.548970	-0.329610	0.356653	0.426445	-0.179835	0.053428	0.697160	0.525695	0.143399
0.415000	-162227.584284	-149812.259228	312039.843512	12415.325056	474267.427796	0.927770	-1.354913	-1.675859	0.647783	-0.553718	-0.152313	0.485357	0.121431	-0.016062
0.416800	-162227.119884	-149811.449667	312038.569551	12415.670217	474265.689435	1.315095	-2.361461	2.575696	0.781926	-0.399976	0.082087	0.204414	-0.404211	-0.129232
0.418600	-162226.655499	-149810.640086	312037.295585	12416.015414	474263.951085	1.694955	2.901820	0.542658	0.809260	0.132533	0.079075	-0.100996	-0.542113	0.131125
0.420400	-162226.191131	-149809.830484	312036.021614	12416.360647	474262.212745	2.062565	1.857208	-1.488752	0.722099	0.530187	-0.152714	-0.386801	-0.156145	0.012557
0.422200	-162225.726777	-149809.020861	312034.747639	12416.705916	474260.474416	2.431649	0.817596	2.762282	0.530014	0.409648	0.056680	-0.616704	0.384082	-0.142192
0.424000	-162225.262440	-149808.211218	312033.473658	12417.051221	474258.736098	2.811916	-0.196963	0.729375	0.261403	-0.111487	0.102055	-0.763970	0.558692	0.114182
0.425800	-162224.798118	-149807.401555	312032.199672	12417.396563	474256.997790	-3.090317	-1.208790	-1.302305	-0.041597	-0.527264	-0.147624	-0.810525	0.199672	0.040617
0.427600	-162224.333811	-149806.591871	312030.925682	12417.741940	474255.259493	-2.722008	-2.245083	2.947588	-0.333487	-0.432429	0.029507	-0.747604	-0.345621	-0.150182
0.429400	-162223.869520	-149805.782166	312029.651687	12418.087354	474253.521207	-2.360012	2.989535	0.915385	-0.575408	0.084233	0.121470	-0.579819	-0.549677	0.093383
0.431200	-162223.405245	-149804.972442	312028.377687	12418.432804	474251.782932	-1.989442	1.961203	-1.116464	-0.739440	0.524373	-0.137584	-0.329013	-0.215795	0.067197
0.433000	-162222.940986	-149804.162696	312027.103682	12418.778290	474250.044668	-1.611100	0.950222	3.133611	-0.807809	0.462312	0.001222	-0.032575	0.330449	-0.153141
0.434800	-162222.476742	-149803.352930	312025.829672	12419.123812	474248.306414	-1.240385	-0.074726	1.101914	-0.771571	-0.041646	0.136635	0.264637	0.556283	0.069214
0.436600	-162222.012514	-149802.543144	312024.555657	12419.469370	474246.568171	-0.881495	-1.123328	-0.931161	-0.632026	-0.498546	-0.122773	0.520892	0.239270	0.091340
0.438400	-162221.548301	-149801.733337	312023.281638	12419.814964	474244.829939	-0.520762	-2.166180	-2.964223	-0.404484	-0.465141	-0.027024	0.705199	-0.315078	-0.150756
0.440200	-162221.084104	-149800.923509	312022.007613	12420.160594	474243.091717	-0.149160	3.098419	1.287037	-0.120013	0.024581	0.147004	0.798618	-0.568994	0.042870
0.442000	-162220.619922	-149800.113662	312020.733584	12420.506261	474241.353506	0.222651	2.081861	-0.746306	0.179251	0.491540	-0.103958	0.791731	-0.275634	0.112421
0.443800	-162220.155757	-149799.303793	312019.459550	12420.851963	474239.615306	0.582193	1.041365	-2.778310	0.450063	0.477881	-0.054447	0.683667	0.279634	-0.143224
0.445600	-162219.691606	-149798.493904	312018.185511	12421.197702	474237.877117	0.935713	-0.010677	1.472367	0.657508	-0.005939	0.152324	0.484537	0.556276	0.015042
0.447400	-162219.227472	-149797.683995	312016.911467	12421.543477	474236.138938	1.297584	-1.042942	-0.561179	0.779364	-0.489796	-0.081487	0.218393	0.285570	0.129634
0.449200	-162218.763353	-149796.874065	312015.637418	12421.889288	474234.400771	1.666997	-2.058518	-2.593338	0.804852	-0.501857	-0.079811	-0.077667	-0.266218	-0.130686
0.451000	-162218.299249	-149796.064115	312014.363364	12422.235135	474232.662613	2.028839	-3.087724	1.656343	0.731576	-0.030040	0.152502	-0.360676	-0.557117	-0.013078
0.452800	-162217.835162	-149795.254144	312013.089306	12422.581018	474230.924467	2.379231	2.143313	-0.376432	0.565532	0.464955	-0.056324	-0.592207	-0.299675	0.142492
0.454600	-162217.371089	-149794.444153	312011.815242	12422.926937	474229.186331	2.731337	1.096601	-2.408541	0.324280	0.499716	-0.102466	-0.745583	0.256482	-0.113797
0.456400	-162216.907033	-149793.634141	312010.541174	12423.272892	474227.448207	3.093880	0.073430	1.841013	0.038525	0.041767	0.147557	-0.806820	0.567775	-0.040872
0.458200	-162216.442992	-149792.824109	312009.267101	12423.618883	474225.710092	-2.826307	-0.947466	-0.191370	-0.251693	-0.457657	-0.029133	-0.771673	0.329032	0.150369
0.460000	-162215.978967	-149792.014056	312007.993022	12423.964911	474223.971989	-2.475252	-1.991469	-2.224670	-0.505832	-0.505676	-0.121465	-0.643294	-0.226229	-0.093083
0.461800	-162215.514957	-149791.203983	312006.718939	12424.310974	474222.233896	-2.130316	-3.047200	2.024841	-0.692236	-0.052427	0.137636	-0.433534	-0.553763	-0.067174
0.463600	-162215.050963	-149790.393889	312005.444852	12424.657074	474220.495814	-1.777432	2.199037	-0.007381	-0.792401	0.458425	-0.001130	-0.166110	-0.333011	0.153157
0.465400	-162214.586984	-149789.583775	312004.170759	12425.003209	474218.757743	-1.417111	1.178837	-2.040986	-0.799079	0.524994	-0.136491	0.123783	0.217005	-0.069366
0.467200	-162214.123021	-149788.773640	312002.896661	12425.349381	474217.019683	-1.063714	0.146141	2.209434	-0.712751	0.081304	0.123015	0.395958	0.552375	-0.091330
0.469000	-162213.659074	-149787.963485	312001.622559	12425.695589	474215.281633	-0.721654	-0.909205	0.176673	-0.540923	-0.436556	0.026903	0.614686	0.339928	0.150688
0.470800	-162213.195142	-149787.153309	312000.348452	12426.041833	474213.543594	-0.378538	-1.960448	-1.857481	-0.300582	-0.519204	-0.146842	0.755766	-0.213210	-0.043290
0.472600	-162212.731226	-149786.343113	311999.074339	12426.388113	474211.805565	-0.025218	-2.988790	2.393011	-0.020372	-0.086614	0.104240	0.807659	-0.562417	-0.112212
0.474400	-162212.267326	-149785.532897	311997.800222	12426.734429	474210.067548	0.329062	2.269549	0.359432	0.262217	0.431865	0.053842	0.767890	-0.362834	0.143290
0.476200	-162211.803441	-149784.722660	311996.526100	12427.080781	474208.329541	0.671971	1.222803	-1.674052	0.509245	0.521171	-0.152390	0.640184	0.189058	-0.015791
0.478000	-162211.339571	-149783.912402	311995.251973	12427.427169	474206.591545	1.008333	0.163313	2.576736	0.691143	0.090385	0.081981	0.435687	0.548519	-0.129362
0.479800	-162210.875718	-149783.102124	311993.977842	12427.773593	474204.853559	1.351772	-0.879052	0.542679	0.790700	-0.435915	0.079054	0.176006	0.361056	0.131085
0.481600	-162210.411879	-149782.291826	311992.703705	12428.120054	474203.115584	1.703010	-1.904085	-1.490514	0.801437	-0.536956	-0.152672	-0.106582	-0.185896	0.012283
0.483400	-162209.948057	-149781.481507	311991.429564	12428.466550	474201.377620	2.048246	-2.939680	2.759294	0.723757	-0.112113	0.057097	-0.374453	-0.547691	-0.142003
0.485200	-162209.484250	-149780.671168	311990.155417	12428.813082	474199.639667	2.382111	2.285395	0.725012	0.563730	0.418006	0.101550	-0.593733	-0.362644	0.114619
0.487000	-162209.020458	-149779.860808	311988.881266	12429.159651	474197.901725	2.716114	1.229180	-1.307644	0.335921	0.528129	-0.147922	-0.741287	0.187780	0.039850
0.488800	-162208.556683	-149779.050427	311987.607110	12429.506255	474196.163793	3.059825	0.195138	2.941810	0.066011	0.110265	0.030382	-0.805500	0.557868	-0.150048
0.490600	-162208.092922	-149778.240027	311986.332949	12429.852896	474194.425871	-2.877654	-0.833426	0.908149	-0.211563	-0.418025	0.120767	-0.782861	0.379683	0.094241
0.492400	-162207.629178	-149777.429605	311985.058783	12430.199572	474192.687961	-2.542529	-1.882266	-1.124846	-0.461015	-0.528366	-0.138123	-0.675218	-0.170107	0.066033
0.494200	-162207.165449	-149776.619164	311983.784613	12430.546285	474190.950061	-2.214817	-2.945515	3.123741	-0.653622	-0.108214	0.002732	-0.490747	-0.544800	-0.153036
0.496000	-162206.701735	-149775.808702	311982.510437	12430.893034	474189.212172	-1.881037	2.289214	1.090333	-0.771940	0.425475	0.135838	-0.247478	-0.371981	0.070799
0.497800	-162206.238037	-149774.998219	311981.236256	12431.239818	474187.474294	-1.539084	1.259078	-0.943192	-0.807977	0.541007	-0.123919	0.025631	0.174325	0.089898
0.499600	-162205.774355	-149774.187716	311979.962071	12431.586639	474185.736426	-1.201798	0.221140	-2.977415	-0.759377	0.122841	-0.025035	0.293659	0.546406	-0.151113
0.501400	-162205.310688	-149773.377193	311978.687881	12431.933496	474183.998569	-0.875789	-0.839158	1.272915	-0.628727	-0.411892	0.146433	0.524225	0.369827	0.044957
0.503200	-162204.847037	-149772.566649	311977.413686	12432.280389	474182.260723	-0.551131	-1.900661	-0.761333	-0.426548	-0.529351	-0.105589	0.693955	-0.181236	0.110797
0.505000	-162204.383402	-149771.756084	311976.139486	12432.627318	474180.522887	-0.217297	-2.941102	-2.795470	-0.174320	-0.113141	-0.051957	0.789555	-0.556739	-0.144069
0.506800	-162203.919782	-149770.945499	311974.865281	12432.974282	474178.785063	0.119861	2.309772	1.454277	0.096898	0.418048	0.152055	0.804550	-0.380930	0.017798
0.508600	-162203.456177	-149770.134894	311973.591071	12433.321283	474177.047248	0.447427	1.259505	-0.580443	0.353457	0.529273	-0.083961	0.736544	0.170295	0.128028
0.510400	-162202.992588	-149769.324268	311972.316857	12433.668320	474175.309445	0.766715	0.192852	-2.613815	0.567304	0.106345	-0.077163	0.588908	0.544581	-0.132370
0.512200	-162202.529015	-149768.513622	311971.042637	12434.015393	474173.571652	1.090531	-0.862204	1.635681	0.719680	-0.428209	0.152776	0.374916	0.367010	-0.009927
0.514000	-162202.065457	-149767.702955	311969.768413	12434.362502	474171.833870	1.422919	-1.897959	-0.398873	0.799461	-0.538374	-0.059477	0.119092	-0.182702	0.141120
0.515800	-162201.601915	-149766.892268	311968.494183	12434.709647	474170.096099	1.752482	-2.937991	-2.432280	0.799900	-0.113504	-0.099738	-0.146951	-0.549756	-0.116199
0.517600	-162201.138389	-149766.081561	311967.219949	12435.056828	474168.358338	2.070856	2.283351	1.816175	0.718165	0.419161	0.148457	-0.392391	-0.362147	-0.037177
0.519400	-162200.674878	-149765.270833	311965.945710	12435.404045	474166.620588	2.386216	1.216546	-0.218160	0.558993	0.523629	-0.033153	-0.593607	0.193665	0.149548
0.521200	-162200.211382	-149764.460084	311964.671467	12435.751298	474164.882849	2.709860	0.169053	-2.251653	0.338595	0.095441	-0.118992	-0.734926	0.559176	-0.096393
0.523000	-162199.747903	-149763.649315	311963.397218	12436.098587	474163.145120	3.038238	-0.867247	1.996780	0.083540	-0.431974	0.139441	-0.805399	0.366475	-0.063274
0.524800	-162199.284438	-149762.838526	311962.122964	12436.445912	474161.407402	-2.924570	-1.918367	-0.036867	-0.175722	-0.523935	-0.005647	-0.796942	-0.189810	0.153094
0.526600	-162198.820990	-149762.027716	311960.848706	12436.793274	474159.669695	-2.613494	-2.987858	-2.071052	-0.412215	-0.084894	-0.134302	-0.706616	-0.547850	-0.073414
0.528400	-162198.357556	-149761.216886	311959.574442	12437.140671	474157.931999	-2.299815	2.233270	2.177076	-0.605988	0.443509	0.125825	-0.541239	-0.345971	-0.087246
0.530200	-162197.894139	-149760.406035	311958.300174	12437.488104	474156.194313	-1.977280	1.191145	0.143322	-0.742473	0.527972	0.021874	-0.319603	0.210665	0.151575
0.532000	-162197.430737	-149759.595164	311957.025901	12437.835573	474154.456638	-1.655530	0.149042	-1.891478	-0.809341	0.083579	-0.145278	-0.068743	0.556616	-0.048254
0.533800	-162196.967350	-149758.784272	311955.751623	12438.183078	474152.718973	-1.344366	-0.913509	2.357336	-0.797001	-0.439066	0.108211	0.183614	0.338857	-0.108459
0.535600	-162196.503979	-149757.973360	311954.477340	12438.530619	474150.981319	-1.038127	-1.985218	0.323671	-0.703195	-0.509829	0.048704	0.414539	-0.224273	0.145183
0.537400	-162196.040624	-149757.162428	311953.203052	12438.878196	474149.243676	-0.725060	-3.040457	-1.711469	-0.537198	-0.057150	-0.151576	0.606277	-0.563155	-0.021464
0.539200	-162195.577284	-149756.351475	311951.928759	12439.225809	474147.506044	-0.405699	2.201749	2.537501	-0.319325	0.458112	0.086997	0.743433	-0.334685	-0.126054
0.541000	-162195.113960	-149755.540502	311950.654462	12439.573458	474145.768422	-0.092379	1.150097	0.502936	-0.075181	0.510158	0.073773	0.811519	0.228250	0.134103
0.542800	-162194.650651	-149754.729508	311949.380160	12439.921143	474144.030811	0.210883	0.078689	-1.532314	0.171271	0.043560	-0.153027	0.800087	0.552429	0.005892
0.544600	-162194.187358	-149753.918494	311948.105852	12440.268864	474142.293211	0.514496	-0.990349	2.717058	0.400427	-0.468877	0.063098	0.708374	0.307493	-0.139589
0.546400	-162193.724081	-149753.107459	311946.831540	12440.616621	474140.555621	0.826643	-2.039717	0.682226	0.594918	-0.506663	0.096530	0.547761	-0.256680	0.118829
0.548200	-162193.260819	-149752.296404	311945.557223	12440.964414	474138.818042	1.140431	-3.084297	-1.352517	0.737147	-0.032325	-0.149546	0.338398	-0.563553	0.033171
0.550000	-162192.797572	-149751.485329	311944.282901	12441.312243	474137.080473	1.444776	2.136364	2.896527	0.810624	0.469244	0.037145	0.102699	-0.297845	-0.148527
0.551800	-162192.334341	-149750.674233	311943.008574	12441.660108	474135.342916	1.742191	1.060532	0.860940	0.805154	0.484970	0.116092	-0.139367	0.271440	0.099755
0.553600	-162191.871126	-149749.863117	311941.734243	12442.008009	474133.605369	2.044545	-0.002972	-1.173638	0.721836	-0.001678	-0.141253	-0.370078	0.564384	0.059248
0.555400	-162191.407926	-149749.051980	311940.459906	12442.355946	474131.867832	2.354329	-1.049607	3.074979	0.572932	-0.492490	0.010191	-0.570798	0.282759	-0.152761
0.557200	-162190.944742	-149748.240823	311939.185565	12442.703919	474130.130307	2.660595	-2.101744	1.039656	0.376442	-0.483620	0.132058	-0.721320	-0.283977	0.077578
0.559000	-162190.481573	-149747.429645	311937.911218	12443.051928	474128.392791	2.956636	3.109279	-0.994412	0.150444	0.017910	-0.128436	-0.804104	-0.554074	0.083485
0.560800	-162190.018420	-149746.618447	311936.636867	12443.399973	474126.655287	-3.032860	2.033706	-3.029577	-0.088449	0.499994	-0.017109	-0.810239	-0.249536	-0.152101
0.562600	-162189.555282	-149745.807229	311935.362511	12443.748053	474124.917793	-2.731518	0.976070	1.218265	-0.322678	0.469631	0.143723	-0.742267	0.317669	0.052876
0.564400	-162189.092160	-149744.995990	311934.088150	12444.096170	474123.180310	-2.426126	-0.071914	-0.816230	-0.531370	-0.040669	-0.111551	-0.611418	0.564550	0.104876
0.566200	-162188.629054	-149744.184731	311932.813784	12444.444323	474121.442838	-2.128376	-1.133831	-2.851922	-0.692371	-0.505094	-0.043728	-0.431751	0.235918	-0.146711
0.568000	-162188.165963	-149743.373451	311931.539414	12444.792512	474119.705376	-1.839126	-2.212441	1.396528	-0.788451	-0.444507	0.150890	-0.216793	-0.332093	0.026565
0.569800	-162187.702887	-149742.562151	311930.265038	12445.140736	474117.967925	-1.547552	2.998889	-0.638059	-0.812416	0.079970	-0.091202	0.018887	-0.556582	0.122992
0.571600	-162187.239827	-149741.750830	311928.990658	12445.488997	474116.230485	-1.248024	1.945280	-2.673741	-0.766953	0.528561	-0.069054	0.256522	-0.207740	-0.136668
0.573400	-162186.776783	-149740.939489	311927.716272	12445.837293	474114.493055	-0.948988	0.892085	1.574810	-0.660139	0.438218	0.153153	0.473083	0.353437	-0.000615
0.575200	-162186.313754	-149740.128128	311926.441882	12446.185626	474112.755636	-0.659677	-0.179686	-0.460674	-0.501000	-0.099236	-0.068037	0.645962	0.546315	0.137092
0.577000	-162185.850741	-149739.316746	311925.167487	12446.533994	474111.018227	-0.375377	-1.260694	-2.496397	-0.299272	-0.530400	-0.092097	0.759454	0.169961	-0.122364
0.578800	-162185.387743	-149738.505344	311923.893087	12446.882399	474109.280830	-0.085169	-2.327372	1.752229	-0.068949	-0.411096	0.150645	0.807589	-0.388057	-0.027636
0.580600	-162184.924760	-149737.693922	311922.618682	12447.230839	474107.543442	0.211039	2.903054	-0.283434	0.169520	0.134008	-0.042817	0.791304	-0.551091	0.146997
0.582400	-162184.461794	-149736.882479	311921.344272	12447.579315	474105.806066	0.502344	1.841855	-2.318556	0.392135	0.539233	-0.112325	0.713816	-0.149852	-0.104173
0.584200	-162183.998842	-149736.071015	311920.069858	12447.927827	474104.068700	0.784158	0.762101	1.929734	0.577629	0.382927	0.143338	0.579063	0.401198	-0.053779
0.586000	-162183.535907	-149735.259531	311918.795438	12448.276375	474102.331345	1.065187	-0.317613	-0.106444	0.712369	-0.174878	-0.016264	0.394373	0.531962	0.152215
0.587800	-162183.072987	-149734.448027	311917.521014	12448.624960	474100.594000	1.353845	-1.379647	-2.141562	0.790247	-0.556864	-0.128883	0.174187	0.107760	-0.082749
0.589600	-162182.610082	-149733.636502	311916.246585	12448.973580	474098.856667	1.644994	-2.435087	2.106152	0.808509	-0.366811	0.131665	-0.060100	-0.429787	-0.078095
0.591400	-162182.147193	-149732.824957	311914.972150	12449.322235	474097.119343	1.928052	2.777671	0.070254	0.764795	0.198222	0.010752	-0.285477	-0.520422	0.152790
0.593200	-162181.684319	-149732.013392	311913.697711	12449.670927	474095.382031	2.203801	1.693033	-1.964463	0.658918	0.551394	-0.141463	-0.483465	-0.067738	-0.058756
0.595000	-162181.221461	-149731.201806	311912.423267	12450.019655	474093.644729	2.482705	0.617012	2.282871	0.497206	0.325788	0.115881	-0.642117	0.459240	-0.100022
0.596800	-162180.758619	-149730.390200	311911.148819	12450.368419	474091.907437	2.768871	-0.442390	0.247083	0.294574	-0.242991	0.037458	-0.753390	0.512961	0.148501
0.598600	-162180.295792	-149729.578573	311909.874365	12450.717218	474090.170157	3.053442	-1.503549	-1.788144	0.071549	-0.560914	-0.149495	-0.809562	0.037777	-0.033014
0.600400	-162179.832980	-149728.766926	311908.599906	12451.066054	474088.432887	-2.954609	-2.582732	2.458649	-0.151965	-0.294404	0.096609	-0.803225	-0.470773	-0.118751
0.602200	-162179.370184	-149727.955259	311907.325443	12451.414925	474086.695627	-2.683398	2.614323	0.423259	-0.360853	0.280608	0.062923	-0.731653	-0.481933	0.139678
0.604000	-162178.907404	-149727.143571	311906.050975	12451.763833	474084.958378	-2.406198	1.542720	-1.612097	-0.543659	0.565340	-0.152986	-0.600940	0.015877	-0.006322
0.605800	-162178.444639	-149726.331863	311904.776502	12452.112776	474083.221140	-2.123892	0.483147	2.634866	-0.688912	0.263232	0.074322	-0.425316	0.501760	-0.133896
0.607600	-162177.981889	-149725.520134	311903.502023	12452.461755	474081.483913	-1.846877	-0.585725	0.599651	-0.783859	-0.309169	0.086437	-0.222080	0.466050	0.126438
0.609400	-162177.519155	-149724.708385	311902.227540	12452.810771	474079.746696	-1.578724	-1.671776	-1.436469	-0.817652	-0.552132	-0.151673	-0.006482	-0.055944	0.020497
0.611200	-162177.056437	-149723.896616	311900.953053	12453.159822	474078.009490	-1.310758	-2.756544	2.810368	-0.786565	-0.210495	0.049801	0.209276	-0.519383	-0.144815
0.613000	-162176.593734	-149723.084826	311899.678560	12453.508908	474076.272294	-1.035568	2.458670	0.775031	-0.696153	0.357830	0.107161	0.412792	-0.439862	0.109406
0.614800	-162176.131047	-149722.273016	311898.404062	12453.858031	474074.535109	-0.758546	1.396021	-1.261313	-0.557887	0.555998	-0.145831	0.588683	0.098177	0.046631
0.616600	-162175.668375	-149721.461185	311897.129560	12454.207190	474072.797935	-0.489389	0.318724	2.986106	-0.383740	0.174513	0.023725	0.720498	0.528868	-0.151352
0.618400	-162175.205719	-149720.649334	311895.855053	12454.556385	474071.060771	-0.226976	-0.771510	0.950616	-0.183853	-0.387603	0.124599	0.796053	0.398521	0.088986
0.620200	-162174.743078	-149719.837463	311894.580540	12454.905615	474069.323618	0.038590	-1.853155	-1.086088	0.031330	-0.540830	-0.135454	0.811460	-0.156900	0.071331
0.622000	-162174.280452	-149719.025571	311893.306023	12455.254882	474067.586476	0.310904	-2.919305	-3.121902	0.247537	-0.125064	-0.003015	0.770364	-0.553324	-0.153124
0.623800	-162173.817843	-149718.213659	311892.031501	12455.604184	474065.849344	0.581468	2.295740	1.125141	0.446435	0.420724	0.138124	0.679228	-0.372699	0.065983
0.625600	-162173.355248	-149717.401726	311890.756974	12455.953522	474064.112223	0.843096	1.210570	-0.911491	0.610261	0.519874	-0.121053	0.543611	0.195817	0.093815
0.627400	-162172.892669	-149716.589773	311889.482443	12456.302896	474062.375112	1.101011	0.118911	-2.946947	0.727328	0.066176	-0.029629	0.369261	0.553892	-0.150291
0.629200	-162172.430106	-149715.777800	311888.207906	12456.652306	474060.638012	1.364468	-0.959139	1.299880	0.793361	-0.462811	0.147509	0.166056	0.324611	0.040970
0.631000	-162171.967558	-149714.965806	311886.933364	12457.001752	474058.900923	1.632756	-2.025773	-0.736541	0.808217	-0.508785	-0.102881	-0.050141	-0.248902	0.113459
0.632800	-162171.505026	-149714.153792	311885.658818	12457.351234	474057.163844	1.896118	-3.100948	-2.772358	0.771828	-0.022735	-0.055257	-0.260342	-0.559057	-0.142789
0.634600	-162171.042509	-149713.341758	311884.384267	12457.700752	474055.426776	2.151006	2.090770	1.473839	0.683689	0.481872	0.152351	-0.448137	-0.275885	0.014818
0.636400	-162170.580008	-149712.529703	311883.109710	12458.050305	474053.689718	2.405443	0.999948	-0.562420	0.546592	0.471390	-0.081680	-0.603267	0.302711	0.129583
0.638200	-162170.117522	-149711.717627	311881.835149	12458.399894	474051.952671	2.666542	-0.075178	-2.598400	0.370308	-0.042558	-0.079144	-0.719973	0.565025	-0.131082
0.640000	-162169.655052	-149710.905532	311880.560583	12458.749520	474050.215635	2.929650	-1.144629	1.647928	0.170595	-0.514181	0.152681	-0.792826	0.233433	-0.011800
0.641800	-162169.192597	-149710.093416	311879.286013	12459.099181	474048.478609	-3.097625	-2.227389	-0.387977	-0.035865	-0.441513	-0.057950	-0.815194	-0.340256	0.141795
0.643600	-162168.730157	-149709.281280	311878.011437	12459.448878	474046.741594	-2.848463	2.960188	-2.424489	-0.236061	0.100310	-0.100597	-0.782115	-0.546882	-0.115370
0.645400	-162168.267734	-149708.469123	311876.736856	12459.798611	474045.004590	-2.596833	1.871638	1.821614	-0.421008	0.537335	0.148328	-0.694827	-0.166713	-0.038004
0.647200	-162167.805325	-149707.656946	311875.462271	12460.148380	474043.267596	-2.338765	0.797998	-0.214479	-0.582196	0.405940	-0.032594	-0.562246	0.395838	0.149633
0.649000	-162167.342932	-149706.844748	311874.187681	12460.498184	474041.530613	-2.081781	-0.276239	-2.251397	-0.708696	-0.153424	-0.118980	-0.397332	0.541204	-0.096333
0.650800	-162166.880555	-149706.032530	311872.913085	12460.848025	474039.793640	-1.833110	-1.366208	1.995129	-0.788962	-0.544459	0.139603	-0.211836	0.112970	-0.063070
0.652600	-162166.418193	-149705.220292	311871.638485	12461.197901	474038.056678	-1.588669	-2.463745	-0.040871	-0.815785	-0.349631	-0.006257	-0.014582	-0.434266	0.153017
0.654400	-162165.955847	-149704.408034	311870.363880	12461.547813	474036.319727	-1.339568	2.733655	-2.078035	-0.789461	0.223984	-0.133815	0.185870	-0.518265	-0.074366
0.656200	-162165.493516	-149703.595755	311869.089270	12461.897761	474034.582786	-1.085434	1.659707	2.168531	-0.716228	0.564199	0.126601	0.377771	-0.050296	-0.086192
0.658000	-162165.031200	-149702.783455	311867.814656	12462.247745	474032.845856	-0.835201	0.579358	0.131932	-0.603532	0.306766	0.020138	0.546224	0.468881	0.151750
0.659800	-162164.568900	-149701.971136	311866.540036	12462.597765	474031.108936	-0.593198	-0.516698	-1.905497	-0.456852	-0.274463	-0.144616	0.677625	0.483050	-0.050295
0.661600	-162164.106616	-149701.158796	311865.265411	12462.947820	474029.372027	-0.352646	-1.614307	2.341341	-0.281335	-0.558953	0.109916	0.764437	-0.024336	-0.106699
0.663400	-162163.644347	-149700.346435	311863.990782	12463.297912	474027.635129	-0.106183	-2.697695	0.304600	-0.085857	-0.243055	0.045919	0.805534	-0.511102	0.146060
0.665200	-162163.182093	-149699.534054	311862.716148	12463.648039	474025.898241	0.143093	2.509399	-1.732596	0.115601	0.333965	-0.151152	0.802352	-0.455937	-0.024672
0.667000	-162162.719855	-149698.721653	311861.441509	12463.998202	474024.161364	0.386297	1.422350	2.514216	0.307186	0.552230	0.089899	0.755252	0.082584	-0.123980
0.668800	-162162.257633	-149697.909232	311860.166864	12464.348401	474022.424497	0.622400	0.321803	0.476845	0.476310	0.175827	0.070251	0.663811	0.527391	0.135986
0.670600	-162161.795426	-149697.096790	311858.892216	12464.698636	474020.687641	0.859648	-0.774596	-1.560430	0.616052	-0.392761	-0.153140	0.530746	0.401340	0.001588
0.672400	-162161.333234	-149696.284328	311857.617562	12465.048906	474018.950796	1.103034	-1.856572	2.686190	0.722680	-0.543600	0.067351	0.365065	-0.159719	-0.137526
0.674200	-162160.871058	-149695.471845	311856.342903	12465.399213	474017.213961	1.346669	-2.936430	0.648715	0.791528	-0.114791	0.092505	0.180434	-0.551640	0.122010
0.676000	-162160.408897	-149694.659342	311855.068239	12465.749555	474015.477137	1.582897	2.253092	-1.388109	0.816247	0.432251	-0.150644	-0.009878	-0.351189	0.027831
0.677800	-162159.946752	-149693.846819	311853.793571	12466.099933	474013.740323	1.813893	1.149774	2.858330	0.792319	0.508300	0.042792	-0.196496	0.227616	-0.147007
0.679600	-162159.484622	-149693.034275	311852.518898	12466.450347	474012.003520	2.048151	0.055217	0.820585	0.721115	0.031094	0.111998	-0.372999	0.562547	0.104381
0.681400	-162159.022508	-149692.221711	311851.244219	12466.800797	474010.266728	2.287815	-1.026646	-1.216354	0.610340	-0.484664	-0.143630	-0.532098	0.293263	0.053153
0.683200	-162158.560409	-149691.409127	311849.969536	12467.151283	474008.529946	2.525245	-2.111482	3.029536	0.470034	-0.481490	0.017118	-0.663506	-0.289069	-0.152120
0.685000	-162158.098326	-149690.596522	311848.694848	12467.501804	474006.793174	2.754828	3.072065	0.991844	0.308113	0.038636	0.128190	-0.756518	-0.554797	0.083794
0.686800	-162157.636258	-149689.783897	311847.420155	12467.852361	474005.056414	2.981406	1.967510	-1.044836	0.130045	0.515024	-0.132475	-0.804875	-0.215756	0.076902
0.688600	-162157.174206	-149688.971252	311846.145458	12468.202954	474003.319663	-3.070464	0.874791	-3.082282	-0.057628	0.433472	-0.009075	-0.808816	0.362158	-0.152829
0.690400	-162156.712169	-149688.158586	311844.870755	12468.553583	474001.582924	-2.835228	-0.208342	1.163354	-0.244358	-0.117021	0.140616	-0.772492	0.553531	0.060689
0.692200	-162156.250148	-149687.345900	311843.596047	12468.904248	473999.846195	-2.604336	-1.298848	-0.873624	-0.416763	-0.539254	-0.117388	-0.699611	0.150375	0.098309
0.694000	-162155.788142	-149686.533193	311842.321335	12469.254948	473998.109477	-2.380879	-2.403423	-2.911616	-0.563249	-0.374151	-0.034894	-0.591765	-0.411273	-0.149042
0.695800	-162155.326151	-149685.720466	311841.046618	12469.605685	473996.372769	-2.158194	2.775148	1.334077	-0.677703	0.200669	0.148896	-0.451210	-0.522877	0.035920
0.697600	-162154.864176	-149684.907719	311839.771895	12469.956457	473994.636071	-1.930022	1.683754	-0.703020	-0.758492	0.562181	-0.099002	-0.284828	-0.063774	0.116821
0.699400	-162154.402217	-149684.094952	311838.497168	12470.307265	473992.899385	-1.699850	0.598047	-2.740952	-0.804289	0.317889	-0.059721	-0.104376	0.466609	-0.141001
0.701200	-162153.940272	-149683.282164	311837.222436	12470.658108	473991.162709	-1.475606	-0.498338	1.505045	-0.811662	-0.266864	0.152849	0.077497	0.490427	0.010065
0.703000	-162153.478344	-149682.469356	311835.947699	12471.008988	473989.426043	-1.257687	-1.606616	-0.532426	-0.776974	-0.556058	-0.077710	0.251552	-0.019927	0.131896
0.704800	-162153.016430	-149681.656527	311834.672958	12471.359903	473987.689388	-1.038542	-2.710528	-2.570634	-0.700569	-0.234706	-0.082745	0.412600	-0.510329	-0.128821
0.706600	-162152.554533	-149680.843678	311833.398211	12471.710854	473985.952744	-0.813906	2.481773	1.675210	-0.588795	0.347058	0.152314	0.556146	-0.447346	-0.015962
0.708400	-162152.092650	-149680.030809	311832.123460	12472.061841	473984.216110	-0.589304	1.392404	-0.362641	-0.451304	0.554263	-0.054308	0.675051	0.099939	0.143134
0.710200	-162151.630784	-149679.217920	311830.848703	12472.412864	473982.479487	-0.371600	0.290332	-2.400623	-0.296331	0.159523	-0.103387	0.760398	0.533925	-0.113008
0.712000	-162151.168932	-149678.405010	311829.573942	12472.763922	473980.742874	-0.158679	-0.820449	1.845400	-0.128953	-0.407612	0.147425	0.805834	0.379995	-0.041533
0.713800	-162150.707096	-149677.592080	311828.299176	12473.115017	473979.006272	0.057110	-1.923330	-0.192661	0.046350	-0.528535	-0.029313	0.810712	-0.194450	0.150258
0.715600	-162150.245276	-149676.779129	311827.024405	12473.466147	473977.269680	0.277726	-3.014649	-2.230638	0.222077	-0.071667	-0.121000	0.778963	-0.561523	-0.093878
0.717400	-162149.783471	-149675.966158	311825.749629	12473.817313	473975.533099	0.496389	2.174742	2.014986	0.387209	0.462359	0.138249	0.714905	-0.319002	-0.065794
0.719200	-162149.321681	-149675.153167	311824.474848	12474.168514	473973.796529	0.707834	1.067504	-0.023475	0.530905	0.487602	-0.003593	0.620382	0.268467	0.153046
0.721000	-162148.859907	-149674.340155	311823.200062	12474.519752	473972.059969	0.916209	-0.044754	-2.061288	0.646778	-0.024983	-0.135118	0.496382	0.557849	-0.072156
0.722800	-162148.398148	-149673.527123	311821.925272	12474.871025	473970.323420	1.128644	-1.146683	2.184281	0.733211	-0.514332	0.125204	0.347111	0.232228	-0.088159
0.724600	-162147.936405	-149672.714071	311820.650476	12475.222334	473968.586881	1.344767	-2.239403	0.145895	0.789761	-0.443778	0.022261	0.181613	-0.350580	0.151501
0.726400	-162147.474677	-149671.900999	311819.375676	12475.573678	473966.850353	1.557259	2.945134	-1.891791	0.813914	0.109374	-0.145342	0.011019	-0.549545	-0.048325
0.728200	-162147.012965	-149671.087906	311818.100871	12475.925059	473965.113835	1.762822	1.833475	2.353313	0.801655	0.537352	0.108554	-0.155858	-0.144490	-0.107930
0.730000	-162146.551268	-149670.274793	311816.826060	12476.276475	473963.377328	1.967008	0.720538	0.314671	0.751341	0.369276	0.047389	-0.314312	0.420578	0.145596
0.731800	-162146.089586	-149669.461659	311815.551245	12476.627927	473961.640832	2.175923	-0.380801	-1.723114	0.666705	-0.210044	-0.151380	-0.461153	0.524660	-0.023238
0.733600	-162145.627920	-149668.648505	311814.276426	12476.979415	473959.904346	2.387142	-1.475821	2.521767	0.555411	-0.562183	0.088936	-0.590898	0.053555	-0.124622
0.735400	-162145.166270	-149667.835331	311813.001601	12477.330938	473958.167870	2.593388	-2.579475	0.483390	0.424650	-0.297994	0.071190	-0.695420	-0.473078	0.135618
0.737200	-162144.704634	-149667.022137	311811.726771	12477.682498	473956.431405	2.793443	2.588453	-1.554308	0.278564	0.292432	-0.153132	-0.767534	-0.473626	0.002525
0.739000	-162144.243015	-149666.208922	311810.451937	12478.034093	473954.694951	2.993709	1.475374	2.690279	0.119875	0.558405	0.066767	-0.804688	0.053446	-0.137757
0.740800	-162143.781410	-149665.395687	311809.177097	12478.385724	473952.958507	-3.084350	0.374108	0.651808	-0.046361	0.206691	0.092900	-0.809015	0.526471	0.121747
0.742600	-162143.319821	-149664.582431	311807.902253	12478.737390	473951.222074	-2.878388	-0.723942	-1.386264	-0.211170	-0.373385	-0.150511	-0.783690	0.422349	0.028094
0.744400	-162142.858248	-149663.769156	311806.627404	12479.089092	473949.485651	-2.678310	-1.832510	2.858058	-0.364429	-0.539159	0.042830	-0.729523	-0.144417	-0.146987
0.746200	-162142.396690	-149662.955859	311805.352549	12479.440830	473947.749239	-2.483423	-2.950588	0.819812	-0.499229	-0.105769	0.111978	-0.645685	-0.547001	0.104525
0.748000	-162141.935147	-149662.142543	311804.077690	12479.792604	473946.012838	-2.286935	2.219630	-1.218284	-0.613100	0.447891	-0.143711	-0.533556	-0.339665	0.052868
0.749800	-162141.473620	-149661.329206	311802.802827	12480.144414	473944.276447	-2.085885	1.117834	3.026035	-0.705141	0.508646	0.017655	-0.399151	0.247565	-0.152099
0.751600	-162141.012108	-149660.515849	311801.527958	12480.496259	473942.540066	-1.885469	0.016230	0.987785	-0.772490	0.009132	0.127855	-0.251436	0.562582	0.084318
0.753400	-162140.550612	-149659.702472	311800.253084	12480.848140	473940.803696	-1.691384	-1.096946	-1.050789	-0.810010	-0.496081	-0.132845	-0.098153	0.254400	0.076063
0.755200	-162140.089131	-149658.889074	311798.978206	12481.200057	473939.067337	-1.501352	-2.217154	-3.089876	-0.813726	-0.445326	-0.007915	0.056600	-0.335986	-0.152913
0.757000	-162139.627666	-149658.075656	311797.703322	12481.552009	473937.330988	-1.308637	2.953186	1.155053	-0.784311	0.105469	0.140115	0.210458	-0.553155	0.061857
0.758800	-162139.166216	-149657.262218	311796.428434	12481.903998	473935.594650	-1.111938	1.850228	-0.883645	-0.726572	0.543581	-0.118362	0.358946	-0.155974	0.097123
0.760600	-162138.704781	-149656.448760	311795.153541	12482.256022	473933.858322	-0.917254	0.744722	-2.922516	-0.645561	0.380628	-0.033286	0.494376	0.412925	-0.149499
0.762400	-162138.243362	-149655.635281	311793.878643	12482.608081	473932.122004	-0.728964	-0.372631	1.322424	-0.543658	-0.202831	0.148448	0.608764	0.518891	0.037648
0.764200	-162137.781958	-149654.821781	311792.603740	12482.960177	473930.385698	-0.543507	-1.494391	-0.716633	-0.421535	-0.557061	-0.100550	0.697667	0.042645	0.115425
0.766000	-162137.320570	-149654.008262	311791.328832	12483.312308	473928.649401	-0.354649	-2.607257	-2.755652	-0.281806	-0.287185	-0.057646	0.761008	-0.485310	-0.141874
0.767800	-162136.859197	-149653.194722	311790.053919	12483.664475	473926.913116	-0.162580	2.571221	1.489010	-0.131219	0.305139	0.152611	0.799977	-0.475670	0.012509
0.769600	-162136.397839	-149652.381162	311788.779001	12484.016677	473925.176841	0.026310	1.461626	-0.550227	0.021408	0.557284	-0.080056	0.813514	0.061082	0.130508
0.771400	-162135.936497	-149651.567582	311787.504079	12484.368916	473923.440576	0.209006	0.340561	-2.589005	0.169365	0.186046	-0.080402	0.798502	0.525008	-0.130381
0.773200	-162135.475171	-149650.753981	311786.229151	12484.721190	473921.704322	0.390089	-0.782341	1.655638	0.309737	-0.394459	0.152580	0.753328	0.396879	-0.012976
0.775000	-162135.013859	-149649.940360	311784.954219	12485.073499	473919.968078	0.574979	-1.895473	-0.383708	0.441103	-0.534989	-0.057317	0.680697	-0.180071	0.141974
0.776800	-162134.552563	-149649.126719	311783.679282	12485.425845	473918.231845	0.762149	-3.002408	-2.422567	0.560005	-0.078328	-0.100872	0.586669	-0.559127	-0.115237
0.778600	-162134.091283	-149648.313057	311782.404340	12485.778226	473916.495623	0.945262	2.167071	1.821646	0.660172	0.463186	0.148299	0.476840	-0.314355	-0.038001
0.780400	-162133.630018	-149647.499375	311781.129393	12486.130643	473914.759411	1.122584	1.042759	-0.217895	0.735590	0.481216	-0.033100	0.353710	0.280685	0.149495
0.782200	-162133.168768	-149646.685673	311779.854441	12486.483095	473913.023209	1.299393	-0.081044	-2.256676	0.784127	-0.045369	-0.118532	0.218199	0.558583	-0.097011
0.784000	-162132.707534	-149645.871950	311778.579484	12486.835584	473911.287018	1.480189	-1.194778	1.987467	0.807547	-0.525374	0.140015	0.073371	0.207419	-0.061968
0.785800	-162132.246315	-149645.058207	311777.304523	12487.188108	473909.550838	1.662253	-2.304326	-0.051955	0.808095	-0.418909	-0.007953	-0.074113	-0.377561	0.152937
0.787600	-162131.785112	-149644.244444	311776.029556	12487.540667	473907.814668	1.839627	2.861151	-2.090768	0.785569	0.154746	-0.132908	-0.216424	-0.537253	-0.076093
0.789400	-162131.323924	-149643.430661	311774.754585	12487.893263	473906.078509	2.011805	1.734047	2.152984	0.737966	0.549939	0.127862	-0.348330	-0.090584	-0.084171
0.791200	-162130.862751	-149642.616857	311773.479608	12488.245894	473904.342360	2.184379	0.609462	0.113385	0.665009	0.321258	0.017326	-0.468342	0.460177	0.152147
0.793000	-162130.401594	-149641.803033	311772.204627	12488.598561	473902.606221	2.360911	-0.505239	-1.925590	0.570572	-0.273477	-0.143602	-0.575980	0.494422	-0.053200
0.794800	-162129.940452	-149640.989189	311770.929641	12488.951263	473900.870093	2.537750	-1.617703	2.318028	0.461037	-0.562660	0.112315	-0.668370	-0.026412	-0.104053
0.796600	-162129.479326	-149640.175325	311769.654650	12489.304001	473899.133976	2.709448	-2.739240	0.278638	0.341420	-0.218725	0.042129	-0.740255	-0.513958	0.147262
0.798400	-162129.018215	-149639.361440	311768.379654	12489.656775	473897.397869	2.876665	2.414438	-1.760347	0.213605	0.370737	-0.150396	-0.787324	-0.416649	-0.028854
0.800200	-162128.557119	-149638.547535	311767.104654	12490.009585	473895.661773	3.045026	1.289099	2.483064	0.078378	0.539768	0.093687	-0.809116	0.156205	-0.121082
0.802000	-162128.096039	-149637.733609	311765.829648	12490.362430	473893.925687	-3.066082	0.173099	0.443548	-0.061161	0.097320	0.065721	-0.808417	0.556594	0.138325
0.803800	-162127.634974	-149636.919663	311764.554638	12490.715311	473892.189612	-2.894546	-0.942474	-1.595779	-0.198667	-0.455174	-0.153060	-0.787743	0.330706	-0.003825
0.805600	-162127.173925	-149636.105697	311763.279622	12491.068227	473890.453547	-2.728407	-2.067631	2.647443	-0.327431	-0.490707	0.072617	-0.746837	-0.266061	-0.134792
0.807400	-162126.712891	-149635.291711	311762.004602	12491.421180	473888.717493	-2.566037	3.083939	0.608053	-0.443867	0.032161	0.087503	-0.684098	-0.557221	0.125718
0.809200	-162126.251872	-149634.477705	311760.729577	12491.774167	473886.981449	-2.401896	1.957775	-1.431305	-0.547674	0.520902	-0.151638	-0.600169	-0.212282	0.021290
0.811000	-162125.790869	-149633.663678	311759.454547	12492.127191	473885.245416	-2.234427	0.840174	2.811924	-0.638722	0.420737	0.049571	-0.499441	0.376997	-0.144878
0.812800	-162125.329881	-149632.849631	311758.179512	12492.480250	473883.509393	-2.068263	-0.278592	0.772484	-0.714309	-0.154554	0.106887	-0.387883	0.540340	0.109684
0.814600	-162124.868909	-149632.035563	311756.904472	12492.833345	473881.773380	-1.907541	-1.407116	-1.267251	-0.769813	-0.550507	-0.146090	-0.269495	0.090921	0.045759
0.816400	-162124.407951	-149631.221476	311755.629427	12493.186476	473880.037379	-1.749921	-2.540617	2.975769	-0.802123	-0.315872	0.025274	-0.145237	-0.460743	-0.151017
0.818200	-162123.947010	-149630.407368	311754.354378	12493.539642	473878.301387	-1.590071	2.615440	0.936268	-0.812010	0.282730	0.123344	-0.015653	-0.486829	0.090790
0.820000	-162123.486084	-149629.593240	311753.079323	12493.892844	473876.565407	-1.427317	1.495958	-1.103566	-0.802610	0.563158	-0.136701	0.115954	0.042224	0.068964
0.821800	-162123.025173	-149628.779091	311751.804264	12494.246082	473874.829436	-1.266556	0.373971	3.139589	-0.775869	0.205105	0.000307	0.243614	0.522643	-0.153151
0.823600	-162122.564277	-149627.964922	311750.529199	12494.599355	473873.093476	-1.111139	-0.757662	1.100099	-0.731030	-0.383362	0.136496	0.361876	0.405240	0.069455
0.825400	-162122.103397	-149627.150733	311749.254130	12494.952664	473871.357527	-0.958177	-1.892878	-0.940001	-0.666666	-0.530341	-0.123629	0.468549	-0.176976	0.090290
0.827200	-162121.642532	-149626.336524	311747.979056	12495.306008	473869.621588	-0.802712	-3.021122	-2.980201	-0.583961	-0.067702	-0.024607	0.564082	-0.559257	-0.151141
0.829000	-162121.181683	-149625.522294	311746.703977	12495.659388	473867.885660	-0.644780	2.140473	1.263256	-0.487494	0.475349	0.145944	0.648263	-0.304467	0.046355
0.830800	-162120.720849	-149624.708045	311745.428893	12496.012804	473866.149742	-0.489389	1.015278	-0.777033	-0.382442	0.476615	-0.107351	0.718061	0.295846	0.109162
0.832600	-162120.260030	-149623.893774	311744.153805	12496.366256	473864.413835	-0.339194	-0.119244	-2.817112	-0.271409	-0.066358	-0.048831	0.769235	0.553852	-0.145172
0.834400	-162119.799227	-149623.079484	311742.878711	12496.719743	473862.677938	-0.190838	-1.256081	1.426363	-0.154503	-0.532049	0.151548	0.799751	0.173200	0.022042
0.836200	-162119.338439	-149622.265173	311741.603612	12497.073266	473860.942052	-0.039827	-2.385601	-0.614017	-0.032321	-0.386634	-0.088213	0.811093	-0.410069	0.125140
0.838000	-162118.877667	-149621.450843	311740.328509	12497.426824	473859.206176	0.113174	2.773730	-2.654172	0.091622	0.202905	-0.071726	0.806107	-0.526472	-0.135311
0.839800	-162118.416909	-149620.636491	311739.053401	12497.780418	473857.470310	0.263246	1.645399	1.588989	0.211771	0.559012	0.153083	0.785793	-0.041782	-0.002785
0.841600	-162117.956168	-149619.822120	311737.778288	12498.134048	473855.734455	0.408318	0.508186	-0.451638	0.323882	0.271453	-0.066820	0.748630	0.487367	0.137751
0.843400	-162117.495441	-149619.007728	311736.503170	12498.487713	473853.998611	0.552064	-0.630247	-2.491797	0.427032	-0.329997	-0.092666	0.693292	0.452365	-0.121948
0.845200	-162117.034730	-149618.193316	311735.228047	12498.841414	473852.262777	0.698559	-1.761224	1.751312	0.521960	-0.553580	0.150639	0.621508	-0.106710	-0.027492
0.847000	-162116.574035	-149617.378884	311733.952919	12499.195151	473850.526953	0.846565	-2.887463	-0.289274	0.607824	-0.141773	-0.043681	0.537669	-0.545815	0.146766
0.848800	-162116.113354	-149616.564432	311732.677786	12499.548923	473848.791140	0.991345	2.264364	-2.329410	0.681164	0.430810	-0.111160	0.445743	-0.358155	-0.105359
0.850600	-162115.652689	-149615.749959	311731.402648	12499.902731	473847.055338	1.131400	1.124646	1.913438	0.738145	0.503346	0.144200	0.346960	0.240758	-0.051438
0.852400	-162115.192040	-149614.935466	311730.127506	12500.256574	473845.319546	1.270524	-0.015383	-0.127377	0.777592	-0.008619	-0.019450	0.240769	0.560235	0.151870
0.854200	-162114.731406	-149614.120953	311728.852358	12500.610453	473843.583764	1.412410	-1.147990	-2.167663	0.801376	-0.514224	-0.126667	0.127999	0.231372	-0.086076
0.856000	-162114.270787	-149613.306419	311727.577206	12500.964368	473841.847993	1.555405	-2.276709	2.075018	0.811604	-0.428948	0.134055	0.012493	-0.365656	-0.073971
0.857800	-162113.810184	-149612.491865	311726.302049	12501.318318	473840.112232	1.694930	2.872194	0.034266	0.807958	0.149042	0.005247	-0.100813	-0.539791	0.153053
0.859600	-162113.349595	-149611.677291	311725.026887	12501.672304	473838.376482	1.830025	1.730118	-2.005955	0.788278	0.551017	-0.138885	-0.209048	-0.088540	-0.064565
0.861400	-162112.889023	-149610.862697	311723.751720	12502.026326	473836.640743	1.964536	0.588473	2.236588	0.751537	0.311185	0.120405	-0.312213	0.466303	-0.094570
0.863200	-162112.428465	-149610.048083	311722.476548	12502.380383	473834.905013	2.101720	-0.545904	0.195708	0.699794	-0.292784	0.029777	-0.410890	0.481962	0.150205
0.865000	-162111.967923	-149609.233448	311721.201371	12502.734476	473833.169295	2.239676	-1.677151	-1.844742	0.636928	-0.560211	-0.147421	-0.503449	-0.059807	-0.041427
0.866800	-162111.507397	-149608.418793	311719.926190	12503.088604	473831.433586	2.374025	-2.814248	2.397538	0.565477	-0.179996	0.103689	-0.586011	-0.530084	-0.112638
0.868600	-162111.046885	-149607.604118	311718.651003	12503.442768	473829.697888	2.504189	2.324606	0.356642	0.485270	0.407000	0.053468	-0.655314	-0.382066	0.143510
0.870400	-162110.586389	-149606.789422	311717.375812	12503.796967	473827.962201	2.634064	1.181283	-1.683795	0.395440	0.518837	-0.152173	-0.711071	0.212975	-0.017269
0.872200	-162110.125909	-149605.974706	311716.100615	12504.151203	473826.226524	2.766499	0.045007	2.558454	0.297306	0.025372	0.084311	-0.755092	0.563346	-0.127810
0.874000	-162109.665444	-149605.159970	311714.825414	12504.505473	473824.490858	2.899382	-1.088776	0.517556	0.194766	-0.498992	0.075771	-0.788331	0.261063	0.133089
0.875800	-162109.204994	-149604.345214	311713.550208	12504.859780	473822.755202	3.028618	-2.228560	-1.523084	0.091814	-0.442915	-0.152949	-0.809243	-0.342164	0.007303
0.877600	-162108.744559	-149603.530438	311712.274997	12505.214122	473821.019556	-3.129282	2.908126	2.718889	-0.010037	0.129184	0.062804	-0.815269	-0.543239	-0.139620
0.879400	-162108.284140	-149602.715641	311710.999781	12505.568499	473819.283921	-3.004098	1.763051	0.677869	-0.111499	0.550711	0.096042	-0.805816	-0.107201	0.119286
0.881200	-162107.823736	-149601.900824	311709.724560	12505.922912	473817.548296	-2.876456	0.624747	-1.362880	-0.212655	0.329810	-0.149834	-0.783177	0.457371	0.031610
0.883000	-162107.363348	-149601.085987	311708.449335	12506.277361	473815.812682	-2.748640	-0.511578	2.879080	-0.310998	-0.275597	0.039736	-0.750277	0.490881	-0.147875
0.884800	-162106.902975	-149600.271129	311707.174104	12506.631845	473814.077079	-2.624485	-1.653933	0.838134	-0.402653	-0.557677	0.113859	-0.707990	-0.046470	0.102441
0.886600	-162106.442617	-149599.456252	311705.898869	12506.986365	473812.341485	-2.504032	-2.802523	-1.202728	-0.485253	-0.185774	-0.142867	-0.655075	-0.526733	0.055096
0.888400	-162105.982274	-149598.641354	311704.623628	12507.340921	473810.605903	-2.383573	2.333771	3.039040	-0.559201	0.405621	0.015674	-0.590691	-0.387826	-0.152300
0.890200	-162105.521947	-149597.826436	311703.348383	12507.695512	473808.870330	-2.260793	1.193342	0.997920	-0.625924	0.524134	0.128691	-0.516594	0.207800	0.083010
0.892000	-162105.061636	-149597.011497	311702.073133	12508.050138	473807.134768	-2.138018	0.054479	-1.043171	-0.685086	0.030645	-0.132290	-0.436438	0.561958	0.077090
0.893800	-162104.601339	-149596.196539	311700.797878	12508.404801	473805.399217	-2.018899	-1.090352	-3.084664	-0.734091	-0.496232	-0.008712	-0.352891	0.258624	-0.152874
0.895600	-162104.141058	-149595.381560	311699.522618	12508.759498	473803.663676	-1.903275	-2.240991	1.157451	-0.770485	-0.437831	0.140263	-0.266046	-0.347012	0.061521
0.897400	-162103.680792	-149594.566561	311698.247353	12509.114232	473801.928145	-1.787554	2.893416	-0.883680	-0.794301	0.137873	-0.118376	-0.174919	-0.544089	0.097128
0.899200	-162103.220542	-149593.751541	311696.972083	12509.469001	473800.192625	-1.669686	1.750788	-2.925236	-0.807670	0.554633	-0.032871	-0.080131	-0.100921	-0.149552
0.901000	-162102.760307	-149592.936502	311695.696809	12509.823805	473798.457116	-1.551955	0.609421	1.316740	-0.812235	0.322063	0.148226	0.015305	0.461371	0.038490
0.902800	-162102.300087	-149592.121442	311694.421529	12510.178645	473796.721616	-1.437806	-0.537790	-0.724660	-0.807310	-0.286646	-0.101488	0.108002	0.480604	0.114631
0.904600	-162101.839883	-149591.306362	311693.146245	12510.533521	473794.986128	-1.327007	-1.690454	-2.766374	-0.790940	-0.554809	-0.056115	0.196736	-0.066706	-0.142468
0.906400	-162101.379694	-149590.491262	311691.870956	12510.888432	473793.250649	-1.216070	-2.841201	1.475546	-0.762655	-0.166098	0.152458	0.282483	-0.536206	0.014566
0.908200	-162100.919520	-149589.676141	311690.595661	12511.243379	473791.515181	-1.103126	2.297082	-0.565899	-0.724543	0.421406	-0.082099	0.365922	-0.374314	0.129250
0.910000	-162100.459362	-149588.861001	311689.320362	12511.598361	473789.779724	-0.990443	1.153242	-2.607587	-0.679428	0.514225	-0.077945	0.445483	0.228132	-0.131817
0.911800	-162099.999219	-149588.045840	311688.045058	12511.953379	473788.044277	-0.881229	0.003748	1.634277	-0.628379	0.002097	0.152838	0.518167	0.559629	-0.009715
0.913600	-162099.539091	-149587.230659	311686.769750	12512.308432	473786.308840	-0.775225	-1.150907	-0.407378	-0.570375	-0.510370	-0.060659	0.582100	0.227849	0.140572
0.915400	-162099.078978	-149586.415457	311685.494436	12512.663521	473784.573414	-0.669121	-2.303690	-2.449248	-0.504475	-0.417228	-0.097745	0.637910	-0.375565	-0.117867
0.917200	-162098.618881	-149585.600236	311684.219117	12513.018645	473782.837998	-0.561135	2.832250	1.792448	-0.431981	0.171561	0.149391	0.687285	-0.536794	-0.033666
0.919000	-162098.158800	-149584.784994	311682.943794	12513.373805	473781.102593	-0.453467	1.685956	-0.249328	-0.355945	0.558764	-0.037781	0.730387	-0.064633	0.148378
0.920800	-162097.698733	-149583.969732	311681.668465	12513.729001	473779.367198	-0.349172	0.534248	-2.291176	-0.278630	0.284996	-0.115097	0.765277	0.481706	-0.101025
0.922600	-162097.238682	-149583.154450	311680.393132	12514.084232	473777.631814	-0.247954	-0.622375	1.950517	-0.199990	-0.325890	0.142239	0.789966	0.454202	-0.056766
0.924400	-162096.778646	-149582.339147	311679.117794	12514.439499	473775.896440	-0.146697	-1.777245	-0.091360	-0.118881	-0.549424	-0.013969	0.804560	-0.115067	0.152471
0.926200	-162096.318626	-149581.523825	311677.842451	12514.794801	473774.161076	-0.043713	-2.926875	-2.133336	-0.035477	-0.120051	-0.129534	0.811072	-0.550493	-0.081671
0.928000	-162095.858621	-149580.708482	311676.567103	12515.150139	473772.425723	0.058956	2.207590	2.108147	0.047875	0.452214	0.131547	0.811116	-0.334445	-0.078381
0.929800	-162095.398631	-149579.893119	311675.291750	12515.505512	473770.690380	0.158375	1.053728	0.066071	0.128436	0.486615	0.010108	0.804172	0.276726	0.152770
0.931600	-162094.938656	-149579.077736	311674.016392	12515.860921	473768.955048	0.254793	-0.104858	-1.975965	0.205373	-0.058520	-0.140744	0.788518	0.556044	-0.060365
0.933400	-162094.478697	-149578.262332	311672.741029	12516.216365	473767.219726	0.351186	-1.261871	2.265490	0.279792	-0.534726	0.117652	0.763681	0.170654	-0.098035
0.935200	-162094.018753	-149577.446908	311671.465662	12516.571845	473765.484415	0.449155	-2.413927	0.223386	0.352546	-0.374672	0.033921	0.731403	-0.420638	0.149314
0.937000	-162093.558825	-149576.631465	311670.190289	12516.927360	473763.749114	0.546814	2.718141	-1.818688	0.422496	0.231107	-0.148462	0.694060	-0.512752	-0.037575
0.938800	-162093.098911	-149575.816000	311668.914912	12517.282911	473762.013823	0.641394	1.562190	2.422604	0.487195	0.559888	0.100853	0.652453	0.004818	-0.115224
0.940600	-162092.639013	-149575.000516	311667.639530	12517.638497	473760.278543	0.733028	0.401659	0.380289	0.545182	0.218618	0.056830	0.605499	0.514698	0.142165
0.942400	-162092.179131	-149574.185012	311666.364142	12517.994119	473758.543273	0.824515	-0.757545	-1.661932	0.597191	-0.385644	-0.152502	0.552206	0.407749	-0.013937
0.944200	-162091.719264	-149573.369487	311665.088750	12518.349777	473756.808014	0.917463	-1.912076	2.579247	0.644795	-0.530701	0.081646	0.493576	-0.188493	-0.129551
0.946000	-162091.259412	-149572.553942	311663.813353	12518.705470	473755.072765	1.010124	-3.065580	0.536894	0.688145	-0.042710	0.078316	0.432077	-0.560799	0.131577
0.947800	-162090.799575	-149571.738377	311662.537952	12519.061198	473753.337526	1.099866	2.059614	-1.505316	0.725561	0.494451	-0.152823	0.369410	-0.262984	0.010021
0.949600	-162090.339753	-149570.922792	311661.262545	12519.416962	473751.602298	1.186736	0.897162	2.735783	0.755361	0.437111	0.060450	0.305263	0.348896	-0.140693
0.951400	-162089.879947	-149570.107186	311659.987133	12519.772761	473749.867081	1.273306	-0.264255	0.693284	0.777706	-0.146565	0.097847	0.238435	0.541663	0.117765
0.953200	-162089.420157	-149569.291560	311658.711717	12520.128596	473748.131873	1.361196	-1.421293	-1.349093	0.794340	-0.556766	-0.149388	0.168975	0.083864	0.033673
0.955000	-162088.960381	-149568.475914	311657.436295	12520.484467	473746.396676	1.448876	-2.577183	2.891816	0.806507	-0.300857	0.037850	0.098820	-0.475205	-0.148369
0.956800	-162088.500621	-149567.660248	311656.160869	12520.840373	473744.661490	1.533798	2.545999	0.849208	0.813534	0.314266	0.114954	0.030113	-0.463732	0.101145
0.958600	-162088.040876	-149566.844562	311654.885438	12521.196314	473742.926314	1.615895	1.381641	-1.193190	0.813826	0.549383	-0.142361	-0.036728	0.105176	0.056466
0.960400	-162087.581146	-149566.028855	311653.610002	12521.552291	473741.191148	1.697554	0.217993	3.047684	0.806979	0.121335	0.014359	-0.102843	0.547756	-0.152457
0.962200	-162087.121432	-149565.213129	311652.334561	12521.908304	473739.455993	1.780371	-0.941574	1.005017	0.794448	-0.455094	0.129259	-0.168978	0.331274	0.082084
0.964000	-162086.661733	-149564.397382	311651.059115	12522.264351	473737.720848	1.863052	-2.099845	-1.037496	0.778070	-0.485558	-0.131874	-0.234099	-0.283877	0.077853
0.965800	-162086.202050	-149563.581615	311649.783664	12522.620435	473735.985714	1.943183	3.021354	-3.080002	0.758190	0.067214	-0.009425	-0.296157	-0.556307	-0.152826
0.967600	-162085.742381	-149562.765827	311648.508209	12522.976554	473734.250590	2.020514	1.855108	1.160348	0.733605	0.536989	0.140396	-0.354116	-0.156923	0.061095
0.969400	-162085.282728	-149561.950020	311647.232748	12523.332708	473732.515476	2.097243	0.689214	-0.882268	0.703421	0.356707	-0.118255	-0.408796	0.432889	0.097307
0.971200	-162084.823090	-149561.134192	311645.957282	12523.688898	473730.780373	2.174990	-0.472913	-2.924840	0.668515	-0.256316	-0.032932	-0.461483	0.500974	-0.149545
0.973000	-162084.363468	-149560.318344	311644.681812	12524.045123	473729.045280	2.252662	-1.633575	1.315489	0.630837	-0.561358	0.148163	-0.512083	-0.035288	0.038671
0.974800	-162083.903861	-149559.502476	311643.406337	12524.401384	473727.310197	2.327993	-2.797523	-0.727175	0.591480	-0.189076	-0.101806	-0.559026	-0.527671	0.114409
0.976600	-162083.444269	-149558.686588	311642.130857	12524.757681	473725.575125	2.400586	2.317561	-2.769878	0.549837	0.410641	-0.055615	-0.600956	-0.380078	-0.142663
0.978400	-162082.984692	-149557.870680	311640.855372	12525.114012	473723.840064	2.472382	1.149429	1.470289	0.504773	0.511751	0.152342	-0.638169	0.229373	0.015363
0.980200	-162082.525131	-149557.054751	311639.579882	12525.470380	473722.105012	2.545038	-0.015279	-0.572537	0.456428	-0.008595	-0.082964	-0.672116	0.562503	0.128716
0.982000	-162082.065585	-149556.238802	311638.304387	12525.826782	473720.369972	2.617705	-1.178360	-2.615376	0.406458	-0.519720	-0.076907	-0.703536	0.215115	-0.132406
0.983800	-162081.606054	-149555.422833	311637.028887	12526.183221	473718.634941	2.688232	-2.344273	1.624734	0.356406	-0.401177	0.152904	-0.731530	-0.391724	-0.008255
0.985600	-162081.146538	-149554.606844	311635.753383	12526.539694	473716.899921	2.756087	2.768980	-0.418121	0.306259	0.203739	-0.062185	-0.754685	-0.521241	0.139955
0.987400	-162080.687038	-149553.790835	311634.477873	12526.896203	473715.164911	2.822973	1.598636	-2.461023	0.254911	0.560467	-0.096352	-0.772791	-0.015607	-0.119011
0.989200	-162080.227553	-149552.974805	311633.202359	12527.252748	473713.429912	2.890525	0.431342	1.778986	0.201875	0.235127	0.149815	-0.787099	0.510872	-0.031649
0.991000	-162079.768084	-149552.158756	311631.926839	12527.609328	473711.694923	2.958165	-0.734182	-0.264022	0.148202	-0.376850	-0.039963	-0.798876	0.417573	0.147829
0.992800	-162079.308629	-149551.342686	311630.651315	12527.965943	473709.959944	3.023897	-1.902071	-2.307099	0.095537	-0.530398	-0.113452	-0.807976	-0.182431	-0.102825
0.994600	-162078.849190	-149550.526596	311629.375786	12528.322594	473708.224976	3.087017	-3.073817	1.932787	0.044423	-0.037910	0.143198	-0.813166	-0.558484	-0.054226
0.996400	-162078.389766	-149549.710486	311628.100252	12528.679281	473706.490018	-3.134187	2.036838	-0.110296	-0.006027	0.500792	-0.016857	-0.813797	-0.251896	0.152213
0.998200	-162077.930358	-149548.894355	311626.824713	12529.036003	473704.755071	-3.071725	0.866955	-2.153423	-0.056736	0.428589	-0.127864	-0.810728	0.363819	-0.084253
1.000000	-162077.470965	-149548.078205	311625.549169	12529.392760	473703.020134	-3.009139	-0.301042	2.086419	-0.107307	-0.166778	0.133219	-0.805405	0.537163	-0.075504
