0.101800	-12183.465189	-9105.593017	21289.058206	3077.872172	33472.523395	-1.130583	-1.132331	-1.001427
0.103600	-12028.287748	-8964.288417	20992.576165	3063.999331	33020.863914	1.695157	1.694025	1.602204
0.105400	-11875.664122	-8825.639265	20701.303387	3050.024857	32576.967509	-2.525400	-2.519299	-2.695608
0.107200	-11725.545353	-8689.595653	20415.141007	3035.949700	32140.686360	-1.202499	-1.200608	-1.373101
0.109000	-11577.883458	-8556.108614	20133.992072	3021.774845	31711.875531	-0.609413	-0.610113	-0.701723
0.110800	-11432.631409	-8425.130098	19857.761507	3007.501311	31290.392916	-0.736778	-0.735964	-0.615618
0.112600	-11289.743115	-8296.612961	19586.356076	2993.130154	30876.099190	-1.551855	-1.546508	-1.512614
0.114400	-11149.173407	-8170.510942	19319.684350	2978.662465	30468.857757	-3.050278	-3.048184	-3.123532
0.116200	-11010.878022	-8046.778653	19057.656675	2964.099369	30068.534697	1.053953	1.048562	1.081318
0.118000	-10874.813581	-7925.371555	18800.185136	2949.442025	29674.998717	-1.791679	-1.786078	-1.665088
0.119800	-10740.937578	-7806.245949	18547.183526	2934.691629	29288.121104	1.017834	1.013765	0.928183
0.121600	-10609.208361	-7689.358955	18298.567316	2919.849406	28907.775677	-3.101695	-3.103703	3.009913
0.123400	-10479.585119	-7574.668500	18054.253620	2904.916619	28533.838739	-1.566469	-1.561265	-1.741564
0.125200	-10352.027864	-7462.133303	17814.161166	2889.894561	28166.189030	-0.641640	-0.635588	-0.799176
0.127000	-10226.497414	-7351.712854	17578.210268	2874.784559	27804.707682	-0.321482	-0.315764	-0.363261
0.128800	-10102.955383	-7243.367411	17346.322793	2859.587972	27449.278176	-0.594858	-0.589056	-0.434698
0.130600	-9981.364162	-7137.057972	17118.422135	2844.306190	27099.786297	-1.427504	-1.424720	-1.484695
0.132400	-9861.686908	-7032.746274	16894.433182	2828.940634	26756.120089	-2.835638	-2.840983	-2.856887
0.134200	-9743.887525	-6930.394768	16674.282293	2813.492756	26418.169817	1.478751	1.479288	1.480044
0.136000	-9627.930653	-6829.966614	16457.897267	2797.964039	26085.827921	-1.038075	-1.035998	-0.943357
0.137800	-9513.781657	-6731.425663	16245.207320	2782.355994	25758.988976	2.210602	2.208943	2.058064
0.139600	-9401.406606	-6634.736445	16036.143050	2766.670161	25437.549656	-1.365773	-1.367387	-1.453262
0.141400	-9290.772266	-6539.864157	15830.636422	2750.908109	25121.408688	0.820653	0.826454	0.902758
0.143200	-9181.846084	-6446.774650	15628.620734	2735.071434	24810.466817	2.509865	2.509062	2.643823
0.145000	-9074.596176	-6355.434417	15430.030593	2719.161760	24504.626769	-2.577786	-2.583311	-2.458073
0.146800	-8968.991315	-6265.810579	15234.801894	2703.180736	24203.793209	-1.866728	-1.872651	-1.842957
0.148600	-8865.000916	-6177.870877	15042.871793	2687.130038	23907.872709	-1.629995	-1.635711	-1.772275
0.150400	-8762.595025	-6091.583658	14854.178683	2671.011367	23616.773708	-1.869798	-1.875573	-1.962121
0.152200	-8661.744308	-6006.917862	14668.662170	2654.826446	23330.406478	-2.581200	-2.584139	-2.435001
0.154000	-8562.420038	-5923.843014	14486.263052	2638.577024	23048.683090	2.563101	2.567560	2.465657
0.155800	-8464.594084	-5842.329211	14306.923295	2622.264873	22771.517379	0.966015	0.969179	1.011356
0.157600	-8368.238897	-5762.347113	14130.586010	2605.891784	22498.824907	-1.048973	-1.054839	-1.132515
0.159400	-8273.327503	-5683.867930	13957.195433	2589.459573	22230.522935	2.770422	2.775668	2.898691
0.161200	-8179.833487	-5606.863414	13786.696901	2572.970073	21966.530388	-0.078480	-0.083346	-0.204439
0.163000	-8087.730987	-5531.305847	13619.036834	2556.425141	21706.767821	2.921131	2.926923	2.867053
0.164800	-7996.994680	-5457.168032	13454.162711	2539.826648	21451.157391	-0.762063	-0.767650	-0.627933
0.166600	-7907.599770	-5384.423283	13292.023053	2523.176487	21199.622823	1.447869	1.448013	1.579383
0.168400	-7819.521983	-5313.045417	13132.567399	2506.476566	20952.089382	-3.007728	-3.001820	-2.927005
0.170200	-7732.737550	-5243.008740	12975.746290	2489.728810	20708.483840	-1.556818	-1.556017	-1.500144
0.172000	-7647.223204	-5174.288043	12821.511247	2472.935161	20468.734452	-0.479973	-0.484277	-0.404655
0.173800	-7562.956164	-5106.858591	12669.814755	2456.097573	20232.770919	0.230043	0.224038	0.352909
0.175600	-7479.914128	-5040.696111	12520.610239	2439.218017	20000.524367	0.585802	0.579658	0.716266
0.177400	-7398.075263	-4975.776790	12373.852053	2422.298473	19771.927316	0.600374	0.594569	0.575386
0.179200	-7317.418197	-4912.077258	12229.495456	2405.340939	19546.913653	0.269690	0.265306	0.137214
0.181000	-7237.922007	-4849.574589	12087.496596	2388.347418	19325.418603	-0.420061	-0.420159	-0.359106
0.182800	-7159.566212	-4788.246283	11947.812495	2371.319929	19107.378707	-1.425572	-1.420111	-1.364340
0.184600	-7082.330762	-4728.070267	11810.401029	2354.260496	18892.731791	-2.741337	-2.738268	-2.842165
0.186400	-7006.196033	-4669.024878	11675.220911	2337.171155	18681.416945	1.881829	1.875788	2.009609
0.188200	-6931.142814	-4611.088865	11542.231679	2320.053949	18473.374493	-0.058398	-0.056452	-0.172317
0.190000	-6857.152300	-4554.241373	11411.393673	2302.910926	18268.545973	-2.336888	-2.334623	-2.229053
0.191800	-6784.206085	-4498.461940	11282.668025	2285.744144	18066.874110	1.398948	1.394465	1.370624
0.193600	-6712.286152	-4443.730488	11156.016640	2268.555664	17868.302793	-1.452964	-1.447873	-1.531586
0.195400	-6641.374867	-4390.027317	11031.402184	2251.347550	17672.777051	1.677143	1.672704	1.797909
0.197200	-6571.454968	-4337.333096	10908.788064	2234.121873	17480.243033	-1.737213	-1.735131	-1.714106
0.199000	-6502.509561	-4285.628857	10788.138418	2216.880703	17290.647978	0.862512	0.864873	0.758803
0.200800	-6434.522106	-4234.895991	10669.418097	2199.626116	17103.940203	-3.102944	-3.108748	3.093309
0.202600	-6367.476419	-4185.116234	10552.592653	2182.360184	16920.069072	-1.061220	-1.058150	-1.044939
0.204400	-6301.356655	-4136.271671	10437.628326	2165.084985	16738.984981	0.726444	0.731447	0.811434
0.206200	-6236.147308	-4088.344717	10324.492026	2147.802591	16560.639334	2.267603	2.265160	2.373214
0.208000	-6171.833199	-4041.318124	10213.151323	2130.515076	16384.984522	-2.721316	-2.727634	-2.613735
0.209800	-6108.399471	-3995.174962	10103.574433	2113.224510	16211.973904	-1.670339	-1.674678	-1.566360
0.211600	-6045.831583	-3949.898622	9995.730205	2095.932960	16041.561788	-0.855347	-0.856030	-0.767630
0.213400	-5984.115300	-3905.472809	9889.588109	2078.642491	15873.703409	-0.268342	-0.266363	-0.227621
0.215200	-5923.236691	-3861.881529	9785.118220	2061.355161	15708.354911	0.096520	0.099773	0.057941
0.217000	-5863.182117	-3819.109093	9682.291211	2044.073024	15545.473328	0.238540	0.241824	0.146873
0.218800	-5803.938231	-3777.140105	9581.078336	2026.798126	15385.016567	0.150665	0.152429	0.106364
0.220600	-5745.491966	-3735.959457	9481.451423	2009.532509	15226.943388	-0.161044	-0.162568	-0.091686
0.222400	-5687.830530	-3695.552327	9383.382857	1992.278203	15071.213387	-0.660749	-0.665761	-0.585565
0.224200	-5630.941403	-3655.904169	9286.845573	1975.037234	14917.786976	-1.338371	-1.344463	-1.408627
0.226000	-5574.812329	-3617.000713	9191.813042	1957.811616	14766.625371	-2.245343	-2.247474	-2.261377
0.227800	-5519.431308	-3578.827955	9098.259264	1940.603353	14617.690572	2.925902	2.930899	3.021558
0.229600	-5464.786595	-3541.372154	9006.158750	1923.414441	14470.945345	1.682029	1.686879	1.622369
0.231400	-5410.866690	-3504.619829	8915.486519	1906.246861	14326.353209	0.211946	0.206926	0.238300
0.233200	-5357.660334	-3468.557749	8826.218083	1889.102585	14183.878418	-1.421012	-1.424251	-1.382679
0.235000	-5305.156505	-3433.172935	8738.329440	1871.983570	14043.485945	3.078611	3.085528	3.039957
0.236800	-5253.344411	-3398.452648	8651.797059	1854.891762	13905.141470	1.085557	1.082428	1.165767
0.238600	-5202.213485	-3364.384393	8566.597877	1837.829092	13768.811362	-1.000892	-1.003603	-1.057090
0.240400	-5151.753379	-3330.955904	8482.709283	1820.797475	13634.462662	2.960989	2.966927	3.048537
0.242200	-5101.953963	-3298.155150	8400.109113	1803.798813	13502.063076	0.581961	0.575075	0.531758
0.244000	-5052.805314	-3265.970323	8318.775638	1786.834991	13371.580952	-2.029897	-2.023853	-1.953554
0.245800	-5004.297717	-3234.389839	8238.687556	1769.907878	13242.985273	1.587049	1.581934	1.566251
0.247600	-4956.421656	-3203.402330	8159.823985	1753.019326	13116.245641	-1.268746	-1.264418	-1.234825
0.249400	-4909.167810	-3172.996640	8082.164450	1736.171169	12991.332260	2.055446	2.050649	2.096307
0.251200	-4862.527052	-3143.161827	8005.688878	1719.365225	12868.215930	-0.990384	-0.985268	-1.019056
0.253000	-4816.490439	-3113.887150	7930.377589	1702.603290	12746.868028	2.054093	2.047083	2.144166
0.254800	-4771.049214	-3085.162071	7856.211285	1685.887143	12627.260498	-1.179326	-1.171179	-1.209782
0.256600	-4726.194795	-3056.976250	7783.171045	1669.218545	12509.365840	1.679421	1.671050	1.720808
0.258400	-4681.918776	-3029.319542	7711.238318	1652.599233	12393.157093	-1.817125	-1.809863	-1.756606
0.260200	-4638.212919	-3002.181991	7640.394910	1636.030928	12278.607829	0.959032	0.955584	0.917981
0.262000	-4595.069155	-2975.553829	7570.622984	1619.515326	12165.692138	-2.768562	-2.772005	-2.679783
0.263800	-4552.479574	-2949.425470	7501.905043	1603.054104	12054.384617	-0.158200	-0.149343	-0.150939
0.265600	-4510.436425	-2923.787509	7434.223933	1586.648916	11944.660358	2.346757	2.337283	2.336306
0.267400	-4468.932112	-2898.630716	7367.562828	1570.301396	11836.494940	-1.588096	-1.584815	-1.487299
0.269200	-4427.959189	-2873.946037	7301.905226	1554.013152	11729.864416	0.885987	0.891592	0.842698
0.271000	-4387.510357	-2849.724586	7237.234943	1537.785772	11624.745300	3.134176	3.122643	-3.100114
0.272800	-4347.578461	-2825.957643	7173.536103	1521.620818	11521.114564	-0.891906	-0.885142	-0.835060
0.274600	-4308.156484	-2802.636652	7110.793136	1505.519831	11418.949620	1.410607	1.416323	1.364360
0.276400	-4269.237548	-2779.753220	7048.990768	1489.484327	11318.228315	-2.815895	-2.830376	-2.709017
0.278200	-4230.814905	-2757.299108	6988.114014	1473.515797	11218.928919	-0.545466	-0.538452	-0.596354
0.280000	-4192.881942	-2735.266234	6928.148175	1457.615708	11121.030117	1.469972	1.480016	1.526046
0.281800	-4155.432166	-2713.646665	6869.078831	1441.785502	11024.510998	-2.716767	-2.732196	-2.687189
0.283600	-4118.459214	-2692.432619	6810.891833	1426.026595	10929.351047	-0.619226	-0.620825	-0.652287
0.285400	-4081.956839	-2671.616460	6753.573299	1410.340379	10835.530138	1.264701	1.281492	1.380753
0.287200	-4045.918913	-2651.190694	6697.109607	1394.728220	10743.028520	-2.844019	-2.850326	-2.932180
0.289000	-4010.339424	-2631.147967	6641.487391	1379.191457	10651.826815	-1.071721	-1.090548	-0.942229
0.290800	-3975.212469	-2611.481065	6586.693534	1363.731404	10561.906003	1.083795	1.101538	0.982593
0.292600	-3940.532256	-2592.182907	6532.715163	1348.349348	10473.247419	2.788114	2.798646	2.929321
0.294400	-3906.293098	-2573.246547	6479.539645	1333.046551	10385.832743	-1.341576	-1.360749	-1.465000
0.296200	-3872.489412	-2554.665167	6427.154579	1317.824245	10299.643992	0.302519	0.292356	0.443842
0.298000	-3839.115717	-2536.432077	6375.547794	1302.683640	10214.663512	2.423568	2.450170	2.301144
0.299800	-3806.166629	-2518.540714	6324.707343	1287.625914	10130.873972	-2.267600	-2.267963	-2.105229
0.301600	-3773.636859	-2500.984637	6274.621496	1272.652222	10048.258355	-0.132956	-0.153889	-0.275481
0.303400	-3741.521213	-2483.757525	6225.278738	1257.763689	9966.799951	1.406405	1.405323	1.572104
0.305200	-3709.814589	-2466.853175	6176.667764	1242.961413	9886.482353	-2.820250	-2.795859	-2.902010
0.307000	-3678.511970	-2450.265503	6128.777473	1228.246467	9807.289443	-1.156818	-1.170314	-1.085518
0.308800	-3647.608430	-2433.988536	6081.596965	1213.619894	9729.205395	0.682197	0.658310	0.712123
0.310600	-3617.099123	-2418.016413	6035.115536	1199.082710	9652.214659	2.619989	2.646529	2.495248
0.312400	-3586.979288	-2402.343385	5989.322672	1184.635903	9576.301960	-2.198367	-2.174834	-1.998451
0.314200	-3557.244243	-2386.963808	5944.208050	1170.280435	9501.452293	-0.077452	-0.094525	-0.239829
0.316000	-3527.889383	-2371.872144	5899.761527	1156.017239	9427.650910	1.441887	1.401142	1.529295
0.317800	-3498.910180	-2357.062961	5855.973141	1141.847219	9354.883322	-3.094783	-3.080137	-2.999716
0.319600	-3470.302181	-2342.530926	5812.833106	1127.771255	9283.135287	-1.052814	-1.021761	-1.261252
0.321400	-3442.061002	-2328.270806	5770.331807	1113.790196	9212.392809	0.282239	0.254209	0.486913
0.323200	-3414.182330	-2314.277466	5728.459797	1099.904864	9142.642127	2.188363	2.161429	2.215928
0.325000	-3386.661923	-2300.545869	5687.207792	1086.116055	9073.869715	-2.118368	-2.073715	-2.346684
0.326800	-3359.495603	-2287.071068	5646.566671	1072.424534	9006.062274	-0.861370	-0.824867	-0.619126
0.328600	-3332.679256	-2273.848213	5606.527469	1058.831042	8939.206725	1.011907	0.990790	1.093068
0.330400	-3306.208833	-2260.872542	5567.081375	1045.336292	8873.290208	3.059228	3.040413	2.795334
0.332200	-3280.080347	-2248.139381	5528.219728	1031.940966	8808.300075	-1.875275	-1.847566	-1.779571
0.334000	-3254.289869	-2235.644145	5489.934014	1018.645724	8744.223882	-0.334280	-0.302196	-0.078652
0.335800	-3228.833528	-2223.382335	5452.215863	1005.451194	8681.049391	1.737210	1.717899	1.608683
0.337600	-3203.707513	-2211.349534	5415.057047	992.357979	8618.764560	-2.687147	-2.717509	-2.986788
0.339400	-3178.908065	-2199.541408	5378.449473	979.366657	8557.357538	-1.569249	-1.574503	-1.297126
0.341200	-3154.431480	-2187.953705	5342.385185	966.477775	8496.816665	0.152395	0.188868	0.383367
0.343000	-3130.274107	-2176.582251	5306.856358	953.691856	8437.130465	2.205947	2.192150	2.054578
0.344800	-3106.432346	-2165.422950	5271.855296	941.009396	8378.287642	-2.194332	-2.230062	-2.557407
0.346600	-3082.902646	-2154.471782	5237.374429	928.430864	8320.277075	-1.055866	-1.068195	-0.884898
0.348400	-3059.681506	-2143.724803	5203.406309	915.956703	8263.087816	0.415290	0.454729	0.782245
0.350200	-3036.765471	-2133.178141	5169.943612	903.587330	8206.709084	2.383157	2.381382	2.441208
0.352000	-3014.151133	-2122.827996	5136.979129	891.323136	8151.130262	-1.896819	-1.936063	-2.186885
0.353800	-2991.835128	-2112.670640	5104.505768	879.164487	8096.340896	-0.151037	-0.096349	-0.531347
0.355600	-2969.814136	-2102.702413	5072.516550	867.111723	8042.330686	0.909739	1.003077	1.123815
0.357400	-2948.084881	-2092.919724	5041.004605	855.165157	7989.089486	2.327154	2.347312	2.775044
0.359200	-2926.644127	-2083.319047	5009.963174	843.325080	7936.607301	-2.067626	-2.122922	-1.862594
0.361000	-2905.488679	-2073.896922	4979.385601	831.591758	7884.874281	-0.132784	-0.146922	-0.221327
0.362800	-2884.615383	-2064.649954	4949.265337	819.965429	7833.880721	1.756065	1.838934	1.418196
0.364600	-2864.021121	-2055.574812	4919.595933	808.446310	7783.617054	-2.748133	-2.698134	3.057263
0.366400	-2843.702815	-2046.668222	4890.371037	797.034593	7734.073852	-1.458704	-1.578182	-1.587830
0.368200	-2823.657422	-2037.926976	4861.584398	785.730446	7685.241820	-0.403886	-0.571724	0.047941
0.370000	-2803.881936	-2029.347922	4833.229858	774.534014	7637.111795	1.190447	1.171874	1.680379
0.371800	-2784.373386	-2020.927967	4805.301354	763.445419	7589.674740	2.995168	3.040796	-2.973839
0.373600	-2765.128835	-2012.664076	4777.792911	752.464759	7542.921746	-1.396381	-1.421647	-1.347742
0.375400	-2746.145379	-2004.553269	4750.698647	741.592110	7496.844026	0.474430	0.430770	0.276328
0.377200	-2727.420146	-1996.592620	4724.012766	730.827526	7451.432912	2.278651	2.348032	1.899003
0.379000	-2708.950298	-1988.779259	4697.729557	720.171039	7406.679855	-2.226431	-2.114431	-2.762664
0.380800	-2690.733027	-1981.110368	4671.843395	709.622659	7362.576421	-0.486854	-0.501153	-1.142375
0.382600	-2672.765554	-1973.583180	4646.348734	699.182374	7319.114289	0.964855	0.823458	0.476474
0.384400	-2655.045133	-1966.194980	4621.240113	688.850154	7276.285246	1.870537	1.635098	2.093665
0.386200	-2637.569045	-1958.943101	4596.512146	678.625944	7234.081190	3.018019	3.016079	-2.574151
0.388000	-2620.334599	-1951.824927	4572.159526	668.509672	7192.494125	-1.708590	-1.664070	-0.960665
0.389800	-2603.339134	-1944.837889	4548.177023	658.501245	7151.516157	0.020127	-0.067980	0.650982
0.391600	-2586.580015	-1937.979464	4524.559479	648.600550	7111.139494	1.741384	1.616229	2.260896
0.393400	-2570.054634	-1931.247177	4501.301811	638.807457	7071.356445	-2.866944	-2.870571	-2.413994
0.395200	-2553.760410	-1924.638597	4478.399007	629.121813	7032.159417	-1.173442	-1.122291	-0.807216
0.397000	-2537.694787	-1918.151336	4455.846124	619.543451	6993.540911	0.563006	0.527551	0.798143
0.398800	-2521.855236	-1911.783052	4433.638288	610.072184	6955.493524	2.272460	2.191556	2.402182
0.400600	-2506.239250	-1905.531444	4411.770694	600.707806	6918.009944	-2.360992	-2.349577	-2.278216
0.402400	-2490.844349	-1899.394253	4390.238602	591.450096	6881.082951	-0.714152	-0.640322	-0.676644
0.404200	-2475.668076	-1893.369260	4369.037336	582.298817	6844.705412	0.969884	0.968204	0.923745
0.406000	-2460.707998	-1887.454287	4348.162286	573.253711	6808.870284	2.637799	2.568084	2.522995
0.407800	-2445.961705	-1881.647197	4327.608902	564.314509	6773.570608	-2.041171	-2.040201	-2.162040
0.409600	-2431.426811	-1875.945888	4307.372698	555.480923	6738.799509	-0.456575	-0.368158	-0.564969
0.411400	-2417.100949	-1870.348297	4287.449246	546.752652	6704.550196	1.163000	1.200801	1.031036
0.413200	-2402.981779	-1864.852400	4267.834179	538.129379	6670.815958	2.787936	2.728012	2.626006
0.415000	-2389.066980	-1859.456207	4248.523187	529.610774	6637.590167	-1.930243	-1.969842	-2.063201
0.416800	-2375.354253	-1854.157764	4229.512017	521.196490	6604.866271	-0.408448	-0.343072	-0.470190
0.418600	-2361.841322	-1848.955152	4210.796473	512.886170	6572.637795	1.131413	1.204030	1.121863
0.420400	-2348.525929	-1843.846486	4192.372415	504.679443	6540.898343	2.700495	2.669655	2.712981
0.422200	-2335.405839	-1838.829915	4174.235754	496.575923	6509.641593	-2.047349	-2.136995	-1.979986
0.424000	-2322.478837	-1833.903621	4156.382458	488.575216	6478.861295	-0.575288	-0.593325	-0.390645
0.425800	-2309.742729	-1829.065816	4138.808545	480.676913	6448.551274	0.877548	0.942583	1.197820
0.427600	-2297.195340	-1824.314746	4121.510086	472.880594	6418.705426	2.361614	2.379954	2.785409
0.429400	-2284.834516	-1819.648685	4104.483202	465.185831	6389.317718	-2.420585	-2.530024	-1.911049
0.431200	-2272.658122	-1815.065941	4087.724064	457.592181	6360.382186	-0.972721	-1.134361	-0.325170
0.433000	-2260.664044	-1810.564848	4071.228892	450.099195	6331.892936	0.401101	0.331853	1.259856
0.434800	-2248.850184	-1806.143772	4054.993956	442.706413	6303.844140	1.744354	1.777111	2.844019
0.436600	-2237.214468	-1801.801103	4039.015571	435.413365	6276.230039	3.112579	3.062834	-1.855853
0.438400	-2225.754837	-1797.535264	4023.290101	428.219573	6249.044938	-1.788533	-2.145857	-0.273351
0.440200	-2214.469254	-1793.344701	4007.813955	421.124552	6222.283209	-0.681644	-1.404038	1.308382
0.442000	-2203.355698	-1789.227890	3992.583588	414.127808	6195.939287	-0.727033	-0.951533	2.889385
0.443800	-2192.412170	-1785.183331	3977.595500	407.228839	6170.007670	-0.027848	-0.043464	-1.813461
0.445600	-2181.636687	-1781.209549	3962.846235	400.427138	6144.482922	1.086299	1.220222	-0.233699
0.447400	-2171.027285	-1777.305096	3948.332381	393.722189	6119.359666	2.302736	2.527034	1.345564
0.449200	-2160.582020	-1773.468547	3934.050567	387.113473	6094.632587	-2.691086	-2.515751	2.924368
0.451000	-2150.298964	-1769.698503	3919.997467	380.600462	6070.296432	-1.357094	-1.316516	-1.780471
0.452800	-2140.176210	-1765.993585	3906.169796	374.182625	6046.346006	-0.037670	-0.111261	-0.202605
0.454600	-2130.211867	-1762.352442	3892.564309	367.859426	6022.776176	1.225700	1.133603	1.374726
0.456400	-2120.404063	-1758.773740	3879.177803	361.630323	5999.581865	2.435242	2.410078	2.951430
0.458200	-2110.750943	-1755.256171	3866.007114	355.494772	5976.758057	-2.672957	-2.636828	-1.755776
0.460000	-2101.250672	-1751.798447	3853.049119	349.452224	5954.299790	-1.530934	-1.535618	-0.180569
0.461800	-2091.901430	-1748.399303	3840.300733	343.502127	5932.202163	-0.523868	-0.680487	1.393906
0.463600	-2082.701419	-1745.057492	3827.758910	337.643927	5910.460329	-0.202888	-0.209266	2.967748
0.465400	-2073.648854	-1741.771789	3815.420643	331.877065	5889.069497	0.168602	0.288194	-1.742090
0.467200	-2064.741971	-1738.540989	3803.282960	326.200983	5868.024931	1.149991	1.149089	-0.169092
0.469000	-2055.979023	-1735.363905	3791.342929	320.615118	5847.321952	2.233807	2.211347	1.403670
0.470800	-2047.358280	-1732.239373	3779.597653	315.118908	5826.955933	-2.953025	-2.923302	2.976216
0.472600	-2038.878030	-1729.166242	3768.044272	309.711787	5806.922302	-1.852759	-1.773177	-1.734745
0.474400	-2030.536578	-1726.143385	3756.679963	304.393192	5787.216541	-0.747748	-0.684700	-0.163022
0.476200	-2022.332246	-1723.169690	3745.501936	299.162556	5767.834182	0.344439	0.299234	1.408044
0.478000	-2014.263375	-1720.244063	3734.507438	294.019312	5748.770812	1.331280	1.106701	2.978407
0.479800	-2006.328321	-1717.365428	3723.693749	288.962893	5730.022070	1.839630	1.600767	-1.735041
0.481600	-1998.525460	-1714.532725	3713.058185	283.992734	5711.583644	1.987711	2.007014	-0.165753
0.483400	-1990.853182	-1711.744913	3702.598095	279.108268	5693.451276	2.747101	2.739235	1.403296
0.485200	-1983.309895	-1709.000966	3692.310861	274.308929	5675.620756	-2.581456	-2.598891	2.972247
0.487000	-1975.894026	-1706.299874	3682.193900	269.594152	5658.087926	-1.589643	-1.573190	-1.742109
0.488800	-1968.604016	-1703.640643	3672.244659	264.963372	5640.848675	-0.600992	-0.551182	-0.173593
0.490600	-1961.438323	-1701.022297	3662.460620	260.416026	5623.898943	0.351175	0.392765	1.394374
0.492400	-1954.395423	-1698.443873	3652.839296	255.951551	5607.234719	1.163792	1.160006	2.961676
0.494200	-1947.473807	-1695.904423	3643.378230	251.569384	5590.852038	1.480364	1.620626	-1.754790
0.496000	-1940.671983	-1693.403017	3634.075001	247.268966	5574.746984	1.712277	1.993467	-0.188426
0.497800	-1933.988475	-1690.938739	3624.927214	243.049736	5558.915689	2.504712	2.629682	1.377813
0.499600	-1927.421822	-1688.510685	3615.932507	238.911137	5543.354329	-2.823368	-2.846452	2.944026
0.501400	-1920.970579	-1686.117971	3607.088550	234.852609	5528.059129	-1.858293	-1.977597	-1.773074
0.503200	-1914.633318	-1683.759722	3598.393040	230.873596	5513.026358	-0.948717	-1.116353	-0.207360
0.505000	-1908.408624	-1681.435082	3589.843706	226.973542	5498.252329	-0.186637	-0.356678	1.357767
0.506800	-1902.295098	-1679.143207	3581.438305	223.151890	5483.733403	0.181236	0.150308	2.922301
0.508600	-1896.291355	-1676.883269	3573.174625	219.408086	5469.465980	0.309600	0.523395	-1.796713
0.510400	-1890.396027	-1674.654454	3565.050481	215.741573	5455.446509	0.895171	1.130871	-0.232620
0.512200	-1884.607758	-1672.455961	3557.063719	212.151796	5441.671476	1.712436	1.897919	1.331509
0.514000	-1878.925204	-1670.287006	3549.212210	208.638199	5428.137415	2.595965	2.693249	2.895526
0.515800	-1873.347040	-1668.146816	3541.493856	205.200223	5414.840896	-2.823750	-2.852335	-1.824026
0.517600	-1867.871948	-1666.034637	3533.906586	201.837311	5401.778534	-2.131978	-2.275021	-0.260947
0.519400	-1862.498628	-1663.949727	3526.448355	198.548901	5388.946983	-1.941288	-1.929243	1.301654
0.521200	-1857.225789	-1661.891358	3519.117147	195.334431	5376.342937	-1.677292	-1.555899	2.864031
0.523000	-1852.052154	-1659.858819	3511.910973	192.193335	5363.963127	-0.974069	-0.961679	-1.856769
0.524800	-1846.976456	-1657.851413	3504.827869	189.125043	5351.804324	-0.155049	-0.248823	-0.294360
0.526600	-1841.997440	-1655.868458	3497.865898	186.128982	5339.863338	0.643688	0.474224	1.267847
0.528400	-1837.113862	-1653.909288	3491.023151	183.204574	5328.137013	1.304182	1.099779	2.829590
0.530200	-1832.324488	-1651.973253	3484.297742	180.351235	5316.622230	1.594792	1.512167	-1.892362
0.532000	-1827.628094	-1650.059718	3477.687812	177.568376	5305.315906	1.711759	1.853043	-0.331411
0.533800	-1823.023465	-1648.168064	3471.191528	174.855401	5294.214993	2.223381	2.392494	1.229547
0.535600	-1818.509393	-1646.297689	3464.807081	172.211704	5283.316474	2.929752	3.065322	2.790575
0.537400	-1814.084681	-1644.448007	3458.532688	169.636674	5272.617369	-2.620398	-2.536638	-1.931732
0.539200	-1809.748139	-1642.618450	3452.366588	167.129689	5262.114727	-2.000223	-1.955885	-0.371271
0.541000	-1805.498582	-1640.808466	3446.307048	164.690116	5251.805631	-1.757234	-1.573593	1.188729
0.542800	-1801.334835	-1639.017522	3440.352357	162.317313	5241.687192	-1.632971	-1.276453	2.748488
0.544600	-1797.255727	-1637.245100	3434.500827	160.010626	5231.756553	-1.067308	-0.823557	-1.974926
0.546400	-1793.260091	-1635.490703	3428.750795	157.769388	5222.010886	-0.313566	-0.246316	-0.415101
0.548200	-1789.346770	-1633.753851	3423.100621	155.592919	5212.447391	0.451897	0.339747	1.144574
0.550000	-1785.514606	-1632.034082	3417.548688	153.480524	5203.063294	1.073945	0.823864	2.703868
0.551800	-1781.762448	-1630.330954	3412.093402	151.431495	5193.855850	1.283944	1.140169	-2.020424
0.553600	-1778.089149	-1628.644043	3406.733192	149.445107	5184.822341	1.414782	1.454074	-0.461714
0.555400	-1774.493564	-1626.972944	3401.466508	147.520619	5175.960072	1.942814	1.931504	1.097044
0.557200	-1770.974550	-1625.317274	3396.291823	145.657276	5167.266373	2.608777	2.504581	2.655844
0.559000	-1767.530968	-1623.676665	3391.207633	143.854302	5158.738601	-3.044873	3.058893	-2.068735
0.560800	-1764.161680	-1622.050774	3386.212453	142.110906	5150.374133	-2.635373	-2.798825	-0.510524
0.562600	-1760.865550	-1620.439272	3381.304822	140.426278	5142.170372	-2.566411	-2.507842	1.047363
0.564400	-1757.641444	-1618.841855	3376.483299	138.799589	5134.124743	-2.303543	-2.142452	2.605191
0.566200	-1754.488228	-1617.258236	3371.746464	137.229993	5126.234693	-1.760140	-1.634538	-2.120074
0.568000	-1751.404771	-1615.688146	3367.092917	135.716625	5118.497689	-1.153899	-1.084420	-0.562194
0.569800	-1748.389941	-1614.131340	3362.521281	134.258601	5110.911222	-0.658443	-0.604870	0.995394
0.571600	-1745.442608	-1612.587588	3358.030196	132.855020	5103.472803	-0.499092	-0.274419	2.552623
0.573400	-1742.561642	-1611.056681	3353.618323	131.504961	5096.179966	-0.388762	0.004812	-2.173499
0.575200	-1739.745916	-1609.538429	3349.284345	130.207487	5089.030262	0.085153	0.401276	-0.616386
0.577000	-1736.994303	-1608.032660	3345.026963	128.961643	5082.021265	0.716050	0.885911	0.940764
0.578800	-1734.305676	-1606.539220	3340.844896	127.766456	5075.150572	1.323664	1.352863	2.497745
0.580600	-1731.678912	-1605.057971	3336.736883	126.620941	5068.415795	1.675818	1.708144	-2.228778
0.582400	-1729.112889	-1603.588795	3332.701684	125.524094	5061.814573	1.686812	1.966485	-0.672350
0.584200	-1726.606487	-1602.131589	3328.738075	124.474898	5055.344562	2.042382	2.288953	0.884053
0.586000	-1724.158588	-1600.686264	3324.844852	123.472325	5049.003440	2.667086	2.718521	2.440517
0.587800	-1721.768080	-1599.252748	3321.020828	122.515332	5042.788907	-2.961187	-3.113919	-2.286273
0.589600	-1719.433851	-1597.830983	3317.264834	121.602868	5036.698685	-2.464037	-2.740110	-0.730130
0.591400	-1717.154796	-1596.420925	3313.575721	120.733871	5030.730517	-2.361722	-2.472240	0.825747
0.593200	-1714.929814	-1595.022542	3309.952355	119.907272	5024.882169	-2.229625	-2.184096	2.381534
0.595000	-1712.757809	-1593.635813	3306.393622	119.121995	5019.151430	-1.752942	-1.788119	-2.345804
0.596800	-1710.637690	-1592.260731	3302.898421	118.376960	5013.536112	-1.184026	-1.345147	-0.789959
0.598600	-1708.568377	-1590.897296	3299.465673	117.671081	5008.034050	-0.715385	-0.952615	0.765691
0.600400	-1706.548792	-1589.545519	3296.094311	117.003273	5002.643104	-0.555815	-0.664693	2.321071
0.602200	-1704.577870	-1588.205419	3292.783289	116.372450	4997.361159	-0.492190	-0.393703	-2.406859
0.604000	-1702.654550	-1586.877023	3289.531574	115.777527	4992.186124	-0.122272	-0.027845	-0.851553
0.605800	-1700.777785	-1585.560364	3286.338150	115.217421	4987.115935	0.381380	0.399765	0.703781
0.607600	-1698.946536	-1584.255481	3283.202017	114.691056	4982.148553	0.817548	0.796720	2.258962
0.609400	-1697.159775	-1582.962417	3280.122192	114.197359	4977.281967	0.976375	1.097109	-2.469295
0.611200	-1695.416486	-1581.681219	3277.097705	113.735266	4972.514190	1.022651	1.354553	-0.914501
0.613000	-1693.715663	-1580.411940	3274.127603	113.303723	4967.843266	1.370316	1.684972	0.640327
0.614800	-1692.056317	-1579.154631	3271.210948	112.901686	4963.267265	1.872143	2.082098	2.195190
0.616600	-1690.437469	-1577.909348	3268.346817	112.528121	4958.784286	2.323465	2.463365	-2.533255
0.618400	-1688.858154	-1576.676146	3265.534300	112.182008	4954.392454	2.484044	2.760999	-0.978735
0.620200	-1687.317423	-1575.455081	3262.772504	111.862342	4950.089927	2.500515	3.007169	0.575652
0.622000	-1685.814341	-1574.246208	3260.060549	111.568133	4945.874890	2.875925	-2.974650	2.130053
0.623800	-1684.347988	-1573.049581	3257.397569	111.298407	4941.745556	-2.841868	-2.607409	-2.598701
0.625600	-1682.917459	-1571.865252	3254.782711	111.052207	4937.700171	-2.295248	-2.246128	-1.044364
0.627400	-1681.521868	-1570.693272	3252.215139	110.828596	4933.737007	-2.039217	-1.956109	0.509786
0.629200	-1680.160340	-1569.533687	3249.694027	110.626654	4929.854368	-2.081143	-1.715697	2.063805
0.631000	-1678.832023	-1568.386542	3247.218565	110.445480	4926.050588	-1.701578	-1.429522	-2.665366
0.632800	-1677.536076	-1567.251878	3244.787954	110.284197	4922.324030	-1.085894	-1.080291	-1.111323
0.634600	-1676.271678	-1566.129732	3242.401409	110.141946	4918.673087	-0.478545	-0.731874	0.442652
0.636400	-1675.038024	-1565.020135	3240.058159	110.017889	4915.096183	-0.114152	-0.446038	1.996462
0.638200	-1673.834327	-1563.923116	3237.757443	109.911211	4911.591770	-0.148272	-0.205608	-2.733043
0.640000	-1672.659816	-1562.838699	3235.498515	109.821118	4908.158331	0.077054	0.075934	-1.179377
0.641800	-1671.513738	-1561.766901	3233.280639	109.746838	4904.794378	0.571770	0.417205	0.374324
0.643600	-1670.395358	-1560.707736	3231.103094	109.687622	4901.498451	1.072154	0.759498	1.927970
0.645400	-1669.303955	-1559.661212	3228.965167	109.642743	4898.269123	1.362991	1.044582	-2.801721
0.647200	-1668.238829	-1558.627333	3226.866162	109.611496	4895.104990	1.354670	1.287762	-1.248354
0.649000	-1667.199294	-1557.606095	3224.805389	109.593199	4892.004682	1.535344	1.568356	0.305006
0.650800	-1666.184682	-1556.597491	3222.782173	109.587191	4888.966854	1.947693	1.904165	1.858403
0.652600	-1665.194341	-1555.601508	3220.795849	109.592833	4885.990189	2.363277	2.240392	-2.871439
0.654400	-1664.227636	-1554.618127	3218.845763	109.609508	4883.073399	2.568615	2.522883	-1.318241
0.656200	-1663.283948	-1553.647326	3216.931274	109.636623	4880.215223	2.560783	2.766622	0.234847
0.658000	-1662.362675	-1552.689074	3215.051749	109.673601	4877.414424	2.775640	3.043946	1.787937
0.659800	-1661.463228	-1551.743338	3213.206566	109.719891	4874.669794	-3.102246	-2.912691	-2.942128
0.661600	-1660.585037	-1550.810078	3211.395115	109.774959	4871.980152	-2.723255	-2.587892	-1.389066
0.663400	-1659.727544	-1549.889251	3209.616795	109.838293	4869.344339	-2.595450	-2.313568	0.163863
0.665200	-1658.890208	-1548.980808	3207.871016	109.909399	4866.761224	-2.607384	-2.073226	1.716703
0.667000	-1658.072501	-1548.084696	3206.157197	109.987806	4864.229699	-2.319824	-1.801676	-3.013636
0.668800	-1657.273912	-1547.200856	3204.474768	110.073056	4861.748681	-1.861133	-1.487081	-1.460771
0.670600	-1656.493942	-1546.329227	3202.823168	110.164715	4859.317110	-1.455680	-1.176896	0.092033
0.672400	-1655.732105	-1545.469741	3201.201846	110.262364	4856.933950	-1.394111	-0.913328	1.644722
0.674200	-1654.987930	-1544.622328	3199.610258	110.365602	4854.598188	-1.413476	-0.676842	-3.085845
0.676000	-1654.260959	-1543.786914	3198.047874	110.474045	4852.308833	-0.981453	-0.409304	-1.533224
0.677800	-1653.550747	-1542.963421	3196.514168	110.587325	4850.064915	-0.346823	-0.104214	0.019406
0.679600	-1652.856859	-1542.151768	3195.008627	110.705091	4847.865486	0.284080	0.193624	1.571980
0.681400	-1652.178876	-1541.351869	3193.530744	110.827007	4845.709620	0.550430	0.448806	3.124456
0.683200	-1651.516387	-1540.563636	3192.080023	110.952752	4843.596411	0.417763	0.684582	-1.606316
0.685000	-1650.868997	-1539.786978	3190.655975	111.082019	4841.524971	0.886250	0.952340	-0.053903
0.686800	-1650.236317	-1539.021802	3189.258119	111.214515	4839.494436	1.539626	1.252618	1.498517
0.688600	-1649.617973	-1538.268011	3187.885984	111.349963	4837.503957	2.118264	1.542571	3.050887
0.690400	-1649.013600	-1537.525506	3186.539106	111.488095	4835.552706	2.387589	1.793428	-1.680019
0.692200	-1648.422844	-1536.794185	3185.217029	111.628659	4833.639873	2.296899	2.031932	-0.127798
0.694000	-1647.845360	-1536.073946	3183.919306	111.771413	4831.764666	2.508600	2.302936	1.424429
0.695800	-1647.280813	-1535.364684	3182.645496	111.916129	4829.926309	2.932715	2.601269	2.976664
0.697600	-1646.728878	-1534.666290	3181.395168	112.062587	4828.124046	-2.972154	2.885967	-1.754338
0.699400	-1646.189239	-1533.978657	3180.167895	112.210582	4826.357134	-2.851675	3.134685	-0.202243
0.701200	-1645.661589	-1533.301673	3178.963262	112.359916	4824.624851	-2.871796	-2.906359	1.349806
0.703000	-1645.145629	-1532.635227	3177.780857	112.510402	4822.926486	-2.639382	-2.632527	2.901868
0.704800	-1644.641070	-1531.979207	3176.620277	112.661863	4821.261348	-2.278363	-2.337101	-1.829251
0.706600	-1644.147630	-1531.333498	3175.481128	112.814132	4819.628757	-2.008903	-2.058605	-0.277243
0.708400	-1643.665034	-1530.697985	3174.363019	112.967049	4818.028052	-1.989213	-1.812929	1.274685
0.710200	-1643.193016	-1530.072552	3173.265568	113.120464	4816.458584	-1.938783	-1.569015	2.826583
0.712000	-1642.731317	-1529.457083	3172.188401	113.274234	4814.919718	-1.647342	-1.295348	-1.904688
0.713800	-1642.279686	-1528.851461	3171.131147	113.428226	4813.410834	-1.299977	-1.005999	-0.352780
0.715600	-1641.837878	-1528.255567	3170.093445	113.582311	4811.931324	-1.126919	-0.736190	1.199067
0.717400	-1641.405655	-1527.669284	3169.074940	113.736371	4810.480595	-1.193093	-0.495198	2.750848
0.719200	-1640.982786	-1527.092494	3168.075280	113.890292	4809.058066	-1.038058	-0.251300	-1.980574
0.721000	-1640.569045	-1526.525077	3167.094123	114.043968	4807.663168	-0.648745	0.020106	-0.428798
0.722800	-1640.164215	-1525.966916	3166.131131	114.197298	4806.295345	-0.259622	0.301771	1.122963
0.724600	-1639.768081	-1525.417891	3165.185972	114.350189	4804.954053	-0.216535	0.562456	2.674666
0.726400	-1639.380437	-1524.877885	3164.258322	114.502552	4803.638759	-0.403773	0.799363	-2.056867
0.728200	-1639.001082	-1524.346778	3163.347860	114.654305	4802.348942	0.013042	1.043847	-0.505228
0.730000	-1638.629820	-1523.824452	3162.454272	114.805368	4801.084092	0.803512	1.313584	1.046418
0.731800	-1638.266460	-1523.310789	3161.577250	114.955671	4799.843710	1.906833	1.588812	2.598046
0.733600	-1637.910817	-1522.805673	3160.716490	115.105144	4798.627307	3.006251	1.842636	-2.133561
0.735400	-1637.562710	-1522.308985	3159.871695	115.253725	4797.434404	3.051355	2.078177	-0.582028
0.737200	-1637.221963	-1521.820609	3159.042572	115.401354	4796.264535	2.741488	2.325360	0.969495
0.739000	-1636.888406	-1521.340430	3158.228835	115.547976	4795.117241	-3.069322	2.595217	2.521024
0.740800	-1636.561871	-1520.868330	3157.430201	115.693540	4793.992072	-2.565168	2.866228	-2.210650
0.742600	-1636.242197	-1520.404197	3156.646394	115.838000	4792.888591	-2.245412	3.116047	-0.659187
0.744400	-1635.929226	-1519.947915	3155.877141	115.981311	4791.806367	-2.286225	-2.930370	0.892235
0.746200	-1635.622804	-1519.499372	3155.122176	116.123433	4790.744980	-2.276542	-2.679168	2.443652
0.748000	-1635.322781	-1519.058453	3154.381235	116.264328	4789.704016	-1.993818	-2.408560	-2.288107
0.749800	-1635.029013	-1518.625049	3153.654062	116.403964	4788.683074	-1.680971	-2.140893	-0.736703
0.751600	-1634.741355	-1518.199047	3152.940403	116.542308	4787.681758	-1.549208	-1.893779	0.814652
0.753400	-1634.459671	-1517.780339	3152.240009	116.679332	4786.699680	-1.583827	-1.655120	2.365974
0.755200	-1634.183825	-1517.368814	3151.552638	116.815011	4785.736463	-1.444888	-1.400723	-2.365885
0.757000	-1633.913685	-1516.964364	3150.878049	116.949321	4784.791735	-1.164057	-1.130858	-0.814554
0.758800	-1633.649125	-1516.566882	3150.216007	117.082242	4783.865132	-0.945966	-0.867633	0.736749
0.760600	-1633.390019	-1516.176263	3149.566282	117.213755	4782.956300	-0.936976	-0.623733	2.288006
0.762400	-1633.136244	-1515.792400	3148.928645	117.343844	4782.064889	-0.915616	-0.384175	-2.443944
0.764200	-1632.887684	-1515.415191	3148.302875	117.472493	4781.190558	-0.687268	-0.128676	-0.892701
0.766000	-1632.644222	-1515.044530	3147.688752	117.599691	4780.332973	-0.414930	0.138178	0.658540
0.767800	-1632.405745	-1514.680317	3147.086062	117.725427	4779.491807	-0.326932	0.395546	2.209750
0.769600	-1632.172143	-1514.322451	3146.494594	117.849692	4778.666737	-0.427159	0.635723	-2.522263
0.771400	-1631.943309	-1513.970832	3145.914141	117.972478	4777.857451	-0.291606	0.875496	-0.971104
0.773200	-1631.719140	-1513.625360	3145.344500	118.093780	4777.063639	0.026307	1.130845	0.580060
0.775000	-1631.499531	-1513.285939	3144.785470	118.213592	4776.285001	0.235568	1.393756	2.131217
0.776800	-1631.284385	-1512.952472	3144.236857	118.331913	4775.521242	-0.162540	1.645434	-2.600841
0.778600	-1631.073604	-1512.624863	3143.698467	118.448741	4774.772070	-0.300341	1.882912	-1.049744
0.780400	-1630.867093	-1512.303018	3143.170111	118.564074	4774.037204	0.053001	2.123664	0.501344
0.782200	-1630.664759	-1511.986845	3142.651604	118.677914	4773.316364	-0.278076	2.379191	2.052435
0.784000	-1630.466514	-1511.676251	3142.142765	118.790262	4772.609278	-1.888958	2.638897	-2.679669
0.785800	-1630.272267	-1511.371146	3141.643413	118.901122	4771.915681	-1.492842	2.886553	-1.128614
0.787600	-1630.081935	-1511.071439	3141.153374	119.010495	4771.235309	-1.363061	3.123387	0.422414
0.789400	-1629.895432	-1510.777043	3140.672475	119.118388	4770.567906	-1.680409	-2.916695	1.973435
0.791200	-1629.712676	-1510.487870	3140.200547	119.224806	4769.913223	-1.655225	-2.660215	-2.758726
0.793000	-1629.533589	-1510.203834	3139.737423	119.329755	4769.271012	-1.382509	-2.402682	-1.207711
0.794800	-1629.358091	-1509.924850	3139.282941	119.433241	4768.641032	-1.177996	-2.157399	0.343277
0.796600	-1629.186107	-1509.650834	3138.836941	119.535272	4768.023047	-1.200235	-1.919674	1.894241
0.798400	-1629.017561	-1509.381704	3138.399265	119.635857	4767.416826	-1.209402	-1.673722	-2.837983
0.800200	-1628.852382	-1509.117377	3137.969758	119.735005	4766.822140	-1.021386	-1.416484	-1.287018
0.802000	-1628.690498	-1508.857773	3137.548271	119.832725	4766.238768	-0.803632	-1.161110	0.263935
0.803800	-1628.531839	-1508.602813	3137.134653	119.929026	4765.666492	-0.730039	-0.917722	1.814860
0.805600	-1628.376339	-1508.352419	3136.728758	120.023920	4765.105097	-0.753113	-0.678961	-2.917418
0.807400	-1628.223930	-1508.106514	3136.330445	120.117416	4764.554375	-0.635643	-0.431046	-1.366508
0.809200	-1628.074549	-1507.865022	3135.939570	120.209527	4764.014119	-0.425025	-0.174410	0.184403
0.811000	-1627.928131	-1507.627867	3135.555998	120.300264	4763.484129	-0.298747	0.077870	1.735297
0.812800	-1627.784615	-1507.394976	3135.179591	120.389639	4762.964206	-0.330861	0.318990	-2.997019
0.814600	-1627.643941	-1507.166276	3134.810217	120.477665	4762.454158	-0.291594	0.558174	-1.446161
0.816400	-1627.506049	-1506.941696	3134.447745	120.564353	4761.953794	-0.104537	0.806740	0.104700
0.818200	-1627.370882	-1506.721165	3134.092048	120.649717	4761.462930	0.050689	1.061415	1.655559
0.820000	-1627.238384	-1506.504614	3133.742998	120.733770	4760.981382	-0.014975	1.309966	-3.076785
0.821800	-1627.108499	-1506.291974	3133.400473	120.816525	4760.508971	-0.103090	1.548860	-1.525965
0.823600	-1626.981173	-1506.083178	3133.064351	120.897996	4760.045524	0.029774	1.788361	0.024849
0.825400	-1626.856354	-1505.878158	3132.734512	120.978196	4759.590867	0.159779	2.037051	1.575665
0.827200	-1626.733990	-1505.676851	3132.410842	121.057139	4759.144832	-0.109758	2.289472	3.126476
0.829000	-1626.614031	-1505.479192	3132.093223	121.134840	4758.707254	-0.425958	2.534801	-1.605916
0.830800	-1626.496428	-1505.285116	3131.781544	121.211311	4758.277972	-0.358416	2.772486	-0.055138
0.832600	-1626.381132	-1505.094563	3131.475695	121.286569	4757.856827	-0.409817	3.013019	1.495634
0.834400	-1626.268096	-1504.907470	3131.175566	121.360626	4757.443662	-0.830657	-3.021038	3.046408
0.836200	-1626.157274	-1504.723778	3130.881052	121.433497	4757.038326	-0.892117	-2.770311	-1.686010
0.838000	-1626.048622	-1504.543425	3130.592047	121.505196	4756.640669	-0.740568	-2.527035	-0.135257
0.839800	-1625.942094	-1504.366355	3130.308449	121.575738	4756.250543	-0.709766	-2.289241	1.415480
0.841600	-1625.837648	-1504.192510	3130.030158	121.645138	4755.867806	-0.833198	-2.046937	2.966214
0.843400	-1625.735242	-1504.021832	3129.757074	121.713409	4755.492316	-0.800197	-1.797112	-1.766235
0.845200	-1625.634834	-1503.854267	3129.489101	121.780567	4755.123935	-0.637066	-1.547662	-0.215506
0.847000	-1625.536384	-1503.689759	3129.226143	121.846625	4754.762526	-0.533951	-1.305624	1.335207
0.848800	-1625.439852	-1503.528254	3128.968106	121.911598	4754.407958	-0.559239	-1.067056	2.885908
0.850600	-1625.345200	-1503.369700	3128.714900	121.975500	4754.060100	-0.532959	-0.823038	-1.846577
0.852400	-1625.252390	-1503.214043	3128.466433	122.038347	4753.718823	-0.389037	-0.573011	-0.295875
0.854200	-1625.161385	-1503.061233	3128.222618	122.100151	4753.384003	-0.259060	-0.325125	1.254818
0.856000	-1625.072148	-1502.911220	3127.983368	122.160928	4753.055516	-0.246487	-0.084277	2.805495
0.857800	-1624.984644	-1502.763953	3127.748597	122.220692	4752.733242	-0.246572	0.154889	-1.927022
0.859600	-1624.898839	-1502.619384	3127.518223	122.279456	4752.417062	-0.134856	0.399836	-0.376351
0.861400	-1624.814698	-1502.477464	3127.292162	122.337234	4752.106861	-0.000882	0.649087	1.174319
0.863200	-1624.732189	-1502.338147	3127.070335	122.394042	4751.802524	0.020550	0.894826	2.724978
0.865000	-1624.651277	-1502.201385	3126.852663	122.449892	4751.503940	-0.026248	1.134306	-2.007562
0.866800	-1624.571933	-1502.067134	3126.639067	122.504799	4751.211000	0.035443	1.373738	-0.456921
0.868600	-1624.494124	-1501.935349	3126.429473	122.558775	4750.923597	0.149371	1.618902	1.093721
0.870400	-1624.417820	-1501.805984	3126.223804	122.611835	4750.641624	0.138196	1.866745	2.644361
0.872200	-1624.342991	-1501.678998	3126.021989	122.663993	4750.364979	0.000501	2.110250	-2.088196
0.874000	-1624.269607	-1501.554347	3125.823954	122.715261	4750.093561	-0.010205	2.348669	-0.537578
0.875800	-1624.197641	-1501.431989	3125.629630	122.765652	4749.827271	0.049669	2.588519	1.013037
0.877600	-1624.127064	-1501.311883	3125.438946	122.815181	4749.566010	-0.054001	2.833792	2.563653
0.879400	-1624.057848	-1501.193988	3125.251836	122.863859	4749.309683	-0.267884	3.080312	-2.168920
0.881200	-1623.989966	-1501.078265	3125.068232	122.911701	4749.058198	-0.285813	-2.961018	-0.618318
0.883000	-1623.923393	-1500.964675	3124.888068	122.958718	4748.811461	-0.242209	-2.722861	0.932275
0.884800	-1623.858102	-1500.853179	3124.711281	123.004923	4748.569383	-0.334793	-2.482091	2.482866
0.886600	-1623.794068	-1500.743739	3124.537807	123.050329	4748.331875	-0.448439	-2.236488	-2.249728
0.888400	-1623.731266	-1500.636318	3124.367584	123.094949	4748.098851	-0.402899	-1.990912	-0.699140
0.890200	-1623.669673	-1500.530880	3124.200552	123.138793	4747.870225	-0.318014	-1.749988	0.851438
0.892000	-1623.609264	-1500.427388	3124.036651	123.181876	4747.645915	-0.327310	-1.511403	2.402007
0.893800	-1623.550015	-1500.325808	3123.875823	123.224208	4747.425838	-0.365405	-1.269464	-2.330609
0.895600	-1623.491905	-1500.226104	3123.718009	123.265801	4747.209914	-0.301638	-1.023577	-0.780039
0.897400	-1623.434911	-1500.128243	3123.563154	123.306668	4746.998065	-0.197240	-0.778862	0.770526
0.899200	-1623.379011	-1500.032192	3123.411202	123.346819	4746.790213	-0.161992	-0.538565	2.321081
0.901000	-1623.324183	-1499.937916	3123.262099	123.386266	4746.586282	-0.176542	-0.299411	-2.411555
0.902800	-1623.270407	-1499.845385	3123.115792	123.425021	4746.386199	-0.123431	-0.056608	-0.861005
0.904600	-1623.217662	-1499.754566	3122.972228	123.463095	4746.189890	-0.020627	0.189060	0.689546
0.906400	-1623.165927	-1499.665429	3122.831356	123.500498	4745.997283	0.029773	0.432619	2.240089
0.908200	-1623.115184	-1499.577942	3122.693126	123.537242	4745.808310	0.011537	0.672210	-2.492562
0.910000	-1623.065413	-1499.492075	3122.557488	123.573337	4745.622900	0.036875	0.911699	-0.942030
0.911800	-1623.016594	-1499.407799	3122.424393	123.608795	4745.440987	0.121684	1.154812	0.608502
0.913600	-1622.968710	-1499.325085	3122.293795	123.643624	4745.262504	0.163607	1.399701	2.159034
0.915400	-1622.921741	-1499.243905	3122.165646	123.677836	4745.087387	0.117055	1.641868	-2.573628
0.917200	-1622.875671	-1499.164230	3122.039901	123.711441	4744.915572	0.097871	1.880758	-1.023111
0.919000	-1622.830482	-1499.086032	3121.916514	123.744450	4744.746996	0.148685	2.120468	0.527405
0.920800	-1622.786156	-1499.009285	3121.795441	123.776871	4744.581597	0.157501	2.363594	2.077921
0.922600	-1622.742677	-1498.933963	3121.676640	123.808714	4744.419317	0.062996	2.607532	-2.654751
0.924400	-1622.700029	-1498.860039	3121.560067	123.839990	4744.260096	0.002049	2.848491	-1.104244
0.926200	-1622.658195	-1498.787487	3121.445681	123.870708	4744.103876	0.024168	3.087042	0.446257
0.928000	-1622.617159	-1498.716282	3121.333441	123.900877	4743.950600	0.006193	-2.956002	1.996757
0.929800	-1622.576906	-1498.646400	3121.223307	123.930506	4743.800213	-0.096557	-2.712807	-2.735928
0.931600	-1622.537422	-1498.577817	3121.115238	123.959605	4743.652660	-0.142742	-2.469622	-1.185430
0.933400	-1622.498690	-1498.510508	3121.009198	123.988183	4743.507888	-0.107176	-2.229398	0.365062
0.935200	-1622.460697	-1498.444450	3120.905146	124.016247	4743.365843	-0.101698	-1.990683	1.915549
0.937000	-1622.423428	-1498.379620	3120.803047	124.043808	4743.226475	-0.156064	-1.749857	-2.817150
0.938800	-1622.386869	-1498.315995	3120.702864	124.070874	4743.089733	-0.163636	-1.506509	-1.266664
0.940600	-1622.351007	-1498.253554	3120.604561	124.097452	4742.955568	-0.105384	-1.263882	0.283820
0.942400	-1622.315827	-1498.192275	3120.508102	124.123552	4742.823930	-0.067739	-1.024038	1.834297
0.944200	-1622.281318	-1498.132136	3120.413454	124.149182	4742.694771	-0.083289	-0.784899	-2.898414
0.946000	-1622.247465	-1498.073116	3120.320581	124.174349	4742.568046	-0.074131	-0.543423	-1.347940
0.947800	-1622.214257	-1498.015194	3120.229451	124.199062	4742.443708	-0.010001	-0.300098	0.202534
0.949600	-1622.181681	-1497.958351	3120.140032	124.223329	4742.321712	0.042457	-0.058090	1.753004
0.951400	-1622.149724	-1497.902567	3120.052291	124.247157	4742.202014	0.041799	0.181429	-2.979717
0.953200	-1622.118375	-1497.847821	3119.966196	124.270554	4742.084571	0.047087	0.420914	-1.429255
0.955000	-1622.087622	-1497.794095	3119.881717	124.293527	4741.969339	0.101642	0.662720	0.121209
0.956800	-1622.057454	-1497.741370	3119.798824	124.316083	4741.856277	0.151894	0.905659	1.671671
0.958600	-1622.027859	-1497.689628	3119.717486	124.338231	4741.745345	0.146511	1.146866	-3.061057
0.960400	-1621.998826	-1497.638850	3119.637676	124.359977	4741.636502	0.132399	1.386005	-1.510604
0.962200	-1621.970345	-1497.589018	3119.559363	124.381327	4741.529708	0.165107	1.625678	0.039848
0.964000	-1621.942405	-1497.540115	3119.482520	124.402290	4741.424925	0.198602	1.867510	1.590301
0.965800	-1621.914995	-1497.492124	3119.407120	124.422871	4741.322115	0.172955	2.109828	3.140752
0.967600	-1621.888106	-1497.445028	3119.333134	124.443078	4741.221241	0.130905	2.350227	-1.591987
0.969400	-1621.861728	-1497.398811	3119.260538	124.462917	4741.122266	0.138045	2.589096	-0.041543
0.971200	-1621.835850	-1497.353455	3119.189305	124.482394	4741.025154	0.150412	2.828971	1.508899
0.973000	-1621.810463	-1497.308946	3119.119408	124.501517	4740.929871	0.105972	3.070759	3.059342
0.974800	-1621.785557	-1497.265267	3119.050824	124.520290	4740.836382	0.050758	-2.970687	-1.673402
0.976600	-1621.761124	-1497.222403	3118.983528	124.538721	4740.744652	0.050456	-2.730852	-0.122965
0.978400	-1621.737155	-1497.180340	3118.917495	124.556815	4740.654649	0.060571	-2.491965	1.427469
0.980200	-1621.713640	-1497.139061	3118.852701	124.574578	4740.566341	0.025138	-2.251733	2.977903
0.982000	-1621.690570	-1497.098554	3118.789124	124.592017	4740.479694	-0.012928	-2.009920	-1.754848
0.983800	-1621.667938	-1497.058802	3118.726741	124.609136	4740.394679	0.001025	-1.768594	-0.204417
0.985600	-1621.645735	-1497.019793	3118.665528	124.625942	4740.311264	0.027505	-1.529032	1.346012
0.987400	-1621.623953	-1496.981512	3118.605466	124.642441	4740.229419	0.017454	-1.289882	2.896438
0.989200	-1621.602584	-1496.943947	3118.546530	124.658637	4740.149114	0.002341	-1.049228	-1.836322
0.991000	-1621.581619	-1496.907083	3118.488702	124.674536	4740.070321	0.029126	-0.807409	-0.285896
0.992800	-1621.561051	-1496.870908	3118.431959	124.690143	4739.993010	0.068929	-0.566437	1.264528
0.994600	-1621.540873	-1496.835409	3118.376282	124.705464	4739.917155	0.076605	-0.327020	2.814948
0.996400	-1621.521077	-1496.800573	3118.321650	124.720504	4739.842727	0.072006	-0.087577	-1.917819
0.998200	-1621.501656	-1496.766388	3118.268044	124.735268	4739.769699	0.099749	0.153361	-0.367400
1.000000	-1621.482602	-1496.732842	3118.215444	124.749760	4739.698046	0.141448	0.395006	1.183018
