0.100900	-7647.737666	-7606.309717	15254.047383	41.427949	22901.785050	-2.969028	-2.968971	-2.967151
0.101800	-7576.073639	-7534.647235	15110.720874	41.426403	22686.794512	-1.419950	-1.419956	-1.420031
0.102700	-7505.086172	-7463.661330	14968.747502	41.424843	22473.833675	-0.063455	-0.063511	-0.065271
0.103600	-7434.768880	-7393.345613	14828.114493	41.423267	22262.883373	1.102204	1.102177	1.101072
0.104500	-7365.115434	-7323.693757	14688.809192	41.421677	22053.924626	2.078876	2.078904	2.079455
0.105400	-7296.119567	-7254.699495	14550.819062	41.420072	21846.938629	2.868399	2.868456	2.870078
0.106300	-7227.775070	-7186.356618	14414.131688	41.418452	21641.906758	-2.810637	-2.810582	-2.808738
0.107200	-7160.075793	-7118.658977	14278.734769	41.416816	21438.810562	-2.390130	-2.390085	-2.388368
0.108100	-7093.015644	-7051.600478	14144.616122	41.415165	21237.631766	-2.151539	-2.151507	-2.150025
0.109000	-7026.588589	-6985.175090	14011.763678	41.413499	21038.352267	-2.093160	-2.093129	-2.091612
0.109900	-6960.788650	-6919.376833	13880.165483	41.411817	20840.954133	-2.213287	-2.213250	-2.211566
0.110800	-6895.609906	-6854.199788	13749.809694	41.410119	20645.419601	-2.510231	-2.510182	-2.508332
0.111700	-6831.046493	-6789.638088	13620.684582	41.408405	20451.731075	-2.982312	-2.982255	-2.980548
0.112600	-6767.092601	-6725.685926	13492.778527	41.406675	20259.871127	2.655317	2.655369	2.656324
0.113500	-6703.742474	-6662.337545	13366.080019	41.404928	20069.822493	1.837936	1.837951	1.837372
0.114400	-6640.990412	-6599.587246	13240.577658	41.403166	19881.568070	0.850321	0.850282	0.848486
0.115300	-6578.830768	-6537.429382	13116.260151	41.401386	19695.090919	-0.305980	-0.306033	-0.306987
0.116200	-6517.257950	-6475.858360	12993.116310	41.399590	19510.374260	-1.629369	-1.629365	-1.628093
0.117100	-6456.266416	-6414.868639	12871.135055	41.397777	19327.401470	-3.118162	-3.118105	-3.116762
0.118000	-6395.850678	-6354.454731	12750.305408	41.395947	19146.156086	1.512437	1.512435	1.511119
0.118900	-6336.005299	-6294.611199	12630.616499	41.394100	18966.621798	-0.302573	-0.302628	-0.303417
0.119800	-6276.724895	-6235.332660	12512.057555	41.392236	18788.782450	-2.278493	-2.278455	-2.276604
0.120700	-6218.004131	-6176.613778	12394.617909	41.390353	18612.622040	1.869642	1.869661	1.868686
0.121600	-6159.837723	-6118.449270	12278.286993	41.388454	18438.124716	-0.423262	-0.423316	-0.423740
0.122500	-6102.220437	-6060.833901	12163.054338	41.386536	18265.274775	-2.872561	-2.872501	-2.870980
0.123400	-6045.147088	-6003.762488	12048.909577	41.384600	18094.056665	0.806694	0.806653	0.804829
0.124300	-5988.612541	-5947.229895	11935.842436	41.382646	17924.454977	-1.950818	-1.950797	-1.948977
0.125200	-5932.611708	-5891.231034	11823.842743	41.380674	17756.454451	1.423137	1.423129	1.421409
0.126100	-5877.139551	-5835.760867	11712.900418	41.378684	17590.039969	-1.636752	-1.636749	-1.635043
0.127000	-5822.191077	-5780.814402	11603.005479	41.376674	17425.196555	1.437651	1.437645	1.435907
0.127900	-5767.761341	-5726.386695	11494.148037	41.374646	17261.909378	-1.918962	-1.918942	-1.917059
0.128800	-5713.845447	-5672.472848	11386.318295	41.372599	17100.163742	0.861547	0.861509	0.859776
0.129700	-5660.438542	-5619.068010	11279.506553	41.370532	16939.945095	-2.786214	-2.786155	-2.784913
0.130600	-5607.535821	-5566.167375	11173.703196	41.368446	16781.239018	-0.294132	-0.294191	-0.294159
0.131500	-5555.132523	-5513.766183	11068.898706	41.366341	16624.031230	2.055730	2.055761	2.054416
0.132400	-5503.223933	-5461.859718	10965.083651	41.364215	16468.307585	-2.018484	-2.018459	-2.016649
0.133300	-5451.805380	-5410.443310	10862.248690	41.362070	16314.054070	0.051157	0.051095	0.050649
0.134200	-5400.872237	-5359.512332	10760.384569	41.359905	16161.256805	1.982546	1.982573	1.981019
0.135100	-5350.419920	-5309.062201	10659.482121	41.357719	16009.902041	-2.506186	-2.506136	-2.504844
0.136000	-5300.443890	-5259.088377	10559.532267	41.355513	15859.976157	-0.847199	-0.847242	-0.845936
0.136900	-5250.939650	-5209.586363	10460.526013	41.353287	15711.465663	0.677526	0.677480	0.676297
0.137800	-5201.902745	-5160.551706	10362.454451	41.351039	15564.357195	2.069152	2.069185	2.067583
0.138700	-5153.328762	-5111.979992	10265.308754	41.348770	15418.637516	-2.954214	-2.954151	-2.953825
0.139600	-5105.213331	-5063.866851	10169.080181	41.346480	15274.293512	-1.824882	-1.824867	-1.823073
0.140500	-5057.552122	-5016.207953	10073.760074	41.344169	15131.312196	-0.824797	-0.824841	-0.823342
0.141400	-5010.340846	-4968.999010	9979.339855	41.341836	14989.680701	0.047229	0.047166	0.047371
0.142300	-4963.575254	-4922.235773	9885.811028	41.339481	14849.386282	0.792378	0.792337	0.791320
0.143200	-4917.251140	-4875.914036	9793.165175	41.337104	14710.416315	1.411848	1.411840	1.410122
0.144100	-4871.364333	-4830.029629	9701.393962	41.334705	14572.758295	1.906829	1.906850	1.904957
0.145000	-4825.910706	-4784.578423	9610.489129	41.332283	14436.399835	2.278502	2.278544	2.276823
0.145900	-4780.886168	-4739.556329	9520.442497	41.329839	14301.328665	2.528039	2.528093	2.526607
0.146800	-4736.286667	-4694.959295	9431.245962	41.327372	14167.532629	2.656597	2.656655	2.655263
0.147700	-4692.108190	-4650.783309	9342.891499	41.324881	14034.999690	2.665318	2.665375	2.663891
0.148600	-4648.346762	-4607.024395	9255.371157	41.322368	13903.717920	2.555332	2.555384	2.553705
0.149500	-4604.998446	-4563.678615	9168.677061	41.319831	13773.675506	2.327755	2.327799	2.325977
0.150400	-4562.059339	-4520.742069	9082.801408	41.317270	13644.860747	1.983697	1.983725	1.981905
0.151300	-4519.525579	-4478.210894	8997.736472	41.314685	13517.262051	1.524256	1.524254	1.522736
0.152200	-4477.393338	-4436.081261	8913.474599	41.312076	13390.867937	0.950512	0.950475	0.949818
0.153100	-4435.658824	-4394.349381	8830.008206	41.309443	13265.667030	0.263540	0.263480	0.264216
0.154000	-4394.318283	-4353.011498	8747.329781	41.306785	13141.648065	-0.535580	-0.535632	-0.533752
0.154900	-4353.367995	-4312.063892	8665.431887	41.304102	13018.799881	-1.445764	-1.445770	-1.444141
0.155800	-4312.804273	-4271.502879	8584.307152	41.301395	12897.111425	-2.465948	-2.465901	-2.466127
0.156700	-4272.623469	-4231.324808	8503.948277	41.298662	12776.571746	2.688066	2.688121	2.686251
0.157600	-4232.821967	-4191.526064	8424.348031	41.295903	12657.169998	1.450889	1.450884	1.449890
0.158500	-4193.396185	-4152.103066	8345.499251	41.293119	12538.895436	0.106726	0.106666	0.108098
0.159400	-4154.342575	-4113.052267	8267.394842	41.290308	12421.737417	-1.343350	-1.343366	-1.341991
0.160300	-4115.657623	-4074.370152	8190.027775	41.287472	12305.685399	-2.898313	-2.898253	-2.899556
0.161200	-4077.337849	-4036.053240	8113.391089	41.284609	12190.728939	1.725931	1.725947	1.724906
0.162100	-4039.379804	-3998.098085	8037.477888	41.281719	12076.857692	-0.036025	-0.036085	-0.034347
0.163000	-4001.780072	-3960.501269	7962.281341	41.278802	11964.061413	-1.899920	-1.899907	-1.899825
0.163900	-3964.535270	-3923.259411	7887.794681	41.275859	11852.329951	2.418354	2.418404	2.416691
0.164800	-3927.642046	-3886.369159	7814.011205	41.272887	11741.653251	0.353292	0.353239	0.354760
0.165700	-3891.097081	-3849.827193	7740.924275	41.269888	11632.021356	-1.810845	-1.810836	-1.810781
0.166600	-3854.897087	-3813.630225	7668.527312	41.266861	11523.424399	2.210017	2.210056	2.208627
0.167500	-3819.038805	-3777.774999	7596.813804	41.263806	11415.852609	-0.149649	-0.149707	-0.147785
0.168400	-3783.519009	-3742.258287	7525.777296	41.260723	11309.296306	-2.605575	-2.605525	-2.606928
0.169300	-3748.334504	-3707.076893	7455.411397	41.257611	11203.745900	1.126173	1.126153	1.126807
0.170200	-3713.482122	-3672.227652	7385.709774	41.254469	11099.191896	-1.519774	-1.519781	-1.519507
0.171100	-3678.958727	-3637.707429	7316.666156	41.251299	10995.624883	2.023826	2.023857	2.022966
0.172000	-3644.761214	-3603.513115	7248.274330	41.248099	10893.035544	-0.808565	-0.808610	-0.807318
0.172900	-3610.886505	-3569.641636	7180.528141	41.244869	10791.414645	2.550403	2.550455	2.548952
0.173800	-3577.331551	-3536.089942	7113.421493	41.241609	10690.753044	-0.464909	-0.464964	-0.463317
0.174700	-3544.093334	-3502.855015	7046.948348	41.238319	10591.041682	2.712883	2.712939	2.711348
0.175600	-3511.168862	-3469.933863	6981.102725	41.234999	10492.271587	-0.481900	-0.481953	-0.480384
0.176500	-3478.555172	-3437.323525	6915.878698	41.231647	10394.433870	2.518107	2.518159	2.516908
0.177400	-3446.249331	-3405.021066	6851.270397	41.228264	10297.519728	-0.852757	-0.852798	-0.851842
0.178300	-3414.248430	-3373.023580	6787.272010	41.224850	10201.520440	1.972787	1.972815	1.972587
0.179200	-3382.549591	-3341.328187	6723.877778	41.221404	10106.427369	-1.570826	-1.570830	-1.571367
0.180100	-3351.149961	-3309.932034	6661.081995	41.217926	10012.231956	1.083517	1.083492	1.084846
0.181000	-3320.046714	-3278.832298	6598.879011	41.214416	9918.925725	-2.629603	-2.629554	-2.631456
0.181900	-3289.237052	-3248.026178	6537.263230	41.210874	9826.500282	-0.143211	-0.143269	-0.141631
0.182800	-3258.718202	-3217.510904	6476.229106	41.207298	9734.947308	2.260462	2.260503	2.260089
0.183700	-3228.487418	-3187.283729	6415.771147	41.203689	9644.258566	-1.701042	-1.701036	-1.702071
0.184600	-3198.541980	-3157.341933	6355.883914	41.200047	9554.425894	0.539333	0.539286	0.541224
0.185500	-3168.879194	-3127.682823	6296.562016	41.196371	9465.441210	2.699335	2.699392	2.698442
0.186400	-3139.496389	-3098.303728	6237.800117	41.192661	9377.296506	-1.503565	-1.503570	-1.504470
0.187300	-3110.390923	-3069.202006	6179.592928	41.188917	9289.983851	0.497702	0.497652	0.499526
0.188200	-3081.560175	-3040.375037	6121.935212	41.185138	9203.495388	2.420838	2.420884	2.420525
0.189100	-3053.001552	-3011.820229	6064.821781	41.181324	9117.823333	-2.016656	-2.016634	-2.018398
0.190000	-3024.712484	-2983.535010	6008.247494	41.177474	9032.959979	-0.247778	-0.247837	-0.246853
0.190900	-2996.690426	-2955.516837	5952.207262	41.173589	8948.897688	1.445099	1.445095	1.446620
0.191800	-2968.932855	-2927.763187	5896.696042	41.169668	8865.628897	3.062756	3.062817	3.061717
0.192700	-2941.437274	-2900.271563	5841.708838	41.165711	8783.146112	-1.677367	-1.677361	-1.678829
0.193600	-2914.201210	-2873.039493	5787.240702	41.161717	8701.441912	-0.208244	-0.208299	-0.207387
0.194500	-2887.222210	-2846.064524	5733.286734	41.157686	8620.508944	1.187702	1.187684	1.189546
0.195400	-2860.497848	-2819.344230	5679.842077	41.153618	8540.339925	2.511215	2.511264	2.511339
0.196300	-2834.025718	-2792.876206	5626.901924	41.149513	8460.927642	-2.520237	-2.520191	-2.521948
0.197200	-2807.803439	-2766.658070	5574.461510	41.145369	8382.264949	-1.339661	-1.339679	-1.341101
0.198100	-2781.828652	-2740.687465	5522.516116	41.141187	8304.344768	-0.229582	-0.229642	-0.229225
0.199000	-2756.099018	-2714.962051	5471.061069	41.136967	8227.160087	0.810699	0.810660	0.812419
0.199900	-2730.612222	-2689.479515	5420.091737	41.132707	8150.703960	1.781875	1.781891	1.783475
0.200800	-2705.365972	-2664.237563	5369.603535	41.128409	8074.969507	2.684606	2.684662	2.684909
0.201700	-2680.357995	-2639.233925	5319.591920	41.124070	7999.949915	-2.763666	-2.763610	-2.764730
0.202600	-2655.586041	-2614.466349	5270.052390	41.119692	7925.638432	-1.995950	-1.995925	-1.997702
0.203500	-2631.047881	-2589.932608	5220.980489	41.115273	7852.028371	-1.294806	-1.294823	-1.296413
0.204400	-2606.741307	-2565.630494	5172.371801	41.110814	7779.113109	-0.659607	-0.659656	-0.660498
0.205300	-2582.664132	-2541.557819	5124.221952	41.106313	7706.886084	-0.089724	-0.089785	-0.089701
0.206200	-2558.814190	-2517.712418	5076.526608	41.101771	7635.340798	0.415467	0.415412	0.416318
0.207100	-2535.189333	-2494.092146	5029.281479	41.097187	7564.470812	0.856581	0.856543	0.858038
0.208000	-2511.787437	-2470.694875	4982.482312	41.092561	7494.269749	1.234227	1.234211	1.236034
0.208900	-2488.606395	-2447.518502	4936.124897	41.087893	7424.731293	1.549005	1.549008	1.550961
0.209800	-2465.644122	-2424.560941	4890.205063	41.083181	7355.849185	1.801508	1.801526	1.803431
0.210700	-2442.898552	-2401.820125	4844.718677	41.078427	7287.617228	1.992322	1.992349	1.994130
0.211600	-2420.367637	-2379.294009	4799.661645	41.073628	7220.029282	2.122029	2.122060	2.123697
0.212500	-2398.049350	-2356.980565	4755.029915	41.068786	7153.079265	2.191203	2.191235	2.192765
0.213400	-2375.941684	-2334.877785	4710.819469	41.063898	7086.761153	2.200414	2.200445	2.201955
0.214300	-2354.042648	-2312.983682	4667.026330	41.058966	7021.068978	2.150227	2.150256	2.151853
0.215200	-2332.350273	-2291.296283	4623.646556	41.053989	6955.996829	2.041205	2.041231	2.042991
0.216100	-2310.862606	-2269.813639	4580.676245	41.048966	6891.538851	1.873904	1.873925	1.875840
0.217000	-2289.577713	-2248.533816	4538.111529	41.043897	6827.689243	1.648880	1.648890	1.650829
0.217900	-2268.493681	-2227.454899	4495.948579	41.038782	6764.442260	1.366679	1.366673	1.368389
0.218800	-2247.608610	-2206.574990	4454.183600	41.033620	6701.792210	1.027844	1.027817	1.028970
0.219700	-2226.920623	-2185.892213	4412.812835	41.028410	6639.733458	0.632907	0.632859	0.633134
0.220600	-2206.427857	-2165.404704	4371.832560	41.023153	6578.260417	0.182393	0.182330	0.181575
0.221500	-2186.128468	-2145.110621	4331.239089	41.017847	6517.367557	-0.323185	-0.323248	-0.324866
0.222400	-2166.020631	-2125.008137	4291.028768	41.012493	6457.049398	-0.883318	-0.883360	-0.885293
0.223300	-2146.102535	-2105.095444	4251.197979	41.007090	6397.300513	-1.497496	-1.497498	-1.498945
0.224200	-2126.372388	-2085.370750	4211.743138	41.001638	6338.115526	-2.165202	-2.165160	-2.165410
0.225100	-2106.828415	-2065.832279	4172.660695	40.996136	6279.489110	-2.885911	-2.885843	-2.884735
0.226000	-2087.468858	-2046.478275	4133.947132	40.990583	6221.415990	2.624090	2.624145	2.625937
0.226900	-2068.291974	-2027.306994	4095.598967	40.984980	6163.890941	1.798939	1.798944	1.800151
0.227800	-2049.296037	-2008.316712	4057.612749	40.979325	6106.908786	0.922296	0.922244	0.921881
0.228700	-2030.479339	-1989.505720	4019.985059	40.973619	6050.464399	-0.005397	-0.005468	-0.007155
0.229600	-2011.840187	-1970.872326	3982.712513	40.967861	5994.552699	-0.983696	-0.983725	-0.985174
0.230500	-1993.376903	-1952.414852	3945.791754	40.962051	5939.168657	-2.012114	-2.012069	-2.011746
0.231400	-1975.087825	-1934.131638	3909.219463	40.956187	5884.307288	-3.090112	-3.090035	-3.088187
0.232300	-1956.971309	-1916.021038	3872.992347	40.950270	5829.963655	2.066022	2.066047	2.067291
0.233200	-1939.025723	-1898.081424	3837.107147	40.944299	5776.132870	0.890352	0.890294	0.889302
0.234100	-1921.249454	-1880.311180	3801.560634	40.938274	5722.810088	-0.333578	-0.333649	-0.335631
0.235000	-1903.640901	-1862.708707	3766.349609	40.932194	5669.990510	-1.605358	-1.605346	-1.605538
0.235900	-1886.198481	-1845.272422	3731.470903	40.926059	5617.669384	-2.924440	-2.924364	-2.922512
0.236800	-1868.920624	-1828.000756	3696.921380	40.919868	5565.842003	1.992918	1.992940	1.993830
0.237700	-1851.805774	-1810.892154	3662.697928	40.913620	5514.503702	0.580725	0.580657	0.579070
0.238600	-1834.852393	-1793.945077	3628.797470	40.907316	5463.649863	-0.877550	-0.877589	-0.878733
0.239500	-1818.058954	-1777.158000	3595.216954	40.900955	5413.275908	-2.381443	-2.381380	-2.379863
0.240400	-1801.423947	-1760.529412	3561.953359	40.894536	5363.377306	2.352850	2.352895	2.354071
0.241300	-1784.945875	-1744.057817	3529.003692	40.888058	5313.949567	0.759360	0.759296	0.757660
0.242200	-1768.623255	-1727.741732	3496.364987	40.881522	5264.988242	-0.878519	-0.878560	-0.879505
0.243100	-1752.454618	-1711.579691	3464.034309	40.874927	5216.488927	-2.560320	-2.560251	-2.558440
0.244000	-1736.438509	-1695.570238	3432.008747	40.868272	5168.447256	1.997786	1.997808	1.998101
0.244900	-1720.573488	-1679.711932	3400.285420	40.861557	5120.858909	0.229719	0.229643	0.227713
0.245800	-1704.858127	-1664.003347	3368.861474	40.854781	5073.719601	-1.581140	-1.581128	-1.580415
0.246700	-1689.291012	-1648.443069	3337.734081	40.847943	5027.025093	2.849028	2.849098	2.850615
0.247600	-1673.870742	-1633.029698	3306.900439	40.841044	4980.771181	0.954351	0.954298	0.952616
0.248500	-1658.595929	-1617.761847	3276.357775	40.834082	4934.953704	-0.981903	-0.981936	-0.982161
0.249400	-1643.465199	-1602.638141	3246.103341	40.827058	4889.568540	-2.959228	-2.959152	-2.957325
0.250300	-1628.477192	-1587.657221	3216.134413	40.819970	4844.611605	1.306187	1.306157	1.304727
0.251200	-1613.630557	-1572.817739	3186.448296	40.812818	4800.078852	-0.751970	-0.752018	-0.752455
0.252100	-1598.923960	-1558.118358	3157.042317	40.805602	4755.966277	-2.850080	-2.850005	-2.848159
0.253000	-1584.356076	-1543.557755	3127.913832	40.798321	4712.269908	1.295704	1.295673	1.294119
0.253900	-1569.925596	-1529.134622	3099.060218	40.790974	4668.985814	-0.880976	-0.881015	-0.880968
0.254800	-1555.631221	-1514.847660	3070.478881	40.783561	4626.110101	-3.096451	-3.096374	-3.094876
0.255700	-1541.471664	-1500.695583	3042.167247	40.776081	4583.638911	0.933063	0.933010	0.931090
0.256600	-1527.445652	-1486.677118	3014.122770	40.768534	4541.568421	-1.358850	-1.358855	-1.357727
0.257500	-1513.551922	-1472.791003	2986.342925	40.760919	4499.894847	2.594838	2.594898	2.595207
0.258400	-1499.789225	-1459.035990	2958.825214	40.753235	4458.614439	0.228115	0.228039	0.226522
0.259300	-1486.156322	-1445.410839	2931.567161	40.745483	4417.723483	-2.175783	-2.175731	-2.173770
0.260200	-1472.651986	-1431.914325	2904.566312	40.737661	4377.218298	1.667115	1.667112	1.665613
0.261100	-1459.275003	-1418.545234	2877.820238	40.729769	4337.095241	-0.809576	-0.809619	-0.809089
0.262000	-1446.024169	-1405.302363	2851.326532	40.721806	4297.350701	2.960987	2.961060	2.961730
0.262900	-1432.898291	-1392.184519	2825.082811	40.713772	4257.981102	0.412918	0.412844	0.411345
0.263800	-1419.896189	-1379.190523	2799.086713	40.705666	4218.982902	-2.170624	-2.170571	-2.168625
0.264700	-1407.016693	-1366.319206	2773.335899	40.697487	4180.352591	1.494338	1.494321	1.492469
0.265600	-1394.258643	-1353.569408	2747.828051	40.689235	4142.086695	-1.158664	-1.158684	-1.157260
0.266500	-1381.620893	-1340.939983	2722.560876	40.680910	4104.181768	2.437364	2.437415	2.436683
0.267400	-1369.102304	-1328.429794	2697.532098	40.672510	4066.634402	-0.283740	-0.283809	-0.283779
0.268300	-1356.701751	-1316.037716	2672.739467	40.664035	4029.441218	-3.038546	-3.038468	-3.037784
0.269200	-1344.418118	-1303.762633	2648.180751	40.655484	3992.598869	0.456691	0.456618	0.455448
0.270100	-1332.250299	-1291.603442	2623.853741	40.646857	3956.104040	-2.364449	-2.364385	-2.362757
0.271000	-1320.197200	-1279.559047	2599.756247	40.638154	3919.953447	1.065151	1.065105	1.063318
0.271900	-1308.257737	-1267.628364	2575.886101	40.629372	3884.143838	-1.821033	-1.821002	-1.819034
0.272800	-1296.430835	-1255.810322	2552.241156	40.620513	3848.671991	1.544131	1.544118	1.542162
0.273700	-1284.715430	-1244.103855	2528.819284	40.611575	3813.534714	-1.405854	-1.405854	-1.403886
0.274600	-1273.110467	-1232.507910	2505.618378	40.602557	3778.728845	1.896074	1.896087	1.894215
0.275500	-1261.614904	-1221.021445	2482.636349	40.593459	3744.251253	-1.116510	-1.116532	-1.114671
0.276400	-1250.227706	-1209.643425	2459.871131	40.584281	3710.098837	2.123372	2.123403	2.121642
0.277300	-1238.947847	-1198.372826	2437.320674	40.575021	3676.268521	-0.950640	-0.950674	-0.948874
0.278200	-1227.774314	-1187.208635	2414.982950	40.565679	3642.757264	2.228372	2.228410	2.226681
0.279100	-1216.706101	-1176.149847	2392.855949	40.556254	3609.562050	-0.905925	-0.905961	-0.904121
0.280000	-1205.742213	-1165.195467	2370.937679	40.546746	3576.679892	2.213371	2.213409	2.211608
0.280900	-1194.881662	-1154.344508	2349.226170	40.537154	3544.107831	-0.980086	-0.980117	-0.978181
0.281800	-1184.123471	-1143.595995	2327.719466	40.527476	3511.842938	2.080625	2.080652	2.078718
0.282700	-1173.466674	-1132.948960	2306.415634	40.517714	3479.882308	-1.170888	-1.170905	-1.168879
0.283600	-1162.910310	-1122.402445	2285.312756	40.507865	3448.223066	1.832341	1.832350	1.830411
0.284500	-1152.453431	-1111.955502	2264.408933	40.497929	3416.862365	-1.476135	-1.476128	-1.474215
0.285400	-1142.095096	-1101.607190	2243.702285	40.487906	3385.797381	1.470687	1.470667	1.469049
0.286300	-1131.834372	-1091.356578	2223.190949	40.477794	3355.025321	-1.893669	-1.893631	-1.892261
0.287200	-1121.670336	-1081.202743	2202.873079	40.467593	3324.543415	0.997786	0.997734	0.996945
0.288100	-1111.602075	-1071.144772	2182.746847	40.457303	3294.348922	-2.421376	-2.421307	-2.421020
0.289000	-1101.628682	-1061.181760	2162.810442	40.446922	3264.439124	0.415726	0.415652	0.416152
0.289900	-1091.749260	-1051.312810	2143.062070	40.436450	3234.811330	-3.057183	-3.057104	-3.058190
0.290800	-1081.962920	-1041.537034	2123.499955	40.425886	3205.462875	-0.273435	-0.273505	-0.271785
0.291700	-1072.268783	-1031.853553	2104.122336	40.415230	3176.391119	2.484111	2.484165	2.482223
0.292600	-1062.665975	-1022.261495	2084.927470	40.404480	3147.593445	-1.067667	-1.067691	-1.065713
0.293500	-1053.153633	-1012.759997	2065.913630	40.393635	3119.067263	1.638109	1.638102	1.636698
0.294400	-1043.730901	-1003.348205	2047.079106	40.382696	3090.810007	-1.964975	-1.964931	-1.964262
0.295300	-1034.396932	-994.025270	2028.422202	40.371662	3062.819133	0.689942	0.689875	0.690361
0.296200	-1025.150885	-984.790354	2009.941239	40.360531	3035.092125	-2.963424	-2.963343	-2.964682
0.297100	-1015.991930	-975.642627	1991.634557	40.349302	3007.626486	-0.358450	-0.358516	-0.356492
0.298000	-1006.919241	-966.581265	1973.500506	40.337976	2980.419747	2.222034	2.222072	2.220248
0.298900	-997.932004	-957.605452	1955.537456	40.326551	2953.469460	-1.505139	-1.505129	-1.503964
0.299800	-989.029409	-948.714382	1937.743790	40.315027	2926.773199	1.026860	1.026809	1.026995
0.300700	-980.210655	-939.907253	1920.117908	40.303403	2900.328564	-2.748269	-2.748190	-2.749494
0.301600	-971.474950	-931.183274	1902.658224	40.291677	2874.133174	-0.263906	-0.263975	-0.261911
0.302500	-962.821508	-922.541659	1885.363167	40.279849	2848.184675	2.197103	2.197138	2.195507
0.303400	-954.249550	-913.981630	1868.231180	40.267919	2822.480730	-1.648400	-1.648377	-1.647807
0.304300	-945.758304	-905.502419	1851.260723	40.255886	2797.019027	0.766345	0.766280	0.767341
0.305200	-937.347008	-897.103260	1834.450269	40.243748	2771.797277	-3.124873	-3.124793	-3.126678
0.306100	-929.014905	-888.783400	1817.798305	40.231505	2746.813210	-0.755549	-0.755593	-0.753781
0.307000	-920.761245	-880.542088	1801.303333	40.219156	2722.064578	1.591507	1.591496	1.591165
0.307900	-912.585285	-872.378584	1784.963870	40.206701	2697.549155	-2.366814	-2.366746	-2.367916
0.308800	-904.486291	-864.292153	1768.778444	40.194138	2673.264735	-0.063915	-0.063989	-0.061894
0.309700	-896.463534	-856.282067	1752.745601	40.181467	2649.209134	2.217333	2.217369	2.216113
0.310600	-888.516292	-848.347605	1736.863897	40.168686	2625.380189	-1.806197	-1.806162	-1.806502
0.311500	-880.643850	-840.488054	1721.131904	40.155796	2601.775754	0.432140	0.432065	0.433989
0.312400	-872.845501	-832.702706	1705.548207	40.142794	2578.393707	2.649417	2.649480	2.647817
0.313300	-865.120542	-824.990861	1690.111403	40.129681	2555.231945	-1.437481	-1.437472	-1.437287
0.314200	-857.468280	-817.351824	1674.820104	40.116456	2532.288383	0.738097	0.738031	0.739765
0.315100	-849.888025	-809.784908	1659.672933	40.103117	2509.560959	2.893201	2.893274	2.891495
0.316000	-842.379097	-802.289433	1644.668530	40.089664	2487.047627	-1.255281	-1.255286	-1.254954
0.316900	-834.940819	-794.864724	1629.805543	40.076095	2464.746362	0.859291	0.859230	0.860951
0.317800	-827.572523	-787.510112	1615.082635	40.062411	2442.655159	2.953967	2.954042	2.952307
0.318700	-820.273546	-780.224937	1600.498483	40.048610	2420.772029	-1.254364	-1.254370	-1.254260
0.319600	-813.043232	-773.008542	1586.051774	40.034690	2399.095006	0.800906	0.800843	0.802749
0.320500	-805.880930	-765.860278	1571.741208	40.020653	2377.622138	2.836849	2.836920	2.835445
0.321400	-798.785997	-758.779501	1557.565498	40.006496	2356.351495	-1.429646	-1.429637	-1.430095
0.322300	-791.757793	-751.765576	1543.523369	39.992218	2335.281162	0.567985	0.567913	0.570021
0.323200	-784.795688	-744.817869	1529.613558	39.977819	2314.409246	2.546834	2.546891	2.546049
0.324100	-777.899055	-737.935758	1515.834813	39.963298	2293.733868	-1.776185	-1.776149	-1.777406
0.325000	-771.067274	-731.118621	1502.185895	39.948653	2273.253169	0.165429	0.165353	0.167318
0.325900	-764.299730	-724.365845	1488.665576	39.933885	2252.965306	2.088774	2.088800	2.089072
0.326800	-757.595816	-717.676824	1475.272640	39.918992	2232.868456	-2.289182	-2.289115	-2.290987
0.327700	-750.954927	-711.050955	1462.005882	39.903973	2212.960809	-0.401996	-0.402057	-0.400998
0.328600	-744.376468	-704.487641	1448.864109	39.888827	2193.240577	1.467390	1.467367	1.468948
0.329500	-737.859846	-697.986293	1435.846139	39.873553	2173.705984	-2.963979	-2.963897	-2.965474
0.330400	-731.404475	-691.546325	1422.950800	39.858150	2154.355275	-1.129669	-1.129682	-1.130258
0.331300	-725.009776	-685.167157	1410.176933	39.842618	2135.186709	0.687281	0.687213	0.689324
0.332200	-718.675172	-678.848216	1397.523389	39.826956	2116.198561	2.487149	2.487202	2.487218
0.333100	-712.400096	-672.588934	1384.989029	39.811162	2097.389125	-2.013116	-2.013063	-2.014902
0.334000	-706.183981	-666.388746	1372.572727	39.795236	2078.756708	-0.247088	-0.247154	-0.246279
0.334900	-700.026270	-660.247095	1360.273365	39.779176	2060.299635	1.502267	1.502247	1.504105
0.335800	-693.926409	-654.163428	1348.089837	39.762982	2042.016246	-3.047989	-3.047907	-3.048991
0.336700	-687.883850	-648.137198	1336.021047	39.746652	2023.904897	-1.331415	-1.331411	-1.332739
0.337600	-681.898048	-642.167862	1324.065910	39.730186	2005.963958	0.368887	0.368812	0.370449
0.338500	-675.968467	-636.254884	1312.223351	39.713583	1988.191818	2.053170	2.053193	2.054529
0.339400	-670.094573	-630.397731	1300.492303	39.696842	1970.586876	-2.561544	-2.561466	-2.562991
0.340300	-664.275838	-624.595876	1288.871714	39.679962	1953.147551	-0.908846	-0.908874	-0.909763
0.341200	-658.511738	-618.848797	1277.360536	39.662941	1935.872274	0.728187	0.728121	0.730003
0.342100	-652.801757	-613.155978	1265.957735	39.645779	1918.759492	2.349815	2.349859	2.350957
0.343000	-647.145380	-607.516905	1254.662285	39.628476	1901.807665	-2.326965	-2.326894	-2.328488
0.343900	-641.542100	-601.931071	1243.473171	39.611028	1885.015271	-0.735754	-0.735793	-0.736630
0.344800	-635.991412	-596.397974	1232.389386	39.593437	1868.380797	0.840371	0.840310	0.842155
0.345700	-630.492817	-590.917116	1221.409933	39.575701	1851.902750	2.401665	2.401712	2.402984
0.346600	-625.045822	-585.488004	1210.533826	39.557819	1835.579648	-2.334875	-2.334804	-2.336204
0.347500	-619.649937	-580.110148	1199.760085	39.539789	1819.410022	-0.802849	-0.802882	-0.804050
0.348400	-614.304677	-574.783065	1189.087742	39.521611	1803.392419	0.714643	0.714577	0.716081
0.349300	-609.009561	-569.506277	1178.515838	39.503284	1787.525398	2.217836	2.217870	2.219625
0.350200	-603.764114	-564.279307	1168.043421	39.484807	1771.807535	-2.576249	-2.576169	-2.576968
0.351100	-598.567864	-559.101686	1157.669550	39.466178	1756.237414	-1.101192	-1.101203	-1.102853
0.352000	-593.420345	-553.972947	1147.393292	39.447398	1740.813637	0.359864	0.359792	0.360430
0.352900	-588.321093	-548.892630	1137.213723	39.428464	1725.534817	1.807114	1.807117	1.809257
0.353800	-583.269652	-543.860276	1127.129928	39.409376	1710.399580	-3.042395	-3.042312	-3.041927
0.354700	-578.265566	-538.875434	1117.141000	39.390132	1695.406566	-1.622190	-1.622160	-1.623844
0.355600	-573.308386	-533.937654	1107.246040	39.370732	1680.554427	-0.215442	-0.215505	-0.216237
0.356500	-568.397667	-529.046493	1097.444160	39.351174	1665.841827	1.177964	1.177923	1.179605
0.357400	-563.532968	-524.201510	1087.734478	39.331458	1651.267446	2.558259	2.558316	2.560089
0.358300	-558.713852	-519.402269	1078.116120	39.311583	1636.829972	-2.357565	-2.357491	-2.358027
0.359200	-553.939885	-514.648338	1068.588223	39.291547	1622.528107	-1.003093	-1.003109	-1.004826
0.360100	-549.210639	-509.939290	1059.149928	39.271349	1608.360567	0.338522	0.338451	0.338412
0.361000	-544.525689	-505.274700	1049.800389	39.250989	1594.326078	1.667436	1.667429	1.669427
0.361900	-539.884614	-500.654150	1040.538764	39.230465	1580.423379	2.983872	2.983949	2.985423
0.362800	-535.286998	-496.077223	1031.364221	39.209776	1566.651219	-1.995217	-1.995160	-1.995963
0.363700	-530.732428	-491.543507	1022.275935	39.188921	1553.008362	-0.703430	-0.703467	-0.705112
0.364600	-526.220494	-487.052595	1013.273088	39.167899	1539.493582	0.576089	0.576022	0.576092
0.365500	-521.750791	-482.604082	1004.354873	39.146709	1526.105663	1.843501	1.843508	1.845505
0.366400	-517.322918	-478.197568	995.520486	39.125350	1512.843404	3.099017	3.099098	3.100698
0.367300	-512.936478	-473.832656	986.769134	39.103821	1499.705611	-1.940417	-1.940363	-1.940901
0.368200	-508.591075	-469.508955	978.100030	39.082121	1486.691106	-0.708400	-0.708435	-0.710099
0.369100	-504.286322	-465.226074	969.512396	39.060248	1473.798717	0.511920	0.511853	0.511466
0.370000	-500.021830	-460.983628	961.005458	39.038202	1461.027288	1.720680	1.720678	1.722355
0.370900	-495.797217	-456.781236	952.578453	39.015981	1448.375670	2.918079	2.918154	2.920176
0.371800	-491.612104	-452.618519	944.230623	38.993585	1435.842727	-2.178921	-2.178853	-2.178559
0.372700	-487.466115	-448.495103	935.961218	38.971012	1423.427334	-1.003897	-1.003910	-1.005352
0.373600	-483.358878	-444.410617	927.769495	38.948262	1411.128373	0.159989	0.159921	0.158723
0.374500	-479.290025	-440.364693	919.654717	38.925332	1398.944742	1.312827	1.312796	1.313513
0.375400	-475.259189	-436.356967	911.616156	38.902223	1386.875345	2.454790	2.454843	2.456990
0.376300	-471.266011	-432.387078	903.653089	38.878932	1374.919099	-2.697134	-2.697050	-2.695489
0.377200	-467.310130	-428.454670	895.764800	38.855460	1363.074929	-1.576480	-1.576449	-1.576805
0.378100	-463.391192	-424.559388	887.950580	38.831804	1351.341772	-0.466402	-0.466449	-0.468012
0.379000	-459.508846	-420.700882	880.209728	38.807964	1339.718574	0.633139	0.633077	0.632249
0.379900	-455.662743	-416.878805	872.541548	38.783938	1328.204291	1.722258	1.722258	1.723325
0.380800	-451.852539	-413.092812	864.945351	38.759726	1316.797889	2.801122	2.801194	2.803408
0.381700	-448.077890	-409.342564	857.420454	38.735327	1305.498345	-2.413306	-2.413227	-2.411706
0.382600	-444.338460	-405.627722	849.966182	38.710738	1294.304642	-1.354574	-1.354559	-1.354851
0.383500	-440.633912	-401.947953	842.581865	38.685960	1283.215777	-0.305839	-0.305893	-0.307381
0.384400	-436.963915	-398.302924	835.266839	38.660990	1272.230754	0.732944	0.732886	0.731911
0.385300	-433.328138	-394.692309	828.020447	38.635829	1261.348586	1.761880	1.761884	1.762637
0.386200	-429.726257	-391.115782	820.842039	38.610475	1250.568296	2.781121	2.781193	2.783319
0.387100	-426.157948	-387.573022	813.730970	38.584926	1239.888918	-2.492376	-2.492294	-2.490337
0.388000	-422.622891	-384.063709	806.686601	38.559182	1229.309492	-1.492152	-1.492126	-1.491683
0.388900	-419.120770	-380.587529	799.708299	38.533241	1218.829068	-0.501353	-0.501396	-0.502497
0.389800	-415.651270	-377.144167	792.795437	38.507103	1208.446707	0.480057	0.479994	0.478602
0.390700	-412.214081	-373.733315	785.947395	38.480766	1198.161476	1.452156	1.452138	1.451924
0.391600	-408.808894	-370.354664	779.163558	38.454230	1187.972453	2.415069	2.415122	2.416582
0.392500	-405.435405	-367.007913	772.443317	38.427492	1177.878722	-2.914250	-2.914162	-2.911854
0.393400	-402.093310	-363.692758	765.786068	38.400553	1167.879379	-1.969320	-1.969259	-1.967552
0.394300	-398.782312	-360.408902	759.191214	38.373410	1157.973526	-1.033260	-1.033267	-1.033109
0.395200	-395.502113	-357.156049	752.658162	38.346063	1148.160274	-0.106036	-0.106094	-0.107255
0.396100	-392.252418	-353.933907	746.186326	38.318511	1138.438744	0.812399	0.812346	0.811054
0.397000	-389.032939	-350.742186	739.775125	38.290752	1128.808063	1.722126	1.722130	1.721971
0.397900	-385.843385	-347.580598	733.423983	38.262786	1119.267368	2.623264	2.623331	2.624746
0.398800	-382.683471	-344.448859	727.132330	38.234612	1109.815802	-2.767250	-2.767159	-2.764822
0.399700	-379.552915	-341.346688	720.899603	38.206227	1100.452518	-1.882943	-1.882885	-1.880878
0.400600	-376.451436	-338.273804	714.725240	38.177632	1091.176676	-1.006937	-1.006943	-1.006254
0.401500	-373.378757	-335.229932	708.608688	38.148825	1081.987445	-0.139190	-0.139244	-0.139975
0.402400	-370.334602	-332.214797	702.549399	38.119805	1072.884001	0.720341	0.720287	0.718951
0.403300	-367.318700	-329.228129	696.546828	38.090571	1063.865528	1.571724	1.571718	1.570959
0.404200	-364.330779	-326.269658	690.600437	38.061122	1054.931217	2.415056	2.415113	2.415736
0.405100	-361.370574	-323.339118	684.709692	38.031456	1046.080267	-3.032736	-3.032645	-3.030687
0.406000	-358.437819	-320.436246	678.874066	38.001573	1037.311885	-2.205181	-2.205103	-2.202646
0.406900	-355.532253	-317.560781	673.093033	37.971472	1028.625286	-1.385385	-1.385360	-1.383496
0.407800	-352.653614	-314.712463	667.366076	37.941151	1020.019690	-0.573295	-0.573328	-0.572776
0.408700	-349.801646	-311.891036	661.692682	37.910610	1011.494328	0.231129	0.231070	0.230352
0.409600	-346.976094	-309.096247	656.072340	37.879847	1003.048434	1.027938	1.027900	1.026655
0.410500	-344.176705	-306.327843	650.504548	37.848861	994.681253	1.817200	1.817215	1.816462
0.411400	-341.403229	-303.585577	644.988806	37.817652	986.392035	2.599003	2.599074	2.599553
0.412300	-338.655418	-300.869201	639.524619	37.786217	978.180037	-2.909739	-2.909644	-2.907848
0.413200	-335.933027	-298.178470	634.111497	37.754557	970.044524	-2.142567	-2.142489	-2.139962
0.414100	-333.235813	-295.513143	628.748956	37.722670	961.984768	-1.382590	-1.382563	-1.380232
0.415000	-330.563534	-292.872979	623.436513	37.690555	954.000047	-0.629753	-0.629780	-0.628444
0.415900	-327.915952	-290.257742	618.173694	37.658210	946.089647	0.115989	0.115934	0.115984
0.416800	-325.292831	-287.667195	612.960027	37.625636	938.252858	0.854682	0.854638	0.853732
0.417700	-322.693937	-285.101106	607.795043	37.592830	930.488980	1.586384	1.586384	1.585291
0.418600	-320.119037	-282.559244	602.678281	37.559793	922.797318	2.311165	2.311220	2.310786
0.419500	-317.567902	-280.041380	597.609282	37.526522	915.177183	3.029107	3.029201	3.029961
0.420400	-315.040304	-277.547287	592.587591	37.493016	907.627895	-2.542890	-2.542794	-2.540835
0.421300	-312.536018	-275.076742	587.612759	37.459276	900.148777	-1.838379	-1.838315	-1.835665
0.422200	-310.054820	-272.629521	582.684341	37.425299	892.739161	-1.140480	-1.140467	-1.137902
0.423100	-307.596489	-270.205404	577.801894	37.391085	885.398383	-0.449139	-0.449172	-0.447406
0.424000	-305.160807	-267.804174	572.964981	37.356633	878.125788	0.235689	0.235636	0.236242
0.424900	-302.747556	-265.425614	568.173170	37.321941	870.920726	0.914050	0.914012	0.913572
0.425800	-300.356520	-263.069511	563.426031	37.287010	863.782551	1.585998	1.586002	1.585040
0.426700	-297.987488	-260.735651	558.723139	37.251837	856.710627	2.251593	2.251648	2.250885
0.427600	-295.640247	-258.423826	554.064074	37.216421	849.704321	2.910904	2.910998	2.911068
0.428500	-293.314590	-256.133827	549.448417	37.180763	842.763007	-2.719181	-2.719077	-2.717857
0.429400	-291.010308	-253.865448	544.875757	37.144860	835.886065	-2.072221	-2.072138	-2.069870
0.430300	-288.727198	-251.618486	540.345683	37.108712	829.072881	-1.431337	-1.431297	-1.428445
0.431200	-286.465055	-249.392737	535.857792	37.072318	822.322846	-0.796472	-0.796479	-0.793692
0.432100	-284.223678	-247.188001	531.411680	37.035677	815.635358	-0.167576	-0.167616	-0.165493
0.433000	-282.002869	-245.004081	527.006950	36.998788	809.009819	0.455397	0.455350	0.456455
0.433900	-279.802429	-242.840780	522.643209	36.961650	802.445638	1.072493	1.072467	1.072550
0.434800	-277.622164	-240.697902	518.320066	36.924262	795.942230	1.683761	1.683776	1.683167
0.435700	-275.461879	-238.575255	514.037134	36.886623	789.499013	2.289254	2.289317	2.288562
0.436600	-273.321382	-236.472649	509.794031	36.848733	783.115413	2.889032	2.889131	2.888816
0.437500	-271.200484	-234.389894	505.590377	36.810590	776.790861	-2.800028	-2.799918	-2.799349
0.438400	-269.098996	-232.326802	501.425797	36.772194	770.524793	-2.211496	-2.211400	-2.209771
0.439300	-267.016731	-230.283188	497.299919	36.733543	764.316649	-1.628497	-1.628435	-1.625881
0.440200	-264.953505	-228.258867	493.212372	36.694638	758.165877	-1.050976	-1.050958	-1.047866
0.441100	-262.909135	-226.253659	489.162794	36.655476	752.071929	-0.478881	-0.478902	-0.475792
0.442000	-260.883439	-224.267382	485.150821	36.616057	746.034260	0.087833	0.087792	0.090416
0.442900	-258.876238	-222.299858	481.176096	36.576380	740.052334	0.649212	0.649174	0.650963
0.443800	-256.887354	-220.350909	477.238263	36.536445	734.125617	1.205300	1.205288	1.206129
0.444700	-254.916611	-218.420361	473.336972	36.496250	728.253583	1.756144	1.756171	1.756206
0.445600	-252.963834	-216.508039	469.471873	36.455795	722.435707	2.301789	2.301860	2.301439
0.446500	-251.028850	-214.613771	465.642621	36.415079	716.671472	2.842288	2.842391	2.841975
0.447400	-249.111489	-212.737388	461.848876	36.374101	710.960365	-2.905495	-2.905377	-2.905333
0.448300	-247.211580	-210.878719	458.090299	36.332861	705.301878	-2.375137	-2.375025	-2.374181
0.449200	-245.328955	-209.037598	454.366553	36.291357	699.695508	-1.849770	-1.849684	-1.847891
0.450100	-243.463448	-207.213860	450.677308	36.249589	694.140757	-1.329344	-1.329296	-1.326622
0.451000	-241.614895	-205.407340	447.022234	36.207555	688.637129	-0.813811	-0.813801	-0.810505
0.451900	-239.783131	-203.617875	443.401006	36.165257	683.184137	-0.303124	-0.303145	-0.299608
0.452800	-237.967996	-201.845304	439.813300	36.122691	677.781295	0.202760	0.202726	0.206090
0.453700	-236.169328	-200.089469	436.258797	36.079859	672.428124	0.703886	0.703858	0.706691
0.454600	-234.386969	-198.350211	432.737180	36.036759	667.124149	1.200295	1.200290	1.202363
0.455500	-232.620762	-196.627373	429.248135	35.993390	661.868898	1.692028	1.692059	1.693311
0.456400	-230.870552	-194.920800	425.791352	35.949752	656.661904	2.179128	2.179198	2.179742
0.457300	-229.136184	-193.230340	422.366523	35.905844	651.502707	2.661638	2.661742	2.661832
0.458200	-227.417504	-191.555839	418.973343	35.861665	646.390847	3.139601	3.139726	3.139705
0.459100	-225.714363	-189.897147	415.611510	35.817216	641.325873	-2.670125	-2.669995	-2.669768
0.460000	-224.026610	-188.254115	412.280725	35.772494	636.307335	-2.201125	-2.201008	-2.200219
0.460900	-222.354096	-186.626595	408.980691	35.727500	631.334787	-1.736541	-1.736449	-1.734892
0.461800	-220.696675	-185.014441	405.711116	35.682233	626.407790	-1.276329	-1.276271	-1.273873
0.462700	-219.054200	-183.417507	402.471707	35.636693	621.525907	-0.820446	-0.820423	-0.817253
0.463600	-217.426528	-181.835650	399.262178	35.590878	616.688707	-0.368851	-0.368855	-0.365107
0.464500	-215.813516	-180.268727	396.082243	35.544788	611.895759	0.078498	0.078478	0.082530
0.465400	-214.215022	-178.716598	392.931620	35.498423	607.146642	0.521641	0.521621	0.525666
0.466300	-212.630905	-177.179123	389.810028	35.451783	602.440934	0.960617	0.960611	0.964360
0.467200	-211.061028	-175.656163	386.717191	35.404865	597.778219	1.395465	1.395486	1.398710
0.468100	-209.505252	-174.147581	383.652833	35.357671	593.158086	1.826223	1.826277	1.828844
0.469000	-207.963442	-172.653242	380.616684	35.310200	588.580126	2.252928	2.253016	2.254906
0.469900	-206.435462	-171.173011	377.608472	35.262451	584.043934	2.675618	2.675736	2.677032
0.470800	-204.921178	-169.706755	374.627933	35.214423	579.549111	3.094329	3.094467	3.095347
0.471700	-203.420459	-168.254342	371.674800	35.166117	575.095259	-2.774087	-2.773941	-2.773241
0.472600	-201.933172	-166.815641	368.748814	35.117531	570.681986	-2.363223	-2.363082	-2.362300
0.473500	-200.459189	-165.390523	365.849713	35.068666	566.308902	-1.956227	-1.956104	-1.954988
0.474400	-198.998381	-163.978860	362.977241	35.019521	561.975622	-1.553062	-1.552965	-1.551311
0.475300	-197.550620	-162.580524	360.131144	34.970095	557.681764	-1.153693	-1.153626	-1.151297
0.476200	-196.115780	-161.195391	357.311170	34.920389	553.426950	-0.758083	-0.758044	-0.754989
0.477100	-194.693736	-159.823334	354.517069	34.870402	549.210805	-0.366194	-0.366179	-0.362431
0.478000	-193.284364	-158.464231	351.748594	34.820133	545.032958	0.022009	0.022010	0.026340
0.478900	-191.887541	-157.117959	349.005500	34.769582	540.893042	0.406561	0.406559	0.411302
0.479800	-190.503147	-155.784397	346.287545	34.718750	536.790692	0.787499	0.787505	0.792456
0.480700	-189.131061	-154.463426	343.594487	34.667635	532.725548	1.164858	1.164882	1.169825
0.481600	-187.771164	-153.154926	340.926090	34.616238	528.697254	1.538671	1.538721	1.543458
0.482500	-186.423337	-151.858779	338.282117	34.564558	524.705454	1.908972	1.909052	1.913422
0.483400	-185.087465	-150.574870	335.662335	34.512595	520.749799	2.275795	2.275905	2.279798
0.484300	-183.763430	-149.303082	333.066512	34.460348	516.829942	2.639171	2.639308	2.642677
0.485200	-182.451119	-148.043301	330.494420	34.407818	512.945539	2.999133	2.999289	3.002151
0.486100	-181.150418	-146.795413	327.945832	34.355005	509.096250	-2.927474	-2.927307	-2.924878
0.487000	-179.861215	-145.559307	325.420522	34.301908	505.281737	-2.574249	-2.574080	-2.571961
0.487900	-178.583398	-144.334871	322.918269	34.248527	501.501667	-2.224345	-2.224184	-2.222219
0.488800	-177.316857	-143.121995	320.438852	34.194862	497.755709	-1.877733	-1.877588	-1.875604
0.489700	-176.061482	-141.920570	317.982052	34.140912	494.043534	-1.534383	-1.534259	-1.532082
0.490600	-174.817166	-140.730487	315.547654	34.086679	490.364820	-1.194263	-1.194164	-1.191637
0.491500	-173.583802	-139.551640	313.135442	34.032161	486.719244	-0.857344	-0.857269	-0.854264
0.492400	-172.361282	-138.383923	310.745205	33.977360	483.106487	-0.523595	-0.523541	-0.519969
0.493300	-171.149503	-137.227230	308.376733	33.922274	479.526236	-0.192987	-0.192948	-0.188763
0.494200	-169.948360	-136.081457	306.029817	33.866903	475.978176	0.134513	0.134543	0.139339
0.495100	-168.757750	-134.946501	303.704251	33.811248	472.462000	0.458933	0.458963	0.464325
0.496000	-167.577570	-133.822261	301.399831	33.755310	468.977401	0.780304	0.780342	0.786191
0.496900	-166.407721	-132.708634	299.116355	33.699087	465.524076	1.098657	1.098709	1.104936
0.497800	-165.248101	-131.605521	296.853622	33.642579	462.101723	1.414020	1.414093	1.420570
0.498700	-164.098612	-130.512823	294.611435	33.585788	458.710046	1.726423	1.726520	1.733116
0.499600	-162.959154	-129.430441	292.389595	33.528713	455.348750	2.035894	2.036018	2.042602
0.500500	-161.829632	-128.358278	290.187910	33.471355	452.017542	2.342462	2.342611	2.349068
0.501400	-160.709949	-127.296237	288.006186	33.413713	448.716135	2.646154	2.646326	2.652561
0.502300	-159.600009	-126.244222	285.844231	33.355787	445.444240	2.946997	2.947187	2.953132
0.503200	-158.499718	-125.202140	283.701858	33.297578	442.201575	-3.038168	-3.037965	-3.032349
0.504100	-157.408982	-124.169896	281.578878	33.239086	438.987860	-2.742943	-2.742735	-2.737456
0.505000	-156.327709	-123.147397	279.475106	33.180312	435.802815	-2.450490	-2.450282	-2.445317
0.505900	-155.255807	-122.134551	277.390358	33.121255	432.646165	-2.160782	-2.160581	-2.155881
0.506800	-154.193185	-121.131268	275.324453	33.061916	429.517638	-1.873795	-1.873606	-1.869100
0.507700	-153.139753	-120.137457	273.277210	33.002296	426.416963	-1.589504	-1.589331	-1.584931
0.508600	-152.095422	-119.153028	271.248450	32.942393	423.343872	-1.307884	-1.307729	-1.303336
0.509500	-151.060104	-118.177894	269.237997	32.882210	420.298101	-1.028911	-1.028775	-1.024285
0.510400	-150.033711	-117.211965	267.245676	32.821746	417.279387	-0.752560	-0.752442	-0.747753
0.511300	-149.016157	-116.255156	265.271313	32.761001	414.287470	-0.478807	-0.478705	-0.473721
0.512200	-148.007357	-115.307380	263.314736	32.699977	411.322093	-0.207628	-0.207537	-0.202176
0.513100	-147.007225	-114.368551	261.375776	32.638673	408.383001	0.061002	0.061087	0.066892
0.514000	-146.015677	-113.438587	259.454264	32.577090	405.469940	0.327108	0.327191	0.333492
0.514900	-145.032630	-112.517402	257.550032	32.515229	402.582662	0.590714	0.590801	0.597626
0.515800	-144.058003	-111.604913	255.662916	32.453089	399.720918	0.851843	0.851940	0.859301
0.516700	-143.091712	-110.701040	253.792752	32.390672	396.884464	1.110521	1.110631	1.118521
0.517600	-142.133678	-109.805700	251.939377	32.327978	394.073055	1.366772	1.366899	1.375291
0.518500	-141.183820	-108.918812	250.102632	32.265008	391.286452	1.620618	1.620766	1.629620
0.519400	-140.242060	-108.040298	248.282357	32.201762	388.524417	1.872084	1.872254	1.881518
0.520300	-139.308318	-107.170077	246.478395	32.138240	385.786713	2.121193	2.121386	2.130999
0.521200	-138.382517	-106.308073	244.690590	32.074445	383.073108	2.367967	2.368182	2.378079
0.522100	-137.464581	-105.454206	242.918787	32.010375	380.383368	2.612430	2.612664	2.622779
0.523000	-136.554433	-104.608401	241.162834	31.946032	377.717266	2.854603	2.854854	2.865121
0.523900	-135.651997	-103.770580	239.422578	31.881417	375.074575	3.094508	3.094773	3.105129
0.524800	-134.757200	-102.940670	237.697870	31.816530	372.455070	-2.951018	-2.950743	-2.940352
0.525700	-133.869966	-102.118594	235.988561	31.751372	369.858527	-2.715585	-2.715304	-2.704924
0.526600	-132.990224	-101.304280	234.294504	31.685944	367.284728	-2.482355	-2.482073	-2.471740
0.527500	-132.117900	-100.497654	232.615554	31.620246	364.733453	-2.251310	-2.251030	-2.240768
0.528400	-131.252923	-99.698642	230.951565	31.554280	362.204487	-2.022429	-2.022155	-2.011978
0.529300	-130.395221	-98.907174	229.302395	31.488047	359.697616	-1.795692	-1.795426	-1.785336
0.530200	-129.544724	-98.123178	227.667903	31.421546	357.212627	-1.571079	-1.570824	-1.560811
0.531100	-128.701364	-97.346584	226.047948	31.354779	354.749311	-1.348571	-1.348328	-1.338373
0.532000	-127.865069	-96.577322	224.442391	31.287748	352.307460	-1.128148	-1.127918	-1.117993
0.532900	-127.035773	-95.815321	222.851095	31.220452	349.886868	-0.909792	-0.909574	-0.899642
0.533800	-126.213408	-95.060515	221.273924	31.152893	347.487332	-0.693483	-0.693276	-0.683294
0.534700	-125.397907	-94.312835	219.710742	31.085072	345.108649	-0.479202	-0.479005	-0.468925
0.535600	-124.589203	-93.572213	218.161417	31.016990	342.750620	-0.266931	-0.266741	-0.256512
0.536500	-123.787232	-92.838584	216.625816	30.948648	340.413047	-0.056651	-0.056464	-0.046035
0.537400	-122.991927	-92.111880	215.103807	30.880047	338.095734	0.151658	0.151843	0.162526
0.538300	-122.203225	-91.392038	213.595262	30.811187	335.798487	0.358013	0.358201	0.369189
0.539200	-121.421062	-90.678991	212.100052	30.742071	333.521114	0.562433	0.562626	0.573970
0.540100	-120.645374	-89.972675	210.618050	30.672699	331.263424	0.764937	0.765139	0.776884
0.541000	-119.876101	-89.273028	209.149129	30.603073	329.025229	0.965543	0.965756	0.977944
0.541900	-119.113179	-88.579986	207.693165	30.533192	326.806344	1.164268	1.164497	1.177163
0.542800	-118.356547	-87.893487	206.250034	30.463060	324.606582	1.361132	1.361377	1.374555
0.543700	-117.606146	-87.213469	204.819615	30.392677	322.425760	1.556153	1.556415	1.570129
0.544600	-116.861914	-86.539871	203.401785	30.322043	320.263699	1.749347	1.749629	1.763900
0.545500	-116.123793	-85.872632	201.996425	30.251162	318.120219	1.940732	1.941035	1.955876
0.546400	-115.391725	-85.211692	200.603417	30.180033	315.995141	2.130327	2.130650	2.146070
0.547300	-114.665649	-84.556992	199.222641	30.108657	313.888291	2.318149	2.318491	2.334494
0.548200	-113.945510	-83.908473	197.853983	30.037038	311.799493	2.504214	2.504575	2.521160
0.549100	-113.231250	-83.266076	196.497326	29.965174	309.728577	2.688539	2.688918	2.706079
0.550000	-112.522813	-82.629744	195.152557	29.893069	307.675370	2.871142	2.871537	2.889264
0.550900	-111.820143	-81.999419	193.819562	29.820723	305.639704	3.052039	3.052448	3.070730
0.551800	-111.123184	-81.375045	192.498229	29.748138	303.621412	-3.051939	-3.051519	-3.032697
0.552700	-110.431881	-80.756566	191.188447	29.675316	301.620328	-2.874406	-2.873976	-2.854630
0.553600	-109.746182	-80.143925	189.890106	29.602257	299.636288	-2.698531	-2.698093	-2.678240
0.554500	-109.066031	-79.537068	188.603098	29.528963	297.669129	-2.524297	-2.523854	-2.503513
0.555400	-108.391375	-78.935940	187.327315	29.455436	295.718691	-2.351690	-2.351244	-2.330431
0.556300	-107.722163	-78.340487	186.062651	29.381676	293.784814	-2.180694	-2.180247	-2.158980
0.557200	-107.058343	-77.750656	184.808998	29.307687	291.867341	-2.011294	-2.010847	-1.989142
0.558100	-106.399861	-77.166392	183.566254	29.233469	289.966115	-1.843475	-1.843030	-1.820900
0.559000	-105.746669	-76.587645	182.334314	29.159024	288.080983	-1.677222	-1.676780	-1.654238
0.559900	-105.098714	-76.014361	181.113076	29.084353	286.211790	-1.512520	-1.512082	-1.489138
0.560800	-104.455948	-75.446490	179.902438	29.009458	284.358386	-1.349355	-1.348922	-1.325582
0.561700	-103.818320	-74.883979	178.702299	28.934341	282.520620	-1.187713	-1.187284	-1.163554
0.562600	-103.185782	-74.326779	177.512561	28.859003	280.698344	-1.027578	-1.027154	-1.003037
0.563500	-102.558286	-73.774839	176.333125	28.783447	278.891410	-0.868938	-0.868518	-0.844011
0.564400	-101.935782	-73.228110	175.163892	28.707673	277.099674	-0.711778	-0.711361	-0.686462
0.565300	-101.318225	-72.686542	174.004767	28.631683	275.322991	-0.556084	-0.555670	-0.530371
0.566200	-100.705566	-72.150087	172.855653	28.555480	273.561219	-0.401843	-0.401429	-0.375722
0.567100	-100.097760	-71.618696	171.716455	28.479064	271.814215	-0.249041	-0.248627	-0.222497
0.568000	-99.494760	-71.092321	170.587081	28.402438	270.081841	-0.097664	-0.097248	-0.070682
0.568900	-98.896520	-70.570916	169.467436	28.325604	268.363957	0.052300	0.052721	0.079740
0.569800	-98.302997	-70.054433	168.357430	28.248563	266.660426	0.200866	0.201292	0.228785
0.570700	-97.714144	-69.542826	167.256970	28.171318	264.971114	0.348046	0.348480	0.376469
0.571600	-97.129918	-69.036049	166.165967	28.093869	263.295885	0.493854	0.494296	0.522805
0.572500	-96.550275	-68.534056	165.084331	28.016219	261.634606	0.638302	0.638755	0.667810
0.573400	-95.975172	-68.036802	164.011973	27.938370	259.987145	0.781403	0.781869	0.811497
0.574300	-95.404566	-67.544242	162.948807	27.860324	258.353373	0.923170	0.923651	0.953880
0.575200	-94.838414	-67.056332	161.894745	27.782082	256.733159	1.063616	1.064112	1.094973
0.576100	-94.276675	-66.573028	160.849702	27.703647	255.126377	1.202753	1.203266	1.234789
0.577000	-93.719307	-66.094286	159.813593	27.625020	253.532900	1.340594	1.341125	1.373343
0.577900	-93.166269	-65.620064	158.786333	27.546204	251.952601	1.477150	1.477701	1.510645
0.578800	-92.617520	-65.150319	157.767839	27.467201	250.385359	1.612435	1.613006	1.646710
0.579700	-92.073020	-64.685008	156.758028	27.388012	248.831048	1.746460	1.747051	1.781549
0.580600	-91.532729	-64.224090	155.756820	27.308639	247.289549	1.879237	1.879850	1.915174
0.581500	-90.996608	-63.767523	154.764132	27.229085	245.760740	2.010778	2.011412	2.047597
0.582400	-90.464618	-63.315267	153.779885	27.149352	244.244503	2.141096	2.141751	2.178830
0.583300	-89.936720	-62.867279	152.803999	27.069441	242.740719	2.270201	2.270878	2.308884
0.584200	-89.412876	-62.423521	151.836397	26.989355	241.249273	2.398105	2.398803	2.437770
0.585100	-88.893048	-61.983952	150.876999	26.909096	239.770047	2.524820	2.525539	2.565501
0.586000	-88.377198	-61.548532	149.925730	26.828666	238.302928	2.650357	2.651097	2.692085
0.586900	-87.865290	-61.117223	148.982513	26.748068	236.847803	2.774727	2.775487	2.817535
0.587800	-87.357287	-60.689985	148.047272	26.667302	235.404560	2.897942	2.898721	2.941861
0.588700	-86.853153	-60.266780	147.119934	26.586373	233.973087	3.020012	3.020809	3.065074
0.589600	-86.352852	-59.847571	146.200423	26.505281	232.553274	3.140948	-3.141422	-3.096002
0.590500	-85.856347	-59.432319	145.288666	26.424029	231.145014	-3.022423	-3.021591	-2.974985
0.591400	-85.363605	-59.020987	144.384592	26.342619	229.748197	-2.903722	-2.902873	-2.855049
0.592300	-84.874590	-58.613537	143.488128	26.261053	228.362718	-2.786121	-2.785258	-2.736186
0.593200	-84.389268	-58.209935	142.599203	26.179334	226.988471	-2.669612	-2.668734	-2.618384
0.594100	-83.907605	-57.810142	141.717747	26.097464	225.625352	-2.554184	-2.553292	-2.501633
0.595000	-83.429567	-57.414123	140.843690	26.015445	224.273257	-2.439825	-2.438921	-2.385924
0.595900	-82.955121	-57.021842	139.976963	25.933279	222.932084	-2.326527	-2.325611	-2.271246
0.596800	-82.484234	-56.633265	139.117498	25.850969	221.601732	-2.214279	-2.213351	-2.157588
0.597700	-82.016872	-56.248355	138.265227	25.768517	220.282100	-2.103071	-2.102132	-2.044942
0.598600	-81.553005	-55.867079	137.420084	25.685925	218.973089	-1.992893	-1.991944	-1.933297
0.599500	-81.092599	-55.489403	136.582001	25.603196	217.674600	-1.883735	-1.882776	-1.822643
0.600400	-80.635623	-55.115291	135.750914	25.520332	216.386537	-1.775588	-1.774620	-1.712970
0.601300	-80.182046	-54.744711	134.926757	25.437336	215.108804	-1.668442	-1.667464	-1.604268
0.602200	-79.731837	-54.377629	134.109466	25.354209	213.841304	-1.562288	-1.561301	-1.496528
0.603100	-79.284966	-54.014012	133.298978	25.270954	212.583944	-1.457115	-1.456119	-1.389739
0.604000	-78.841401	-53.653828	132.495229	25.187573	211.336630	-1.352916	-1.351911	-1.283892
0.604900	-78.401113	-53.297043	131.698156	25.104070	210.099269	-1.249680	-1.248665	-1.178977
0.605800	-77.964072	-52.943627	130.907699	25.020445	208.871771	-1.147398	-1.146374	-1.074984
0.606700	-77.530249	-52.593546	130.123796	24.936703	207.654045	-1.046062	-1.045028	-0.971904
0.607600	-77.099615	-52.246770	129.346385	24.852844	206.446000	-0.945662	-0.944618	-0.869727
0.608500	-76.672141	-51.903268	128.575408	24.768873	205.247549	-0.846190	-0.845135	-0.768444
0.609400	-76.247798	-51.563008	127.810806	24.684790	204.058603	-0.747636	-0.746570	-0.668044
0.610300	-75.826558	-51.225960	127.052518	24.600598	202.879076	-0.649993	-0.648915	-0.568518
0.611200	-75.408394	-50.892093	126.300487	24.516301	201.708881	-0.553250	-0.552160	-0.469858
0.612100	-74.993278	-50.561378	125.554656	24.431900	200.547933	-0.457401	-0.456297	-0.372052
0.613000	-74.581182	-50.233785	124.814966	24.347397	199.396148	-0.362436	-0.361318	-0.275093
0.613900	-74.172080	-49.909283	124.081363	24.262796	198.253443	-0.268346	-0.267213	-0.178970
0.614800	-73.765944	-49.587845	123.353790	24.178099	197.119734	-0.175125	-0.173976	-0.083675
0.615700	-73.362750	-49.269441	122.632191	24.093308	195.994941	-0.082762	-0.081597	0.010802
0.616600	-72.962469	-48.954043	121.916512	24.008427	194.878981	0.008749	0.009932	0.104469
0.617500	-72.565077	-48.641621	121.206698	23.923456	193.771776	0.099417	0.100618	0.197337
0.618400	-72.170548	-48.332149	120.502697	23.838399	192.673245	0.189250	0.190470	0.289414
0.619300	-71.778856	-48.025597	119.804454	23.753259	191.583310	0.278255	0.279496	0.380709
0.620200	-71.389977	-47.721939	119.111917	23.668038	190.501894	0.366441	0.367704	0.471231
0.621100	-71.003886	-47.421148	118.425034	23.582738	189.428920	0.453816	0.455101	0.560988
0.622000	-70.620558	-47.123195	117.743753	23.497362	188.364311	0.540387	0.541695	0.649990
0.622900	-70.239968	-46.828055	117.068024	23.411913	187.307992	0.626161	0.627494	0.738246
0.623800	-69.862094	-46.535701	116.397795	23.326393	186.259889	0.711147	0.712505	0.825763
0.624700	-69.486911	-46.246106	115.733017	23.240805	185.219927	0.795352	0.796736	0.912550
0.625600	-69.114395	-45.959244	115.073639	23.155151	184.188034	0.878783	0.880193	0.998617
0.626500	-68.744524	-45.675090	114.419614	23.069433	183.164138	0.961447	0.962886	1.083971
0.627400	-68.377274	-45.393619	113.770893	22.983656	182.148167	1.043352	1.044819	1.168621
0.628300	-68.012623	-45.114803	113.127426	22.897820	181.140049	1.124506	1.126002	1.252574
0.629200	-67.650548	-44.838620	112.489168	22.811928	180.139716	1.204914	1.206441	1.335840
0.630100	-67.291027	-44.565043	111.856070	22.725984	179.147097	1.284584	1.286142	1.418426
0.631000	-66.934038	-44.294048	111.228086	22.639989	178.162124	1.363524	1.365113	1.500341
0.631900	-66.579558	-44.025611	110.605170	22.553947	177.184728	1.441740	1.443362	1.581593
0.632800	-66.227568	-43.759708	109.987276	22.467860	176.214844	1.519239	1.520893	1.662189
0.633700	-65.878044	-43.496314	109.374358	22.381730	175.252403	1.596028	1.597716	1.742137
0.634600	-65.530967	-43.235407	108.766373	22.295560	174.297340	1.672113	1.673835	1.821445
0.635500	-65.186314	-42.976961	108.163276	22.209353	173.349590	1.747501	1.749258	1.900121
0.636400	-64.844066	-42.720955	107.565022	22.123111	172.409088	1.822199	1.823991	1.978173
0.637300	-64.504202	-42.467366	106.971568	22.036836	171.475770	1.896213	1.898041	2.055607
0.638200	-64.166702	-42.216169	106.382871	21.950533	170.549573	1.969550	1.971414	2.132433
0.639100	-63.831546	-41.967344	105.798889	21.864202	169.630435	2.042216	2.044117	2.208656
0.640000	-63.498713	-41.720866	105.219580	21.777847	168.718293	2.114217	2.116155	2.284285
0.640900	-63.168185	-41.476715	104.644901	21.691470	167.813086	2.185561	2.187536	2.359327
0.641800	-62.839942	-41.234869	104.074811	21.605074	166.914753	2.256252	2.258265	2.433788
0.642700	-62.513965	-40.995304	103.509270	21.518661	166.023235	2.326297	2.328348	2.507677
0.643600	-62.190235	-40.758001	102.948236	21.432234	165.138471	2.395702	2.397792	2.581000
0.644500	-61.868733	-40.522937	102.391670	21.345796	164.260403	2.464473	2.466602	2.653765
0.645400	-61.549440	-40.290092	101.839532	21.259349	163.388973	2.532617	2.534785	2.725978
0.646300	-61.232339	-40.059444	101.291783	21.172896	162.524122	2.600138	2.602345	2.797646
0.647200	-60.917411	-39.830972	100.748383	21.086439	161.665794	2.667043	2.669290	2.868776
0.648100	-60.604638	-39.604657	100.209295	20.999981	160.813932	2.733338	2.735625	2.939374
0.649000	-60.294002	-39.380478	99.674479	20.913524	159.968481	2.799028	2.801355	3.009449
0.649900	-59.985485	-39.158414	99.143899	20.827072	159.129385	2.864119	2.866487	3.079005
0.650800	-59.679071	-38.938446	98.617517	20.740626	158.296589	2.928617	2.931025	-3.135135
0.651700	-59.374742	-38.720553	98.095296	20.654189	157.470038	2.992526	2.994976	-3.066594
0.652600	-59.072481	-38.504717	97.577199	20.567764	156.649680	3.055853	3.058345	-2.998552
0.653500	-58.772272	-38.290918	97.063189	20.481354	155.835461	3.118604	3.121136	-2.931002
0.654400	-58.474096	-38.079136	96.553232	20.394960	155.027328	-3.102403	-3.099828	-2.863938
0.655300	-58.177939	-37.869353	96.047292	20.308586	154.225230	-3.040791	-3.038174	-2.797353
0.656200	-57.883783	-37.661549	95.545332	20.222234	153.429115	-2.979740	-2.977081	-2.731241
0.657100	-57.591612	-37.455706	95.047319	20.135906	152.638931	-2.919245	-2.916543	-2.665596
0.658000	-57.301412	-37.251806	94.553218	20.049605	151.854629	-2.859300	-2.856555	-2.600412
0.658900	-57.013164	-37.049830	94.062994	19.963334	151.076159	-2.799902	-2.797114	-2.535683
0.659800	-56.726855	-36.849759	93.576615	19.877096	150.303470	-2.741044	-2.738212	-2.471404
0.660700	-56.442469	-36.651577	93.094046	19.790892	149.536514	-2.682721	-2.679846	-2.407567
0.661600	-56.159989	-36.455264	92.615254	19.704725	148.775243	-2.624930	-2.622010	-2.344168
0.662500	-55.879402	-36.260804	92.140206	19.618598	148.019608	-2.567664	-2.564699	-2.281201
0.663400	-55.600692	-36.068179	91.668871	19.532513	147.269562	-2.510919	-2.507910	-2.218660
0.664300	-55.323844	-35.877371	91.201215	19.446472	146.525059	-2.454691	-2.451636	-2.156539
0.665200	-55.048843	-35.688364	90.737207	19.360479	145.786051	-2.398974	-2.395874	-2.094832
0.666100	-54.775676	-35.501140	90.276816	19.274536	145.052492	-2.343765	-2.340618	-2.033535
0.667000	-54.504327	-35.315683	89.820010	19.188645	144.324337	-2.289057	-2.285864	-1.972642
0.667900	-54.234783	-35.131975	89.366758	19.102808	143.601541	-2.234848	-2.231607	-1.912147
0.668800	-53.967029	-34.950001	88.917030	19.017029	142.884059	-2.181132	-2.177844	-1.852046
0.669700	-53.701052	-34.769743	88.470795	18.931309	142.171847	-2.127904	-2.124568	-1.792332
0.670600	-53.436838	-34.591187	88.028024	18.845651	141.464862	-2.075162	-2.071777	-1.733001
0.671500	-53.174372	-34.414314	87.588686	18.760058	140.763058	-2.022899	-2.019465	-1.674047
0.672400	-52.913642	-34.239111	87.152753	18.674531	140.066395	-1.971112	-1.967629	-1.615465
0.673300	-52.654634	-34.065561	86.720195	18.589074	139.374829	-1.919796	-1.916263	-1.557251
0.674200	-52.397336	-33.893648	86.290983	18.503688	138.688319	-1.868948	-1.865364	-1.499399
0.675100	-52.141733	-33.723356	85.865089	18.418377	138.006823	-1.818564	-1.814928	-1.441905
0.676000	-51.887814	-33.554672	85.442485	18.333142	137.330299	-1.768638	-1.764951	-1.384763
0.676900	-51.635564	-33.387578	85.023143	18.247986	136.658707	-1.719167	-1.715427	-1.327969
0.677800	-51.384973	-33.222061	84.607034	18.162911	135.992006	-1.670148	-1.666355	-1.271517
0.678700	-51.136026	-33.058106	84.194132	18.077920	135.330157	-1.621576	-1.617728	-1.215404
0.679600	-50.888712	-32.895697	83.784409	17.993015	134.673120	-1.573446	-1.569544	-1.159624
0.680500	-50.643018	-32.734820	83.377838	17.908198	134.020856	-1.525756	-1.521799	-1.104174
0.681400	-50.398933	-32.575461	82.974394	17.823472	133.373327	-1.478502	-1.474488	-1.049047
0.682300	-50.156444	-32.417605	82.574048	17.738839	132.730492	-1.431680	-1.427609	-0.994241
0.683200	-49.915539	-32.261238	82.176777	17.654302	132.092316	-1.385285	-1.381156	-0.939750
0.684100	-49.676207	-32.106346	81.782553	17.569861	131.458760	-1.339315	-1.335128	-0.885570
0.685000	-49.438436	-31.952915	81.391350	17.485521	130.829786	-1.293765	-1.289519	-0.831696
0.685900	-49.202214	-31.800931	81.003145	17.401283	130.205359	-1.248633	-1.244326	-0.778125
0.686800	-48.967530	-31.650381	80.617911	17.317150	129.585441	-1.203914	-1.199546	-0.724853
0.687700	-48.734373	-31.501250	80.235624	17.233123	128.969997	-1.159605	-1.155175	-0.671874
0.688600	-48.502732	-31.353527	79.856258	17.149205	128.358990	-1.115703	-1.111210	-0.619185
0.689500	-48.272595	-31.207196	79.479791	17.065399	127.752386	-1.072205	-1.067647	-0.566782
0.690400	-48.043951	-31.062246	79.106197	16.981705	127.150149	-1.029106	-1.024483	-0.514660
0.691300	-47.816791	-30.918663	78.735453	16.898128	126.552244	-0.986403	-0.981715	-0.462816
0.692200	-47.591102	-30.776434	78.367535	16.814668	125.958637	-0.944094	-0.939338	-0.411246
0.693100	-47.366874	-30.635546	78.002420	16.731328	125.369295	-0.902175	-0.897351	-0.359946
0.694000	-47.144098	-30.495987	77.640085	16.648111	124.784183	-0.860643	-0.855750	-0.308912
0.694900	-46.922762	-30.357744	77.280506	16.565018	124.203268	-0.819494	-0.814531	-0.258140
0.695800	-46.702856	-30.220805	76.923661	16.482051	123.626517	-0.778726	-0.773692	-0.207626
0.696700	-46.484370	-30.085157	76.569527	16.399213	123.053897	-0.738336	-0.733229	-0.157367
0.697600	-46.267294	-29.950788	76.218082	16.316506	122.485377	-0.698320	-0.693139	-0.107359
0.698500	-46.051618	-29.817686	75.869305	16.233932	121.920923	-0.658676	-0.653419	-0.057598
0.699400	-45.837332	-29.685840	75.523172	16.151493	121.360505	-0.619400	-0.614067	-0.008082
0.700300	-45.624427	-29.555236	75.179663	16.069190	120.804090	-0.580490	-0.575080	0.041195
0.701200	-45.412892	-29.425864	74.838756	15.987027	120.251648	-0.541942	-0.536454	0.090235
0.702100	-45.202718	-29.297712	74.500430	15.905005	119.703147	-0.503755	-0.498186	0.139041
0.703000	-44.993895	-29.170768	74.164663	15.823127	119.158558	-0.465925	-0.460274	0.187618
0.703900	-44.786414	-29.045021	73.831436	15.741393	118.617850	-0.428449	-0.422716	0.235968
0.704800	-44.580267	-28.920460	73.500726	15.659807	118.080993	-0.391325	-0.385508	0.284094
0.705700	-44.375442	-28.797073	73.172515	15.578370	117.547958	-0.354550	-0.348647	0.332001
0.706600	-44.171933	-28.674849	72.846781	15.497084	117.018714	-0.318121	-0.312131	0.379692
0.707500	-43.969729	-28.553777	72.523506	15.415952	116.493234	-0.282036	-0.275958	0.427169
0.708400	-43.768821	-28.433847	72.202667	15.334974	115.971488	-0.246293	-0.240125	0.474435
0.709300	-43.569201	-28.315047	71.884247	15.254154	115.453448	-0.210888	-0.204628	0.521495
0.710200	-43.370859	-28.197367	71.568226	15.173493	114.939086	-0.175819	-0.169466	0.568350
0.711100	-43.173788	-28.080796	71.254584	15.092992	114.428373	-0.141084	-0.134637	0.615005
0.712000	-42.977979	-27.965324	70.943303	15.012655	113.921282	-0.106681	-0.100137	0.661462
0.712900	-42.783422	-27.850941	70.634363	14.932482	113.417786	-0.072606	-0.065965	0.707724
0.713800	-42.590111	-27.737635	70.327746	14.852476	112.917857	-0.038858	-0.032117	0.753793
0.714700	-42.398035	-27.625397	70.023433	14.772638	112.421468	-0.005435	0.001408	0.799674
0.715600	-42.207188	-27.514218	69.721406	14.692970	111.928593	0.027667	0.034613	0.845369
0.716500	-42.017560	-27.404086	69.421646	14.613475	111.439206	0.060449	0.067499	0.890881
0.717400	-41.829145	-27.294991	69.124136	14.534153	110.953281	0.092913	0.100071	0.936212
0.718300	-41.641932	-27.186925	68.828858	14.455007	110.470790	0.125062	0.132328	0.981365
0.719200	-41.455916	-27.079877	68.535794	14.376039	109.991710	0.156897	0.164275	1.026343
0.720100	-41.271088	-26.973838	68.244926	14.297249	109.516014	0.188422	0.195912	1.071150
0.721000	-41.087439	-26.868798	67.956238	14.218641	109.043677	0.219638	0.227242	1.115786
0.721900	-40.904963	-26.764748	67.669711	14.140215	108.574674	0.250547	0.258268	1.160256
0.722800	-40.723652	-26.661678	67.385330	14.061973	108.108982	0.281151	0.288990	1.204562
0.723700	-40.543497	-26.559579	67.103077	13.983918	107.646574	0.311452	0.319412	1.248706
0.724600	-40.364493	-26.458442	66.822935	13.906050	107.187428	0.341452	0.349536	1.292692
0.725500	-40.186630	-26.358258	66.544888	13.828372	106.731518	0.371154	0.379363	1.336520
0.726400	-40.009902	-26.259018	66.268920	13.750885	106.278822	0.400558	0.408895	1.380195
0.727300	-39.834302	-26.160712	65.995014	13.673590	105.829316	0.429668	0.438134	1.423719
0.728200	-39.659822	-26.063332	65.723154	13.596489	105.382976	0.458484	0.467083	1.467093
0.729100	-39.486455	-25.966870	65.453325	13.519585	104.939779	0.487009	0.495743	1.510321
0.730000	-39.314194	-25.871316	65.185509	13.442878	104.499703	0.515245	0.524116	1.553405
0.730900	-39.143031	-25.776662	64.919693	13.366369	104.062724	0.543193	0.552204	1.596347
0.731800	-38.972961	-25.682899	64.655860	13.290062	103.628821	0.570856	0.580008	1.639149
0.732700	-38.803976	-25.590020	64.393995	13.213956	103.197971	0.598234	0.607532	1.681815
0.733600	-38.636068	-25.498015	64.134083	13.138054	102.770151	0.625331	0.634775	1.724345
0.734500	-38.469233	-25.406876	63.876109	13.062357	102.345341	0.652146	0.661741	1.766744
0.735400	-38.303462	-25.316595	63.620057	12.986866	101.923518	0.678684	0.688431	1.809012
0.736300	-38.138748	-25.227165	63.365913	12.911584	101.504661	0.704944	0.714847	1.851152
0.737200	-37.975087	-25.138576	63.113663	12.836511	101.088749	0.730928	0.740991	1.893166
0.738100	-37.812470	-25.050821	62.863291	12.761648	100.675761	0.756640	0.766864	1.935057
0.739000	-37.650891	-24.963893	62.614784	12.686998	100.265675	0.782079	0.792468	1.976827
0.739900	-37.490344	-24.877783	62.368127	12.612562	99.858471	0.807248	0.817804	2.018477
0.740800	-37.330823	-24.792483	62.123306	12.538340	99.454129	0.832148	0.842875	2.060010
0.741700	-37.172321	-24.707986	61.880307	12.464335	99.052627	0.856781	0.867683	2.101428
0.742600	-37.014832	-24.624284	61.639116	12.390548	98.653948	0.881149	0.892228	2.142733
0.743500	-36.858349	-24.541370	61.399719	12.316979	98.258069	0.905253	0.916513	2.183928
0.744400	-36.702868	-24.459236	61.162104	12.243631	97.864971	0.929095	0.940539	2.225013
0.745300	-36.548380	-24.377875	60.926255	12.170505	97.474635	0.952677	0.964308	2.265992
0.746200	-36.394881	-24.297280	60.692161	12.097601	97.087042	0.975999	0.987821	2.306866
0.747100	-36.242365	-24.217442	60.459807	12.024922	96.702172	0.999064	1.011081	2.347637
0.748000	-36.090824	-24.138356	60.229181	11.952468	96.320005	1.021874	1.034089	2.388308
0.748900	-35.940255	-24.060014	60.000269	11.880241	95.940524	1.044429	1.056846	2.428880
0.749800	-35.790650	-23.982409	59.773059	11.808241	95.563709	1.066732	1.079355	2.469354
0.750700	-35.642004	-23.905533	59.547537	11.736470	95.189541	1.088784	1.101616	2.509734
0.751600	-35.494311	-23.829381	59.323692	11.664930	94.818003	1.110587	1.123632	2.550021
0.752500	-35.347566	-23.753945	59.101511	11.593621	94.449076	1.132142	1.145405	2.590216
0.753400	-35.201762	-23.679218	58.880980	11.522544	94.082742	1.153451	1.166935	2.630322
0.754300	-35.056895	-23.605194	58.662088	11.451701	93.718983	1.174516	1.188225	2.670341
0.755200	-34.912958	-23.531866	58.444823	11.381092	93.357781	1.195337	1.209276	2.710274
0.756100	-34.769946	-23.459227	58.229172	11.310719	92.999118	1.215918	1.230090	2.750124
0.757000	-34.627854	-23.387271	58.015124	11.240583	92.642978	1.236259	1.250669	2.789891
0.757900	-34.486676	-23.315991	57.802666	11.170685	92.289342	1.256362	1.271015	2.829578
0.758800	-34.346406	-23.245381	57.591787	11.101025	91.938194	1.276228	1.291128	2.869187
0.759700	-34.207040	-23.175435	57.382475	11.031606	91.589516	1.295861	1.311012	2.908719
0.760600	-34.068573	-23.106146	57.174719	10.962427	91.243291	1.315260	1.330667	2.948176
0.761500	-33.930998	-23.037508	56.968506	10.893490	90.899504	1.334429	1.350095	2.987560
0.762400	-33.794311	-22.969515	56.763826	10.824796	90.558136	1.353368	1.369299	3.026872
0.763300	-33.658506	-22.902161	56.560667	10.756345	90.219173	1.372079	1.388280	3.066115
0.764200	-33.523579	-22.835439	56.359018	10.688139	89.882596	1.390564	1.407039	3.105290
0.765100	-33.389523	-22.769344	56.158868	10.620179	89.548391	1.408826	1.425580	-3.138787
0.766000	-33.256335	-22.703870	55.960205	10.552465	89.216541	1.426865	1.443903	-3.099743
0.766900	-33.124010	-22.639011	55.763020	10.484999	88.887030	1.444684	1.462010	-3.060762
0.767800	-32.992541	-22.574760	55.567301	10.417781	88.559842	1.462284	1.479903	-3.021843
0.768700	-32.861924	-22.511113	55.373037	10.350811	88.234962	1.479668	1.497585	-2.982983
0.769600	-32.732155	-22.448063	55.180218	10.284092	87.912374	1.496836	1.515057	-2.944181
0.770500	-32.603228	-22.385605	54.988834	10.217623	87.592062	1.513792	1.532321	-2.905436
0.771400	-32.475139	-22.323734	54.798873	10.151406	87.274012	1.530537	1.549379	-2.866746
0.772300	-32.347883	-22.262442	54.610325	10.085440	86.958208	1.547073	1.566234	-2.828109
0.773200	-32.221455	-22.201726	54.423181	10.019728	86.644636	1.563403	1.582886	-2.789523
0.774100	-32.095850	-22.141580	54.237430	9.954270	86.333279	1.579527	1.599339	-2.750988
0.775000	-31.971063	-22.081998	54.053061	9.889065	86.024124	1.595449	1.615594	-2.712501
0.775900	-31.847091	-22.022974	53.870065	9.824116	85.717156	1.611170	1.631653	-2.674062
0.776800	-31.723928	-21.964505	53.688432	9.759423	85.412360	1.626692	1.647519	-2.635667
0.777700	-31.601569	-21.906583	53.508152	9.694986	85.109721	1.642018	1.663194	-2.597317
0.778600	-31.480011	-21.849204	53.329215	9.630807	84.809226	1.657150	1.678680	-2.559009
0.779500	-31.359248	-21.792364	53.151612	9.566885	84.510860	1.672091	1.693979	-2.520742
0.780400	-31.239277	-21.736056	52.975333	9.503221	84.214609	1.686841	1.709093	-2.482514
0.781300	-31.120092	-21.680276	52.800368	9.439816	83.920459	1.701404	1.724025	-2.444325
0.782200	-31.001689	-21.625018	52.626707	9.376671	83.628397	1.715782	1.738777	-2.406171
0.783100	-30.884064	-21.570278	52.454343	9.313786	83.338407	1.729977	1.753351	-2.368053
0.784000	-30.767213	-21.516051	52.283264	9.251162	83.050477	1.743991	1.767750	-2.329968
0.784900	-30.651131	-21.462332	52.113463	9.188799	82.764593	1.757828	1.781975	-2.291915
0.785800	-30.535813	-21.409116	51.944929	9.126698	82.480742	1.771489	1.796030	-2.253893
0.786700	-30.421256	-21.356398	51.777654	9.064858	82.198910	1.784977	1.809917	-2.215899
0.787600	-30.307455	-21.304173	51.611629	9.003282	81.919084	1.798295	1.823638	-2.177934
0.788500	-30.194407	-21.252438	51.446844	8.941969	81.641251	1.811444	1.837196	-2.139995
0.789400	-30.082106	-21.201186	51.283292	8.880919	81.365397	1.824427	1.850592	-2.102081
0.790300	-29.970548	-21.150414	51.120962	8.820134	81.091511	1.837248	1.863831	-2.064190
0.791200	-29.859730	-21.100117	50.959847	8.759613	80.819578	1.849908	1.876913	-2.026321
0.792100	-29.749648	-21.050291	50.799938	8.699357	80.549586	1.862410	1.889842	-1.988473
0.793000	-29.640296	-21.000930	50.641226	8.639366	80.281523	1.874757	1.902620	-1.950645
0.793900	-29.531672	-20.952031	50.483703	8.579641	80.015375	1.886951	1.915250	-1.912834
0.794800	-29.423771	-20.903589	50.327360	8.520183	79.751131	1.898995	1.927734	-1.875040
0.795700	-29.316589	-20.855599	50.172188	8.460990	79.488778	1.910891	1.940075	-1.837262
0.796600	-29.210123	-20.808058	50.018181	8.402064	79.228303	1.922643	1.952275	-1.799497
0.797500	-29.104367	-20.760961	49.865328	8.343406	78.969695	1.934253	1.964337	-1.761745
0.798400	-28.999319	-20.714304	49.713623	8.285014	78.712941	1.945724	1.976264	-1.724005
0.799300	-28.894973	-20.668083	49.563056	8.226891	78.458030	1.957057	1.988057	-1.686274
0.800200	-28.791328	-20.622293	49.413621	8.169035	78.204949	1.968257	1.999721	-1.648552
0.801100	-28.688378	-20.576930	49.265308	8.111447	77.953686	1.979325	2.011257	-1.610838
0.802000	-28.586119	-20.531991	49.118110	8.054128	77.704230	1.990265	2.022667	-1.573130
0.802900	-28.484549	-20.487471	48.972020	7.997077	77.456568	2.001079	2.033955	-1.535426
0.803800	-28.383662	-20.443366	48.827028	7.940296	77.210690	2.011770	2.045124	-1.497727
0.804700	-28.283456	-20.399673	48.683129	7.883783	76.966584	2.022340	2.056174	-1.460030
0.805600	-28.183926	-20.356387	48.540313	7.827539	76.724239	2.032792	2.067110	-1.422334
0.806500	-28.085069	-20.313504	48.398573	7.771565	76.483642	2.043129	2.077934	-1.384638
0.807400	-27.986881	-20.271021	48.257902	7.715861	76.244783	2.053353	2.088647	-1.346941
0.808300	-27.889359	-20.228933	48.118292	7.660426	76.007650	2.063467	2.099254	-1.309241
0.809200	-27.792498	-20.187237	47.979735	7.605261	75.772233	2.073474	2.109755	-1.271538
0.810100	-27.696295	-20.145930	47.842225	7.550365	75.538520	2.083376	2.120155	-1.233831
0.811000	-27.600747	-20.105007	47.705754	7.495740	75.306500	2.093176	2.130454	-1.196117
0.811900	-27.505849	-20.064465	47.570314	7.441385	75.076163	2.102876	2.140656	-1.158396
0.812800	-27.411599	-20.024299	47.435898	7.387300	74.847498	2.112479	2.150762	-1.120668
0.813700	-27.317993	-19.984508	47.302500	7.333485	74.620493	2.121987	2.160776	-1.082929
0.814600	-27.225026	-19.945086	47.170112	7.279940	74.395138	2.131403	2.170700	-1.045181
0.815500	-27.132696	-19.906030	47.038727	7.226666	74.171423	2.140729	2.180535	-1.007421
0.816400	-27.040999	-19.867338	46.908337	7.173662	73.949336	2.149968	2.190285	-0.969649
0.817300	-26.949932	-19.829004	46.778936	7.120928	73.728869	2.159121	2.199950	-0.931863
0.818200	-26.859491	-19.791027	46.650518	7.068464	73.510009	2.168192	2.209535	-0.894062
0.819100	-26.769673	-19.753402	46.523074	7.016271	73.292747	2.177182	2.219040	-0.856246
0.820000	-26.680474	-19.716126	46.396599	6.964348	73.077073	2.186093	2.228467	-0.818414
0.820900	-26.591890	-19.679195	46.271086	6.912695	72.862976	2.194928	2.237820	-0.780563
0.821800	-26.503919	-19.642607	46.146527	6.861312	72.650446	2.203690	2.247100	-0.742694
0.822700	-26.416557	-19.606358	46.022916	6.810199	72.439473	2.212379	2.256308	-0.704806
0.823600	-26.329801	-19.570445	45.900246	6.759356	72.230047	2.220998	2.265447	-0.666897
0.824500	-26.243647	-19.534865	45.778512	6.708782	72.022159	2.229549	2.274519	-0.628967
0.825400	-26.158092	-19.499613	45.657706	6.658479	71.815798	2.238034	2.283525	-0.591015
0.826300	-26.073133	-19.464688	45.537821	6.608445	71.610954	2.246455	2.292468	-0.553039
0.827200	-25.988766	-19.430086	45.418852	6.558680	71.407619	2.254813	2.301349	-0.515040
0.828100	-25.904989	-19.395804	45.300793	6.509185	71.205781	2.263111	2.310169	-0.477016
0.829000	-25.821797	-19.361839	45.183635	6.459958	71.005432	2.271350	2.318931	-0.438966
0.829900	-25.739188	-19.328187	45.067374	6.411001	70.806562	2.279531	2.327636	-0.400890
0.830800	-25.657158	-19.294846	44.952004	6.362312	70.609161	2.287657	2.336285	-0.362786
0.831700	-25.575704	-19.261812	44.837517	6.313892	70.413221	2.295729	2.344880	-0.324655
0.832600	-25.494824	-19.229084	44.723907	6.265740	70.218731	2.303748	2.353423	-0.286496
0.833500	-25.414513	-19.196657	44.611169	6.217856	70.025682	2.311716	2.361915	-0.248307
0.834400	-25.334769	-19.164528	44.499297	6.170240	69.834066	2.319634	2.370357	-0.210088
0.835300	-25.255588	-19.132696	44.388284	6.122892	69.643872	2.327503	2.378750	-0.171839
0.836200	-25.176968	-19.101157	44.278125	6.075811	69.455093	2.335326	2.387096	-0.133559
0.837100	-25.098905	-19.069908	44.168813	6.028997	69.267718	2.343102	2.395396	-0.095247
0.838000	-25.021396	-19.038946	44.060342	5.982450	69.081738	2.350833	2.403652	-0.056903
0.838900	-24.944438	-19.008269	43.952707	5.936169	68.897146	2.358521	2.411863	-0.018526
0.839800	-24.868029	-18.977874	43.845902	5.890155	68.713931	2.366166	2.420031	0.019885
0.840700	-24.792164	-18.947757	43.739921	5.844407	68.532085	2.373769	2.428158	0.058328
0.841600	-24.716841	-18.917917	43.634758	5.798924	68.351599	2.381332	2.436243	0.096806
0.842500	-24.642057	-18.888351	43.530408	5.753706	68.172465	2.388854	2.444289	0.135319
0.843400	-24.567809	-18.859055	43.426864	5.708754	67.994673	2.396337	2.452295	0.173866
0.844300	-24.494094	-18.830028	43.324122	5.664065	67.818215	2.403783	2.460263	0.212449
0.845200	-24.420908	-18.801267	43.222175	5.619642	67.643083	2.411190	2.468194	0.251067
0.846100	-24.348250	-18.772768	43.121018	5.575482	67.469268	2.418561	2.476087	0.289721
0.847000	-24.276115	-18.744530	43.020646	5.531585	67.296761	2.425895	2.483944	0.328410
0.847900	-24.204502	-18.716550	42.921052	5.487952	67.125554	2.433194	2.491765	0.367136
0.848800	-24.133407	-18.688826	42.822232	5.444581	66.955639	2.440458	2.499552	0.405898
0.849700	-24.062826	-18.661354	42.724180	5.401472	66.787007	2.447687	2.507304	0.444697
0.850600	-23.992758	-18.634133	42.626891	5.358626	66.619650	2.454882	2.515021	0.483532
0.851500	-23.923200	-18.607160	42.530360	5.316040	66.453560	2.462043	2.522705	0.522404
0.852400	-23.854148	-18.580432	42.434580	5.273716	66.288728	2.469170	2.530356	0.561313
0.853300	-23.785600	-18.553947	42.339547	5.231653	66.125146	2.476265	2.537974	0.600258
0.854200	-23.717552	-18.527703	42.245255	5.189849	65.962808	2.483326	2.545559	0.639239
0.855100	-23.650003	-18.501697	42.151700	5.148305	65.801703	2.490356	2.553112	0.678258
0.856000	-23.582948	-18.475928	42.058876	5.107021	65.641824	2.497352	2.560633	0.717312
0.856900	-23.516386	-18.450391	41.966778	5.065995	65.483164	2.504317	2.568123	0.756403
0.857800	-23.450314	-18.425087	41.875401	5.025227	65.325715	2.511249	2.575580	0.795529
0.858700	-23.384728	-18.400011	41.784739	4.984717	65.169468	2.518149	2.583007	0.834691
0.859600	-23.319627	-18.375162	41.694789	4.944465	65.014415	2.525018	2.590402	0.873889
0.860500	-23.255006	-18.350537	41.605544	4.904469	64.860550	2.531854	2.597766	0.913122
0.861400	-23.190865	-18.326135	41.517000	4.864729	64.707864	2.538659	2.605098	0.952390
0.862300	-23.127199	-18.301953	41.429151	4.825246	64.556350	2.545432	2.612400	0.991692
0.863200	-23.064006	-18.277989	41.341994	4.786017	64.406000	2.552172	2.619671	1.031028
0.864100	-23.001283	-18.254240	41.255523	4.747043	64.256806	2.558881	2.626910	1.070397
0.865000	-22.939028	-18.230705	41.169733	4.708323	64.108761	2.565557	2.634119	1.109800
0.865900	-22.877238	-18.207381	41.084619	4.669857	63.961857	2.572202	2.641296	1.149235
0.866800	-22.815910	-18.184266	41.000177	4.631644	63.816087	2.578813	2.648442	1.188702
0.867700	-22.755042	-18.161359	40.916401	4.593683	63.671444	2.585392	2.655557	1.228201
0.868600	-22.694631	-18.138657	40.833288	4.555975	63.527920	2.591938	2.662641	1.267730
0.869500	-22.634675	-18.116158	40.750833	4.518517	63.385507	2.598451	2.669693	1.307289
0.870400	-22.575170	-18.093860	40.669030	4.481311	63.244200	2.604931	2.676713	1.346878
0.871300	-22.516114	-18.071760	40.587875	4.444354	63.103989	2.611377	2.683701	1.386495
0.872200	-22.457505	-18.049858	40.507363	4.407647	62.964869	2.617789	2.690658	1.426140
0.873100	-22.399340	-18.028151	40.427491	4.371190	62.826831	2.624168	2.697582	1.465813
0.874000	-22.341617	-18.006636	40.348253	4.334980	62.689870	2.630511	2.704473	1.505511
0.874900	-22.284332	-17.985313	40.269645	4.299019	62.553977	2.636820	2.711332	1.545236
0.875800	-22.227483	-17.964179	40.191662	4.263305	62.419146	2.643094	2.718158	1.584984
0.876700	-22.171069	-17.943232	40.114301	4.227837	62.285369	2.649333	2.724951	1.624757
0.877600	-22.115085	-17.922470	40.037555	4.192615	62.152641	2.655535	2.731711	1.664553
0.878500	-22.059531	-17.901892	39.961422	4.157639	62.020953	2.661702	2.738436	1.704370
0.879400	-22.004402	-17.881495	39.885897	4.122907	61.890299	2.667832	2.745128	1.744209
0.880300	-21.949697	-17.861278	39.810975	4.088420	61.760672	2.673925	2.751785	1.784067
0.881200	-21.895414	-17.841238	39.736652	4.054176	61.632066	2.679981	2.758408	1.823945
0.882100	-21.841549	-17.821375	39.662924	4.020175	61.504473	2.685999	2.764996	1.863840
0.883000	-21.788101	-17.801685	39.589786	3.986416	61.377887	2.691979	2.771549	1.903753
0.883900	-21.735067	-17.782168	39.517235	3.952898	61.252302	2.697921	2.778067	1.943682
0.884800	-21.682444	-17.762822	39.445266	3.919621	61.127709	2.703824	2.784549	1.983625
0.885700	-21.630230	-17.743645	39.373874	3.886585	61.004104	2.709688	2.790994	2.023583
0.886600	-21.578423	-17.724634	39.303057	3.853788	60.881479	2.715512	2.797404	2.063554
0.887500	-21.527020	-17.705789	39.232809	3.821230	60.759828	2.721296	2.803776	2.103536
0.888400	-21.476018	-17.687108	39.163126	3.788911	60.639145	2.727040	2.810112	2.143529
0.889300	-21.425417	-17.668588	39.094005	3.756829	60.519422	2.732743	2.816410	2.183532
0.890200	-21.375212	-17.650229	39.025441	3.724984	60.400653	2.738404	2.822671	2.223544
0.891100	-21.325403	-17.632028	38.957431	3.693375	60.282833	2.744024	2.828893	2.263563
0.892000	-21.275985	-17.613984	38.889969	3.662002	60.165955	2.749602	2.835078	2.303589
0.892900	-21.226958	-17.596095	38.823054	3.630863	60.050012	2.755138	2.841224	2.343620
0.893800	-21.178319	-17.578360	38.756679	3.599959	59.934998	2.760631	2.847331	2.383655
0.894700	-21.130065	-17.560777	38.690842	3.569288	59.820907	2.766080	2.853399	2.423694
0.895600	-21.082194	-17.543344	38.625539	3.538850	59.707733	2.771487	2.859427	2.463735
0.896500	-21.034705	-17.526060	38.560765	3.508645	59.595470	2.776849	2.865416	2.503778
0.897400	-20.987594	-17.508923	38.496517	3.478670	59.484111	2.782167	2.871365	2.543820
0.898300	-20.940859	-17.491932	38.432791	3.448927	59.373650	2.787440	2.877273	2.583862
0.899200	-20.894498	-17.475085	38.369583	3.419413	59.264082	2.792669	2.883141	2.623902
0.900100	-20.848510	-17.458380	38.306890	3.390129	59.155399	2.797852	2.888968	2.663940
0.901000	-20.802890	-17.441817	38.244707	3.361074	59.047598	2.802990	2.894754	2.703973
0.901900	-20.757639	-17.425393	38.183031	3.332246	58.940670	2.808082	2.900498	2.744002
0.902800	-20.712752	-17.409106	38.121859	3.303646	58.834611	2.813128	2.906201	2.784026
0.903700	-20.668229	-17.392957	38.061186	3.275273	58.729415	2.818127	2.911863	2.824043
0.904600	-20.624067	-17.376942	38.001008	3.247125	58.625075	2.823080	2.917482	2.864052
0.905500	-20.580263	-17.361060	37.941323	3.219202	58.521586	2.827985	2.923059	2.904054
0.906400	-20.536816	-17.345311	37.882127	3.191504	58.418942	2.832844	2.928594	2.944046
0.907300	-20.493723	-17.329693	37.823415	3.164030	58.317138	2.837655	2.934086	2.984029
0.908200	-20.450982	-17.314203	37.765185	3.136779	58.216167	2.842418	2.939535	3.024000
0.909100	-20.408591	-17.298842	37.707433	3.109750	58.116024	2.847133	2.944942	3.063961
0.910000	-20.366549	-17.283606	37.650155	3.082943	58.016704	2.851801	2.950305	3.103909
0.910900	-20.324852	-17.268496	37.593348	3.056356	57.918200	2.856420	2.955625	-3.139341
0.911800	-20.283499	-17.253509	37.537008	3.029990	57.820507	2.860991	2.960902	-3.099419
0.912700	-20.242488	-17.238644	37.481132	3.003844	57.723620	2.865513	2.966135	-3.059511
0.913600	-20.201816	-17.223900	37.425717	2.977916	57.627533	2.869986	2.971325	-3.019618
0.914500	-20.161482	-17.209276	37.370758	2.952206	57.532240	2.874411	2.976472	-2.979741
0.915400	-20.121484	-17.194770	37.316253	2.926714	57.437737	2.878787	2.981574	-2.939879
0.916300	-20.081819	-17.180380	37.262199	2.901438	57.344017	2.883114	2.986633	-2.900034
0.917200	-20.042485	-17.166106	37.208591	2.876379	57.251076	2.887392	2.991648	-2.860206
0.918100	-20.003481	-17.151946	37.155427	2.851535	57.158907	2.891621	2.996619	-2.820395
0.919000	-19.964804	-17.137899	37.102703	2.826905	57.067506	2.895801	3.001547	-2.780602
0.919900	-19.926452	-17.123963	37.050416	2.802489	56.976868	2.899931	3.006431	-2.740827
0.920800	-19.888424	-17.110138	36.998562	2.778286	56.886986	2.904013	3.011270	-2.701071
0.921700	-19.850718	-17.096422	36.947139	2.754296	56.797857	2.908046	3.016067	-2.661334
0.922600	-19.813330	-17.082813	36.896143	2.730517	56.709474	2.912030	3.020819	-2.621616
0.923500	-19.776261	-17.069311	36.845572	2.706950	56.621832	2.915965	3.025528	-2.581918
0.924400	-19.739507	-17.055914	36.795421	2.683593	56.534927	2.919851	3.030193	-2.542239
0.925300	-19.703066	-17.042621	36.745687	2.660445	56.448753	2.923689	3.034815	-2.502580
0.926200	-19.666937	-17.029431	36.696368	2.637506	56.363305	2.927478	3.039393	-2.462942
0.927100	-19.631118	-17.016342	36.647461	2.614776	56.278579	2.931218	3.043928	-2.423323
0.928000	-19.595607	-17.003354	36.598961	2.592253	56.194568	2.934911	3.048421	-2.383725
0.928900	-19.560402	-16.990465	36.550867	2.569937	56.111269	2.938555	3.052870	-2.344148
0.929800	-19.525501	-16.977674	36.503175	2.547827	56.028676	2.942152	3.057276	-2.304591
0.930700	-19.490902	-16.964980	36.455882	2.525922	55.946784	2.945701	3.061640	-2.265054
0.931600	-19.456604	-16.952381	36.408985	2.504222	55.865588	2.949203	3.065962	-2.225539
0.932500	-19.422604	-16.939877	36.362481	2.482726	55.785084	2.952657	3.070241	-2.186043
0.933400	-19.388900	-16.927466	36.316367	2.461434	55.705267	2.956065	3.074479	-2.146569
0.934300	-19.355492	-16.915148	36.270639	2.440344	55.626131	2.959427	3.078675	-2.107114
0.935200	-19.322376	-16.902920	36.225296	2.419456	55.547673	2.962742	3.082830	-2.067680
0.936100	-19.289552	-16.890783	36.180335	2.398769	55.469886	2.966011	3.086943	-2.028266
0.937000	-19.257017	-16.878734	36.135751	2.378282	55.392768	2.969235	3.091016	-1.988872
0.937900	-19.224769	-16.866774	36.091543	2.357996	55.316312	2.972414	3.095048	-1.949498
0.938800	-19.192808	-16.854899	36.047707	2.337908	55.240514	2.975548	3.099041	-1.910144
0.939700	-19.161130	-16.843111	36.004241	2.318019	55.165371	2.978638	3.102993	-1.870809
0.940600	-19.129735	-16.831407	35.961141	2.298328	55.090876	2.981684	3.106906	-1.831493
0.941500	-19.098620	-16.819786	35.918406	2.278833	55.017025	2.984687	3.110780	-1.792196
0.942400	-19.067783	-16.808248	35.876031	2.259535	54.943815	2.987647	3.114615	-1.752918
0.943300	-19.037224	-16.796791	35.834015	2.240433	54.871240	2.990564	3.118412	-1.713657
0.944200	-19.006940	-16.785415	35.792355	2.221526	54.799295	2.993439	3.122171	-1.674415
0.945100	-18.976930	-16.774117	35.751047	2.202813	54.727977	2.996273	3.125893	-1.635191
0.946000	-18.947191	-16.762898	35.710090	2.184293	54.657281	2.999066	3.129578	-1.595984
0.946900	-18.917723	-16.751757	35.669480	2.165966	54.587203	3.001818	3.133226	-1.556793
0.947800	-18.888523	-16.740691	35.629214	2.147832	54.517738	3.004530	3.136837	-1.517620
0.948700	-18.859590	-16.729701	35.589291	2.129889	54.448881	3.007203	3.140414	-1.478462
0.949600	-18.830922	-16.718785	35.549707	2.112136	54.380629	3.009838	-3.139231	-1.439320
0.950500	-18.802517	-16.707943	35.510460	2.094574	54.312977	3.012434	-3.135725	-1.400193
0.951400	-18.774374	-16.697173	35.471547	2.077201	54.245921	3.014992	-3.132252	-1.361082
0.952300	-18.746491	-16.686474	35.432965	2.060017	54.179456	3.017514	-3.128814	-1.321984
0.953200	-18.718867	-16.675846	35.394713	2.043021	54.113579	3.019999	-3.125409	-1.282901
0.954100	-18.691499	-16.665287	35.356786	2.026212	54.048285	3.022449	-3.122037	-1.243830
0.955000	-18.664387	-16.654797	35.319184	2.009590	53.983570	3.024863	-3.118696	-1.204773
0.955900	-18.637528	-16.644375	35.281902	1.993153	53.919430	3.027243	-3.115388	-1.165729
0.956800	-18.610921	-16.634019	35.244940	1.976902	53.855861	3.029589	-3.112110	-1.126696
0.957700	-18.584564	-16.623729	35.208293	1.960835	53.792858	3.031901	-3.108863	-1.087675
0.958600	-18.558457	-16.613504	35.171961	1.944952	53.730417	3.034182	-3.105646	-1.048665
0.959500	-18.532596	-16.603344	35.135940	1.929252	53.668535	3.036430	-3.102459	-1.009665
0.960400	-18.506981	-16.593246	35.100227	1.913735	53.607208	3.038647	-3.099300	-0.970676
0.961300	-18.481610	-16.583211	35.064821	1.898399	53.546431	3.040833	-3.096170	-0.931696
0.962200	-18.456481	-16.573238	35.029719	1.883244	53.486200	3.042990	-3.093068	-0.892724
0.963100	-18.431593	-16.563325	34.994918	1.868269	53.426512	3.045117	-3.089992	-0.853762
0.964000	-18.406945	-16.553472	34.960417	1.853473	53.367362	3.047216	-3.086944	-0.814807
0.964900	-18.382534	-16.543678	34.926212	1.838857	53.308747	3.049287	-3.083921	-0.775859
0.965800	-18.358360	-16.533942	34.892302	1.824418	53.250662	3.051331	-3.080924	-0.736919
0.966700	-18.334420	-16.524264	34.858684	1.810157	53.193104	3.053348	-3.077952	-0.697984
0.967600	-18.310714	-16.514642	34.825356	1.796072	53.136069	3.055339	-3.075004	-0.659056
0.968500	-18.287239	-16.505076	34.792315	1.782163	53.079554	3.057305	-3.072080	-0.620133
0.969400	-18.263994	-16.495565	34.759559	1.768429	53.023553	3.059246	-3.069180	-0.581215
0.970300	-18.240978	-16.486108	34.727086	1.754870	52.968064	3.061164	-3.066302	-0.542301
0.971200	-18.218189	-16.476705	34.694894	1.741483	52.913083	3.063058	-3.063446	-0.503391
0.972100	-18.195625	-16.467355	34.662981	1.728270	52.858606	3.064929	-3.060611	-0.464484
0.973000	-18.173286	-16.458057	34.631343	1.715229	52.804629	3.066779	-3.057798	-0.425580
0.973900	-18.151169	-16.448810	34.599980	1.702359	52.751149	3.068607	-3.055005	-0.386678
0.974800	-18.129274	-16.439614	34.568888	1.689660	52.698161	3.070415	-3.052232	-0.347778
0.975700	-18.107598	-16.430468	34.538066	1.677130	52.645663	3.072203	-3.049478	-0.308880
0.976600	-18.086140	-16.421371	34.507511	1.664769	52.593651	3.073971	-3.046743	-0.269982
0.977500	-18.064899	-16.412322	34.477221	1.652576	52.542120	3.075720	-3.044027	-0.231085
0.978400	-18.043873	-16.403322	34.447195	1.640551	52.491067	3.077451	-3.041328	-0.192188
0.979300	-18.023060	-16.394369	34.417429	1.628692	52.440490	3.079164	-3.038646	-0.153290
0.980200	-18.002461	-16.385462	34.387923	1.616998	52.390383	3.080860	-3.035981	-0.114392
0.981100	-17.982071	-16.376601	34.358673	1.605470	52.340744	3.082540	-3.033333	-0.075492
0.982000	-17.961892	-16.367786	34.329678	1.594106	52.291570	3.084203	-3.030700	-0.036591
0.982900	-17.941920	-16.359016	34.300935	1.582904	52.242855	3.085851	-3.028082	0.002313
0.983800	-17.922155	-16.350289	34.272444	1.571865	52.194598	3.087484	-3.025479	0.041219
0.984700	-17.902594	-16.341606	34.244200	1.560988	52.146795	3.089103	-3.022891	0.080128
0.985600	-17.883237	-16.332966	34.216204	1.550271	52.099441	3.090708	-3.020316	0.119040
0.986500	-17.864083	-16.324369	34.188452	1.539714	52.052534	3.092299	-3.017755	0.157956
0.987400	-17.845129	-16.315813	34.160942	1.529316	52.006071	3.093878	-3.015206	0.196876
0.988300	-17.826374	-16.307299	34.133673	1.519075	51.960047	3.095444	-3.012671	0.235800
0.989200	-17.807817	-16.298825	34.106643	1.508992	51.914460	3.096997	-3.010147	0.274729
0.990100	-17.789457	-16.290392	34.079849	1.499065	51.869306	3.098540	-3.007635	0.313663
0.991000	-17.771291	-16.281998	34.053290	1.489293	51.824581	3.100071	-3.005135	0.352602
0.991900	-17.753319	-16.273644	34.026963	1.479675	51.780283	3.101591	-3.002645	0.391546
0.992800	-17.735539	-16.265329	34.000868	1.470211	51.736407	3.103101	-3.000166	0.430497
0.993700	-17.717950	-16.257051	33.975002	1.460899	51.692952	3.104601	-2.997697	0.469453
0.994600	-17.700550	-16.248812	33.949362	1.451738	51.649913	3.106091	-2.995238	0.508416
0.995500	-17.683338	-16.240610	33.923948	1.442728	51.607286	3.107572	-2.992789	0.547385
0.996400	-17.666312	-16.232445	33.898758	1.433867	51.565070	3.109044	-2.990349	0.586361
0.997300	-17.649472	-16.224317	33.873789	1.425155	51.523260	3.110507	-2.987917	0.625344
0.998200	-17.632814	-16.216225	33.849039	1.416589	51.481854	3.111962	-2.985495	0.664334
0.999100	-17.616339	-16.208168	33.824508	1.408171	51.440847	3.113408	-2.983080	0.703332
1.000000	-17.600045	-16.200147	33.800192	1.399897	51.400237	3.114847	-2.980674	0.742337
