0.101800	-181088.840080	-164310.118406	345398.958486	16778.721674	526487.798566	2.151878	2.274404	0.486296
0.103600	-180661.591605	-164128.606798	344790.198403	16532.984807	525451.790009	2.231223	2.101677	-0.537491
0.105400	-180242.955168	-163949.013087	344191.968255	16293.942081	524434.923423	1.794082	1.221746	-1.590713
0.107200	-179832.813546	-163771.285170	343604.098716	16061.528375	523436.912261	0.353749	0.048033	-2.695226
0.109000	-179431.050083	-163595.372742	343026.422825	15835.677341	522457.472907	-2.234523	-1.626345	2.445674
0.110800	-179037.548643	-163421.227318	342458.775961	15616.321325	521496.324604	2.168093	1.574234	1.333681
0.112600	-178652.193556	-163248.802265	341900.995820	15403.391291	520553.189376	-1.831777	-1.180089	0.248415
0.114400	-178274.869568	-163078.052820	341352.922388	15196.816748	519627.791956	1.542510	0.892224	-0.988020
0.116200	-177905.461797	-162908.936120	340814.397918	14996.525677	518719.859715	2.954294	3.038036	-2.099340
0.118000	-177543.855686	-162741.411219	340285.266905	14802.444468	517829.122591	-2.393976	-1.733177	2.906984
0.119800	-177189.936962	-162575.439103	339765.376065	14614.497859	516955.313026	-1.375974	-1.097128	1.733918
0.121600	-176843.591595	-162410.982711	339254.574306	14432.608884	516098.165902	-0.588544	-0.959039	0.525419
0.123400	-176504.705768	-162248.006944	338752.712712	14256.698824	515257.418479	-0.738221	-1.263910	-0.744520
0.125200	-176173.165839	-162086.478670	338259.644509	14086.687169	514432.810348	-1.598011	-2.010556	-2.023912
0.127000	-175848.858322	-161926.366731	337775.225053	13922.491591	513624.083374	2.907078	3.098502	2.982315
0.128800	-175531.669858	-161767.641937	337299.311795	13764.027921	512830.981653	0.791507	1.477866	1.705540
0.130600	-175221.487204	-161610.277065	336831.764270	13611.210139	512053.251474	-1.126063	-0.802934	0.415987
0.132400	-174918.197218	-161454.246843	336372.444061	13463.950375	511290.641279	3.020852	2.447626	-0.925985
0.134200	-174621.686854	-161299.527934	335921.214788	13322.158920	510542.901642	-0.681090	-0.485335	-2.307575
0.136000	-174331.843163	-161146.098914	335477.942077	13185.744249	509809.785240	2.000893	2.290784	2.668303
0.137800	-174048.553297	-160993.940243	335042.493539	13054.613054	509091.046836	-1.292443	-1.975202	1.288587
0.139600	-173771.704522	-160843.034229	334614.738751	12928.670293	508386.443272	-0.307645	0.151736	-0.092472
0.141400	-173501.184235	-160693.364992	334194.549227	12807.819243	507695.733462	1.931088	1.335667	-1.487837
0.143200	-173236.879989	-160544.918413	333781.798402	12691.961577	507018.678391	2.464239	2.450930	-2.862180
0.145000	-172978.679521	-160397.682084	333376.361605	12580.997437	506355.041126	2.494263	-3.056053	1.957398
0.146800	-172726.470786	-160251.645254	332978.116040	12474.825533	505704.586827	-2.298875	-3.053608	0.545502
0.148600	-172480.142001	-160106.798760	332586.940761	12373.343241	505067.082762	-2.876322	-3.085156	-0.865258
0.150400	-172239.581685	-159963.134967	332202.716652	12276.446718	504442.298337	2.421624	2.975061	-2.317052
0.152200	-172004.678714	-159820.647691	331825.326405	12184.031023	503830.005119	1.353603	2.120359	2.488831
0.154000	-171775.322373	-159679.332125	331454.654498	12095.990248	503229.976870	1.039058	0.846435	1.003118
0.155800	-171551.402412	-159539.184759	331090.587171	12012.217653	502641.989583	0.067600	-0.722714	-0.485799
0.157600	-171332.809112	-159400.203299	330733.012410	11932.605813	502065.821522	-1.786758	-2.560771	-1.976656
0.159400	-171119.433344	-159262.386577	330381.819921	11857.046768	501501.253265	2.305896	1.604558	2.811091
0.161200	-170911.166640	-159125.734469	330036.901109	11785.432171	500948.067749	-0.138760	-0.808697	1.297845
0.163000	-170707.901255	-158990.247804	329698.149059	11717.653451	500406.050314	-2.817278	2.763644	-0.248553
0.164800	-170509.530242	-158855.928273	329365.458515	11653.601969	499874.988756	0.556038	-0.230066	-1.810716
0.166600	-170315.947516	-158722.778340	329038.725855	11593.169176	499354.673371	-2.608836	2.801033	2.941339
0.168400	-170127.047927	-158590.801151	328717.849078	11536.246776	498844.897005	0.044430	-0.690133	1.401848
0.170200	-169942.727327	-158460.000448	328402.727775	11482.726879	498345.455102	1.121053	1.863739	-0.195306
0.172000	-169762.882636	-158330.380478	328093.263114	11432.502158	497856.145750	-2.993791	-2.134780	-1.744418
0.173800	-169587.411911	-158201.945907	327789.357818	11385.466004	497376.769730	-0.647467	-0.204030	2.936601
0.175600	-169416.214406	-158074.701739	327490.916145	11341.512667	496907.130552	1.576205	1.339597	1.344784
0.177400	-169249.190636	-157948.653233	327197.843868	11300.537403	496447.034504	-2.684306	2.744898	-0.251972
0.179200	-169086.242431	-157823.805824	326910.048255	11262.436608	495996.290686	-2.378763	-2.170407	-1.862144
0.181000	-168927.272997	-157700.165052	326627.438049	11227.107946	495554.711046	-1.830244	-1.039035	2.782213
0.182800	-168772.186961	-157577.736487	326349.923448	11194.450474	495122.110409	-0.294024	-0.389599	1.189375
0.184600	-168620.890422	-157456.525667	326077.416088	11164.364755	494698.306510	1.069583	0.108824	-0.478528
0.186400	-168473.290993	-157336.538029	325809.829022	11136.752963	494283.120015	-0.444010	0.658788	-2.117688
0.188200	-168329.297841	-157217.778858	325547.076699	11111.518983	493876.374541	0.545681	0.823150	2.539470
0.190000	-168188.821724	-157100.253226	325289.074949	11088.568498	493477.896673	1.491298	0.633409	0.861016
0.191800	-168051.775016	-156983.965945	325035.740961	11067.809071	493087.515977	-0.603045	0.592019	-0.814708
0.193600	-167918.071740	-156868.921526	324786.993266	11049.150214	492705.065005	-0.007851	0.175073	-2.486736
0.195400	-167787.627587	-156755.124129	324542.751716	11032.503458	492330.379303	0.533168	-0.526674	2.134644
0.197200	-167660.359934	-156642.577537	324302.937471	11017.782397	491963.297405	-2.123285	-1.089206	0.449875
0.199000	-167536.187859	-156531.285116	324067.472975	11004.902743	491603.660834	-1.840268	-2.157981	-1.245853
0.200800	-167415.032150	-156421.249791	323836.281941	10993.782359	491251.314092	-1.540874	3.086689	-2.956419
0.202600	-167296.815313	-156312.474021	323609.289334	10984.341292	490906.104646	1.491048	1.922399	1.615533
0.204400	-167181.461569	-156204.959778	323386.421348	10976.501791	490567.882917	1.439286	0.366223	-0.105847
0.206200	-167068.896861	-156098.708535	323167.605396	10970.188327	490236.502257	-2.012466	-1.006095	-1.823273
0.208000	-166959.048842	-155993.721246	322952.770088	10965.327597	489911.818930	-2.291943	-2.874657	2.727242
0.209800	-166851.846871	-155889.998343	322741.845215	10961.848528	489593.692086	0.148347	1.690291	1.001422
0.211600	-166747.222001	-155787.539728	322534.761730	10959.682273	489281.983731	-0.235243	-0.352656	-0.739503
0.213400	-166645.106968	-155686.344767	322331.451735	10958.762200	488976.558702	-0.123648	-2.462262	-2.478786
0.215200	-166545.436169	-155586.412291	322131.848461	10959.023878	488677.284630	1.341397	1.623932	2.061849
0.217000	-166448.145654	-155487.740600	321935.886253	10960.405054	488384.031907	0.679693	-0.842817	0.304983
0.218800	-166353.173093	-155390.327461	321743.500554	10962.845633	488096.673647	2.452142	3.060992	-1.452354
0.220600	-166260.457767	-155294.170120	321554.627887	10966.287646	487815.085654	1.523864	0.297505	3.059195
0.222400	-166169.940532	-155199.265309	321369.205841	10970.675223	487539.146373	3.110227	-2.292869	1.273219
0.224200	-166081.563802	-155105.609252	321187.173054	10975.954551	487268.736856	1.981922	0.981777	-0.506574
0.226000	-165995.271520	-155013.197677	321008.469197	10982.073843	487003.740717	-2.951914	-1.834437	-2.280415
0.227800	-165911.009127	-154922.025833	320833.034960	10988.983295	486744.044088	2.041151	1.230636	2.222269
0.229600	-165828.723539	-154832.088497	320660.812036	10996.635042	486489.535575	3.119546	-1.815409	0.427454
0.231400	-165748.363111	-154743.379993	320491.743104	11004.983118	486240.106215	1.705633	1.061978	-1.378473
0.233200	-165669.877613	-154655.894205	320325.771818	11013.983408	485995.649431	2.483529	-2.209764	3.102671
0.235000	-165593.218194	-154569.624594	320162.842789	11023.593600	485756.060983	0.987966	0.496725	1.306021
0.236800	-165518.337355	-154484.564214	320002.901569	11033.773141	485521.238924	1.413850	-2.992970	-0.508695
0.238600	-165445.188915	-154400.705727	319845.894642	11044.483187	485291.083557	-0.100760	-0.446666	-2.335862
0.240400	-165373.727979	-154318.041426	319691.769405	11055.686553	485065.497384	-0.096203	2.138215	2.137327
0.242200	-165303.910910	-154236.563245	319540.474155	11067.347666	484844.385065	-1.546089	-1.747567	0.320929
0.244000	-165235.695295	-154156.262781	319391.958076	11079.432513	484627.653371	-2.065219	0.637130	-1.521252
0.245800	-165169.039911	-154077.131313	319246.171224	11091.908598	484415.211135	2.943779	2.894503	2.933918
0.247600	-165103.904700	-153999.159814	319103.064514	11104.744886	484206.969214	1.844036	-1.194481	1.100683
0.249400	-165040.250733	-153922.338974	318962.589707	11117.911758	484002.840440	0.814682	0.931083	-0.752831
0.251200	-164978.040181	-153846.659215	318824.699396	11131.380966	483802.739577	-0.804892	2.943118	-2.585646
0.253000	-164917.236286	-153772.110706	318689.346992	11145.125580	483606.583278	-1.639745	-1.338195	1.844988
0.254800	-164857.803330	-153698.683384	318556.486714	11159.119946	483414.290044	2.622560	0.500266	-0.009092
0.256600	-164799.706605	-153626.366967	318426.073572	11173.339638	483225.780177	1.870949	2.384072	-1.855320
0.258400	-164742.912386	-153555.150973	318298.063359	11187.761413	483040.975745	-0.449294	-2.223350	2.557305
0.260200	-164687.387902	-153485.024733	318172.412635	11202.363169	482859.800537	-1.214974	-0.455540	0.706484
0.262000	-164633.101308	-153415.977407	318049.078715	11217.123901	482682.180024	2.524921	1.071550	-1.169867
0.263800	-164580.021659	-153347.998002	317928.019661	11232.023657	482508.041320	1.667955	2.721246	-3.032012
0.265600	-164528.118881	-153281.075381	317809.194262	11247.043501	482337.313143	-1.032927	-2.165503	1.372932
0.267400	-164477.363749	-153215.198282	317692.562031	11262.165468	482169.925781	-2.061087	-0.640755	-0.500594
0.269200	-164427.727859	-153150.355329	317578.083188	11277.372530	482005.811047	1.439093	0.647243	-2.381741
0.271000	-164379.183603	-153086.535046	317465.718649	11292.648557	481844.902252	0.116333	2.036161	2.018920
0.272800	-164331.704147	-153023.725870	317355.430017	11307.978278	481687.134164	-2.626632	-3.043121	0.132580
0.274600	-164285.263407	-152961.916160	317247.179567	11323.347248	481532.442975	1.812252	-1.801754	-1.756477
0.276400	-164239.836026	-152901.094214	317140.930240	11338.741812	481380.766267	-0.665367	-0.661078	2.633171
0.278200	-164195.397352	-152841.248276	317036.645628	11354.149075	481232.042980	3.068648	0.426862	0.739920
0.280000	-164151.923415	-152782.366549	316934.289964	11369.556865	481086.213378	1.032932	1.513210	-1.161866
0.281800	-164109.390909	-152724.437204	316833.828112	11384.953705	480943.219021	-2.015593	2.456735	-3.057023
0.283600	-164067.777170	-152667.448389	316735.225559	11400.328781	480803.002730	2.445390	-2.804558	1.316538
0.285400	-164027.060158	-152611.388241	316638.448400	11415.671917	480665.508558	-0.831671	-1.975600	-0.580070
0.287200	-163987.218435	-152556.244894	316543.463330	11430.973541	480530.681765	-2.784098	-1.046639	-2.496035
0.289000	-163948.231149	-152502.006486	316450.237635	11446.224663	480398.468784	0.223597	-0.287387	1.884512
0.290800	-163910.078015	-152448.661168	316358.739182	11461.416847	480268.817197	-2.271701	0.514313	-0.035252
0.292600	-163872.739297	-152396.197111	316268.936408	11476.542186	480141.675705	1.083935	1.241397	-1.950334
0.294400	-163836.195795	-152344.602516	316180.798311	11491.593279	480016.994106	-2.156196	1.899969	2.414922
0.296200	-163800.428823	-152293.865617	316094.294440	11506.563206	479894.723263	1.692602	2.597035	0.488868
0.298000	-163765.420197	-152243.974691	316009.394888	11521.445507	479774.815085	-1.901855	3.139088	-1.425826
0.299800	-163731.152220	-152194.918060	315926.070280	11536.234160	479657.222500	1.924759	-2.516764	2.926390
0.301600	-163697.607664	-152146.684101	315844.291766	11550.923563	479541.899430	-1.643763	-2.029499	1.001128
0.303400	-163664.769760	-152099.261250	315764.031010	11565.508510	479428.800769	1.533620	-1.523368	-0.929027
0.305200	-163632.622179	-152052.638005	315685.260184	11579.984174	479317.882363	-1.547319	-1.046931	-2.867095
0.307000	-163601.149024	-152006.802934	315607.951958	11594.346091	479209.100983	0.997799	-0.671260	1.489462
0.308800	-163570.334815	-151961.744676	315532.079491	11608.590139	479102.414306	-1.762248	-0.228326	-0.449544
0.310600	-163540.164473	-151917.451950	315457.616423	11622.712524	478997.780897	0.669756	0.077058	-2.390643
0.312400	-163510.623315	-151873.913553	315384.536867	11636.709762	478895.160182	-2.593183	0.420017	1.955852
0.314200	-163481.697034	-151831.118368	315312.815402	11650.578666	478794.512436	0.266257	0.720745	0.009127
0.316000	-163453.371695	-151789.055368	315242.427063	11664.316327	478695.798758	2.612189	0.937914	-1.932745
0.317800	-163425.633720	-151747.713613	315173.347333	11677.920108	478598.981053	-0.454945	1.214785	2.406442
0.319600	-163398.469879	-151707.082260	315105.552138	11691.387619	478504.022017	1.810173	1.373150	0.451805
0.321400	-163371.867277	-151667.150561	315039.017838	11704.716716	478410.885114	-1.840615	1.549609	-1.494735
0.323200	-163345.813348	-151627.907868	314973.721216	11717.905479	478319.534564	0.935689	1.713784	2.840046
0.325000	-163320.295844	-151589.343635	314909.639479	11730.952208	478229.935323	3.033425	1.780115	0.879861
0.326800	-163295.302824	-151551.447418	314846.750241	11743.855406	478142.053065	-0.384114	1.903528	-1.073586
0.328600	-163270.822647	-151514.208877	314785.031523	11756.613770	478055.854170	1.863579	1.948361	-3.026074
0.330400	-163246.843962	-151477.617781	314724.461743	11769.226181	477971.305705	-2.276974	1.959174	1.292862
0.332200	-163223.355703	-151441.664006	314665.019709	11781.691696	477888.375411	0.478140	2.005207	-0.667679
0.334000	-163200.347074	-151406.337539	314606.684613	11794.009535	477807.031687	2.437916	1.951660	-2.624300
0.335800	-163177.807548	-151371.628476	314549.436024	11806.179073	477727.243572	-1.576871	1.914580	1.691324
0.337600	-163155.726858	-151337.527024	314493.253882	11818.199834	477648.980740	0.875626	1.872904	-0.276023
0.339400	-163134.094985	-151304.023506	314438.118490	11830.071479	477572.213475	2.698062	1.744067	-2.237183
0.341200	-163112.902156	-151271.108354	314384.010510	11841.793802	477496.912666	-1.244051	1.653663	2.075968
0.343000	-163092.138837	-151238.772117	314330.910954	11853.366720	477423.049791	0.906162	1.527626	0.102845
0.344800	-163071.795722	-151207.005458	314278.801180	11864.790264	477350.596902	2.654695	1.337374	-1.864293
0.346600	-163051.863731	-151175.799153	314227.662884	11876.064578	477279.526615	-1.312464	1.188328	2.446879
0.348400	-163032.334003	-151145.144094	314177.478097	11887.189908	477209.812099	0.614862	0.987297	0.470519
0.350200	-163013.197886	-151115.031290	314128.229175	11898.166596	477141.427061	2.305581	0.741337	-1.504479
0.352000	-162994.446937	-151085.451862	314079.898798	11908.995075	477074.345735	-1.750280	0.532198	2.803898
0.353800	-162976.072913	-151056.397047	314032.469960	11919.675865	477008.542873	0.024975	0.266080	0.827110
0.355600	-162958.067765	-151027.858200	313985.925965	11930.209565	476943.993730	1.649024	-0.033830	-1.155509
0.357400	-162940.423636	-150999.826788	313940.250424	11940.596848	476880.674060	-2.520473	-0.301569	-3.134863
0.359200	-162923.132852	-150972.294393	313895.427244	11950.838459	476818.560096	-0.848580	-0.624303	1.170278
0.361000	-162906.187918	-150945.252711	313851.440629	11960.935207	476757.628547	0.692232	-0.977412	-0.815442
0.362800	-162889.581516	-150918.693554	313808.275070	11970.887962	476697.856587	2.684481	-1.301097	-2.800050
0.364600	-162873.306497	-150892.608846	313765.915343	11980.697651	476639.221841	-1.993745	-1.673432	1.498920
0.366400	-162857.355878	-150866.990623	313724.346502	11990.365255	476581.702380	-0.548387	-2.078631	-0.485269
0.368200	-162841.722838	-150841.831036	313683.553873	11999.891802	476525.276711	1.311856	-2.455876	-2.473887
0.370000	-162826.400710	-150817.122344	313643.523054	12009.278366	476469.923764	2.883350	-2.871765	1.818298
0.371800	-162811.382984	-150792.856920	313604.239904	12018.526064	476415.622888	-2.051606	2.956377	-0.168279
0.373600	-162796.663297	-150769.027247	313565.690544	12027.636050	476362.353840	-0.344833	2.526718	-2.158547
0.375400	-162782.235430	-150745.625916	313527.861346	12036.609514	476310.096777	1.223327	2.072318	2.132806
0.377200	-162768.093308	-150722.645628	313490.738937	12045.447680	476258.832245	2.487844	1.571747	0.137631
0.379000	-162754.230992	-150700.079192	313454.310184	12054.151799	476208.541176	-2.267995	1.089462	-1.854075
0.380800	-162740.642676	-150677.919524	313418.562200	12062.723152	476159.204876	-0.691307	0.599443	2.435952
0.382600	-162727.322687	-150656.159644	313383.482332	12071.163043	476110.805019	0.522544	0.060297	0.439539
0.384400	-162714.265479	-150634.792681	313349.058160	12079.472798	476063.323639	1.858130	-0.474683	-1.558385
0.386200	-162701.465628	-150613.811864	313315.277493	12087.653764	476016.743121	-2.868687	-1.001039	2.727370
0.388000	-162688.917834	-150593.210530	313282.128364	12095.707304	475971.046199	-1.656059	-1.570484	0.731588
0.389800	-162676.616913	-150572.982114	313249.599027	12103.634799	475926.215940	-0.488080	-2.155289	-1.268398
0.391600	-162664.557796	-150553.120156	313217.677952	12111.437641	475882.235748	0.965282	-2.722315	3.013987
0.393400	-162652.735527	-150533.618292	313186.353819	12119.117236	475839.089347	2.229882	2.967328	1.011610
0.395200	-162641.145260	-150514.470261	313155.615520	12126.674999	475796.760780	-2.992741	2.340799	-0.987682
0.397000	-162629.782253	-150495.669897	313125.452151	12134.112356	475755.234404	-1.732443	1.727538	-2.990259
0.398800	-162618.641871	-150477.211135	313095.853006	12141.430735	475714.494877	-0.407247	1.110138	1.289585
0.400600	-162607.719578	-150459.088003	313066.807581	12148.631576	475674.527160	0.627426	0.454545	-0.716872
0.402400	-162597.010940	-150441.294623	313038.305563	12155.716317	475635.316503	1.686479	-0.206535	-2.720392
0.404200	-162586.511616	-150423.825214	313010.336830	12162.686402	475596.848446	2.968193	-0.855179	1.557565
0.406000	-162576.217362	-150406.674085	312982.891447	12169.543277	475559.108809	-2.218474	-1.529009	-0.447690
0.407800	-162566.124025	-150389.835638	312955.959663	12176.288387	475522.083688	-1.282786	-2.229504	-2.457002
0.409600	-162556.227541	-150373.304364	312929.531905	12182.923177	475485.759446	-0.183597	-2.919662	1.818365
0.411400	-162546.523935	-150357.074846	312903.598781	12189.449089	475450.122715	0.986495	2.671371	-0.190284
0.413200	-162537.009316	-150341.141751	312878.151068	12195.867565	475415.160384	1.915344	1.947702	-2.197633
0.415000	-162527.679879	-150325.499838	312853.179716	12202.180041	475380.859595	2.822364	1.214113	2.074792
0.416800	-162518.531897	-150310.143947	312828.675844	12208.387950	475347.207741	-2.362431	0.492088	0.063601
0.418600	-162509.561725	-150295.069007	312804.630732	12214.492718	475314.192457	-1.346473	-0.244631	-1.948715
0.420400	-162500.765795	-150280.270028	312781.035823	12220.495767	475281.801619	-0.517387	-1.008605	2.323680
0.422200	-162492.140615	-150265.742104	312757.882720	12226.398511	475250.023335	0.381192	-1.771100	0.311922
0.424000	-162483.682767	-150251.480410	312735.163177	12232.202358	475218.845945	1.423117	-2.527387	-1.701361
0.425800	-162475.388906	-150237.480201	312712.869106	12237.908705	475188.258012	2.307951	2.978380	2.567173
0.427600	-162467.255756	-150223.736811	312690.992566	12243.518945	475158.248322	3.075242	2.181120	0.551960
0.429400	-162459.280111	-150210.245653	312669.525764	12249.034457	475128.805874	-2.326618	1.390351	-1.461882
0.431200	-162451.458833	-150197.002217	312648.461050	12254.456615	475099.919883	-1.367733	0.600030	2.806086
0.433000	-162443.788849	-150184.002069	312627.790918	12259.786780	475071.579767	-0.580734	-0.212912	0.790710
0.434800	-162436.267152	-150171.240849	312607.508001	12265.026302	475043.775152	0.140293	-1.039400	-1.227493
0.436600	-162428.890795	-150158.714271	312587.605066	12270.176524	475016.495861	0.987167	-1.858289	3.038556
0.438400	-162421.656896	-150146.418123	312568.075018	12275.238773	474989.731914	1.862931	-2.680571	1.020656
0.440200	-162414.562630	-150134.348262	312548.910892	12280.214367	474963.473521	2.576748	2.758717	-0.996341
0.442000	-162407.605232	-150122.500619	312530.105851	12285.104613	474937.711083	-3.028235	1.905281	-3.014944
0.443800	-162400.781995	-150110.871191	312511.653187	12289.910804	474912.435182	-2.229384	1.058990	1.248319
0.445600	-162394.090268	-150099.456047	312493.546316	12294.634221	474887.636584	-1.425652	0.207589	-0.771832
0.447400	-162387.527454	-150088.251321	312475.778775	12299.276133	474863.306229	-0.768931	-0.663674	-2.792544
0.449200	-162381.091010	-150077.253214	312458.344224	12303.837795	474839.435234	-0.135124	-1.542564	1.471233
0.451000	-162374.778445	-150066.457993	312441.236438	12308.320451	474816.014883	0.608353	-2.415078	-0.549947
0.452800	-162368.587320	-150055.861990	312424.449309	12312.725330	474793.036629	1.352253	2.990497	-2.571291
0.454600	-162362.515245	-150045.461597	312407.976843	12317.053648	474770.492088	1.963336	2.094809	1.688867
0.456400	-162356.559882	-150035.253274	312391.813156	12321.306608	474748.373038	2.550409	1.191784	-0.333989
0.458200	-162350.718937	-150025.233538	312375.952475	12325.485399	474726.671412	-3.048034	0.294337	-2.356337
0.460000	-162344.990165	-150015.398968	312360.389133	12329.591197	474705.379298	-2.354258	-0.606947	1.903728
0.461800	-162339.371367	-150005.746203	312345.117570	12333.625164	474684.488937	-1.779641	-1.524484	-0.119277
0.463600	-162333.860388	-149996.271941	312330.132329	12337.588447	474663.992716	-1.239323	-2.450151	-2.144348
0.465400	-162328.455117	-149986.972936	312315.428053	12341.482180	474643.883170	-0.615749	2.911935	2.114003
0.467200	-162323.153486	-149977.846001	312300.999487	12345.307485	474624.152973	0.034337	1.988972	0.088840
0.469000	-162317.953470	-149968.888003	312286.841473	12349.065466	474604.794942	0.580434	1.051849	-1.936225
0.470800	-162312.853083	-149960.095865	312272.948948	12352.757217	474585.802031	1.077344	0.105266	2.322147
0.472600	-162307.850381	-149951.466565	312259.316946	12356.383816	474567.167327	1.638294	-0.838222	0.295642
0.474400	-162302.943459	-149942.997131	312245.940590	12359.946328	474548.884049	2.245886	-1.781363	-1.730861
0.476200	-162298.130449	-149934.684647	312232.815096	12363.445803	474530.945546	2.771356	-2.736064	2.524831
0.478000	-162293.409523	-149926.526247	312219.935770	12366.883277	474513.345293	-3.052238	2.581578	0.497640
0.479800	-162288.778889	-149918.519115	312207.298003	12370.259774	474496.076892	-2.552689	1.616939	-1.529143
0.481600	-162284.236788	-149910.660486	312194.897275	12373.576302	474479.134063	-1.991877	0.654587	2.726227
0.483400	-162279.781502	-149902.947644	312182.729147	12376.833858	474462.510649	-1.481405	-0.316012	0.698434
0.485200	-162275.411343	-149895.377921	312170.789264	12380.033422	474446.200607	-1.049383	-1.298248	-1.330708
0.487000	-162271.124658	-149887.948696	312159.073354	12383.175962	474430.198012	-0.607047	-2.282575	2.923273
0.488800	-162266.919828	-149880.657395	312147.577223	12386.262433	474414.497051	-0.099674	3.019522	0.894420
0.490600	-162262.795265	-149873.501490	312136.296755	12389.293776	474399.092020	0.395509	2.034045	-1.134977
0.492400	-162258.749415	-149866.478497	312125.227911	12392.270918	474383.977326	0.811704	1.037463	3.119198
0.494200	-162254.780751	-149859.585978	312114.366729	12395.194774	474369.147480	1.206391	0.035480	1.089000
0.496000	-162250.887781	-149852.821537	312103.709318	12398.066244	474354.597099	1.654000	-0.963934	-0.941731
0.497800	-162247.069039	-149846.182823	312093.251863	12400.886216	474340.320902	2.126527	-1.964055	-2.972405
0.499600	-162243.323091	-149839.667526	312082.990617	12403.655566	474326.313708	2.536586	-2.973086	1.279556
0.501400	-162239.648530	-149833.273375	312072.921905	12406.375154	474312.570435	2.898133	2.293009	-0.750998
0.503200	-162236.043976	-149826.998145	312063.042120	12409.045831	474299.086096	-2.996847	1.276117	-2.782117
0.505000	-162232.508078	-149820.839645	312053.347723	12411.668433	474285.855801	-2.561779	0.261032	1.469282
0.506800	-162229.039511	-149814.795729	312043.835240	12414.243782	474272.874752	-2.154240	-0.759389	-0.562622
0.508600	-162225.636977	-149808.864285	312034.501263	12416.772692	474260.138240	-1.809242	-1.788839	-2.595423
0.510400	-162222.299203	-149803.043243	312025.342446	12419.255961	474247.641649	-1.470944	-2.821550	1.655376
0.512200	-162219.024941	-149797.330566	312016.355508	12421.694375	474235.380449	-1.087034	2.431133	-0.376966
0.514000	-162215.812968	-149791.724259	312007.537226	12424.088709	474223.350194	-0.690960	1.399258	-2.409804
0.515800	-162212.662084	-149786.222358	311998.884442	12426.439726	474211.546526	-0.347866	0.359753	1.840640
0.517600	-162209.571115	-149780.822937	311990.394051	12428.748178	474199.965166	-0.042166	-0.686119	-0.193061
0.519400	-162206.538907	-149775.524105	311982.063012	12431.014802	474188.601919	0.286589	-1.731795	-2.227028
0.521200	-162203.564332	-149770.324005	311973.888337	12433.240327	474177.452669	0.652824	-2.776108	2.022401
0.523000	-162200.646281	-149765.220813	311965.867094	12435.425468	474166.513376	0.997750	2.458489	-0.011773
0.524800	-162197.783670	-149760.212739	311957.996409	12437.570931	474155.780078	1.291360	1.402457	-2.045590
0.526600	-162194.975433	-149755.298024	311950.273457	12439.677409	474145.248890	1.575303	0.343258	2.203384
0.528400	-162192.220527	-149750.474943	311942.695470	12441.745585	474134.915997	1.894495	-0.714376	0.168450
0.530200	-162189.517929	-149745.741800	311935.259730	12443.776129	474124.777659	2.229692	-1.772609	-1.866430
0.532000	-162186.866636	-149741.096933	311927.963569	12445.769703	474114.830205	2.525849	-2.836670	2.381349
0.533800	-162184.265664	-149736.538707	311920.804371	12447.726957	474105.070034	2.785275	2.376607	0.346027
0.535600	-162181.714048	-149732.065518	311913.779567	12449.648530	474095.493615	3.055598	1.305954	-1.689003
0.537400	-162179.210845	-149727.675792	311906.886637	12451.535052	474086.097481	-2.924099	0.236717	2.558574
0.539200	-162176.755125	-149723.367983	311900.123108	12453.387142	474076.878233	-2.625953	-0.834954	0.522904
0.541000	-162174.345981	-149719.140574	311893.486554	12455.205407	474067.832535	-2.369964	-1.912694	-1.513154
0.542800	-162171.982521	-149714.992073	311886.974593	12456.990448	474058.957114	-2.133888	-2.994344	2.733422
0.544600	-162169.663871	-149710.921018	311880.584889	12458.742852	474050.248759	-1.875582	2.207784	0.697141
0.546400	-162167.389174	-149706.925974	311874.315148	12460.463200	474041.704322	-1.593844	1.127277	-1.339310
0.548200	-162165.157590	-149703.005530	311868.163121	12462.152060	474033.320711	-1.332087	0.043128	2.907286
0.550000	-162162.968296	-149699.158303	311862.126599	12463.809993	474025.094894	-1.107340	-1.046492	0.870795
0.551800	-162160.820483	-149695.382933	311856.203415	12465.437550	474017.023898	-0.888363	-2.138340	-1.166368
0.553600	-162158.713358	-149691.678087	311850.391445	12467.035271	474009.104803	-0.643561	3.054061	3.079448
0.555400	-162156.646146	-149688.042456	311844.688602	12468.603690	474001.334748	-0.386834	1.962830	1.042107
0.557200	-162154.618084	-149684.474753	311839.092837	12470.143331	473993.710922	-0.157363	0.867391	-0.995563
0.559000	-162152.628426	-149680.973718	311833.602144	12471.654707	473986.230570	0.043164	-0.232572	-3.032974
0.560800	-162150.676438	-149677.538112	311828.214550	12473.138325	473978.890988	0.247977	-1.333540	1.212723
0.562600	-162148.761402	-149674.166719	311822.928121	12474.594683	473971.689523	0.477268	-2.433477	-0.825260
0.564400	-162146.882614	-149670.858345	311817.740959	12476.024269	473964.623573	0.708517	2.748497	-2.863255
0.566200	-162145.039383	-149667.611819	311812.651202	12477.427564	473957.690585	0.910678	1.642994	1.381578
0.568000	-162143.231031	-149664.425990	311807.657021	12478.805041	473950.888052	1.091901	0.533932	-0.656996
0.569800	-162141.456894	-149661.299730	311802.756624	12480.157164	473944.213519	1.283541	-0.575363	-2.695274
0.571600	-162139.716321	-149658.231931	311797.948251	12481.484390	473937.664572	1.496027	-1.683889	1.549417
0.573400	-162138.008671	-149655.221504	311793.230175	12482.787167	473931.238846	1.703204	-2.794242	-0.489210
0.575200	-162136.333319	-149652.267383	311788.600702	12484.065936	473924.934021	1.882546	2.374511	-2.527854
0.577000	-162134.689650	-149649.368518	311784.058168	12485.321131	473918.747818	2.047748	1.257356	1.716174
0.578800	-162133.077060	-149646.523882	311779.600943	12486.553178	473912.678003	2.226379	0.140392	-0.323072
0.580600	-162131.494959	-149643.732465	311775.227424	12487.762494	473906.722384	2.421679	-0.976126	-2.362233
0.582400	-162129.942767	-149640.993275	311770.936043	12488.949492	473900.878810	2.607142	-2.094780	1.881560
0.584200	-162128.419916	-149638.305340	311766.725256	12490.114576	473895.145171	2.767288	3.066028	-0.157692
0.586000	-162126.925846	-149635.667704	311762.593551	12491.258142	473889.519397	2.918574	1.941595	-2.197022
0.587800	-162125.460012	-149633.079431	311758.539444	12492.380581	473883.999456	3.084266	0.817558	2.046404
0.589600	-162124.021877	-149630.539601	311754.561478	12493.482276	473878.583356	-3.020467	-0.306322	0.006622
0.591400	-162122.610915	-149628.047310	311750.658225	12494.563605	473873.269140	-2.854129	-1.432467	-2.033324
0.593200	-162121.226609	-149625.601673	311746.828282	12495.624937	473868.054891	-2.710298	-2.561947	2.209721
0.595000	-162119.868454	-149623.201819	311743.070273	12496.666635	473862.938727	-2.571622	2.590196	0.169804
0.596800	-162118.535952	-149620.846895	311739.382847	12497.689058	473857.918799	-2.418638	1.459632	-1.870228
0.598600	-162117.228618	-149618.536062	311735.764680	12498.692555	473852.993297	-2.256143	0.329013	2.372698
0.600400	-162115.945972	-149616.268499	311732.214471	12499.677473	473848.160443	-2.106571	-0.803864	0.332447
0.602200	-162114.687547	-149614.043398	311728.730946	12500.644149	473843.418493	-1.976744	-1.939710	-1.708119
0.604000	-162113.452884	-149611.859967	311725.312851	12501.592917	473838.765735	-1.849753	-3.076776	2.534337
0.605800	-162112.241531	-149609.717428	311721.958959	12502.524103	473834.200490	-1.709144	2.069826	0.493763
0.607600	-162111.053047	-149607.615017	311718.668064	12503.438029	473829.721111	-1.561356	0.933055	-1.546954
0.609400	-162109.886997	-149605.551987	311715.438984	12504.335010	473825.325981	-1.426488	-0.205878	2.695481
0.611200	-162108.742957	-149603.527601	311712.270558	12505.215355	473821.013515	-1.308901	-1.347449	0.654769
0.613000	-162107.620509	-149601.541139	311709.161647	12506.079370	473816.782156	-1.192757	-2.490008	-1.386277
0.614800	-162106.519243	-149599.591891	311706.111135	12506.927352	473812.630378	-1.064078	2.651069	2.855738
0.616600	-162105.438760	-149597.679164	311703.117924	12507.759596	473808.556684	-0.929707	1.508699	0.814589
0.618400	-162104.378664	-149595.802274	311700.180939	12508.576390	473804.559603	-0.807676	0.364307	-1.226745
0.620200	-162103.338571	-149593.960553	311697.299124	12509.378018	473800.637694	-0.700981	-0.782439	3.015180
0.622000	-162102.318099	-149592.153343	311694.471442	12510.164756	473796.789542	-0.594941	-1.930018	0.973977
0.623800	-162101.316879	-149590.380000	311691.696879	12510.936880	473793.013758	-0.477541	-3.077185	-1.067480
0.625600	-162100.334546	-149588.639890	311688.974436	12511.694656	473789.308982	-0.355418	2.058551	-3.108997
0.627400	-162099.370742	-149586.932393	311686.303135	12512.438349	473785.673876	-0.244616	0.909243	1.132586
0.629200	-162098.425116	-149585.256899	311683.682014	12513.168217	473782.107130	-0.147627	-0.242188	-0.909245
0.631000	-162097.497324	-149583.612810	311681.110133	12513.884514	473778.607457	-0.051072	-1.394359	-2.950996
0.632800	-162096.587029	-149581.999538	311678.586567	12514.587491	473775.173596	0.055793	-2.546160	1.290475
0.634600	-162095.693899	-149580.416508	311676.110407	12515.277391	473771.804307	0.166810	2.584964	-0.751393
0.636400	-162094.817611	-149578.863154	311673.680765	12515.954457	473768.498376	0.267656	1.431224	-2.793234
0.638200	-162093.957845	-149577.338921	311671.296766	12516.618923	473765.254610	0.356004	0.275557	1.447993
0.640000	-162093.114288	-149575.843265	311668.957553	12517.271023	473762.071841	0.443730	-0.880804	-0.594204
0.641800	-162092.286635	-149574.375651	311666.662286	12517.910984	473758.948920	0.540731	-2.036843	-2.636369
0.643600	-162091.474584	-149572.935554	311664.410138	12518.539029	473755.884721	0.641730	3.090088	1.604624
0.645400	-162090.677840	-149571.522460	311662.200300	12519.155380	473752.878140	0.733723	1.932338	-0.437665
0.647200	-162089.896114	-149570.135864	311660.031978	12519.760250	473749.928093	0.814286	0.772831	-2.479860
0.649000	-162089.129123	-149568.775269	311657.904392	12520.353854	473747.033515	0.893903	-0.387347	1.761045
0.650800	-162088.376587	-149567.440190	311655.816777	12520.936397	473744.193364	0.981726	-1.547250	-0.281431
0.652600	-162087.638234	-149566.130149	311653.768382	12521.508085	473741.406616	1.073591	-2.707312	-2.323908
0.654400	-162086.913794	-149564.844676	311651.758470	12522.069118	473738.672265	1.157741	2.414494	1.916697
0.656200	-162086.203007	-149563.583313	311649.786320	12522.619693	473735.989326	1.231288	1.251503	-0.125982
0.658000	-162085.505612	-149562.345608	311647.851221	12523.160004	473733.356833	1.303431	0.087844	-2.168554
0.659800	-162084.821359	-149561.131118	311645.952477	12523.690240	473730.773836	1.382817	-1.075586	2.072012
0.661600	-162084.149997	-149559.939409	311644.089406	12524.210588	473728.239403	1.466318	-2.239109	0.029277
0.663400	-162083.491284	-149558.770054	311642.261339	12524.721230	473725.752623	1.543421	2.879414	-2.013448
0.665200	-162082.844981	-149557.622635	311640.467616	12525.222346	473723.312597	1.610721	1.713268	2.226873
0.667000	-162082.210854	-149556.496740	311638.707594	12525.714113	473720.918448	1.676006	0.546441	0.183884
0.668800	-162081.588672	-149555.391968	311636.980639	12526.196704	473718.569311	1.747607	-0.620209	-1.859038
0.670600	-162080.978210	-149554.307921	311635.286131	12526.670289	473716.264341	1.823492	-1.786886	2.381182
0.672400	-162080.379246	-149553.244213	311633.623459	12527.135034	473714.002706	1.894202	-2.954529	0.338164
0.674200	-162079.791565	-149552.200461	311631.992026	12527.591104	473711.783591	1.955901	2.159654	-1.704804
0.676000	-162079.214952	-149551.176293	311630.391245	12528.038659	473709.606197	2.015003	0.989953	2.535295
0.677800	-162078.649199	-149550.171342	311628.820540	12528.477857	473707.469739	2.079419	-0.179627	0.492080
0.679600	-162078.094101	-149549.185246	311627.279347	12528.908854	473705.373448	2.148299	-1.349179	-1.551117
0.681400	-162077.549456	-149548.217654	311625.767110	12529.331801	473703.316566	2.213241	-2.519534	2.688796
0.683200	-162077.015068	-149547.268219	311624.283287	12529.746849	473701.298355	2.269891	2.592056	0.645484
0.685000	-162076.490743	-149546.336600	311622.827343	12530.154143	473699.318085	2.323419	1.419747	-1.397751
0.686800	-162075.976291	-149545.422464	311621.398754	12530.553827	473697.375045	2.381297	0.247501	2.842129
0.688600	-162075.471525	-149544.525482	311619.997007	12530.946043	473695.468533	2.443685	-0.924670	0.798730
0.690400	-162074.976264	-149543.645334	311618.621598	12531.330930	473693.597862	2.503351	-2.097490	-1.244669
0.692200	-162074.490328	-149542.781704	311617.272032	12531.708624	473691.762359	2.555508	3.011752	2.995012
0.694000	-162074.013540	-149541.934282	311615.947822	12532.079258	473689.961362	2.604015	1.837077	0.951443
0.695800	-162073.545729	-149541.102765	311614.648494	12532.442964	473688.194223	2.655938	0.662402	-1.092061
0.697600	-162073.086725	-149540.286855	311613.373579	12532.799870	473686.460304	2.712358	-0.512161	-3.135606
0.699400	-162072.636361	-149539.486258	311612.122619	12533.150103	473684.758981	2.767131	-1.687226	1.103989
0.701200	-162072.194476	-149538.700688	311610.895164	12533.493788	473683.089640	2.815257	-2.863298	-0.939581
0.703000	-162071.760909	-149537.929864	311609.690773	12533.831045	473681.451682	2.859325	2.243076	-2.983254
0.704800	-162071.335503	-149537.173508	311608.509011	12534.161995	473679.844515	2.905825	1.066197	1.256172
0.706600	-162070.918105	-149536.431350	311607.349455	12534.486755	473678.267560	2.956726	-0.110552	-0.787560
0.708400	-162070.508563	-149535.703123	311606.211686	12534.805440	473676.720249	3.006985	-1.287672	-2.831338
0.710200	-162070.106730	-149534.988566	311605.095296	12535.118164	473675.202026	3.051447	-2.465677	1.408044
0.712000	-162069.712460	-149534.287423	311603.999882	12535.425037	473673.712342	3.091591	2.638766	-0.635710
0.713800	-162069.325610	-149533.599442	311602.925052	12535.726168	473672.250662	3.133234	1.459890	-2.679531
0.715600	-162068.946041	-149532.924377	311601.870417	12536.021664	473670.816458	-3.104176	0.281148	1.559754
0.717400	-162068.573615	-149532.261985	311600.835599	12536.311630	473669.409214	-3.058132	-0.897849	-0.484144
0.719200	-162068.208198	-149531.612028	311599.820226	12536.596170	473668.028424	-3.016973	-2.077612	-2.528111
0.721000	-162067.849658	-149530.974274	311598.823932	12536.875384	473666.673589	-2.980309	3.025085	1.711070
0.722800	-162067.497865	-149530.348493	311597.846358	12537.149372	473665.344223	-2.943006	1.844398	-0.332883
0.724600	-162067.152692	-149529.734461	311596.887153	12537.418231	473664.039845	-2.901932	0.663838	-2.376867
0.726400	-162066.814014	-149529.131958	311595.945972	12537.682056	473662.759986	-2.859872	-0.516877	1.862285
0.728200	-162066.481709	-149528.540767	311595.022476	12537.940943	473661.504185	-2.821738	-1.698238	-0.181741
0.730000	-162066.155657	-149527.960676	311594.116333	12538.194982	473660.271990	-2.788108	-2.880302	-2.225841
0.731800	-162065.835740	-149527.391476	311593.227217	12538.444264	473659.062957	-2.754676	2.220561	2.013182
0.733600	-162065.521843	-149526.832965	311592.354808	12538.688878	473657.876650	-2.717918	1.038341	-0.030951
0.735400	-162065.213851	-149526.284940	311591.498792	12538.928911	473656.712643	-2.679590	-0.143951	-2.075107
0.737200	-162064.911655	-149525.747206	311590.658861	12539.164449	473655.570515	-2.644277	-1.326771	2.163895
0.739000	-162064.615144	-149525.219569	311589.834713	12539.395575	473654.449856	-2.613313	-2.510257	0.119741
0.740800	-162064.324211	-149524.701840	311589.026051	12539.622371	473653.350262	-2.583266	2.589132	-1.924465
0.742600	-162064.038752	-149524.193833	311588.232585	12539.844920	473652.271337	-2.550466	1.405403	2.314447
0.744400	-162063.758664	-149523.695365	311587.454028	12540.063299	473651.212692	-2.515662	0.221665	0.270177
0.746200	-162063.483844	-149523.206257	311586.690102	12540.277587	473650.173946	-2.482968	-0.962491	-1.774128
0.748000	-162063.214195	-149522.726335	311585.940530	12540.487860	473649.154725	-2.454371	-2.147263	2.464721
0.749800	-162062.949619	-149522.255425	311585.205044	12540.694194	473648.154662	-2.427282	2.950797	0.420424
0.751600	-162062.690019	-149521.793358	311584.483378	12540.896661	473647.173397	-2.398046	1.765699	-1.623894
0.753400	-162062.435303	-149521.339969	311583.775273	12541.095334	473646.210576	-2.366581	0.580635	2.614923
0.755200	-162062.185379	-149520.895095	311583.080473	12541.290284	473645.265852	-2.336369	-0.604743	0.570554
0.757000	-162061.940156	-149520.458575	311582.398731	12541.481581	473644.338886	-2.309856	-1.790681	-1.473859
0.758800	-162061.699545	-149520.030253	311581.729798	12541.669292	473643.429343	-2.285343	-2.977001	2.764865
0.760600	-162061.463461	-149519.609976	311581.073436	12541.853485	473642.536897	-2.259313	2.119842	0.720428
0.762400	-162061.231817	-149519.197591	311580.429408	12542.034226	473641.661224	-2.230966	0.933562	-1.324015
0.764200	-162061.004530	-149518.792952	311579.797482	12542.211578	473640.802011	-2.203134	-0.252939	2.914697
0.766000	-162060.781518	-149518.395912	311579.177430	12542.385606	473639.958948	-2.178500	-1.439932	0.870238
0.767800	-162060.562701	-149518.006329	311578.569030	12542.556372	473639.131731	-2.156189	-2.627325	-1.174255
0.769600	-162060.348000	-149517.624063	311577.972063	12542.723936	473638.320063	-2.133021	2.468395	3.064380
0.771400	-162060.137336	-149517.248977	311577.386314	12542.888359	473637.523650	-2.107592	1.281001	1.019833
0.773200	-162059.930635	-149516.880936	311576.811571	12543.049699	473636.742206	-2.082027	0.093465	-1.024725
0.775000	-162059.727822	-149516.519808	311576.247629	12543.208014	473635.975451	-2.059119	-1.094490	-3.069311
0.776800	-162059.528822	-149516.165462	311575.694285	12543.363360	473635.223107	-2.038708	-2.282847	1.169312
0.778600	-162059.333566	-149515.817772	311575.151338	12543.515793	473634.484904	-2.018041	2.811861	-0.875259
0.780400	-162059.141981	-149515.476613	311574.618594	12543.665368	473633.760576	-1.995325	1.623449	-2.919878
0.782200	-162058.954000	-149515.141862	311574.095862	12543.812138	473633.049862	-1.971950	0.434962	1.318682
0.784000	-162058.769554	-149514.813398	311573.582952	12543.956156	473632.352506	-1.950629	-0.753871	-0.725963
0.785800	-162058.588577	-149514.491105	311573.079681	12544.097472	473631.668258	-1.931859	-1.943098	-2.770647
0.787600	-162058.411003	-149514.174865	311572.585867	12544.236138	473630.996870	-1.913377	-3.132486	1.467871
0.789400	-162058.236768	-149513.864565	311572.101333	12544.372203	473630.338101	-1.893137	1.961359	-0.576791
0.791200	-162058.065810	-149513.560094	311571.625904	12544.505716	473629.691714	-1.871873	0.771996	-2.621483
0.793000	-162057.898067	-149513.261342	311571.159409	12544.636725	473629.057476	-1.852059	-0.417640	1.617011
0.794800	-162057.733478	-149512.968203	311570.701681	12544.765276	473628.435159	-1.834697	-1.607648	-0.427696
0.796600	-162057.571985	-149512.680569	311570.252554	12544.891415	473627.824539	-1.818103	-2.797855	-2.472450
0.798400	-162057.413528	-149512.398339	311569.811867	12545.015189	473627.225395	-1.800119	2.295146	1.765980
0.800200	-162057.258051	-149512.121410	311569.379461	12545.136640	473626.637512	-1.780863	1.104975	-0.278770
0.802000	-162057.105497	-149511.849684	311568.955181	12545.255813	473626.060678	-1.762498	-0.085400	-2.323544
0.803800	-162056.955812	-149511.583062	311568.538874	12545.372750	473625.494686	-1.746380	-1.276114	1.914877
0.805600	-162056.808942	-149511.321449	311568.130390	12545.487493	473624.939332	-1.731386	-2.467053	-0.129887
0.807400	-162056.664833	-149511.064750	311567.729583	12545.600084	473624.394416	-1.715427	2.625185	-2.174692
0.809200	-162056.523434	-149510.812873	311567.336307	12545.710561	473623.859742	-1.698090	1.434270	2.063677
0.811000	-162056.384694	-149510.565728	311566.950422	12545.818966	473623.335116	-1.681118	0.243215	0.018856
0.812800	-162056.248563	-149510.323226	311566.571789	12545.925337	473622.820351	-1.666111	-0.948140	-2.025992
0.814600	-162056.114991	-149510.085280	311566.200271	12546.029711	473622.315261	-1.652485	-2.139736	2.212351
0.816400	-162055.983931	-149509.851803	311565.835734	12546.132127	473621.819664	-1.638308	2.951812	0.167521
0.818200	-162055.855334	-149509.622713	311565.478048	12546.232621	473621.333382	-1.622777	1.760216	-1.877335
0.820000	-162055.729156	-149509.397927	311565.127083	12546.331229	473620.856239	-1.607174	0.568534	2.360985
0.821800	-162055.605350	-149509.177363	311564.782714	12546.427987	473620.388064	-1.593173	-0.623405	0.316115
0.823600	-162055.483872	-149508.960944	311564.444816	12546.522929	473619.928689	-1.580703	-1.815589	-1.728788
0.825400	-162055.364678	-149508.748590	311564.113268	12546.616089	473619.477947	-1.568093	-3.007848	2.509487
0.827200	-162055.247725	-149508.540225	311563.787951	12546.707500	473619.035676	-1.554235	2.083118	0.464589
0.829000	-162055.132971	-149508.335776	311563.468747	12546.797196	473618.601718	-1.539964	0.890855	-1.580325
0.830800	-162055.020375	-149508.135167	311563.155542	12546.885208	473618.175916	-1.526914	-0.301615	2.657943
0.832600	-162054.909895	-149507.938327	311562.848222	12546.971568	473617.758117	-1.515421	-1.494327	0.613031
0.834400	-162054.801493	-149507.745185	311562.546678	12547.056308	473617.348170	-1.504157	-2.687143	-1.431911
0.836200	-162054.695128	-149507.555672	311562.250800	12547.139456	473616.945928	-1.491845	2.403254	2.806316
0.838000	-162054.590763	-149507.369719	311561.960483	12547.221044	473616.551246	-1.478864	1.210455	0.761362
0.839800	-162054.488361	-149507.187260	311561.675621	12547.301101	473616.163982	-1.466718	0.017495	-1.283609
0.841600	-162054.387883	-149507.008229	311561.396112	12547.379654	473615.783996	-1.456073	-1.175692	2.954603
0.843400	-162054.289295	-149506.832562	311561.121857	12547.456733	473615.411151	-1.445953	-2.369006	0.909642
0.845200	-162054.192560	-149506.660195	311560.852755	12547.532365	473615.045315	-1.435035	2.720874	-1.135336
0.847000	-162054.097644	-149506.491066	311560.588710	12547.606577	473614.686353	-1.423307	1.527581	3.102855
0.848800	-162054.004512	-149506.325115	311560.329627	12547.679396	473614.334139	-1.412037	0.334170	1.057861
0.850600	-162053.913131	-149506.162282	311560.075413	12547.750848	473613.988543	-1.402128	-0.859446	-0.987153
0.852400	-162053.823467	-149506.002509	311559.825976	12547.820959	473613.649444	-1.392980	-2.053206	-3.032178
0.854200	-162053.735490	-149505.845737	311559.581227	12547.889753	473613.316717	-1.383303	3.036207	1.205995
0.856000	-162053.649166	-149505.691911	311559.341077	12547.957255	473612.990243	-1.372764	1.842458	-0.839025
0.857800	-162053.564465	-149505.540975	311559.105440	12548.023491	473612.669906	-1.362361	0.648632	-2.884055
0.859600	-162053.481357	-149505.392875	311558.874232	12548.088482	473612.355589	-1.353112	-0.545373	1.354103
0.861400	-162053.399811	-149505.247557	311558.647368	12548.152253	473612.047179	-1.344776	-1.739532	-0.690940
0.863200	-162053.319798	-149505.104970	311558.424768	12548.214827	473611.744566	-1.336194	-2.933726	-2.736002
0.865000	-162053.241289	-149504.965062	311558.206351	12548.276226	473611.447640	-1.326775	2.155292	1.502126
0.866800	-162053.164256	-149504.827783	311557.992039	12548.336473	473611.156294	-1.317219	0.961081	-0.542937
0.868600	-162053.088671	-149504.693083	311557.781754	12548.395587	473610.870424	-1.308585	-0.233279	-2.588008
0.870400	-162053.014506	-149504.560914	311557.575420	12548.453592	473610.589927	-1.300931	-1.427795	1.650116
0.872200	-162052.941736	-149504.431228	311557.372965	12548.510508	473610.314701	-1.293291	-2.622366	-0.394955
0.874000	-162052.870334	-149504.303979	311557.174314	12548.566355	473610.044648	-1.284914	2.466270	-2.440043
0.875800	-162052.800275	-149504.179121	311556.979396	12548.621153	473609.779670	-1.276193	1.271703	1.798054
0.877600	-162052.731532	-149504.056609	311556.788141	12548.674922	473609.519673	-1.268136	0.077017	-0.247044
0.879400	-162052.664081	-149503.936399	311556.600481	12548.727682	473609.264562	-1.261063	-1.117819	-2.292152
0.881200	-162052.597899	-149503.818448	311556.416347	12548.779450	473609.014245	-1.254228	-2.312729	1.945932
0.883000	-162052.532960	-149503.702713	311556.235673	12548.830247	473608.768633	-1.246798	2.775559	-0.099169
0.884800	-162052.469242	-149503.589153	311556.058395	12548.880090	473608.527637	-1.238894	1.580663	-2.144282
0.886600	-162052.406722	-149503.477726	311555.884448	12548.928996	473608.291170	-1.231399	0.385678	2.093789
0.888400	-162052.345377	-149503.368393	311555.713770	12548.976984	473608.059147	-1.224821	-0.809447	0.048668
0.890200	-162052.285185	-149503.261114	311555.546300	12549.024071	473607.831485	-1.218667	-2.004658	-1.996469
0.892000	-162052.226125	-149503.155852	311555.381977	12549.070273	473607.608101	-1.212090	3.083314	2.241581
0.893800	-162052.168175	-149503.052567	311555.220741	12549.115608	473607.388916	-1.204968	1.888113	0.196447
0.895600	-162052.111314	-149502.951222	311555.062536	12549.160092	473607.173850	-1.198028	0.692851	-1.848695
0.897400	-162052.055522	-149502.851782	311554.907304	12549.203739	473606.962826	-1.191891	-0.502533	2.389351
0.899200	-162052.000779	-149502.754211	311554.754990	12549.246568	473606.755768	-1.186302	-1.698015	0.344210
0.901000	-162051.947064	-149502.658473	311554.605538	12549.288591	473606.552602	-1.180478	-2.893512	-1.700946
0.902800	-162051.894360	-149502.564534	311554.458894	12549.329826	473606.353254	-1.174104	2.194192	2.537079
0.904600	-162051.842646	-149502.472360	311554.315006	12549.370286	473606.157652	-1.167709	0.998674	0.491918
0.906400	-162051.791904	-149502.381918	311554.173822	12549.409986	473605.965726	-1.161975	-0.196948	-1.553253
0.908200	-162051.742116	-149502.293176	311554.035292	12549.448940	473605.777408	-1.156860	-1.392671	2.684765
0.910000	-162051.693264	-149502.206101	311553.899364	12549.487163	473605.592628	-1.151687	-2.588423	0.639601
0.911800	-162051.645330	-149502.120662	311553.765992	12549.524668	473605.411321	-1.146011	2.499025	-1.405574
0.913600	-162051.598297	-149502.036829	311553.635125	12549.561468	473605.233422	-1.140160	1.303270	2.832433
0.915400	-162051.552148	-149501.954571	311553.506718	12549.597577	473605.058866	-1.134801	0.107430	0.787253
0.917200	-162051.506866	-149501.873858	311553.380725	12549.633008	473604.887591	-1.130084	-1.088508	-1.257940
0.919000	-162051.462436	-149501.794663	311553.257099	12549.667773	473604.719534	-1.125470	-2.284490	2.980052
0.920800	-162051.418841	-149501.716955	311553.135796	12549.701885	473604.554636	-1.120433	2.802724	0.934863
0.922600	-162051.376065	-149501.640708	311553.016773	12549.735357	473604.392837	-1.115116	1.606749	-1.110332
0.924400	-162051.334093	-149501.565893	311552.899986	12549.768200	473604.234079	-1.110123	0.410710	3.127656
0.926200	-162051.292910	-149501.492485	311552.785395	12549.800426	473604.078305	-1.105742	-0.785422	1.082460
0.928000	-162051.252501	-149501.420455	311552.672957	12549.832046	473603.925458	-1.101599	-1.981608	-0.962747
0.929800	-162051.212852	-149501.349779	311552.562631	12549.863072	473603.775483	-1.097142	3.105393	-3.007959
0.931600	-162051.173948	-149501.280432	311552.454380	12549.893516	473603.628328	-1.092342	1.909215	1.230015
0.933400	-162051.135775	-149501.212387	311552.348162	12549.923388	473603.483937	-1.087707	0.712992	-0.815201
0.935200	-162051.098320	-149501.145621	311552.243941	12549.952699	473603.342261	-1.083623	-0.483315	-2.860419
0.937000	-162051.061568	-149501.080110	311552.141678	12549.981459	473603.203247	-1.079871	-1.679684	1.377554
0.938800	-162051.025508	-149501.015830	311552.041337	12550.009678	473603.066845	-1.075928	-2.876059	-0.667666
0.940600	-162050.990125	-149500.952757	311551.942882	12550.037368	473602.933007	-1.071625	2.210760	-2.712893
0.942400	-162050.955407	-149500.890870	311551.846277	12550.064537	473602.801685	-1.067346	1.014366	1.525066
0.944200	-162050.921342	-149500.830146	311551.751488	12550.091197	473602.672830	-1.063527	-0.182100	-0.520166
0.946000	-162050.887917	-149500.770563	311551.658480	12550.117355	473602.546397	-1.060103	-1.378631	-2.565403
0.947800	-162050.855121	-149500.712099	311551.567220	12550.143022	473602.422340	-1.056606	-2.575179	1.672550
0.949600	-162050.822940	-149500.654734	311551.477675	12550.168206	473602.300615	-1.052769	2.511469	-0.372685
0.951400	-162050.791365	-149500.598447	311551.389812	12550.192918	473602.181177	-1.048846	1.314916	-2.417924
0.953200	-162050.760383	-149500.543218	311551.303601	12550.217165	473602.063984	-1.045275	0.118305	1.820023
0.955000	-162050.729983	-149500.489027	311551.219010	12550.240957	473601.948994	-1.042121	-1.078371	-0.225222
0.956800	-162050.700155	-149500.435854	311551.136009	12550.264302	473601.836164	-1.039009	-2.275074	-2.270473
0.958600	-162050.670888	-149500.383680	311551.054567	12550.287208	473601.725455	-1.035603	2.811416	1.967463
0.960400	-162050.642170	-149500.332487	311550.974657	12550.309684	473601.616827	-1.032030	1.614717	-0.077788
0.962200	-162050.613992	-149500.282255	311550.896247	12550.331737	473601.510240	-1.028698	0.417972	-2.123042
0.964000	-162050.586344	-149500.232968	311550.819312	12550.353376	473601.405656	-1.025775	-0.778834	2.114893
0.965800	-162050.559216	-149500.184606	311550.743822	12550.374609	473601.303038	-1.022985	-1.975675	0.069639
0.967600	-162050.532597	-149500.137154	311550.669751	12550.395443	473601.202348	-1.019972	3.110673	-1.975623
0.969400	-162050.506479	-149500.090593	311550.597072	12550.415885	473601.103551	-1.016741	1.913838	2.262301
0.971200	-162050.480851	-149500.044908	311550.525759	12550.435944	473601.006610	-1.013643	0.716970	0.217037
0.973000	-162050.455705	-149500.000080	311550.455786	12550.455625	473600.911491	-1.010919	-0.479955	-1.828231
0.974800	-162050.431032	-149499.956095	311550.387128	12550.474937	473600.818160	-1.008399	-1.676918	2.409689
0.976600	-162050.406823	-149499.912937	311550.319760	12550.493886	473600.726583	-1.005733	-2.873885	0.364424
0.978400	-162050.383068	-149499.870590	311550.253658	12550.512479	473600.636727	-1.002833	2.212340	-1.680846
0.980200	-162050.359760	-149499.829038	311550.188799	12550.530722	473600.548559	-0.999969	1.015358	2.557068
0.982000	-162050.336891	-149499.788268	311550.125158	12550.548623	473600.462049	-0.997422	-0.181673	0.511795
0.983800	-162050.314451	-149499.748263	311550.062714	12550.566187	473600.377164	-0.995126	-1.378746	-1.533484
0.985600	-162050.292432	-149499.709010	311550.001443	12550.583422	473600.293875	-0.992766	-2.575830	2.704423
0.987400	-162050.270828	-149499.670495	311549.941323	12550.600332	473600.212151	-0.990176	2.510280	0.659145
0.989200	-162050.249629	-149499.632704	311549.882333	12550.616925	473600.131963	-0.987546	1.313192	-1.386135
0.991000	-162050.228829	-149499.595623	311549.824452	12550.633206	473600.053282	-0.985163	0.116064	2.851770
0.992800	-162050.208420	-149499.559239	311549.767659	12550.649182	473599.976079	-0.983053	-1.081107	0.806490
0.994600	-162050.188395	-149499.523538	311549.711933	12550.664857	473599.900327	-0.980954	-2.278294	-1.238797
0.996400	-162050.168746	-149499.488508	311549.657254	12550.680237	473599.826000	-0.978655	2.807709	2.999100
0.998200	-162050.149466	-149499.454137	311549.603603	12550.695329	473599.753068	-0.976255	1.610524	0.953813
1.000000	-162050.130548	-149499.420411	311549.550960	12550.710137	473599.681508	-0.974030	0.413306	-1.091478
