0.100900	-8149.519437	-7749.135544	15898.654981	400.383892	24048.174418	-2.957931	-2.957361	-2.939302
0.101800	-8077.716879	-7677.473048	15755.189927	400.243831	23832.906806	-1.396874	-1.396960	-1.386146
0.102700	-8006.589704	-7606.487128	15613.076832	400.102576	23619.666537	-0.028191	-0.028771	-0.035017
0.103600	-7936.131516	-7536.171397	15472.302913	399.960119	23408.434429	1.149303	1.149058	1.132253
0.104500	-7866.335978	-7466.519526	15332.855504	399.816452	23199.191482	2.137553	2.137863	2.119370
0.105400	-7797.196814	-7397.525249	15194.722062	399.671565	22991.918876	2.938620	2.939204	2.923439
0.106300	-7728.707805	-7329.182357	15057.890162	399.525449	22786.597967	-2.728807	-2.728242	-2.741113
0.107200	-7660.862794	-7261.484700	14922.347494	399.378094	22583.210288	-2.296608	-2.296181	-2.308342
0.108100	-7593.655679	-7194.426186	14788.081866	399.229493	22381.737545	-2.046284	-2.045962	-2.059629
0.109000	-7527.080418	-7128.000782	14655.081200	399.079636	22182.161617	-1.976144	-1.975850	-1.992667
0.109900	-7461.131022	-7062.202510	14523.333532	398.928512	21984.464554	-2.084575	-2.084208	-2.102450
0.110800	-7395.801563	-6997.025448	14392.827011	398.776114	21788.628573	-2.369977	-2.369483	-2.383400
0.111700	-7331.086165	-6932.463733	14263.549898	398.622432	21594.636063	-2.830734	-2.830133	-2.831093
0.112600	-7266.979011	-6868.511554	14135.490565	398.467457	21402.469576	2.818205	2.818736	2.832984
0.113500	-7203.474335	-6805.163157	14008.637493	398.311178	21212.111828	2.012584	2.012735	2.027203
0.114400	-7140.566429	-6742.412842	13882.979271	398.153587	21023.545700	1.037290	1.036895	1.030441
0.115300	-7078.249636	-6680.254961	13758.504597	397.994675	20836.754232	-0.107019	-0.107589	-0.123376
0.116200	-7016.518353	-6618.683922	13635.202274	397.834431	20651.720627	-1.419438	-1.419401	-1.411184
0.117100	-6955.367030	-6557.694184	13513.061213	397.672846	20468.428243	-2.896806	-2.896193	-2.883756
0.118000	-6894.790169	-6497.280258	13392.070428	397.509911	20286.860597	1.746306	1.746296	1.729898
0.118900	-6834.782325	-6437.436710	13272.219035	397.345615	20107.001360	-0.057346	-0.057942	-0.052961
0.119800	-6775.338103	-6378.158153	13153.496255	397.179950	19928.834358	-2.021886	-2.021497	-2.012685
0.120700	-6716.452158	-6319.439253	13035.891411	397.012905	19752.343569	2.138543	2.138751	2.122667
0.121600	-6658.119198	-6261.274727	12919.393925	396.844471	19577.513123	-0.143249	-0.143832	-0.125948
0.122500	-6600.333978	-6203.659341	12803.993319	396.674637	19404.327297	-2.580307	-2.579700	-2.596272
0.123400	-6543.091304	-6146.587910	12689.679214	396.503395	19232.770518	1.110103	1.109677	1.124626
0.124300	-6486.386031	-6090.055298	12576.441329	396.330733	19062.827361	-1.635078	-1.634853	-1.649663
0.125200	-6430.213062	-6034.056419	12464.269481	396.156643	18894.482543	1.749838	1.749761	1.765678
0.126100	-6374.567347	-5978.586233	12353.153581	395.981114	18727.720928	-1.297477	-1.297443	-1.314622
0.127000	-6319.443886	-5923.639749	12243.083635	395.804136	18562.527521	1.787751	1.787687	1.804681
0.127900	-6264.837723	-5869.212023	12134.049747	395.625700	18398.887470	-1.556448	-1.556252	-1.567254
0.128800	-6210.743952	-5815.298157	12026.042109	395.445794	18236.786061	1.235593	1.235219	1.234918
0.129700	-6157.157710	-5761.893300	11919.051009	395.264410	18076.208719	-2.400992	-2.400431	-2.386966
0.130600	-6104.074181	-5708.992645	11813.066826	395.081536	17917.141007	0.103843	0.103257	0.087549
0.131500	-6051.488596	-5656.591433	11708.080029	394.897163	17759.568625	2.464726	2.465049	2.465647
0.132400	-5999.396229	-5604.684948	11604.081177	394.711280	17603.477405	-1.598052	-1.597829	-1.581255
0.133300	-5947.792398	-5553.268520	11501.060918	394.523878	17448.853316	0.484095	0.483484	0.476470
0.134200	-5896.672467	-5502.337521	11399.009988	394.334945	17295.682455	2.427135	2.427442	2.411466
0.135100	-5846.031842	-5451.887370	11297.919212	394.144472	17143.951054	-2.050338	-2.049878	-2.045391
0.136000	-5795.865974	-5401.913525	11197.779499	393.952449	16993.645473	-0.379685	-0.380136	-0.362123
0.136900	-5746.170354	-5352.411491	11098.581845	393.758864	16844.752199	1.156978	1.156529	1.163927
0.137800	-5696.940519	-5303.376812	11000.317331	393.563707	16697.257850	2.560531	2.560888	2.551055
0.138700	-5648.172045	-5254.805077	10902.977122	393.366968	16551.149167	-2.450929	-2.450316	-2.467947
0.139600	-5599.860551	-5206.691914	10806.552465	393.168637	16406.413016	-1.309772	-1.309659	-1.323301
0.140500	-5552.001697	-5159.032994	10711.034692	392.968703	16263.036389	-0.298016	-0.298469	-0.302494
0.141400	-5504.591184	-5111.824029	10616.415214	392.767155	16121.006398	0.585566	0.584952	0.589602
0.142300	-5457.624754	-5065.060771	10522.685525	392.563983	15980.310279	1.342224	1.341837	1.352574
0.143200	-5411.098187	-5018.739011	10429.837198	392.359176	15840.935385	1.973270	1.973224	1.986513
0.144100	-5365.007305	-4972.854581	10337.861887	392.152724	15702.869192	2.479876	2.480140	2.494950
0.145000	-5319.347969	-4927.403353	10246.751322	391.944616	15566.099291	2.863282	2.863717	2.877909
0.145900	-5274.116077	-4882.381236	10156.497313	391.734841	15430.613390	3.124578	3.125120	3.138496
0.146800	-5229.307568	-4837.784179	10067.091747	391.523389	15296.399315	-3.018198	-3.017633	-3.007813
0.147700	-5184.918418	-4793.608169	9978.526587	391.310249	15163.445005	-2.997585	-2.997000	-2.992527
0.148600	-5140.944641	-4749.849231	9890.793872	391.095410	15031.738513	-3.095592	-3.095029	-3.098940
0.149500	-5097.382288	-4706.503427	9803.885716	390.878861	14901.268004	2.972034	2.972527	2.959476
0.150400	-5054.227449	-4663.566857	9717.794307	390.660592	14772.021756	2.639909	2.640252	2.622907
0.151300	-5011.476249	-4621.035658	9632.511906	390.440591	14643.988155	2.192215	2.192281	2.179961
0.152200	-4969.124849	-4578.906001	9548.030850	390.218849	14517.155700	1.629984	1.629706	1.632931
0.153100	-4927.169449	-4537.174096	9464.343545	389.995353	14391.512994	0.954596	0.954009	0.970348
0.154000	-4885.606281	-4495.836188	9381.442469	389.770094	14267.048750	0.167384	0.166813	0.179621
0.154900	-4844.431616	-4454.888556	9299.320172	389.543060	14143.751788	-0.730590	-0.730761	-0.739768
0.155800	-4803.641757	-4414.327517	9217.969274	389.314240	14021.611031	-1.739017	-1.738578	-1.754813
0.156700	-4763.233044	-4374.149421	9137.382465	389.083624	13900.615509	-2.856984	-2.856402	-2.852361
0.157600	-4723.201850	-4334.350651	9057.552501	388.851200	13780.754352	2.200697	2.200718	2.217463
0.158500	-4683.544584	-4294.927627	8978.472211	388.616957	13662.016795	0.869174	0.868583	0.861281
0.159400	-4644.257686	-4255.876801	8900.134487	388.380886	13544.392174	-0.569049	-0.569278	-0.582270
0.160300	-4605.337633	-4217.194659	8822.532291	388.142974	13427.869924	-2.113206	-2.112642	-2.097664
0.161200	-4566.780931	-4178.877720	8745.658651	387.903210	13312.439582	2.523332	2.523528	2.524004
0.162100	-4528.584122	-4140.922537	8669.506659	387.661584	13198.090781	0.773859	0.773271	0.759145
0.163000	-4490.743780	-4103.325695	8594.069474	387.418085	13084.813254	-1.079190	-1.079124	-1.063783
0.163900	-4453.256510	-4066.083809	8519.340318	387.172701	12972.596828	-3.031924	-3.031374	-3.037535
0.164800	-4416.118950	-4029.193528	8445.312478	386.925422	12861.431429	1.198418	1.197881	1.192136
0.165700	-4379.327770	-3992.651534	8371.979304	386.676236	12751.307074	-0.954596	-0.954567	-0.940057
0.166600	-4342.879671	-3956.454538	8299.334208	386.425133	12642.213879	3.078741	3.079206	3.061581
0.167500	-4306.771383	-3920.599282	8227.370665	386.172101	12534.142048	0.730442	0.729817	0.746679
0.168400	-4270.999670	-3885.082541	8156.082211	385.917129	12427.081881	-1.713257	-1.712790	-1.727077
0.169300	-4235.561325	-3849.901118	8085.462442	385.660207	12321.023767	2.029925	2.029767	2.040808
0.170200	-4200.453170	-3815.051847	8015.505017	385.401323	12215.958187	-0.603675	-0.603817	-0.612926
0.171100	-4165.672059	-3780.531594	7946.203653	385.140465	12111.875712	2.951165	2.951525	2.959555
0.172000	-4131.214875	-3746.337250	7877.552125	384.877625	12008.766999	0.131361	0.130878	0.121920
0.172900	-4097.078528	-3712.465740	7809.544268	384.612789	11906.622797	-2.781866	-2.781324	-2.770596
0.173800	-4063.259962	-3678.914015	7742.173977	384.345947	11805.433939	0.498898	0.498335	0.484291
0.174700	-4029.756144	-3645.679057	7675.435201	384.077088	11705.191345	-2.595816	-2.595246	-2.578618
0.175600	-3996.564074	-3612.757874	7609.321948	383.806201	11605.886022	0.505745	0.505171	0.487418
0.176500	-3963.680779	-3580.147504	7543.828283	383.533275	11507.509061	-2.766791	-2.766227	-2.751281
0.177400	-3931.103311	-3547.845013	7478.948324	383.258298	11410.051636	0.158329	0.157800	0.151367
0.178300	-3898.828755	-3515.847494	7414.676249	382.981261	11313.505004	2.995417	2.995846	2.989989
0.179200	-3866.854219	-3484.152068	7351.006287	382.702151	11217.860507	-0.536679	-0.536916	-0.520594
0.180100	-3835.176841	-3452.755883	7287.932724	382.420958	11123.109564	2.130405	2.130348	2.112757
0.181000	-3803.793784	-3421.656113	7225.449897	382.137671	11029.243680	-1.571612	-1.571218	-1.565702
0.181900	-3772.702239	-3390.849960	7163.552198	381.852279	10936.254437	0.926888	0.926250	0.938343
0.182800	-3741.899422	-3360.334651	7102.234074	381.564771	10844.133496	-2.940376	-2.939775	-2.957421
0.183700	-3711.382578	-3330.107442	7041.490020	381.275136	10752.872598	-0.607055	-0.607262	-0.605292
0.184600	-3681.148975	-3300.165612	6981.314587	380.983363	10662.463561	1.644944	1.644588	1.661524
0.185500	-3651.195907	-3270.506466	6921.702374	380.689441	10572.898281	-2.465957	-2.465324	-2.476443
0.186400	-3621.520696	-3241.127336	6862.648032	380.393360	10484.168728	-0.373425	-0.373726	-0.386808
0.187300	-3592.120686	-3212.025579	6804.146265	380.095108	10396.266951	1.639157	1.638779	1.652637
0.188200	-3562.993249	-3183.198574	6746.191823	379.794674	10309.185071	-2.709261	-2.708665	-2.696821
0.189100	-3534.135778	-3154.643729	6688.779507	379.492049	10222.915285	-0.850873	-0.850869	-0.862544
0.190000	-3505.545695	-3126.358474	6631.904169	379.187221	10137.449863	0.930269	0.929658	0.914239
0.190900	-3477.220442	-3098.340263	6575.560706	378.880179	10052.781148	2.634318	2.634531	2.639875
0.191800	-3449.157489	-3070.586576	6519.744065	378.570913	9968.901554	-2.019741	-2.019178	-2.001524
0.192700	-3421.354327	-3043.094915	6464.449242	378.259411	9885.803568	-0.464241	-0.464470	-0.456857
0.193600	-3393.808471	-3015.862806	6409.671277	377.945665	9803.479748	1.017478	1.016874	1.006081
0.194500	-3366.517460	-2988.887799	6355.405259	377.629661	9721.922719	2.425376	2.425456	2.407406
0.195400	-3339.478857	-2962.167466	6301.646323	377.311391	9641.125181	-2.522768	-2.522138	-2.531196
0.196300	-3312.690247	-2935.699403	6248.389650	376.990844	9561.079897	-1.259401	-1.259126	-1.252300
0.197200	-3286.149237	-2909.481228	6195.630465	376.668009	9481.779702	-0.066906	-0.067339	-0.050064
0.198100	-3259.853458	-2883.510582	6143.364040	376.342875	9403.217498	1.055241	1.054617	1.071754
0.199000	-3233.800562	-2857.785128	6091.585690	376.015433	9325.386252	2.107601	2.107433	2.116573
0.199900	-3207.988224	-2832.302552	6040.290775	375.685672	9248.278999	3.090872	3.091285	3.089681
0.200800	-3182.414140	-2807.060559	5989.474699	375.353581	9171.888840	-2.277447	-2.276806	-2.287328
0.201700	-3157.076030	-2782.056879	5939.132909	375.019151	9096.208939	-1.430349	-1.429942	-1.445940
0.202600	-3131.971632	-2757.289262	5889.260894	374.682371	9021.232526	-0.650463	-0.650505	-0.668354
0.203500	-3107.098709	-2732.755478	5839.854187	374.343231	8946.952896	0.062792	0.062354	0.045041
0.204400	-3082.455041	-2708.453321	5790.908362	374.001720	8873.363404	0.710022	0.709410	0.693841
0.205300	-3058.038433	-2684.380604	5742.419037	373.657830	8800.457470	1.291872	1.291312	1.277744
0.206200	-3033.846708	-2660.535159	5694.381867	373.311549	8728.228575	1.809003	1.808644	1.796564
0.207100	-3009.877710	-2636.914843	5646.792553	372.962868	8656.670263	2.262059	2.261957	2.250780
0.208000	-2986.129305	-2613.517528	5599.646833	372.611777	8585.776137	2.651681	2.651816	2.640495
0.208900	-2962.599376	-2590.341110	5552.940486	372.258266	8515.539862	2.978469	2.978793	2.966601
0.209800	-2939.285829	-2567.383503	5506.669332	371.902325	8445.955161	-3.040163	-3.039710	-3.053493
0.210700	-2916.186587	-2544.642642	5460.829229	371.543945	8377.015817	-2.837272	-2.836738	-2.852459
0.211600	-2893.299596	-2522.116480	5415.416076	371.183117	8308.715672	-2.695476	-2.694898	-2.712404
0.212500	-2870.622819	-2499.802989	5370.425808	370.819829	8241.048626	-2.614225	-2.613626	-2.631922
0.213400	-2848.154237	-2477.700163	5325.854400	370.454074	8174.008637	-2.592975	-2.592374	-2.609469
0.214300	-2825.891853	-2455.806012	5281.697865	370.085841	8107.589718	-2.631185	-2.630599	-2.643693
0.215200	-2803.833688	-2434.118566	5237.952254	369.715122	8041.785941	-2.728306	-2.727754	-2.733648
0.216100	-2781.977780	-2412.635873	5194.613653	369.341907	7976.591433	-2.883748	-2.883265	-2.879826
0.217000	-2760.322187	-2391.356001	5151.678188	368.966186	7912.000375	-3.096896	-3.096519	-3.083876
0.217900	-2738.864986	-2370.277035	5109.142020	368.587951	7848.007006	2.916098	2.916317	2.933956
0.218800	-2717.604270	-2349.397077	5067.001346	368.207193	7784.605616	2.589487	2.589504	2.604549
0.219700	-2696.538151	-2328.714249	5025.252400	367.823902	7721.790551	2.207004	2.206785	2.210765
0.220600	-2675.664760	-2308.226689	4983.891450	367.438071	7659.556210	1.769019	1.768578	1.758564
0.221500	-2654.982245	-2287.932555	4942.914800	367.049689	7597.897045	1.275793	1.275200	1.257913
0.222400	-2634.488770	-2267.830020	4902.318790	366.658749	7536.807559	0.727631	0.727036	0.715874
0.223300	-2614.182517	-2247.917275	4862.099792	366.265242	7476.282310	0.125113	0.124716	0.129604
0.224200	-2594.061688	-2228.192528	4822.254216	365.869160	7416.315904	-0.530862	-0.530881	-0.513725
0.225100	-2574.124498	-2208.654005	4782.778502	365.470493	7356.903000	-1.239378	-1.238976	-1.226793
0.226000	-2554.369180	-2189.299946	4743.669126	365.069234	7298.038306	-1.999955	-1.999319	-2.006503
0.226900	-2534.793986	-2170.128611	4704.922597	364.665375	7239.716582	-2.812632	-2.812140	-2.830067
0.227800	-2515.397181	-2151.138275	4666.535456	364.258906	7181.932636	2.605848	2.605839	2.600609
0.228700	-2496.177049	-2132.327228	4628.504277	363.849822	7124.681326	1.689904	1.689383	1.704564
0.229600	-2477.131890	-2113.693777	4590.825667	363.438113	7067.957557	0.723888	0.723289	0.736772
0.230500	-2458.260019	-2095.236247	4553.496266	363.023771	7011.756284	-0.291810	-0.291918	-0.301659
0.231400	-2439.559766	-2076.952977	4516.512743	362.606790	6956.072509	-1.357588	-1.357085	-1.372963
0.232300	-2421.029481	-2058.842320	4479.871801	362.187161	6900.901281	-2.473100	-2.472529	-2.466115
0.233200	-2402.667524	-2040.902647	4443.570172	361.764877	6846.237696	2.646469	2.646437	2.663199
0.234100	-2384.472276	-2023.132345	4407.604621	361.339931	6792.076897	1.435540	1.434948	1.428656
0.235000	-2366.442129	-2005.529814	4371.971942	360.912315	6738.414071	0.176231	0.175881	0.160619
0.235900	-2348.575492	-1988.093469	4336.668961	360.482023	6685.244453	-1.131474	-1.131074	-1.121684
0.236800	-2330.870790	-1970.821743	4301.692533	360.049047	6632.563322	-2.485238	-2.484685	-2.471765
0.237700	-2313.326461	-1953.713080	4267.039541	359.613381	6580.366002	2.398899	2.398714	2.384493
0.238600	-2295.940959	-1936.765942	4232.706901	359.175018	6528.647860	0.952808	0.952200	0.946742
0.239500	-2278.712753	-1919.978803	4198.691556	358.733950	6477.404308	-0.539587	-0.539510	-0.521863
0.240400	-2261.640325	-1903.350152	4164.990477	358.290173	6426.630802	-2.075769	-2.075131	-2.080478
0.241300	-2244.722173	-1886.878494	4131.600667	357.843679	6376.322840	2.626564	2.626498	2.613274
0.242200	-2227.956808	-1870.562346	4098.519155	357.394462	6326.475963	1.000359	0.999732	1.016055
0.243100	-2211.342757	-1854.400241	4065.742997	356.942516	6277.085754	-0.668840	-0.668649	-0.669109
0.244000	-2194.878558	-1838.390722	4033.269280	356.487835	6228.147838	-2.381384	-2.380798	-2.395768
0.244900	-2178.562765	-1822.532351	4001.095117	356.030414	6179.657882	2.145412	2.145026	2.161141
0.245800	-2162.393947	-1806.823700	3969.217647	355.570246	6131.611593	0.347491	0.347096	0.344750
0.246700	-2146.370682	-1791.263355	3937.634038	355.107327	6084.004720	-1.493201	-1.492607	-1.504664
0.247600	-2130.491567	-1775.849917	3906.341484	354.641650	6036.833051	2.906878	2.906928	2.924489
0.248500	-2114.755209	-1760.581998	3875.337207	354.173211	5990.092416	0.984007	0.983413	0.973131
0.249400	-2099.160228	-1745.458224	3844.618452	353.702004	5943.778681	-0.981421	-0.981021	-0.983235
0.250300	-2083.705260	-1730.477235	3814.182495	353.228025	5897.887755	-2.987335	-2.987060	-2.973426
0.251200	-2068.388951	-1715.637682	3784.026633	352.751268	5852.415583	1.251235	1.250623	1.233904
0.252100	-2053.209960	-1700.938230	3754.148191	352.271730	5807.358151	-0.835550	-0.835225	-0.822022
0.253000	-2038.166962	-1686.377557	3724.544519	351.789405	5762.711481	-2.960166	-2.959875	-2.963957
0.253900	-2023.258641	-1671.954352	3695.212993	351.304290	5718.471635	1.159119	1.158506	1.153217
0.254800	-2008.483696	-1657.667317	3666.151013	350.816379	5674.634709	-1.044755	-1.044314	-1.030476
0.255700	-1993.840836	-1643.515167	3637.356003	350.325670	5631.196839	2.998049	2.998141	2.981270
0.256600	-1979.328785	-1629.496627	3608.825413	349.832158	5588.154198	0.717899	0.717374	0.734204
0.257500	-1964.946277	-1615.610438	3580.556715	349.335839	5545.502992	-1.598694	-1.598060	-1.610554
0.258400	-1950.692060	-1601.855349	3552.547408	348.836711	5503.239468	2.329908	2.329562	2.336382
0.259300	-1936.564891	-1588.230122	3524.795013	348.334769	5461.359904	-0.061289	-0.061381	-0.061199
0.260200	-1922.563542	-1574.733531	3497.297074	347.830011	5419.860616	-2.489228	-2.488735	-2.494124
0.261100	-1908.686796	-1561.364363	3470.051159	347.322434	5378.737955	1.329693	1.329061	1.339901
0.262000	-1894.933447	-1548.121413	3443.054859	346.812034	5337.988306	-1.170084	-1.169541	-1.182665
0.262900	-1881.302299	-1535.003490	3416.305789	346.298809	5297.608088	2.576858	2.576620	2.592534
0.263800	-1867.792171	-1522.009414	3389.801585	345.782757	5257.593756	0.006837	0.006743	-0.009254
0.264700	-1854.401891	-1509.138016	3363.539907	345.263875	5217.941797	-2.600097	-2.599690	-2.582599
0.265600	-1841.130298	-1496.388137	3337.518435	344.742161	5178.648733	1.044001	1.043434	1.027074
0.266500	-1827.976243	-1483.758629	3311.734873	344.217614	5139.711116	-1.631999	-1.631375	-1.614429
0.267400	-1814.938589	-1471.248358	3286.186946	343.690231	5101.125535	1.943976	1.943451	1.927223
0.268300	-1802.016207	-1458.856196	3260.872402	343.160011	5062.888609	-0.799463	-0.799079	-0.782142
0.269200	-1789.207981	-1446.581028	3235.789009	342.626952	5024.996990	2.709430	2.709265	2.692833
0.270100	-1776.512805	-1434.421751	3210.934556	342.091054	4987.447362	-0.100042	-0.100060	-0.082725
0.271000	-1763.929585	-1422.377270	3186.306855	341.552315	4950.236440	-2.940204	-2.939985	-2.956740
0.271900	-1751.457235	-1410.446501	3161.903736	341.010735	4913.360971	0.468707	0.468360	0.485914
0.272800	-1739.094682	-1398.628370	3137.723052	340.466312	4876.817734	-2.436054	-2.435576	-2.451839
0.273700	-1726.840861	-1386.921814	3113.762675	339.919047	4840.603536	0.909258	0.908725	0.925010
0.274600	-1714.694719	-1375.325780	3090.020499	339.368939	4804.715218	-2.058915	-2.058312	-2.071740
0.275500	-1702.655212	-1363.839224	3066.494437	338.815988	4769.149649	1.224083	1.223477	1.235251
0.276400	-1690.721308	-1352.461113	3043.182420	338.260195	4733.903728	-1.806460	-1.805821	-1.812609
0.277300	-1678.891981	-1341.190422	3020.082403	337.701559	4698.974384	1.415597	1.414978	1.417921
0.278200	-1667.166219	-1330.026138	2997.192358	337.140081	4664.358577	-1.676362	-1.675723	-1.672214
0.279100	-1655.543018	-1318.967256	2974.510274	336.575762	4630.053293	1.486081	1.485470	1.477143
0.280000	-1644.021384	-1308.012781	2952.034165	336.008603	4596.055549	-1.666212	-1.665581	-1.651854
0.280900	-1632.600332	-1297.161726	2929.762058	335.438606	4562.362390	1.437636	1.437034	1.421414
0.281800	-1621.278887	-1286.413116	2907.692003	334.865771	4528.970890	-1.773521	-1.772901	-1.756566
0.282700	-1610.056083	-1275.765984	2885.822067	334.290099	4495.878150	1.272254	1.271672	1.260374
0.283600	-1598.930965	-1265.219371	2864.150335	333.711594	4463.081300	-1.995898	-1.995314	-1.989789
0.284500	-1587.902584	-1254.772328	2842.674912	333.130256	4430.577496	0.992106	0.991590	0.995947
0.285400	-1576.970004	-1244.423915	2821.393919	332.546089	4398.363923	-2.331370	-2.330897	-2.342453
0.286300	-1566.132295	-1234.173201	2800.305497	331.959094	4366.437792	0.599776	0.599433	0.616479
0.287200	-1555.388538	-1224.019264	2779.407802	331.369274	4334.796340	-2.778388	-2.778158	-2.792844
0.288100	-1544.737822	-1213.961190	2758.699012	330.776631	4303.436833	0.097922	0.097895	0.106734
0.289000	-1534.179244	-1203.998074	2738.177318	330.181170	4272.356562	2.948067	2.947925	2.951269
0.289900	-1523.711912	-1194.129018	2717.840930	329.582893	4241.552842	-0.511617	-0.511249	-0.523563
0.290800	-1513.334941	-1184.353136	2697.688077	328.981804	4211.023018	2.284422	2.283917	2.301425
0.291700	-1503.047454	-1174.669548	2677.717002	328.377906	4180.764457	-1.227802	-1.227166	-1.238675
0.292600	-1492.848586	-1165.077382	2657.925967	327.771204	4150.774553	1.516619	1.516008	1.517473
0.293500	-1482.737475	-1155.575774	2638.313250	327.161701	4121.050725	-2.048618	-2.048081	-2.036311
0.294400	-1472.713273	-1146.163871	2618.877144	326.549402	4091.590417	0.645670	0.645373	0.629866
0.295300	-1462.775136	-1136.840825	2599.615961	325.934311	4062.391097	-2.970602	-2.970556	-2.959483
0.296200	-1452.922231	-1127.605797	2580.528027	325.316434	4033.450258	-0.327624	-0.327338	-0.323548
0.297100	-1443.153731	-1118.457956	2561.611686	324.695775	4004.765417	2.291224	2.290729	2.277079
0.298000	-1433.468818	-1109.396479	2542.865297	324.072339	3976.334114	-1.399782	-1.399146	-1.384140
0.298900	-1423.866683	-1100.420550	2524.287233	323.446133	3948.153916	1.170259	1.169737	1.168457
0.299800	-1414.346523	-1091.529363	2505.875886	322.817161	3920.222409	-2.567838	-2.567550	-2.579051
0.300700	-1404.907545	-1082.722116	2487.629661	322.185429	3892.537206	-0.047530	-0.047396	-0.030902
0.301600	-1395.548962	-1073.998017	2469.546979	321.550945	3865.095941	2.450822	2.450365	2.446959
0.302500	-1386.269995	-1065.356282	2451.626277	320.913713	3837.896272	-1.358413	-1.357752	-1.368636
0.303400	-1377.069874	-1056.796132	2433.866006	320.273742	3810.935880	1.091949	1.091456	1.108344
0.304300	-1367.947834	-1048.316798	2416.264632	319.631036	3784.212466	-2.762911	-2.762772	-2.765384
0.305200	-1358.903120	-1039.917516	2398.820636	318.985605	3757.723756	-0.357549	-0.357182	-0.369286
0.306100	-1349.934984	-1031.597530	2381.532514	318.337454	3731.467498	2.024439	2.023833	2.039606
0.307000	-1341.042684	-1023.356092	2364.398776	317.686592	3705.441460	-1.898427	-1.897866	-1.896313
0.307900	-1332.225486	-1015.192461	2347.417947	317.033025	3679.643433	0.440433	0.440333	0.426102
0.308800	-1323.482664	-1007.105901	2330.588564	316.376763	3654.071228	2.755861	2.755505	2.767030
0.309700	-1314.813498	-999.095685	2313.909182	315.717813	3628.722680	-1.233084	-1.232439	-1.223767
0.310600	-1306.217275	-991.161092	2297.378367	315.056183	3603.595643	1.041028	1.040615	1.026419
0.311500	-1297.693292	-983.301408	2280.994700	314.391883	3578.687991	-2.991159	-2.991206	-2.988783
0.312400	-1289.240848	-975.515927	2264.756774	313.724921	3553.997622	-0.761224	-0.760673	-0.745182
0.313300	-1280.859252	-967.803946	2248.663199	313.055306	3529.522451	1.449621	1.449068	1.441459
0.314200	-1272.547821	-960.164773	2232.712594	312.383048	3505.260415	-2.644767	-2.644600	-2.654054
0.315100	-1264.305876	-952.597720	2216.903596	311.708156	3481.209472	-0.477214	-0.476762	-0.461922
0.316000	-1256.132745	-945.102106	2201.234851	311.030639	3457.367597	1.671593	1.670992	1.677183
0.316900	-1248.027765	-937.677256	2185.705022	310.350509	3433.732787	-2.483113	-2.482856	-2.497400
0.317800	-1239.990278	-930.322503	2170.312781	309.667775	3410.303059	-0.375612	-0.375183	-0.373699
0.318700	-1232.019632	-923.037185	2155.056817	308.982447	3387.076448	1.712562	1.711951	1.729050
0.319600	-1224.115182	-915.820645	2139.935827	308.294536	3364.051009	-2.501365	-2.501143	-2.504373
0.320500	-1216.276290	-908.672236	2124.948525	307.604054	3341.224815	-0.451643	-0.451152	-0.464690
0.321400	-1208.502323	-901.591312	2110.093635	306.911011	3318.595958	1.578198	1.577623	1.586460
0.322300	-1200.792656	-894.577238	2095.369895	306.215418	3296.162551	-2.694156	-2.694084	-2.679383
0.323200	-1193.146670	-887.629382	2080.776052	305.517288	3273.922722	-0.701101	-0.700509	-0.707705
0.324100	-1185.563751	-880.747119	2066.310870	304.816632	3251.874620	1.273184	1.272730	1.261532
0.325000	-1178.043291	-873.929829	2051.973120	304.113462	3230.016411	-3.055537	-3.055701	-3.045354
0.325900	-1170.584690	-867.176900	2037.761589	303.407790	3208.346279	-1.118913	-1.118262	-1.104375
0.326800	-1163.187351	-860.487723	2023.675074	302.699629	3186.862426	0.801027	0.800817	0.794633
0.327700	-1155.850687	-853.861696	2009.712384	301.988991	3165.563071	2.702263	2.701832	2.690155
0.328600	-1148.574114	-847.298224	1995.872338	301.275890	3144.446452	-1.698773	-1.698205	-1.690500
0.329500	-1141.357054	-840.796715	1982.153769	300.560339	3123.510823	0.166627	0.166808	0.182681
0.330400	-1134.198936	-834.356585	1968.555521	299.842350	3102.754456	2.015669	2.015071	2.013627
0.331300	-1127.099193	-827.977255	1955.076447	299.121938	3082.175640	-2.436484	-2.436270	-2.449765
0.332200	-1120.057265	-821.658149	1941.715414	298.399116	3061.772679	-0.623412	-0.622821	-0.621675
0.333100	-1113.072598	-815.398700	1928.471298	297.673899	3041.543896	1.173116	1.172721	1.189786
0.334000	-1106.144644	-809.198343	1915.342987	296.946300	3021.487630	2.953473	2.953118	2.960254
0.334900	-1099.272857	-803.056523	1902.329379	296.216334	3001.602236	-1.565959	-1.565345	-1.576723
0.335800	-1092.456700	-796.972684	1889.429385	295.484016	2981.886085	0.180944	0.181178	0.172853
0.336700	-1085.695642	-790.946281	1876.641923	294.749360	2962.337565	1.911063	1.910466	1.921682
0.337600	-1078.989153	-784.976771	1863.965924	294.012382	2942.955078	-2.658102	-2.658086	-2.642209
0.338500	-1072.336714	-779.063616	1851.400330	293.273097	2923.737044	-0.959291	-0.958619	-0.958823
0.339400	-1065.737806	-773.206285	1838.944092	292.531521	2904.681898	0.723990	0.723913	0.711468
0.340300	-1059.191919	-767.404251	1826.596170	291.787668	2885.788089	2.390645	2.390085	2.386546
0.341200	-1052.698547	-761.656991	1814.355538	291.041556	2867.054084	-2.242189	-2.241931	-2.228617
0.342100	-1046.257188	-755.963988	1802.221176	290.293200	2848.478363	-0.606493	-0.605885	-0.591332
0.343000	-1039.867346	-750.324730	1790.192076	289.542616	2830.059423	1.015002	1.014762	1.014412
0.343900	-1033.528531	-744.738710	1778.267241	288.789821	2811.795772	2.621037	2.620536	2.608865
0.344800	-1027.240257	-739.205425	1766.445681	288.034832	2793.685938	-2.072202	-2.071843	-2.076667
0.345700	-1021.002042	-733.724376	1754.726418	287.277666	2775.728461	-0.497258	-0.496665	-0.485041
0.346600	-1014.813411	-728.295071	1743.108483	286.518340	2757.921894	1.063808	1.063546	1.080206
0.347500	-1008.673893	-722.917022	1731.590915	285.756871	2740.264807	2.610834	2.610308	2.614815
0.348400	-1002.583020	-717.589743	1720.172764	284.993277	2722.755784	-2.140012	-2.139702	-2.149595
0.349300	-996.540332	-712.312757	1708.853089	284.227575	2705.393421	-0.622409	-0.621751	-0.631143
0.350200	-990.545371	-707.085587	1697.630959	283.459784	2688.176330	0.880842	0.880723	0.886274
0.351100	-984.597685	-701.907765	1686.505450	282.689921	2671.103135	2.370108	2.369520	2.386735
0.352000	-978.696827	-696.778823	1675.475650	281.918005	2654.172477	-2.437407	-2.437318	-2.424526
0.352900	-972.842353	-691.698300	1664.540653	281.144054	2637.383006	-0.975006	-0.974313	-0.976060
0.353800	-967.033825	-686.665739	1653.699564	280.368087	2620.733390	0.473930	0.474108	0.463311
0.354700	-961.270810	-681.680687	1642.951497	279.590122	2604.222306	1.908831	1.908292	1.902847
0.355600	-955.552876	-676.742696	1632.295572	278.810180	2587.848448	-2.953517	-2.953757	-2.945309
0.356500	-949.879600	-671.851321	1621.730921	278.028279	2571.610521	-1.545853	-1.545304	-1.528338
0.357400	-944.250560	-667.006122	1611.256683	277.244438	2555.507243	-0.150454	-0.149937	-0.137232
0.358300	-938.665341	-662.206664	1600.872004	276.458677	2539.537345	1.232599	1.232332	1.232746
0.359200	-933.123529	-657.452513	1590.576042	275.671015	2523.699571	2.602493	2.601966	2.592992
0.360100	-927.624717	-652.743243	1580.367961	274.881474	2507.992678	-2.324346	-2.324202	-2.331522
0.361000	-922.168502	-648.078430	1570.246932	274.090072	2492.415434	-0.981003	-0.980310	-0.976149
0.361900	-916.754484	-643.457654	1560.212137	273.296830	2476.966621	0.350177	0.350459	0.366024
0.362800	-911.382267	-638.880498	1550.262765	272.501769	2461.645032	1.669533	1.669071	1.686346
0.363700	-906.051460	-634.346552	1540.398012	271.704908	2446.449472	2.976878	2.976440	2.984728
0.364600	-900.761676	-629.855407	1530.617084	270.906269	2431.378760	-2.011187	-2.010873	-2.014723
0.365500	-895.512532	-625.406659	1520.919192	270.105873	2416.431724	-0.728271	-0.727555	-0.737057
0.366400	-890.303649	-620.999908	1511.303557	269.303741	2401.607206	0.542539	0.542757	0.538448
0.367300	-885.134651	-616.634757	1501.769408	268.499893	2386.904059	1.801317	1.800840	1.808363
0.368200	-880.005166	-612.310814	1492.315980	267.694352	2372.321146	3.048267	3.047839	3.064746
0.369100	-874.914828	-608.027689	1482.942516	266.887139	2357.857344	-1.999346	-1.999065	-1.981602
0.370000	-869.863272	-603.784997	1473.648268	266.078275	2343.511540	-0.774719	-0.774013	-0.764253
0.370900	-864.850138	-599.582356	1464.432494	265.267782	2329.282632	0.438987	0.439297	0.438813
0.371800	-859.875071	-595.419388	1455.294458	264.455683	2315.169529	1.641364	1.640986	1.634175
0.372700	-854.937717	-591.295718	1446.233435	263.641999	2301.171152	2.832032	2.831547	2.825949
0.373600	-850.037728	-587.210976	1437.248704	262.826753	2287.286433	-2.272083	-2.271973	-2.269688
0.374500	-845.174759	-583.164793	1428.339553	262.009966	2273.514312	-1.104021	-1.103352	-1.091205
0.375400	-840.348469	-579.156806	1419.505275	261.191662	2259.853744	0.053648	0.054171	0.072523
0.376300	-835.558518	-575.186654	1410.745172	260.371864	2246.303690	1.201144	1.200998	1.218635
0.377200	-830.804573	-571.253980	1402.058553	259.550593	2232.863126	2.338281	2.337727	2.348397
0.378100	-826.086303	-567.358430	1393.444732	258.727873	2219.531035	-2.818386	-2.818625	-2.817262
0.379000	-821.403380	-563.499652	1384.903032	257.903727	2206.306412	-1.702540	-1.702097	-1.707329
0.379900	-816.755480	-559.677301	1376.432781	257.078178	2193.188261	-0.597202	-0.596462	-0.601978
0.380800	-812.142282	-555.891032	1368.033315	256.251250	2180.175597	0.497825	0.498171	0.498867
0.381700	-807.563470	-552.140505	1359.703975	255.422965	2167.267445	1.582663	1.582354	1.592438
0.382600	-803.018729	-548.425381	1351.444110	254.593347	2154.462838	2.657427	2.656882	2.674715
0.383500	-798.507748	-544.745327	1343.253075	253.762420	2141.760823	-2.560859	-2.560989	-2.540557
0.384400	-794.030220	-541.100012	1335.130232	252.930208	2129.160451	-1.505527	-1.505024	-1.487727
0.385300	-789.585841	-537.489107	1327.074947	252.096734	2116.660788	-0.459549	-0.458822	-0.448360
0.386200	-785.174310	-533.912287	1319.086597	251.262023	2104.260906	0.577060	0.577398	0.580526
0.387100	-780.795328	-530.369231	1311.164560	250.426097	2091.959888	1.604077	1.603806	1.602006
0.388000	-776.448603	-526.859620	1303.308223	249.588983	2079.756825	2.621282	2.620765	2.618158
0.388900	-772.133841	-523.383138	1295.516978	248.750703	2067.650819	-2.654510	-2.654689	-2.653796
0.389800	-767.850754	-519.939472	1287.790226	247.911282	2055.640979	-1.656652	-1.656229	-1.648802
0.390700	-763.599057	-516.528312	1280.127369	247.070745	2043.726426	-0.667917	-0.667174	-0.652449
0.391600	-759.378467	-513.149352	1272.527819	246.229115	2031.906286	0.312029	0.312533	0.332846
0.392500	-755.188705	-509.802287	1264.990992	245.386419	2020.179698	1.283315	1.283238	1.305614
0.393400	-751.029495	-506.486816	1257.516311	244.542679	2008.545806	2.245899	2.245399	2.265768
0.394300	-746.900563	-503.202641	1250.103204	243.697922	1997.003766	-3.083487	-3.083899	-3.068749
0.395200	-742.801637	-499.949466	1242.751103	242.852171	1985.552741	-2.138479	-2.138369	-2.129731
0.396100	-738.732451	-496.726999	1235.459450	242.005453	1974.191901	-1.202176	-1.201538	-1.198415
0.397000	-734.692740	-493.534949	1228.227688	241.157791	1962.920428	-0.274475	-0.273714	-0.273259
0.397900	-730.682240	-490.373029	1221.055269	240.309211	1951.737510	0.644681	0.645077	0.646511
0.398800	-726.700694	-487.240955	1213.941649	239.459738	1940.642342	1.555296	1.555130	1.560759
0.399700	-722.747843	-484.138445	1206.886288	238.609398	1929.634131	2.457386	2.456888	2.468554
0.400600	-718.823434	-481.065220	1199.888655	237.758214	1918.712089	-2.932126	-2.932487	-2.914669
0.401500	-714.927217	-478.021003	1192.948220	236.906214	1907.875437	-2.046646	-2.046514	-2.023912
0.402400	-711.058942	-475.005520	1186.064462	236.053422	1897.123404	-1.169085	-1.168465	-1.143315
0.403300	-707.218363	-472.018501	1179.236864	235.199863	1886.455227	-0.299215	-0.298454	-0.273197
0.404200	-703.405238	-469.059675	1172.464913	234.345563	1875.870151	0.563065	0.563532	0.586761
0.405100	-699.619325	-466.128777	1165.748102	233.490548	1865.367427	1.417718	1.417667	1.437359
0.406000	-695.860386	-463.225543	1159.085929	232.634843	1854.946316	2.264633	2.264196	2.279651
0.406900	-692.128186	-460.349713	1152.477899	231.778473	1844.606085	3.103724	3.103286	3.114714
0.407800	-688.422491	-457.501026	1145.923517	230.921466	1834.346009	-2.348191	-2.348248	-2.339734
0.408700	-684.743072	-454.679227	1139.422298	230.063845	1824.165370	-1.524638	-1.524178	-1.516729
0.409600	-681.089698	-451.884062	1132.973760	229.205637	1814.063459	-0.708642	-0.707853	-0.699241
0.410500	-677.462146	-449.115279	1126.577425	228.346867	1804.039571	0.099949	0.100684	0.112570
0.411400	-673.860192	-446.372629	1120.232821	227.487562	1794.093012	0.901237	0.901578	0.918243
0.412300	-670.283613	-443.655866	1113.939479	226.627747	1784.223093	1.695278	1.695124	1.717149
0.413200	-666.732193	-440.964745	1107.696938	225.767448	1774.429131	2.482120	2.481656	2.508638
0.414100	-663.205715	-438.299023	1101.504738	224.906691	1764.710452	-3.021350	-3.021766	-2.991006
0.415000	-659.703963	-435.658461	1095.362425	224.045502	1755.066388	-2.248634	-2.248679	-2.215729
0.415900	-656.226728	-433.042822	1089.269550	223.183907	1745.496279	-1.482758	-1.482322	-1.448785
0.416800	-652.773800	-430.451869	1083.225669	222.321931	1735.999469	-0.723569	-0.722803	-0.690010
0.417700	-649.344970	-427.885370	1077.230341	221.459600	1726.575311	0.029038	0.029813	0.060943
0.418600	-645.940035	-425.343094	1071.283129	220.596941	1717.223164	0.775097	0.775564	0.804538
0.419500	-642.558791	-422.824812	1065.383603	219.733979	1707.942394	1.514580	1.514591	1.541283
0.420400	-639.201038	-420.330297	1059.531335	218.870740	1698.732373	2.247436	2.247080	2.271668
0.421300	-635.866577	-417.859326	1053.725902	218.007251	1689.592479	2.973634	2.973183	2.996120
0.422200	-632.555212	-415.411674	1047.966886	217.143537	1680.522098	-2.589991	-2.590221	-2.568222
0.423100	-629.266748	-412.987124	1042.253871	216.279624	1671.520619	-1.876986	-1.876791	-1.854780
0.424000	-626.000993	-410.585455	1036.586448	215.415538	1662.587441	-1.170412	-1.169792	-1.146652
0.424900	-622.757757	-408.206452	1030.964209	214.551305	1653.721967	-0.470137	-0.469286	-0.443863
0.425800	-619.536852	-405.849902	1025.386754	213.686951	1644.923606	0.223954	0.224741	0.253475
0.426700	-616.338092	-403.515591	1019.853683	212.822501	1636.191775	0.911939	0.912402	0.945192
0.427600	-613.161292	-401.203310	1014.364602	211.957982	1627.525894	1.593867	1.593893	1.631095
0.428500	-610.006270	-398.912851	1008.919121	211.093420	1618.925391	2.269773	2.269441	2.310995
0.429400	-606.872847	-396.644007	1003.516854	210.228839	1610.389700	2.939704	2.939241	2.984740
0.430300	-603.760842	-394.396575	998.157418	209.364267	1601.918260	-2.679452	-2.679770	-2.630961
0.431200	-600.670081	-392.170353	992.840434	208.499729	1593.510515	-2.021220	-2.021183	-1.969776
0.432100	-597.600389	-389.965139	987.565528	207.635250	1585.165916	-1.368663	-1.368207	-1.314872
0.433000	-594.551592	-387.780736	982.332328	206.770856	1576.883920	-0.721657	-0.720888	-0.666170
0.433900	-591.523520	-385.616946	977.140467	205.906574	1568.663987	-0.080105	-0.079248	-0.023546
0.434800	-588.516004	-383.473576	971.989580	205.042428	1560.505585	0.556060	0.556751	0.613159
0.435700	-585.528877	-381.350432	966.879309	204.178444	1552.408186	1.186864	1.187205	1.244126
0.436600	-582.561972	-379.247324	961.809296	203.314648	1544.371269	1.812312	1.812253	1.869546
0.437500	-579.615127	-377.164062	956.779189	202.451066	1536.394316	2.432401	2.432039	2.489608
0.438400	-576.688180	-375.100458	951.788638	201.587722	1528.476817	3.047140	3.046681	3.104493
0.439300	-573.780969	-373.056327	946.837296	200.724642	1520.618265	-2.626624	-2.626942	-2.568820
0.440200	-570.893337	-371.031485	941.924822	199.861852	1512.818159	-2.022457	-2.022450	-1.963814
0.441100	-568.025126	-369.025750	937.050876	198.999377	1505.076002	-1.423463	-1.423059	-1.363552
0.442000	-565.176182	-367.038941	932.215123	198.137241	1497.391305	-0.829547	-0.828811	-0.767933
0.442900	-562.346351	-365.070879	927.417230	197.275472	1489.763581	-0.240624	-0.239726	-0.176876
0.443800	-559.535480	-363.121388	922.656868	196.414092	1482.192348	0.343380	0.344219	0.409679
0.444700	-556.743420	-361.190292	917.933712	195.553128	1474.677132	0.922517	0.923098	0.991777
0.445600	-553.970021	-359.277417	913.247438	194.692605	1467.217460	1.496822	1.497033	1.569450
0.446500	-551.215137	-357.382591	908.597728	193.832547	1459.812866	2.066324	2.066165	2.142719
0.447400	-548.478622	-355.505643	903.984266	192.972979	1452.462888	2.631055	2.630638	2.711601
0.448300	-545.760332	-353.646405	899.406737	192.113927	1445.167069	-3.092126	-3.092615	-3.007075
0.449200	-543.060124	-351.804710	894.864834	191.255414	1437.924958	-2.536784	-2.537143	-2.446926
0.450100	-540.377857	-349.980391	890.358248	190.397466	1430.736105	-1.986019	-1.986091	-1.891120
0.451000	-537.713391	-348.173284	885.886676	189.540107	1423.600067	-1.439735	-1.439447	-1.339635
0.451900	-535.066589	-346.383227	881.449817	188.683362	1416.516406	-0.897826	-0.897213	-0.792445
0.452800	-532.437314	-344.610059	877.047373	187.827255	1409.484687	-0.360195	-0.359380	-0.249515
0.453700	-529.825430	-342.853621	872.679051	186.971810	1402.504481	0.173247	0.174082	0.289197
0.454600	-527.230804	-341.113753	868.344557	186.117051	1395.575361	0.702570	0.703239	0.823739
0.455500	-524.653303	-339.390300	864.043603	185.263004	1388.696906	1.227829	1.228186	1.354168
0.456400	-522.092797	-337.683106	859.775903	184.409691	1381.868699	1.749066	1.749046	1.880544
0.457300	-519.549155	-335.992018	855.541173	183.557137	1375.090328	2.266316	2.265948	2.402935
0.458200	-517.022249	-334.316884	851.339133	182.705366	1368.361382	2.779620	2.779013	2.921411
0.459100	-514.511953	-332.657552	847.169505	181.854401	1361.681459	-2.994160	-2.994841	-2.847138
0.460000	-512.018141	-331.013874	843.032015	181.004266	1355.050156	-2.488594	-2.489172	-2.336264
0.460900	-509.540688	-329.385702	838.926390	180.154985	1348.467078	-1.986793	-1.987122	-1.829075
0.461800	-507.079471	-327.772889	834.852361	179.306582	1341.931832	-1.488673	-1.488671	-1.325491
0.462700	-504.634369	-326.175291	830.809660	178.459079	1335.444029	-0.994145	-0.993814	-0.825432
0.463600	-502.205261	-324.592762	826.798023	177.612500	1329.003285	-0.503119	-0.502541	-0.328819
0.464500	-499.792029	-323.025161	822.817190	176.766868	1322.609218	-0.015512	-0.014832	0.164427
0.465400	-497.394553	-321.472347	818.866900	175.922206	1316.261453	0.468749	0.469360	0.654386
0.466300	-495.012717	-319.934180	814.946897	175.078537	1309.959614	0.949725	0.950105	1.141133
0.467200	-492.646406	-318.410522	811.056928	174.235884	1303.703334	1.427468	1.427498	1.624745
0.468100	-490.295505	-316.901235	807.196740	173.394270	1297.492245	1.902023	1.901652	2.105296
0.469000	-487.959901	-315.406184	803.366085	172.553717	1291.325987	2.373431	2.372687	2.582859
0.469900	-485.639482	-313.925234	799.564717	171.714248	1285.204199	2.841739	2.840718	3.057506
0.470800	-483.334138	-312.458252	795.792390	170.875885	1279.126528	-2.976184	-2.977334	-2.753879
0.471700	-481.043757	-311.005106	792.048863	170.038651	1273.092621	-2.513901	-2.515017	-2.284856
0.472600	-478.768232	-309.565665	788.333898	169.202567	1267.102130	-2.054519	-2.055451	-1.818545
0.473500	-476.507456	-308.139800	784.647256	168.367656	1261.154712	-1.597947	-1.598590	-1.354877
0.474400	-474.261321	-306.727382	780.988703	167.533939	1255.250025	-1.144085	-1.144402	-0.893790
0.475300	-472.029723	-305.328284	777.358007	166.701439	1249.387730	-0.692828	-0.692856	-0.435218
0.476200	-469.812557	-303.942381	773.754938	165.870177	1243.567495	-0.244069	-0.243912	0.020902
0.477100	-467.609720	-302.569547	770.179267	165.040174	1237.788987	0.202294	0.202483	0.474633
0.478000	-465.421110	-301.209659	766.630769	164.211452	1232.051879	0.646363	0.646407	0.926036
0.478900	-463.246626	-299.862594	763.109220	163.384031	1226.355846	1.088228	1.087962	1.375174
0.479800	-461.086167	-298.528232	759.614399	162.557935	1220.700566	1.527981	1.527277	1.822109
0.480700	-458.939635	-297.206453	756.146087	161.733182	1215.085722	1.965706	1.964498	2.266900
0.481600	-456.806931	-295.897137	752.704067	160.909794	1209.510998	2.401493	2.399788	2.709611
0.482500	-454.687958	-294.600166	749.288124	160.087792	1203.976083	2.835438	2.833316	-3.132884
0.483400	-452.582621	-293.315424	745.898045	159.267197	1198.480667	-3.015537	-3.017938	-2.694152
0.484300	-450.490824	-292.042796	742.533620	158.448028	1193.024444	-2.584938	-2.587443	-2.257318
0.485200	-448.412472	-290.782166	739.194638	157.630307	1187.607111	-2.155808	-2.158237	-1.822319
0.486100	-446.347474	-289.533421	735.880895	156.814052	1182.228369	-1.727985	-1.730182	-1.389093
0.487000	-444.295735	-288.296450	732.592185	155.999285	1176.887919	-1.301287	-1.303150	-0.957580
0.487900	-442.257165	-287.071140	729.328305	155.186025	1171.585469	-0.875512	-0.877014	-0.527714
0.488800	-440.231673	-285.857381	726.089054	154.374292	1166.320727	-0.450443	-0.451638	-0.099435
0.489700	-438.219169	-284.655065	722.874234	153.564105	1161.093403	-0.025853	-0.026874	0.327323
0.490600	-436.219566	-283.464082	719.683647	152.755484	1155.903213	0.398496	0.397458	0.752624
0.491500	-434.232774	-282.284326	716.517100	151.948448	1150.749873	0.822847	0.821567	1.176533
0.492400	-432.258707	-281.115690	713.374397	151.143016	1145.633104	1.247441	1.245701	1.599114
0.493300	-430.297278	-279.958070	710.255348	150.339208	1140.552627	1.672521	1.670149	2.020435
0.494200	-428.348403	-278.811361	707.159764	149.537042	1135.508167	2.098324	2.095227	2.440561
0.495100	-426.411997	-277.675461	704.087457	148.736536	1130.499454	2.525081	2.521273	2.859560
0.496000	-424.487975	-276.550265	701.038241	147.937710	1125.526216	2.953012	2.948626	-3.005686
0.496900	-422.576256	-275.435675	698.011931	147.140581	1120.588187	-2.900863	-2.905581	-2.588739
0.497800	-420.676757	-274.331589	695.008346	146.345168	1115.685103	-2.469993	-2.474716	-2.172716
0.498700	-418.789397	-273.237907	692.027304	145.551490	1110.816701	-2.037424	-2.041782	-1.757550
0.499600	-416.914095	-272.154532	689.068627	144.759563	1105.982721	-1.603073	-1.606717	-1.343172
0.500500	-415.050771	-271.081366	686.132137	143.969405	1101.182908	-1.166940	-1.169603	-0.929517
0.501400	-413.199347	-270.018312	683.217659	143.181035	1096.417007	-0.729136	-0.730687	-0.516516
0.502300	-411.359745	-268.965275	680.325020	142.394470	1091.684764	-0.289910	-0.290383	-0.104106
0.503200	-409.531886	-267.922160	677.454046	141.609726	1086.985931	0.150337	0.150741	0.307779
0.504100	-407.715694	-266.888873	674.604567	140.826821	1082.320260	0.591038	0.591993	0.719199
0.505000	-405.911093	-265.865321	671.776414	140.045772	1077.687506	1.031484	1.032606	1.130213
0.505900	-404.118008	-264.851412	668.969419	139.266596	1073.087427	1.470855	1.471790	1.540879
0.506800	-402.336363	-263.847054	666.183418	138.489309	1068.519781	1.908286	1.908784	1.951249
0.507700	-400.566086	-262.852158	663.418244	137.713928	1063.984331	2.342931	2.342895	2.361370
0.508600	-398.807103	-261.866634	660.673737	136.940469	1059.480840	2.774031	2.773533	2.771286
0.509500	-397.059341	-260.890392	657.949733	136.168949	1055.009075	-3.082213	-3.082965	-3.102152
0.510400	-395.322729	-259.923346	655.246075	135.399382	1050.568803	-2.659874	-2.660588	-2.692543
0.511300	-393.597194	-258.965408	652.562603	134.631786	1046.159797	-2.242394	-2.242763	-2.283047
0.512200	-391.882667	-258.016492	649.899160	133.866175	1041.781827	-1.829864	-1.829628	-1.873650
0.513100	-390.179078	-257.076513	647.255591	133.102565	1037.434670	-1.422223	-1.421224	-1.464345
0.514000	-388.486357	-256.145386	644.631743	132.340972	1033.118101	-1.019299	-1.017501	-1.055131
0.514900	-386.804436	-255.223026	642.027463	131.581410	1028.831899	-0.620832	-0.618331	-0.646017
0.515800	-385.133247	-254.309352	639.442599	130.823895	1024.575846	-0.226509	-0.223516	-0.237022
0.516700	-383.472722	-253.404281	636.877003	130.068440	1020.349724	0.164023	0.167209	0.171829
0.517600	-381.822794	-252.507731	634.330525	129.315062	1016.153319	0.551135	0.554163	0.580506
0.518500	-380.183397	-251.619623	631.803020	128.563774	1011.986417	0.935211	0.937718	0.988969
0.519400	-378.554466	-250.739875	629.294340	127.814591	1007.848806	1.316645	1.318289	1.397176
0.520300	-376.935935	-249.868408	626.804343	127.067527	1003.740278	1.695838	1.696335	1.805083
0.521200	-375.327740	-249.005145	624.332885	126.322595	999.660625	2.073213	2.072356	2.212641
0.522100	-373.729817	-248.150007	621.879824	125.579810	995.609642	2.449217	2.446894	2.619805
0.523000	-372.142103	-247.302918	619.445021	124.839184	991.587124	2.824339	2.820539	3.026531
0.523900	-370.564534	-246.463802	617.028336	124.100733	987.592871	-3.084059	-3.089247	-2.850406
0.524800	-368.997050	-245.632582	614.629631	123.364468	983.626681	-2.708979	-2.715375	-2.444670
0.525700	-367.439587	-244.809184	612.248771	122.630403	979.688357	-2.332866	-2.340218	-2.039472
0.526600	-365.892084	-243.993534	609.885618	121.898550	975.777703	-1.954841	-1.962844	-1.634830
0.527500	-364.354482	-243.185558	607.540040	121.168924	971.894522	-1.573836	-1.582159	-1.230752
0.528400	-362.826719	-242.385185	605.211904	120.441535	968.038624	-1.188550	-1.196867	-0.827236
0.529300	-361.308737	-241.592341	602.901078	119.716397	964.209815	-0.797397	-0.805418	-0.424269
0.530200	-359.800476	-240.806955	600.607431	118.993521	960.407907	-0.398462	-0.405962	-0.021829
0.531100	-358.301877	-240.028957	598.330834	118.272920	956.632711	0.010505	0.003658	0.380117
0.532000	-356.812883	-239.258276	596.071159	117.554606	952.884041	0.431992	0.425825	0.781610
0.532900	-355.333435	-238.494844	593.828279	116.838590	949.161713	0.868421	0.862869	1.182700
0.533800	-353.863476	-237.738592	591.602067	116.124884	945.465543	1.321489	1.316455	1.583442
0.534700	-352.402950	-236.989450	589.392400	115.413500	941.795351	1.791075	1.786545	1.983898
0.535600	-350.951801	-236.247353	587.199154	114.704448	938.150955	2.274000	2.270186	2.384131
0.536500	-349.509972	-235.512233	585.022205	113.997739	934.532177	2.763523	2.760917	2.784206
0.537400	-348.077409	-234.784025	582.861433	113.293384	930.938842	-3.032632	-3.033385	-3.098999
0.538300	-346.654056	-234.062661	580.716717	112.591394	927.370773	-2.556812	-2.555171	-2.699051
0.539200	-345.239859	-233.348079	578.587937	111.891780	923.827796	-2.098080	-2.093821	-2.299082
0.540100	-343.834764	-232.640212	576.474976	111.194552	920.309740	-1.658749	-1.652005	-1.899043
0.541000	-342.438718	-231.938998	574.377716	110.499719	916.816433	-1.238366	-1.229547	-1.498896
0.541900	-341.051666	-231.244374	572.296040	109.807293	913.347707	-0.834974	-0.824648	-1.098615
0.542800	-339.673558	-230.556276	570.229834	109.117282	909.903392	-0.446093	-0.434897	-0.698183
0.543700	-338.304340	-229.874644	568.178983	108.429696	906.483323	-0.069274	-0.057852	-0.297600
0.544600	-336.943960	-229.199415	566.143374	107.744545	903.087334	0.297662	0.308693	0.103122
0.545500	-335.592367	-228.530528	564.122895	107.061838	899.715262	0.656571	0.666642	0.503956
0.546400	-334.249509	-227.867925	562.117434	106.381584	896.366943	1.009014	1.017612	0.904866
0.547300	-332.915337	-227.211544	560.126881	105.703793	893.042218	1.356305	1.362980	1.305801
0.548200	-331.589799	-226.561327	558.151127	105.028472	889.740926	1.699580	1.703948	1.706705
0.549100	-330.272846	-225.917216	556.190062	104.355631	886.462909	2.039855	2.041594	2.107516
0.550000	-328.964429	-225.279152	554.243580	103.685277	883.208009	2.378087	2.376939	2.508168
0.550900	-327.664497	-224.647077	552.311575	103.017420	879.976072	2.715237	2.711000	2.908599
0.551800	-326.373003	-224.020936	550.393939	102.352067	876.766942	3.052337	3.044866	-2.974435
0.552700	-325.089897	-223.400671	548.490568	101.689226	873.580466	-2.892604	-2.903406	-2.574614
0.553600	-323.815132	-222.786227	546.601360	101.028905	870.416492	-2.551738	-2.565923	-2.175161
0.554500	-322.548660	-222.177549	544.726209	100.371112	867.274869	-2.206314	-2.223884	-1.776102
0.555400	-321.290434	-221.574581	542.865015	99.715853	864.155448	-1.853657	-1.874546	-1.377449
0.556300	-320.040406	-220.977269	541.017675	99.063137	861.058081	-1.489908	-1.513932	-0.979197
0.557200	-318.798530	-220.385560	539.184090	98.412969	857.982619	-1.109324	-1.136033	-0.581326
0.558100	-317.564759	-219.799400	537.364159	97.765358	854.928918	-0.703224	-0.731564	-0.183802
0.559000	-316.339047	-219.218737	535.557784	97.120310	851.896831	-0.258858	-0.286410	0.213421
0.559900	-315.121349	-218.643518	533.764867	96.477831	848.886216	0.239918	0.218214	0.610400
0.560800	-313.911619	-218.073692	531.985311	95.837928	845.896930	0.803786	0.795902	1.007199
0.561700	-312.709813	-217.509206	530.219019	95.200607	842.928832	1.414941	1.426201	1.403887
0.562600	-311.515885	-216.950011	528.465896	94.565874	839.981780	2.018018	2.043259	1.800531
0.563500	-310.329790	-216.396056	526.725846	93.933735	837.055636	2.563700	2.592934	2.197198
0.564400	-309.151486	-215.847291	524.998776	93.304195	834.150262	3.042481	3.069750	2.593945
0.565300	-307.980927	-215.303666	523.284593	92.677261	831.265521	-2.815465	-2.791951	2.990824
0.566200	-306.818071	-214.765133	521.583204	92.052938	828.401276	-2.428042	-2.408257	-2.895317
0.567100	-305.662874	-214.231644	519.894518	91.431231	825.557392	-2.066636	-2.050052	-2.498085
0.568000	-304.515294	-213.703149	518.218443	90.812145	822.733736	-1.723316	-1.709384	-2.100660
0.568900	-303.375286	-213.179602	516.554888	90.195684	819.930175	-1.392835	-1.381128	-1.703057
0.569800	-302.242810	-212.660955	514.903766	89.581855	817.146576	-1.071655	-1.061893	-1.305302
0.570700	-301.117823	-212.147162	513.264986	88.970661	814.382809	-0.757304	-0.749352	-0.907440
0.571600	-300.000283	-211.638177	511.638460	88.362107	811.638744	-0.447973	-0.441831	-0.509527
0.572500	-298.890149	-211.133953	510.024102	87.756197	808.914251	-0.142257	-0.138053	-0.111626
0.573400	-297.787379	-210.634445	508.421824	87.152935	806.209204	0.161026	0.163031	0.286194
0.574300	-296.691933	-210.139608	506.831541	86.552325	803.523474	0.462964	0.462370	0.683866
0.575200	-295.603769	-209.649398	505.253167	85.954371	800.856936	0.764684	0.760923	1.081330
0.576100	-294.522847	-209.163770	503.686617	85.359077	798.209464	1.067503	1.059794	1.478532
0.577000	-293.449127	-208.682681	502.131808	84.766447	795.580935	1.373145	1.360416	1.875434
0.577900	-292.382569	-208.206087	500.588656	84.176482	792.971225	1.684124	1.664868	2.272015
0.578800	-291.323133	-207.733945	499.057079	83.589188	790.380212	2.004475	1.976505	2.668268
0.579700	-290.270780	-207.266214	497.536993	83.004566	787.807773	2.341337	2.301333	3.064207
0.580600	-289.225470	-206.802850	496.028319	82.422620	785.253789	2.708692	2.651441	-2.823323
0.581500	-288.187164	-206.343812	494.530976	81.843352	782.718139	3.137058	3.054826	-2.427907
0.582400	-287.155823	-205.889059	493.044882	81.266765	780.200706	-2.585964	-2.696524	-2.032675
0.583300	-286.131410	-205.438549	491.569959	80.692861	777.701369	-1.781753	-1.857267	-1.637562
0.584200	-285.113886	-204.992242	490.106128	80.121644	775.220014	-0.877479	-0.819196	-1.242500
0.585100	-284.103212	-204.550098	488.653310	79.553114	772.756522	-0.209413	-0.117830	-0.847423
0.586000	-283.099351	-204.112077	487.211428	78.987273	770.310779	0.266868	0.347834	-0.452271
0.586900	-282.102265	-203.678140	485.780405	78.424125	767.882670	0.651831	0.718654	-0.056991
0.587800	-281.111917	-203.248247	484.360163	77.863670	765.472080	0.991908	1.046594	0.338452
0.588700	-280.128269	-202.822360	482.950628	77.305909	763.078897	1.307382	1.351927	0.734081
0.589600	-279.151285	-202.400439	481.551724	76.750845	760.703009	1.608005	1.643832	1.129898
0.590500	-278.180927	-201.982449	480.163376	76.198479	758.344303	1.898953	1.927004	1.525889
0.591400	-277.217160	-201.568349	478.785510	75.648811	756.002670	2.183222	2.204089	1.922020
0.592300	-276.259947	-201.158104	477.418051	75.101843	753.677998	2.462677	2.476691	2.318244
0.593200	-275.309252	-200.751676	476.060928	74.557576	751.370180	2.738563	2.745848	2.714504
0.594100	-274.365038	-200.349029	474.714067	74.016009	749.079105	3.011779	3.012268	3.110734
0.595000	-273.427271	-199.950126	473.377397	73.477145	746.804667	-3.000150	-3.006726	-2.776316
0.595900	-272.495914	-199.554931	472.050845	72.940983	744.546759	-2.730218	-2.744371	-2.380336
0.596800	-271.570932	-199.163409	470.734342	72.407523	742.305274	-2.460951	-2.483525	-1.984565
0.597700	-270.652291	-198.775525	469.427815	71.876766	740.080106	-2.191537	-2.223878	-1.589041
0.598600	-269.739954	-198.391243	468.131197	71.348711	737.871151	-1.920784	-1.965080	-1.193785
0.599500	-268.833888	-198.010528	466.844416	70.823360	735.678305	-1.646649	-1.706631	-0.798800
0.600400	-267.934058	-197.633347	465.567405	70.300710	733.501463	-1.364987	-1.447620	-0.404071
0.601300	-267.040429	-197.259666	464.300095	69.780763	731.340524	-1.065496	-1.185861	-0.009567
0.602200	-266.152967	-196.889450	463.042417	69.263517	729.195384	-0.713018	-0.913684	0.384759
0.603100	-265.271639	-196.522667	461.794305	68.748972	727.065944	-0.080113	-0.567690	0.778965
0.604000	-264.396409	-196.159283	460.555692	68.237127	724.952101	1.946425	2.504132	1.173111
0.604900	-263.527246	-195.799265	459.326511	67.727981	722.853756	2.656928	2.870016	1.567263
0.605800	-262.664114	-195.442581	458.106695	67.221533	720.770810	3.015213	3.139738	1.961478
0.606700	-261.806982	-195.089199	456.896181	66.717783	718.703163	-2.972250	-2.887623	2.355808
0.607600	-260.955815	-194.739087	455.694902	66.216728	716.650717	-2.698448	-2.637099	2.750288
0.608500	-260.110581	-194.392213	454.502794	65.718368	714.613375	-2.435227	-2.389602	-3.138247
0.609400	-259.271247	-194.048546	453.319793	65.222700	712.591040	-2.178220	-2.144314	-2.743424
0.610300	-258.437780	-193.708056	452.145835	64.729724	710.583615	-1.925415	-1.900910	-2.348445
0.611200	-257.610148	-193.370710	450.980858	64.239438	708.591006	-1.675782	-1.659293	-1.953342
0.612100	-256.788318	-193.036479	449.824798	63.751839	706.613116	-1.428777	-1.419503	-1.558164
0.613000	-255.972259	-192.705333	448.677592	63.266926	704.649851	-1.184134	-1.181692	-1.162966
0.613900	-255.161938	-192.377242	447.539180	62.784697	702.701119	-0.941778	-0.946140	-0.767809
0.614800	-254.357324	-192.052175	446.409500	62.305149	700.766824	-0.701807	-0.713294	-0.372753
0.615700	-253.558385	-191.730105	445.288490	61.828280	698.846875	-0.464520	-0.483870	0.022148
0.616600	-252.765089	-191.411001	444.176090	61.354088	696.941179	-0.230514	-0.259037	0.416854
0.617500	-251.977405	-191.094835	443.072240	60.882570	695.049646	-0.000915	-0.040814	0.811339
0.618400	-251.195302	-190.781578	441.976881	60.413724	693.172183	0.222067	0.167026	1.205595
0.619300	-250.418749	-190.471203	440.889952	59.947547	691.308701	0.433602	0.356560	1.599630
0.620200	-249.647715	-190.163680	439.811395	59.484035	689.459110	0.621022	0.508141	1.993473
0.621100	-248.882169	-189.858982	438.741151	59.023187	687.623320	0.738219	0.558777	2.387165
0.622000	-248.122081	-189.557082	437.679163	58.564998	685.801244	0.453407	0.233264	2.780757
0.622900	-247.367419	-189.257953	436.625372	58.109467	683.992791	-1.005589	-0.678847	-3.108879
0.623800	-246.618155	-188.961566	435.579721	57.656588	682.197876	-1.132336	-0.929212	-2.715314
0.624700	-245.874257	-188.667897	434.542154	57.206360	680.416411	-0.997583	-0.863751	-2.321681
0.625600	-245.135696	-188.376917	433.512613	56.758779	678.648308	-0.809945	-0.712312	-1.927935
0.626500	-244.402441	-188.088601	432.491042	56.313841	676.893483	-0.604024	-0.528780	-1.534048
0.627400	-243.674464	-187.802922	431.477386	55.871542	675.151850	-0.390231	-0.330693	-1.140006
0.628300	-242.951734	-187.519855	430.471589	55.431879	673.423324	-0.172829	-0.125419	-0.745814
0.629200	-242.234222	-187.239375	429.473597	54.994848	671.707819	0.046029	0.083317	-0.351493
0.630100	-241.521899	-186.961455	428.483354	54.560444	670.005253	0.265039	0.293297	0.042920
0.631000	-240.814736	-186.686070	427.500806	54.128665	668.315542	0.483238	0.502956	0.437377
0.631900	-240.112702	-186.413197	426.525899	53.699505	666.638602	0.699755	0.710955	0.831823
0.632800	-239.415771	-186.142809	425.558580	53.272961	664.974351	0.913622	0.915901	1.226204
0.633700	-238.723912	-185.874884	424.598796	52.849029	663.322708	1.123570	1.116071	1.620470
0.634600	-238.037098	-185.609395	423.646493	52.427703	661.683590	1.327715	1.309019	2.014579
0.635500	-237.355299	-185.346319	422.701618	52.008979	660.056917	1.522946	1.490868	2.408505
0.636400	-236.678487	-185.085634	421.764121	51.592854	658.442608	1.703564	1.654854	2.802236
0.637300	-236.006635	-184.827313	420.833949	51.179322	656.840584	1.857804	1.787947	-3.087406
0.638200	-235.339714	-184.571336	419.911049	50.768378	655.250763	1.957360	1.862353	-2.694027
0.639100	-234.677695	-184.317677	418.995373	50.360018	653.673068	1.920569	1.815066	-2.300777
0.640000	-234.020552	-184.066315	418.086867	49.954237	652.107420	1.525611	1.540770	-1.907608
0.640900	-233.368257	-183.817226	417.185483	49.551030	650.553740	0.914856	1.133695	-1.514470
0.641800	-232.720781	-183.570388	416.291169	49.150392	649.011950	0.718301	0.928147	-1.121310
0.642700	-232.078097	-183.325779	415.403877	48.752318	647.481974	0.756946	0.919664	-0.728082
0.643600	-231.440179	-183.083376	414.523555	48.356803	645.963735	0.881160	1.007933	-0.334749
0.644500	-230.806999	-182.843157	413.650156	47.963841	644.457155	1.041724	1.142524	0.058713
0.645400	-230.178529	-182.605101	412.783631	47.573428	642.962160	1.219996	1.300983	0.452311
0.646300	-229.554743	-182.369186	411.923930	47.185557	641.478673	1.407494	1.472350	0.846037
0.647200	-228.935615	-182.135391	411.071005	46.800224	640.006620	1.599699	1.650597	1.239866
0.648100	-228.321116	-181.903693	410.224809	46.417423	638.545926	1.793805	1.831948	1.633761
0.649000	-227.711221	-181.674074	409.385295	46.037148	637.096516	1.987743	2.013645	2.027677
0.649900	-227.105904	-181.446510	408.552414	45.659394	635.658317	2.179657	2.193284	2.421564
0.650800	-226.505137	-181.220982	407.726119	45.284155	634.231256	2.367504	2.368323	2.815374
0.651700	-225.908895	-180.997470	406.906365	44.911425	632.815260	2.548605	2.535585	-3.074118
0.652600	-225.317151	-180.775953	406.093104	44.541199	631.410255	2.718923	2.690529	-2.680572
0.653500	-224.729880	-180.556410	405.286290	44.173470	630.016171	2.871642	2.825982	-2.287189
0.654400	-224.147056	-180.338822	404.485878	43.808234	628.632934	2.994038	2.929749	-1.893969
0.655300	-223.568653	-180.123170	403.691823	43.445483	627.260475	3.059989	2.980279	-1.500897
0.656200	-222.994645	-179.909433	402.904078	43.085212	625.898722	3.013607	2.941933	-1.107942
0.657100	-222.425007	-179.697592	402.122598	42.727415	624.547605	2.767389	2.780052	-0.715067
0.658000	-221.859713	-179.487628	401.347341	42.372085	623.207054	2.390520	2.541926	-0.322225
0.658900	-221.298738	-179.279521	400.578260	42.019217	621.876998	2.172267	2.369638	0.070630
0.659800	-220.742058	-179.073253	399.815311	41.668805	620.557369	2.142091	2.319609	0.463540
0.660700	-220.189646	-178.868806	399.058452	41.320841	619.248098	2.212593	2.359404	0.856538
0.661600	-219.641479	-178.666159	398.307638	40.975320	617.949117	2.332976	2.452347	1.249648
0.662500	-219.097531	-178.465295	397.562826	40.632235	616.660357	2.479472	2.575876	1.642876
0.663400	-218.557777	-178.266196	396.823974	40.291581	615.381751	2.640252	2.717108	2.036215
0.664300	-218.022193	-178.068844	396.091037	39.953350	614.113231	2.808740	2.868343	2.429644
0.665200	-217.490755	-177.873220	395.363975	39.617536	612.854730	2.980781	3.024533	2.823130
0.666100	-216.963439	-177.679306	394.642745	39.284132	611.606183	-3.129879	-3.101266	-3.066554
0.667000	-216.440219	-177.487085	393.927304	38.953133	610.367523	-2.959602	-2.945971	-2.673080
0.667900	-215.921072	-177.296540	393.217612	38.624531	609.138683	-2.794533	-2.796186	-2.279675
0.668800	-215.405973	-177.107653	392.513626	38.298321	607.919599	-2.638497	-2.656079	-1.886374
0.669700	-214.894900	-176.920406	391.815306	37.974494	606.710206	-2.497150	-2.531379	-1.493201
0.670600	-214.387828	-176.734783	391.122611	37.653045	605.510440	-2.379739	-2.430596	-1.100169
0.671500	-213.884734	-176.550767	390.435501	37.333967	604.320234	-2.302496	-2.366751	-0.707272
0.672400	-213.385593	-176.368340	389.753934	37.017253	603.139527	-2.294351	-2.358617	-0.314495
0.673300	-212.890384	-176.187487	389.077871	36.702896	601.968254	-2.398412	-2.425721	0.078191
0.674200	-212.399081	-176.008191	388.407272	36.390891	600.806353	-2.626968	-2.563700	0.470823
0.675100	-211.911663	-175.830434	387.742097	36.081228	599.653759	-2.865394	-2.715032	0.863441
0.676000	-211.428105	-175.654202	387.082307	35.773903	598.510412	-2.986439	-2.809676	1.256086
0.676900	-210.948386	-175.479477	386.427863	35.468908	597.376249	-2.992329	-2.827812	1.648791
0.677800	-210.472481	-175.306245	385.778726	35.166237	596.251207	-2.926624	-2.785352	2.041584
0.678700	-210.000369	-175.134488	385.134857	34.865881	595.135227	-2.820115	-2.702581	2.434477
0.679600	-209.532027	-174.964192	384.496219	34.567835	594.028246	-2.690260	-2.594457	2.827471
0.680500	-209.067432	-174.795340	383.862772	34.272092	592.930204	-2.547073	-2.470913	-3.062631
0.681400	-208.606562	-174.627918	383.234480	33.978644	591.841042	-2.396779	-2.338666	-2.669485
0.682300	-208.149394	-174.461909	382.611303	33.687485	590.760698	-2.243738	-2.202632	-2.276307
0.683200	-207.695907	-174.297299	381.993206	33.398607	589.689113	-2.091526	-2.066866	-1.883137
0.684100	-207.246077	-174.134073	381.380150	33.112004	588.626228	-1.943663	-1.935248	-1.490011
0.685000	-206.799884	-173.972215	380.772100	32.827669	587.571984	-1.804290	-1.812088	-1.096963
0.685900	-206.357306	-173.811711	380.169017	32.545594	586.526323	-1.679034	-1.702779	-0.704018
0.686800	-205.918320	-173.652546	379.570866	32.265773	585.489185	-1.576340	-1.614584	-0.311190
0.687700	-205.482904	-173.494706	378.977610	31.988199	584.460514	-1.509570	-1.557422	0.081520
0.688600	-205.051039	-173.338175	378.389213	31.712864	583.440252	-1.499424	-1.543690	0.474123
0.689500	-204.622701	-173.182940	377.805640	31.439761	582.428341	-1.571337	-1.583995	0.866641
0.690400	-204.197870	-173.028986	377.226855	31.168884	581.424725	-1.729541	-1.674285	1.259106
0.691300	-203.776524	-172.876299	376.652823	30.900225	580.429347	-1.912072	-1.782457	1.651552
0.692200	-203.358642	-172.724865	376.083508	30.633777	579.442150	-2.031114	-1.863308	2.044014
0.693100	-202.944204	-172.574671	375.518875	30.369533	578.463080	-2.061790	-1.892328	2.436524
0.694000	-202.533189	-172.425702	374.958890	30.107487	577.492079	-2.024751	-1.871084	2.829107
0.694900	-202.125575	-172.277944	374.403519	29.847631	576.529094	-1.944288	-1.811584	-3.061410
0.695800	-201.721342	-172.131385	373.852727	29.589957	575.574069	-1.837267	-1.725849	-2.668653
0.696700	-201.320470	-171.986010	373.306480	29.334460	574.626949	-1.714414	-1.623194	-2.275819
0.697600	-200.922937	-171.841807	372.764744	29.081131	573.687681	-1.582770	-1.510508	-1.882928
0.698500	-200.528725	-171.698761	372.227486	28.829963	572.756210	-1.447407	-1.393078	-1.490008
0.699400	-200.137811	-171.556860	371.694671	28.580951	571.832483	-1.312505	-1.275347	-1.097092
0.700300	-199.750177	-171.416091	371.166268	28.334086	570.916446	-1.182127	-1.161528	-0.704212
0.701200	-199.365802	-171.276441	370.642244	28.089361	570.008046	-1.060931	-1.056139	-0.311399
0.702100	-198.984667	-171.137897	370.122564	27.846770	569.107231	-0.954988	-0.964536	0.081327
0.703000	-198.606751	-171.000446	369.607197	27.606305	568.213948	-0.872897	-0.893384	0.473953
0.703900	-198.232035	-170.864076	369.096111	27.367959	567.328146	-0.827062	-0.850792	0.866479
0.704800	-197.860499	-170.728773	368.589273	27.131726	566.449772	-0.833820	-0.845125	1.258915
0.705700	-197.492124	-170.594527	368.086651	26.897598	565.578775	-0.907021	-0.880609	1.651280
0.706600	-197.126890	-170.461323	367.588213	26.665567	564.715104	-1.036985	-0.949195	2.043604
0.707500	-196.764779	-170.329151	367.093929	26.435628	563.858708	-1.173467	-1.026409	2.435915
0.708400	-196.405770	-170.197997	366.603767	26.207773	563.009536	-1.260939	-1.082860	2.828245
0.709300	-196.049844	-170.067850	366.117695	25.981994	562.167539	-1.282546	-1.101769	-3.062566
0.710200	-195.696984	-169.938698	365.635682	25.758286	561.332666	-1.249905	-1.082195	-2.670126
0.711100	-195.347170	-169.810529	365.157699	25.536640	560.504869	-1.179805	-1.031277	-2.277611
0.712000	-195.000382	-169.683332	364.683714	25.317050	559.684096	-1.085569	-0.957648	-1.885022
0.712900	-194.656603	-169.557094	364.213697	25.099509	558.870300	-0.976559	-0.868865	-1.492369
0.713800	-194.315814	-169.431804	363.747618	24.884010	558.063432	-0.859434	-0.771048	-1.099672
0.714700	-193.977996	-169.307450	363.285447	24.670546	557.263443	-0.739318	-0.669240	-0.706957
0.715600	-193.643132	-169.184022	362.827153	24.459110	556.470285	-0.620681	-0.567898	-0.314252
0.716500	-193.311202	-169.061507	362.372709	24.249694	555.683911	-0.508048	-0.471359	0.078414
0.717400	-192.982188	-168.939895	361.922084	24.042293	554.904272	-0.406677	-0.384256	0.471018
0.718300	-192.656073	-168.819175	361.475248	23.836898	554.131322	-0.323317	-0.311863	0.863543
0.719200	-192.332839	-168.699335	361.032174	23.633504	553.365013	-0.266987	-0.260206	1.255983
0.720100	-192.012467	-168.580365	360.592832	23.432102	552.605299	-0.249161	-0.235527	1.648338
0.721000	-191.694940	-168.462254	360.157194	23.232686	551.852133	-0.281104	-0.242262	2.040623
0.721900	-191.380240	-168.344990	359.725230	23.035250	551.105470	-0.364154	-0.278920	2.432856
0.722800	-191.068349	-168.228564	359.296914	22.839785	550.365263	-0.475435	-0.333900	2.825063
0.723700	-190.759251	-168.112965	358.872216	22.646286	549.631467	-0.572442	-0.387212	-3.065915
0.724600	-190.452927	-167.998182	358.451109	22.454745	548.904036	-0.623848	-0.420109	-2.673682
0.725500	-190.149360	-167.884205	358.033566	22.265155	548.182926	-0.624579	-0.423422	-2.281402
0.726400	-189.848534	-167.771024	357.619558	22.077510	547.468092	-0.584270	-0.397454	-1.889062
0.727300	-189.550430	-167.658628	357.209058	21.891801	546.759488	-0.514948	-0.347383	-1.496656
0.728200	-189.255032	-167.547008	356.802040	21.708024	546.057072	-0.426579	-0.279579	-1.104190
0.729100	-188.962323	-167.436153	356.398476	21.526170	545.360799	-0.326705	-0.199995	-0.711676
0.730000	-188.672286	-167.326054	355.998339	21.346232	544.670625	-0.221156	-0.113814	-0.319135
0.730900	-188.384904	-167.216700	355.601603	21.168204	543.986507	-0.114830	-0.025617	0.073411
0.731800	-188.100160	-167.108081	355.208242	20.992079	543.308402	-0.012365	0.060312	0.465934
0.732700	-187.818039	-167.000189	354.818228	20.817849	542.636267	0.081251	0.139672	0.858414
0.733600	-187.538523	-166.893014	354.431537	20.645509	541.970059	0.160086	0.207899	1.250833
0.734500	-187.261595	-166.786546	354.048141	20.475049	541.309736	0.216742	0.260099	1.643180
0.735400	-186.987240	-166.680775	353.668016	20.306465	540.655256	0.242319	0.291403	2.035454
0.736300	-186.715441	-166.575693	353.291135	20.139748	540.006576	0.228153	0.298170	2.427663
0.737200	-186.446183	-166.471291	352.917473	19.974892	539.363656	0.171581	0.280354	2.819820
0.738100	-186.179448	-166.367558	352.547006	19.811890	538.726453	0.085167	0.244232	-3.071240
0.739000	-185.915221	-166.264486	352.179707	19.650734	538.094928	-0.001896	0.202667	-2.679123
0.739900	-185.653485	-166.162067	351.815552	19.491418	537.469037	-0.060376	0.170600	-2.286991
0.740800	-185.394226	-166.060291	351.454517	19.333934	536.848743	-0.077654	0.158701	-1.894825
0.741700	-185.137426	-165.959150	351.096576	19.178276	536.234002	-0.056392	0.170630	-1.502611
0.742600	-184.883071	-165.858635	350.741706	19.024436	535.624777	-0.005305	0.204634	-1.110342
0.743500	-184.631144	-165.758737	350.389881	18.872407	535.021025	0.066623	0.256364	-0.718018
0.744400	-184.381630	-165.659449	350.041079	18.722181	534.422709	0.151884	0.320822	-0.325650
0.745300	-184.134514	-165.560761	349.695274	18.573753	533.829788	0.244422	0.393205	0.066748
0.746200	-183.889779	-165.462665	349.352444	18.427114	533.242223	0.339118	0.469093	0.459155
0.747100	-183.647411	-165.365154	349.012565	18.282257	532.659975	0.431234	0.544348	0.851551
0.748000	-183.407393	-165.268219	348.675612	18.139175	532.083006	0.515881	0.614927	1.243915
0.748900	-183.169712	-165.171852	348.341564	17.997860	531.511276	0.587543	0.676733	1.636230
0.749800	-182.934351	-165.076046	348.010396	17.858305	530.944747	0.639728	0.725604	2.028486
0.750700	-182.701295	-164.980792	347.682087	17.720503	530.383382	0.665101	0.757611	2.420680
0.751600	-182.470529	-164.886083	347.356612	17.584446	529.827141	0.656988	0.769916	2.812815
0.752500	-182.242038	-164.791912	347.033950	17.450127	529.275988	0.613550	0.762295	-3.078281
0.753400	-182.015807	-164.698270	346.714078	17.317537	528.729885	0.543964	0.738864	-2.686223
0.754300	-181.791822	-164.605152	346.396973	17.186670	528.188795	0.469829	0.708470	-2.294176
0.755200	-181.570066	-164.512548	346.082614	17.057518	527.652680	0.415033	0.682294	-1.902121
0.756100	-181.350525	-164.420453	345.770978	16.930072	527.121503	0.393027	0.669723	-1.510040
0.757000	-181.133185	-164.328859	345.462044	16.804325	526.595229	0.404784	0.675567	-1.117919
0.757900	-180.918030	-164.237760	345.155790	16.680270	526.073819	0.444514	0.700111	-0.725752
0.758800	-180.705046	-164.147148	344.852193	16.557898	525.557239	0.504768	0.740769	-0.333538
0.759700	-180.494217	-164.057017	344.551234	16.437201	525.045452	0.578659	0.793698	0.058716
0.760600	-180.285531	-163.967360	344.252890	16.318171	524.538421	0.660316	0.854764	0.450997
0.761500	-180.078971	-163.878171	343.957141	16.200800	524.036112	0.744638	0.919933	0.843289
0.762400	-179.874523	-163.789443	343.663965	16.085080	523.538488	0.826882	0.985344	1.235574
0.763300	-179.672172	-163.701170	343.373342	15.971002	523.045514	0.902239	1.047245	1.627833
0.764200	-179.471904	-163.613346	343.085251	15.858558	522.557155	0.965464	1.101939	2.020053
0.765100	-179.273705	-163.525965	342.799671	15.747740	522.073376	1.010681	1.145833	2.412224
0.766000	-179.077560	-163.439022	342.516582	15.638539	521.594142	1.031700	1.175728	2.804341
0.766900	-178.883455	-163.352509	342.235964	15.530946	521.119419	1.023516	1.189483	-3.086776
0.767800	-178.691374	-163.266422	341.957796	15.424952	520.649171	0.985703	1.187088	-2.694749
0.768700	-178.501305	-163.180755	341.682060	15.320550	520.183365	0.926668	1.171742	-2.302749
0.769600	-178.313231	-163.095503	341.408734	15.217729	519.721965	0.863922	1.150039	-1.910760
0.770500	-178.127140	-163.010659	341.137800	15.116481	519.264940	0.816608	1.130435	-1.518765
0.771400	-177.943016	-162.926220	340.869237	15.016796	518.812253	0.796364	1.120510	-1.126748
0.772300	-177.760846	-162.842180	340.603026	14.918666	518.363872	0.805162	1.124827	-0.734698
0.773200	-177.580615	-162.758534	340.339149	14.822081	517.919763	0.838964	1.144500	-0.342609
0.774100	-177.402308	-162.675277	340.077585	14.727032	517.479893	0.891673	1.178069	0.049520
0.775000	-177.225912	-162.592404	339.818316	14.633508	517.044229	0.957193	1.222663	0.441683
0.775900	-177.051413	-162.509911	339.561324	14.541501	516.612736	1.030047	1.274846	0.833869
0.776800	-176.878795	-162.427794	339.306589	14.451001	516.185383	1.105312	1.331064	1.226065
0.777700	-176.708045	-162.346047	339.054092	14.361998	515.762137	1.178339	1.387817	1.618255
0.778600	-176.539149	-162.264668	338.803816	14.274481	515.342965	1.244426	1.441692	2.010423
0.779500	-176.372092	-162.183650	338.555742	14.188441	514.927834	1.298566	1.489385	2.402558
0.780400	-176.206860	-162.102992	338.309852	14.103868	514.516712	1.335414	1.527810	2.794651
0.781300	-176.043439	-162.022689	338.066128	14.020751	514.109567	1.349803	1.554388	-3.096486
0.782200	-175.881815	-161.942736	337.824552	13.939079	513.706367	1.338323	1.567595	-2.704479
0.783100	-175.721974	-161.863131	337.585105	13.858843	513.307080	1.302197	1.567728	-2.312507
0.784000	-175.563901	-161.783870	337.347772	13.780031	512.911673	1.250053	1.557569	-1.920557
0.784900	-175.407583	-161.704950	337.112533	13.702633	512.520116	1.196952	1.542356	-1.528616
0.785800	-175.253005	-161.626367	336.879372	13.626638	512.132377	1.158190	1.528632	-1.136669
0.786700	-175.100153	-161.548118	336.648271	13.552034	511.748424	1.142868	1.522358	-0.744702
0.787600	-174.949013	-161.470201	336.419214	13.478812	511.368226	1.152590	1.527369	-0.352708
0.788500	-174.799570	-161.392612	336.192182	13.406958	510.991753	1.184114	1.544914	0.039321
0.789400	-174.651812	-161.315348	335.967160	13.336463	510.618972	1.232295	1.574127	0.431382
0.790300	-174.505723	-161.238408	335.744131	13.267315	510.249853	1.291756	1.612818	0.823472
0.791200	-174.361289	-161.161788	335.523077	13.199501	509.884366	1.357462	1.658143	1.215581
0.792100	-174.218497	-161.085486	335.303983	13.133011	509.522479	1.424743	1.707021	1.607696
0.793000	-174.077332	-161.009500	335.086831	13.067832	509.164163	1.489098	1.756337	1.999805
0.793900	-173.937780	-160.933827	334.871607	13.003953	508.809386	1.545971	1.803042	2.391895
0.794800	-173.799827	-160.858466	334.658293	12.941361	508.458120	1.590623	1.844234	2.783955
0.795700	-173.663459	-160.783414	334.446873	12.880045	508.110332	1.618274	1.877307	-3.107206
0.796600	-173.528662	-160.708670	334.237333	12.819992	507.765995	1.624837	1.900239	-2.715219
0.797500	-173.395422	-160.634233	334.029655	12.761190	507.425077	1.608566	1.912049	-2.323267
0.798400	-173.263725	-160.560099	333.823824	12.703626	507.087549	1.572427	1.913342	-1.931343
0.799300	-173.133557	-160.486268	333.619825	12.647289	506.753382	1.525530	1.906679	-1.539436
0.800200	-173.004903	-160.412739	333.417642	12.592164	506.422546	1.481078	1.896387	-1.147534
0.801100	-172.877751	-160.339510	333.217260	12.538241	506.095011	1.451086	1.887624	-0.755625
0.802000	-172.752085	-160.266579	333.018664	12.485505	505.770749	1.442093	1.885031	-0.363699
0.802900	-172.627892	-160.193947	332.821839	12.433945	505.449730	1.454799	1.891643	0.028252
0.803800	-172.505158	-160.121611	332.626769	12.383546	505.131926	1.486200	1.908535	0.420231
0.804700	-172.383868	-160.049571	332.433440	12.334297	504.817308	1.531767	1.935093	0.812239
0.805600	-172.264010	-159.977826	332.241837	12.286184	504.505847	1.586692	1.969563	1.204268
0.806500	-172.145569	-159.906376	332.051945	12.239194	504.197514	1.646348	2.009560	1.596312
0.807400	-172.028532	-159.835219	331.863750	12.193313	503.892282	1.706325	2.052416	1.988360
0.808300	-171.912884	-159.764354	331.677238	12.148529	503.590122	1.762300	2.095392	2.380399
0.809200	-171.798611	-159.693783	331.492394	12.104828	503.291005	1.809911	2.135809	2.772421
0.810100	-171.685701	-159.623503	331.309204	12.062197	502.994905	1.844759	2.171164	-3.118768
0.811000	-171.574138	-159.553516	331.127654	12.020623	502.701792	1.862757	2.199314	-2.726803
0.811900	-171.463910	-159.483820	330.947730	11.980091	502.411640	1.861063	2.218746	-2.334870
0.812800	-171.355003	-159.414415	330.769418	11.940589	502.124421	1.839715	2.228953	-1.942965
0.813700	-171.247403	-159.345301	330.592704	11.902102	501.840108	1.803366	2.230802	-1.551081
0.814600	-171.141097	-159.276478	330.417575	11.864619	501.558672	1.761435	2.226695	-1.159209
0.815500	-171.036071	-159.207947	330.244018	11.828124	501.280088	1.725315	2.220277	-0.767340
0.816400	-170.932311	-159.139707	330.072018	11.792604	501.004329	1.704067	2.215657	-0.375463
0.817300	-170.829804	-159.071758	329.901562	11.758046	500.731366	1.701888	2.216421	0.016431
0.818200	-170.728537	-159.004100	329.732638	11.724437	500.461175	1.718474	2.224878	0.408346
0.819100	-170.628496	-158.936735	329.565231	11.691762	500.193727	1.750812	2.241818	0.800286
0.820000	-170.529669	-158.869661	329.399330	11.660008	499.928998	1.794764	2.266702	1.192247
0.820900	-170.432041	-158.802880	329.234920	11.629161	499.666961	1.845955	2.298044	1.584227
0.821800	-170.335599	-158.736391	329.071990	11.599208	499.407590	1.900102	2.333802	1.976216
0.822700	-170.240331	-158.670195	328.910527	11.570136	499.150858	1.953037	2.371660	2.368205
0.823600	-170.146224	-158.604293	328.750517	11.541931	498.896741	2.000638	2.409226	2.760186
0.824500	-170.053264	-158.538685	328.591949	11.514579	498.645213	2.038798	2.444180	-3.131035
0.825400	-169.961438	-158.473371	328.434810	11.488067	498.396248	2.063593	2.474412	-2.739095
0.826300	-169.870734	-158.408353	328.279087	11.462381	498.149821	2.071827	2.498217	-2.347181
0.827200	-169.781139	-158.343630	328.124769	11.437509	497.905907	2.062124	2.514544	-1.955293
0.828100	-169.692639	-158.279203	327.971843	11.413436	497.664482	2.036377	2.523285	-1.563427
0.829000	-169.605224	-158.215074	327.820297	11.390150	497.425521	2.000659	2.525506	-1.171577
0.829900	-169.518879	-158.151241	327.670120	11.367637	497.188999	1.964238	2.523455	-0.779735
0.830800	-169.433592	-158.087707	327.521299	11.345885	496.954891	1.936507	2.520219	-0.387893
0.831700	-169.349352	-158.024472	327.373823	11.324880	496.723175	1.923834	2.519076	0.003959
0.832600	-169.266145	-157.961536	327.227680	11.304609	496.493825	1.928397	2.522770	0.395826
0.833500	-169.183959	-157.898900	327.082859	11.285059	496.266818	1.949005	2.532994	0.787712
0.834400	-169.102783	-157.836565	326.939347	11.266218	496.042130	1.982561	2.550249	1.179618
0.835300	-169.022603	-157.774531	326.797134	11.248072	495.819738	2.025192	2.573981	1.571541
0.836200	-168.943409	-157.712800	326.656209	11.230609	495.599618	2.072853	2.602879	1.963477
0.837100	-168.865188	-157.651371	326.516560	11.213817	495.381748	2.121542	2.635156	2.355419
0.838000	-168.787929	-157.590247	326.378175	11.197682	495.166104	2.167319	2.668795	2.747359
0.838900	-168.711619	-157.529426	326.241045	11.182193	494.952664	2.206296	2.701722	3.139290
0.839800	-168.636248	-157.468910	326.105158	11.167337	494.741406	2.234732	2.731958	-2.751982
0.840700	-168.561803	-157.408701	325.970503	11.153102	494.532306	2.249365	2.757773	-2.360088
0.841600	-168.488273	-157.348797	325.837070	11.139476	494.325343	2.248152	2.777868	-1.968217
0.842500	-168.415647	-157.289200	325.704848	11.126447	494.120495	2.231383	2.791598	-1.576367
0.843400	-168.343914	-157.229912	325.573825	11.114002	493.917739	2.202714	2.799180	-1.184534
0.844300	-168.273062	-157.170931	325.443993	11.102131	493.717055	2.169128	2.801805	-0.792712
0.845200	-168.203081	-157.112259	325.315340	11.090822	493.518421	2.139123	2.801549	-0.400894
0.846100	-168.133959	-157.053897	325.187856	11.080062	493.321815	2.119907	2.801016	-0.009073
0.847000	-168.065686	-156.995844	325.061530	11.069842	493.127217	2.115442	2.802810	0.382757
0.847900	-167.998251	-156.938103	324.936354	11.060148	492.934605	2.126276	2.808997	0.774602
0.848800	-167.931643	-156.880672	324.812316	11.050971	492.743959	2.150525	2.820770	1.166463
0.849700	-167.865853	-156.823553	324.689406	11.042299	492.555259	2.185020	2.838368	1.558340
0.850600	-167.800869	-156.766747	324.567615	11.034122	492.368484	2.226089	2.861201	1.950230
0.851500	-167.736681	-156.710253	324.446933	11.026428	492.183614	2.269946	2.888068	2.342129
0.852400	-167.673279	-156.654072	324.327350	11.019207	492.000629	2.312827	2.917392	2.734030
0.853300	-167.610653	-156.598204	324.208857	11.012449	491.819509	2.351027	2.947412	3.125928
0.854200	-167.548793	-156.542650	324.091443	11.006142	491.640235	2.380972	2.976345	-2.765371
0.855100	-167.487689	-156.487411	323.975099	11.000278	491.462788	2.399444	3.002534	-2.373499
0.856000	-167.427331	-156.432486	323.859817	10.994845	491.287148	2.404102	3.024604	-1.981645
0.856900	-167.367710	-156.377876	323.745586	10.989834	491.113295	2.394323	3.041625	-1.589809
0.857800	-167.308816	-156.323581	323.632397	10.985235	490.941213	2.372141	3.053300	-1.197990
0.858700	-167.250640	-156.269601	323.520241	10.981039	490.770880	2.342628	3.060089	-0.806183
0.859600	-167.193172	-156.215937	323.409109	10.977235	490.602280	2.312958	3.063241	-0.414384
0.860500	-167.136403	-156.162588	323.298991	10.973814	490.435394	2.290260	3.064636	-0.022585
0.861400	-167.080324	-156.109556	323.189880	10.970768	490.270204	2.279506	3.066451	0.369218
0.862300	-167.024926	-156.056839	323.081766	10.968087	490.106692	2.282625	3.070729	0.761030
0.863200	-166.970201	-156.004439	322.974639	10.965762	489.944840	2.298926	3.078997	1.152855
0.864100	-166.916138	-155.952354	322.868493	10.963784	489.784631	2.326044	3.092046	1.544694
0.865000	-166.862730	-155.900586	322.763316	10.962144	489.626047	2.360784	3.109899	1.936546
0.865900	-166.809968	-155.849134	322.659102	10.960834	489.469071	2.399642	3.131927	2.328407
0.866800	-166.757844	-155.797998	322.555842	10.959846	489.313686	2.439049	-3.126168	2.720273
0.867700	-166.706349	-155.747178	322.453526	10.959171	489.159875	2.475472	-3.099418	3.112139
0.868600	-166.655474	-155.696673	322.352148	10.958801	489.007622	2.505491	-3.072541	-2.779186
0.869500	-166.605213	-155.646484	322.251697	10.958728	488.856910	2.525976	-3.047052	-2.387335
0.870400	-166.555556	-155.596611	322.152167	10.958944	488.707723	2.534471	-3.024305	-1.995499
0.871300	-166.506495	-155.547053	322.053549	10.959442	488.560044	2.529838	-3.005352	-1.603678
0.872200	-166.458024	-155.497810	321.955834	10.960214	488.413858	2.513061	-2.990796	-1.211871
0.873100	-166.410133	-155.448882	321.859015	10.961251	488.269148	2.487759	-2.980654	-0.820077
0.874000	-166.362816	-155.400268	321.763084	10.962548	488.125900	2.459791	-2.974295	-0.428292
0.874900	-166.316065	-155.351968	321.668033	10.964097	487.984098	2.435730	-2.970476	-0.036510
0.875800	-166.269872	-155.303982	321.573854	10.965890	487.843726	2.420922	-2.967527	0.355273
0.876700	-166.224230	-155.256309	321.480539	10.967921	487.704769	2.418246	-2.963655	0.747061
0.877600	-166.179132	-155.208949	321.388080	10.970183	487.567212	2.428027	-2.957281	1.138858
0.878500	-166.134570	-155.161901	321.296471	10.972669	487.431041	2.448702	-2.947311	1.530667
0.879400	-166.090538	-155.115165	321.205703	10.975373	487.296240	2.477610	-2.933270	1.922486
0.880300	-166.047028	-155.068740	321.115768	10.978288	487.162796	2.511580	-2.915300	2.314315
0.881200	-166.004034	-155.022626	321.026660	10.981409	487.030694	2.547267	-2.894062	2.706150
0.882100	-165.961549	-154.976821	320.938370	10.984727	486.899919	2.581313	-2.870586	3.097988
0.883000	-165.919566	-154.931327	320.850893	10.988239	486.770458	2.610448	-2.846122	-2.793362
0.883900	-165.878078	-154.886141	320.764219	10.991938	486.642297	2.631650	-2.821992	-2.401534
0.884800	-165.837080	-154.841263	320.678343	10.995817	486.515423	2.642444	-2.799463	-2.009715
0.885700	-165.796564	-154.796692	320.593256	10.999871	486.389820	2.641411	-2.779611	-1.617908
0.886600	-165.756524	-154.752429	320.508953	11.004096	486.265477	2.628863	-2.763197	-1.226113
0.887500	-165.716954	-154.708471	320.425425	11.008484	486.142379	2.607368	-2.750547	-0.834330
0.888400	-165.677848	-154.664818	320.342666	11.013031	486.020514	2.581655	-2.741464	-0.442556
0.889300	-165.639200	-154.621469	320.260669	11.017731	485.899869	2.557559	-2.735213	-0.050787
0.890200	-165.601004	-154.578423	320.179427	11.022580	485.780431	2.540385	-2.730605	0.340980
0.891100	-165.563253	-154.535681	320.098934	11.027573	485.662187	2.533554	-2.726191	0.732750
0.892000	-165.525943	-154.493239	320.019182	11.032703	485.545124	2.538173	-2.720518	1.124526
0.892900	-165.489066	-154.451099	319.940165	11.037967	485.429231	2.553395	-2.712393	1.516310
0.893800	-165.452618	-154.409258	319.861876	11.043361	485.314495	2.577094	-2.701064	1.908103
0.894700	-165.416594	-154.367716	319.784309	11.048878	485.200903	2.606465	-2.686299	2.299904
0.895600	-165.380986	-154.326471	319.707458	11.054515	485.088444	2.638407	-2.668366	2.691713
0.896500	-165.345791	-154.285524	319.631315	11.060267	484.977106	2.669746	-2.647936	3.083525
0.897400	-165.311002	-154.244872	319.555874	11.066131	484.866877	2.697369	-2.625960	-2.807848
0.898300	-165.276615	-154.204514	319.481130	11.072101	484.757745	2.718371	-2.603544	-2.416040
0.899200	-165.242624	-154.164451	319.407075	11.078174	484.649700	2.730314	-2.581816	-2.024238
0.900100	-165.209025	-154.124680	319.333704	11.084345	484.542729	2.731641	-2.561812	-1.632445
0.901000	-165.175811	-154.085200	319.261010	11.090611	484.436821	2.722240	-2.544358	-1.240662
0.901900	-165.142978	-154.046010	319.188988	11.096968	484.331966	2.703940	-2.529961	-0.848889
0.902800	-165.110521	-154.007110	319.117631	11.103412	484.228152	2.680558	-2.518720	-0.457124
0.903700	-165.078436	-153.968497	319.046933	11.109939	484.125369	2.657185	-2.510286	-0.065366
0.904600	-165.046717	-153.930171	318.976888	11.116546	484.023605	2.638844	-2.503877	0.326389
0.905500	-165.015360	-153.892131	318.907491	11.123229	483.922851	2.629186	-2.498399	0.718145
0.906400	-164.984360	-153.854375	318.838735	11.129985	483.823095	2.629850	-2.492617	1.109904
0.907300	-164.953713	-153.816902	318.770614	11.136811	483.724327	2.640579	-2.485381	1.501669
0.908200	-164.923413	-153.779711	318.703124	11.143703	483.626537	2.659744	-2.475813	1.893441
0.909100	-164.893458	-153.742800	318.636258	11.150658	483.529716	2.684904	-2.463430	2.285220
0.910000	-164.863841	-153.706169	318.570010	11.157673	483.433851	2.713217	-2.448186	2.677006
0.910900	-164.834560	-153.669815	318.504375	11.164745	483.338935	2.741707	-2.430433	3.068796
0.911800	-164.805609	-153.633739	318.439348	11.171870	483.244957	2.767419	-2.410836	-2.822598
0.912700	-164.776985	-153.597937	318.374922	11.179047	483.151907	2.787578	-2.390265	-2.430808
0.913600	-164.748683	-153.562410	318.311093	11.186273	483.059776	2.799819	-2.369686	-2.039022
0.914500	-164.720699	-153.527156	318.247855	11.193543	482.968554	2.802536	-2.350048	-1.647243
0.915400	-164.693029	-153.492173	318.185202	11.200857	482.878231	2.795363	-2.332174	-1.255471
0.916300	-164.665670	-153.457459	318.123130	11.208211	482.788800	2.779614	-2.316668	-0.863708
0.917200	-164.638617	-153.423015	318.061632	11.215602	482.700249	2.758401	-2.303822	-0.471952
0.918100	-164.611867	-153.388838	318.000705	11.223029	482.612571	2.736137	-2.293563	-0.080202
0.919000	-164.585415	-153.354927	317.940342	11.230489	482.525757	2.717450	-2.285438	0.311544
0.919900	-164.559258	-153.321280	317.880538	11.237979	482.439796	2.705997	-2.278672	0.703288
0.920800	-164.533393	-153.287896	317.821289	11.245497	482.354682	2.703736	-2.272283	1.095035
0.921700	-164.507815	-153.254774	317.762589	11.253041	482.270404	2.710856	-2.265246	1.486784
0.922600	-164.482521	-153.221912	317.704433	11.260609	482.186955	2.726156	-2.256671	1.878539
0.923500	-164.457508	-153.189309	317.646817	11.268199	482.104325	2.747539	-2.245936	2.270300
0.924400	-164.432772	-153.156963	317.589735	11.275808	482.022507	2.772430	-2.232769	2.662067
0.925300	-164.408309	-153.124874	317.533183	11.283435	481.941492	2.798052	-2.217259	3.053837
0.926200	-164.384117	-153.093039	317.477155	11.291078	481.861272	2.821617	-2.199808	-2.837575
0.927100	-164.360191	-153.061457	317.421648	11.298734	481.781839	2.840493	-2.181061	-2.445801
0.928000	-164.336529	-153.030126	317.366656	11.306403	481.703185	2.852412	-2.161802	-2.054030
0.928900	-164.313127	-152.999046	317.312174	11.314081	481.625301	2.855781	-2.142864	-1.662264
0.929800	-164.289983	-152.968215	317.258198	11.321768	481.548181	2.850093	-2.125026	-1.270503
0.930700	-164.267092	-152.937630	317.204723	11.329462	481.471815	2.836313	-2.108921	-0.878748
0.931600	-164.244453	-152.907292	317.151745	11.337161	481.396197	2.817017	-2.094960	-0.487001
0.932500	-164.222061	-152.877198	317.099258	11.344863	481.321319	2.796030	-2.083261	-0.095258
0.933400	-164.199914	-152.847346	317.047260	11.352567	481.247174	2.777548	-2.073623	0.296480
0.934300	-164.178008	-152.817736	316.995745	11.360272	481.173753	2.765090	-2.065542	0.688216
0.935200	-164.156342	-152.788366	316.944708	11.367976	481.101050	2.760758	-2.058279	1.079952
0.936100	-164.134911	-152.759234	316.894146	11.375677	481.029057	2.765052	-2.050980	1.471690
0.937000	-164.113714	-152.730340	316.844053	11.383374	480.957767	2.777118	-2.042815	1.863431
0.937900	-164.092746	-152.701680	316.794427	11.391066	480.887173	2.795174	-2.033112	2.255177
0.938800	-164.072007	-152.673255	316.745261	11.398752	480.817268	2.816896	-2.021458	2.646928
0.939700	-164.051492	-152.645062	316.696553	11.406430	480.748045	2.839715	-2.007739	3.038682
0.940600	-164.031199	-152.617100	316.648298	11.414099	480.679497	2.861019	-1.992140	-2.852746
0.941500	-164.011125	-152.589367	316.600492	11.421758	480.611617	2.878325	-1.975089	-2.460987
0.942400	-163.991268	-152.561863	316.553131	11.429405	480.544399	2.889485	-1.957193	-2.069230
0.943300	-163.971625	-152.534585	316.506210	11.437040	480.477836	2.892963	-1.939150	-1.677475
0.944200	-163.952194	-152.507532	316.459726	11.444662	480.411920	2.888192	-1.921661	-1.285724
0.945100	-163.932972	-152.480703	316.413675	11.452269	480.346647	2.875907	-1.905352	-0.893978
0.946000	-163.913956	-152.454096	316.368052	11.459860	480.282008	2.858276	-1.890688	-0.502238
0.946900	-163.895145	-152.427709	316.322854	11.467435	480.217998	2.838627	-1.877916	-0.110502
0.947800	-163.876535	-152.401542	316.278077	11.474993	480.154611	2.820725	-1.867019	0.281229
0.948700	-163.858124	-152.375592	316.233716	11.482532	480.091840	2.807864	-1.857712	0.672958
0.949600	-163.839911	-152.349858	316.189769	11.490052	480.029680	2.802160	-1.849475	1.064686
0.950500	-163.821891	-152.324340	316.146231	11.497552	479.968123	2.804305	-1.841632	1.456415
0.951400	-163.804065	-152.299034	316.103099	11.505031	479.907163	2.813715	-1.833459	1.848146
0.952300	-163.786428	-152.273940	316.060368	11.512488	479.846796	2.828877	-1.824299	2.239880
0.953200	-163.768979	-152.249057	316.018036	11.519922	479.787015	2.847711	-1.813667	2.631617
0.954100	-163.751716	-152.224382	315.976098	11.527333	479.727814	2.867852	-1.801312	3.023358
0.955000	-163.734636	-152.199915	315.934551	11.534721	479.669187	2.886870	-1.787239	-2.868083
0.955900	-163.717737	-152.175654	315.893391	11.542083	479.611128	2.902443	-1.771694	-2.476338
0.956800	-163.701018	-152.151597	315.852615	11.549421	479.553633	2.912560	-1.755112	-2.084592
0.957700	-163.684475	-152.127744	315.812219	11.556732	479.496695	2.915777	-1.738050	-1.692848
0.958600	-163.668108	-152.104092	315.772200	11.564016	479.440308	2.911520	-1.721116	-1.301107
0.959500	-163.651914	-152.080640	315.732554	11.571274	479.384468	2.900377	-1.704892	-0.909370
0.960400	-163.635890	-152.057387	315.693277	11.578504	479.329168	2.884208	-1.689860	-0.517636
0.961300	-163.620036	-152.034331	315.654367	11.585705	479.274403	2.865920	-1.676341	-0.125907
0.962200	-163.604349	-152.011471	315.615820	11.592877	479.220169	2.848866	-1.664449	0.265819
0.963100	-163.588827	-151.988806	315.577633	11.600020	479.166459	2.836064	-1.654069	0.657542
0.964000	-163.573468	-151.966334	315.539802	11.607134	479.113269	2.829555	-1.644866	1.049263
0.964900	-163.558270	-151.944053	315.502324	11.614217	479.060594	2.830128	-1.636334	1.440985
0.965800	-163.543232	-151.921963	315.465195	11.621269	479.008427	2.837394	-1.627874	1.832707
0.966700	-163.528351	-151.900062	315.428413	11.628290	478.956765	2.850073	-1.618888	2.224432
0.967600	-163.513627	-151.878348	315.391975	11.635279	478.905602	2.866306	-1.608872	2.616159
0.968500	-163.499056	-151.856820	315.355876	11.642236	478.854933	2.883936	-1.597492	3.007889
0.969400	-163.484638	-151.835477	315.320115	11.649161	478.804753	2.900717	-1.584626	-2.883564
0.970300	-163.470370	-151.814317	315.284688	11.656053	478.755058	2.914498	-1.570363	-2.491830
0.971200	-163.456252	-151.793339	315.249591	11.662912	478.705843	2.923422	-1.554984	-2.100096
0.972100	-163.442280	-151.772542	315.214822	11.669738	478.657102	2.926155	-1.538912	-1.708361
0.973000	-163.428454	-151.751924	315.180378	11.676530	478.608832	2.922160	-1.522648	-1.316629
0.973900	-163.414772	-151.731484	315.146256	11.683288	478.561028	2.911932	-1.506713	-0.924899
0.974800	-163.401232	-151.711220	315.112452	11.690012	478.513684	2.897092	-1.491572	-0.533172
0.975700	-163.387833	-151.691132	315.078964	11.696701	478.466797	2.880185	-1.477584	-0.141448
0.976600	-163.374572	-151.671217	315.045790	11.703355	478.420362	2.864180	-1.464948	0.250272
0.977500	-163.361449	-151.651475	315.012925	11.709974	478.374374	2.851796	-1.453675	0.641990
0.978400	-163.348463	-151.631904	314.980367	11.716558	478.328830	2.844937	-1.443581	1.033706
0.979300	-163.335610	-151.612503	314.948113	11.723107	478.283724	2.844418	-1.434313	1.425422
0.980200	-163.322891	-151.593271	314.916162	11.729620	478.239052	2.849988	-1.425399	1.817138
0.981100	-163.310302	-151.574206	314.884508	11.736097	478.194811	2.860561	-1.416321	2.208855
0.982000	-163.297844	-151.555307	314.853151	11.742538	478.150995	2.874484	-1.406601	2.600573
0.982900	-163.285515	-151.536572	314.822087	11.748942	478.107601	2.889800	-1.395865	2.992294
0.983800	-163.273312	-151.518001	314.791313	11.755311	478.064625	2.904452	-1.383904	-2.899169
0.984700	-163.261235	-151.499592	314.760827	11.761643	478.022062	2.916472	-1.370688	-2.507444
0.985600	-163.249282	-151.481344	314.730626	11.767938	477.979909	2.924163	-1.356366	-2.115719
0.986500	-163.237453	-151.463255	314.700708	11.774197	477.938161	2.926321	-1.341234	-1.723994
0.987400	-163.225744	-151.445325	314.671069	11.780419	477.896814	2.922464	-1.325689	-1.332269
0.988300	-163.214156	-151.427552	314.641708	11.786604	477.855864	2.913035	-1.310173	-0.940546
0.989200	-163.202687	-151.409935	314.612622	11.792752	477.815309	2.899457	-1.295118	-0.548825
0.990100	-163.191335	-151.392472	314.583807	11.798863	477.775142	2.883965	-1.280889	-0.157107
0.991000	-163.180100	-151.375163	314.555263	11.804937	477.735362	2.869164	-1.267734	0.234609
0.991900	-163.168979	-151.358006	314.526985	11.810973	477.695964	2.857471	-1.255754	0.626323
0.992800	-163.157972	-151.340999	314.498972	11.816973	477.656944	2.850620	-1.244883	1.018034
0.993700	-163.147078	-151.324143	314.471221	11.822935	477.618299	2.849400	-1.234897	1.409745
0.994600	-163.136295	-151.307435	314.443730	11.828860	477.580025	2.853657	-1.225444	1.801455
0.995500	-163.125622	-151.290874	314.416496	11.834747	477.542118	2.862463	-1.216101	2.193166
0.996400	-163.115057	-151.274460	314.389517	11.840598	477.504575	2.874359	-1.206434	2.584878
0.997300	-163.104601	-151.258190	314.362791	11.846410	477.467392	2.887581	-1.196069	2.976591
0.998200	-163.094250	-151.242065	314.336315	11.852186	477.430566	2.900266	-1.184745	-2.914879
0.999100	-163.084005	-151.226082	314.310087	11.857924	477.394093	2.910627	-1.172347	-2.523163
1.000000	-163.073865	-151.210240	314.284105	11.863625	477.357969	2.917140	-1.158917	-2.131446
