0.101800	-8077.716879	-7677.473048	15755.189927	400.243831	23832.906806	-1.396859	-1.396959	-1.386588
0.103600	-7936.131516	-7536.171397	15472.302913	399.960119	23408.434429	1.149303	1.149058	1.132253
0.105400	-7797.196814	-7397.525249	15194.722062	399.671565	22991.918876	2.938620	2.939204	2.923439
0.107200	-7660.862794	-7261.484700	14922.347494	399.378094	22583.210288	-2.296608	-2.296181	-2.308342
0.109000	-7527.080418	-7128.000782	14655.081200	399.079636	22182.161617	-1.976144	-1.975850	-1.992667
0.110800	-7395.801563	-6997.025448	14392.827011	398.776114	21788.628573	-2.369977	-2.369483	-2.383400
0.112600	-7266.979011	-6868.511554	14135.490565	398.467457	21402.469576	2.818205	2.818736	2.832984
0.114400	-7140.566429	-6742.412842	13882.979271	398.153587	21023.545700	1.037290	1.036895	1.030441
0.116200	-7016.518353	-6618.683922	13635.202274	397.834431	20651.720627	-1.419438	-1.419401	-1.411184
0.118000	-6894.790169	-6497.280258	13392.070428	397.509911	20286.860597	1.746306	1.746296	1.729898
0.119800	-6775.338103	-6378.158153	13153.496255	397.179950	19928.834358	-2.021886	-2.021497	-2.012685
0.121600	-6658.119198	-6261.274727	12919.393925	396.844471	19577.513123	-0.143249	-0.143832	-0.125948
0.123400	-6543.091304	-6146.587910	12689.679214	396.503395	19232.770518	1.110103	1.109677	1.124626
0.125200	-6430.213062	-6034.056419	12464.269481	396.156643	18894.482543	1.749838	1.749761	1.765678
0.127000	-6319.443886	-5923.639749	12243.083635	395.804136	18562.527521	1.787751	1.787687	1.804681
0.128800	-6210.743952	-5815.298157	12026.042109	395.445794	18236.786061	1.235593	1.235219	1.234918
0.130600	-6104.074181	-5708.992645	11813.066826	395.081536	17917.141007	0.103843	0.103257	0.087549
0.132400	-5999.396229	-5604.684948	11604.081177	394.711280	17603.477405	-1.598052	-1.597829	-1.581255
0.134200	-5896.672467	-5502.337521	11399.009988	394.334945	17295.682455	2.427135	2.427442	2.411466
0.136000	-5795.865974	-5401.913525	11197.779499	393.952449	16993.645473	-0.379685	-0.380136	-0.362123
0.137800	-5696.940519	-5303.376812	11000.317331	393.563707	16697.257850	2.560531	2.560888	2.551055
0.139600	-5599.860551	-5206.691914	10806.552465	393.168637	16406.413016	-1.309772	-1.309659	-1.323301
0.141400	-5504.591184	-5111.824029	10616.415214	392.767155	16121.006398	0.585566	0.584952	0.589602
0.143200	-5411.098187	-5018.739011	10429.837198	392.359176	15840.935385	1.973270	1.973224	1.986513
0.145000	-5319.347969	-4927.403353	10246.751322	391.944616	15566.099291	2.863282	2.863717	2.877909
0.146800	-5229.307568	-4837.784179	10067.091747	391.523389	15296.399315	-3.018198	-3.017633	-3.007813
0.148600	-5140.944641	-4749.849231	9890.793872	391.095410	15031.738513	-3.095592	-3.095029	-3.098940
0.150400	-5054.227449	-4663.566857	9717.794307	390.660592	14772.021756	2.639909	2.640252	2.622907
0.152200	-4969.124849	-4578.906001	9548.030850	390.218849	14517.155700	1.629984	1.629706	1.632931
0.154000	-4885.606281	-4495.836188	9381.442469	389.770094	14267.048750	0.167384	0.166813	0.179621
0.155800	-4803.641757	-4414.327517	9217.969274	389.314240	14021.611031	-1.739017	-1.738578	-1.754813
0.157600	-4723.201850	-4334.350651	9057.552501	388.851200	13780.754352	2.200697	2.200718	2.217463
0.159400	-4644.257686	-4255.876801	8900.134487	388.380886	13544.392174	-0.569049	-0.569278	-0.582270
0.161200	-4566.780931	-4178.877720	8745.658651	387.903210	13312.439582	2.523332	2.523528	2.524004
0.163000	-4490.743780	-4103.325695	8594.069474	387.418085	13084.813254	-1.079190	-1.079124	-1.063783
0.164800	-4416.118950	-4029.193528	8445.312478	386.925422	12861.431429	1.198418	1.197881	1.192136
0.166600	-4342.879671	-3956.454538	8299.334208	386.425133	12642.213879	3.078741	3.079206	3.061581
0.168400	-4270.999670	-3885.082541	8156.082211	385.917129	12427.081881	-1.713257	-1.712790	-1.727077
0.170200	-4200.453170	-3815.051847	8015.505017	385.401323	12215.958187	-0.603675	-0.603817	-0.612926
0.172000	-4131.214875	-3746.337250	7877.552125	384.877625	12008.766999	0.131361	0.130878	0.121920
0.173800	-4063.259962	-3678.914015	7742.173977	384.345947	11805.433939	0.498898	0.498335	0.484291
0.175600	-3996.564074	-3612.757874	7609.321948	383.806201	11605.886022	0.505745	0.505171	0.487418
0.177400	-3931.103311	-3547.845013	7478.948324	383.258298	11410.051636	0.158329	0.157800	0.151367
0.179200	-3866.854219	-3484.152068	7351.006287	382.702151	11217.860507	-0.536679	-0.536916	-0.520594
0.181000	-3803.793784	-3421.656113	7225.449897	382.137671	11029.243680	-1.571612	-1.571218	-1.565702
0.182800	-3741.899422	-3360.334651	7102.234074	381.564771	10844.133496	-2.940376	-2.939775	-2.957421
0.184600	-3681.148975	-3300.165612	6981.314587	380.983363	10662.463561	1.644944	1.644588	1.661524
0.186400	-3621.520696	-3241.127336	6862.648032	380.393360	10484.168728	-0.373425	-0.373726	-0.386808
0.188200	-3562.993249	-3183.198574	6746.191823	379.794674	10309.185071	-2.709261	-2.708665	-2.696821
0.190000	-3505.545695	-3126.358474	6631.904169	379.187221	10137.449863	0.930269	0.929658	0.914239
0.191800	-3449.157489	-3070.586576	6519.744065	378.570913	9968.901554	-2.019741	-2.019178	-2.001524
0.193600	-3393.808471	-3015.862806	6409.671277	377.945665	9803.479748	1.017478	1.016874	1.006081
0.195400	-3339.478857	-2962.167466	6301.646323	377.311391	9641.125181	-2.522768	-2.522138	-2.531196
0.197200	-3286.149237	-2909.481228	6195.630465	376.668009	9481.779702	-0.066906	-0.067339	-0.050064
0.199000	-3233.800562	-2857.785128	6091.585690	376.015433	9325.386252	2.107601	2.107433	2.116573
0.200800	-3182.414140	-2807.060559	5989.474699	375.353581	9171.888840	-2.277447	-2.276806	-2.287328
0.202600	-3131.971632	-2757.289262	5889.260894	374.682371	9021.232526	-0.650463	-0.650505	-0.668354
0.204400	-3082.455041	-2708.453321	5790.908362	374.001720	8873.363404	0.710022	0.709410	0.693841
0.206200	-3033.846708	-2660.535159	5694.381867	373.311549	8728.228575	1.809003	1.808644	1.796564
0.208000	-2986.129305	-2613.517528	5599.646833	372.611777	8585.776137	2.651681	2.651816	2.640495
0.209800	-2939.285829	-2567.383503	5506.669332	371.902325	8445.955161	-3.040163	-3.039710	-3.053493
0.211600	-2893.299596	-2522.116480	5415.416076	371.183117	8308.715672	-2.695476	-2.694898	-2.712404
0.213400	-2848.154237	-2477.700163	5325.854400	370.454074	8174.008637	-2.592975	-2.592374	-2.609469
0.215200	-2803.833688	-2434.118566	5237.952254	369.715122	8041.785941	-2.728306	-2.727754	-2.733648
0.217000	-2760.322187	-2391.356001	5151.678188	368.966186	7912.000375	-3.096896	-3.096519	-3.083876
0.218800	-2717.604270	-2349.397077	5067.001346	368.207193	7784.605616	2.589487	2.589504	2.604549
0.220600	-2675.664760	-2308.226689	4983.891450	367.438071	7659.556210	1.769019	1.768578	1.758564
0.222400	-2634.488770	-2267.830020	4902.318790	366.658749	7536.807559	0.727631	0.727036	0.715874
0.224200	-2594.061688	-2228.192528	4822.254216	365.869160	7416.315904	-0.530862	-0.530881	-0.513725
0.226000	-2554.369180	-2189.299946	4743.669126	365.069234	7298.038306	-1.999955	-1.999319	-2.006503
0.227800	-2515.397181	-2151.138275	4666.535456	364.258906	7181.932636	2.605848	2.605839	2.600609
0.229600	-2477.131890	-2113.693777	4590.825667	363.438113	7067.957557	0.723888	0.723289	0.736772
0.231400	-2439.559766	-2076.952977	4516.512743	362.606790	6956.072509	-1.357588	-1.357085	-1.372963
0.233200	-2402.667524	-2040.902647	4443.570172	361.764877	6846.237696	2.646469	2.646437	2.663199
0.235000	-2366.442129	-2005.529814	4371.971942	360.912315	6738.414071	0.176231	0.175881	0.160619
0.236800	-2330.870790	-1970.821743	4301.692533	360.049047	6632.563322	-2.485238	-2.484685	-2.471765
0.238600	-2295.940959	-1936.765942	4232.706901	359.175018	6528.647860	0.952808	0.952200	0.946742
0.240400	-2261.640325	-1903.350152	4164.990477	358.290173	6426.630802	-2.075769	-2.075131	-2.080478
0.242200	-2227.956808	-1870.562346	4098.519155	357.394462	6326.475963	1.000359	0.999732	1.016055
0.244000	-2194.878558	-1838.390722	4033.269280	356.487835	6228.147838	-2.381384	-2.380798	-2.395768
0.245800	-2162.393947	-1806.823700	3969.217647	355.570246	6131.611593	0.347491	0.347096	0.344750
0.247600	-2130.491567	-1775.849917	3906.341484	354.641650	6036.833051	2.906878	2.906928	2.924489
0.249400	-2099.160228	-1745.458224	3844.618452	353.702004	5943.778681	-0.981421	-0.981021	-0.983235
0.251200	-2068.388951	-1715.637682	3784.026633	352.751268	5852.415583	1.251235	1.250623	1.233904
0.253000	-2038.166962	-1686.377557	3724.544519	351.789405	5762.711481	-2.960166	-2.959875	-2.963957
0.254800	-2008.483696	-1657.667317	3666.151013	350.816379	5674.634709	-1.044755	-1.044314	-1.030476
0.256600	-1979.328785	-1629.496627	3608.825413	349.832158	5588.154198	0.717899	0.717374	0.734204
0.258400	-1950.692060	-1601.855349	3552.547408	348.836711	5503.239468	2.329908	2.329562	2.336382
0.260200	-1922.563542	-1574.733531	3497.297074	347.830011	5419.860616	-2.489228	-2.488735	-2.494124
0.262000	-1894.933447	-1548.121413	3443.054859	346.812034	5337.988306	-1.170084	-1.169541	-1.182665
0.263800	-1867.792171	-1522.009414	3389.801585	345.782757	5257.593756	0.006837	0.006743	-0.009254
0.265600	-1841.130298	-1496.388137	3337.518435	344.742161	5178.648733	1.044001	1.043434	1.027074
0.267400	-1814.938589	-1471.248358	3286.186946	343.690231	5101.125535	1.943976	1.943451	1.927223
0.269200	-1789.207981	-1446.581028	3235.789009	342.626952	5024.996990	2.709430	2.709265	2.692833
0.271000	-1763.929585	-1422.377270	3186.306855	341.552315	4950.236440	-2.940204	-2.939985	-2.956740
0.272800	-1739.094682	-1398.628370	3137.723052	340.466312	4876.817734	-2.436054	-2.435576	-2.451839
0.274600	-1714.694719	-1375.325780	3090.020499	339.368939	4804.715218	-2.058915	-2.058312	-2.071740
0.276400	-1690.721308	-1352.461113	3043.182420	338.260195	4733.903728	-1.806460	-1.805821	-1.812609
0.278200	-1667.166219	-1330.026138	2997.192358	337.140081	4664.358577	-1.676362	-1.675723	-1.672214
0.280000	-1644.021384	-1308.012781	2952.034165	336.008603	4596.055549	-1.666212	-1.665581	-1.651854
0.281800	-1621.278887	-1286.413116	2907.692003	334.865771	4528.970890	-1.773521	-1.772901	-1.756566
0.283600	-1598.930965	-1265.219371	2864.150335	333.711594	4463.081300	-1.995898	-1.995314	-1.989789
0.285400	-1576.970004	-1244.423915	2821.393919	332.546089	4398.363923	-2.331370	-2.330897	-2.342453
0.287200	-1555.388538	-1224.019264	2779.407802	331.369274	4334.796340	-2.778388	-2.778158	-2.792844
0.289000	-1534.179244	-1203.998074	2738.177318	330.181170	4272.356562	2.948067	2.947925	2.951269
0.290800	-1513.334941	-1184.353136	2697.688077	328.981804	4211.023018	2.284422	2.283917	2.301425
0.292600	-1492.848586	-1165.077382	2657.925967	327.771204	4150.774553	1.516619	1.516008	1.517473
0.294400	-1472.713273	-1146.163871	2618.877144	326.549402	4091.590417	0.645670	0.645373	0.629866
0.296200	-1452.922231	-1127.605797	2580.528027	325.316434	4033.450258	-0.327624	-0.327338	-0.323548
0.298000	-1433.468818	-1109.396479	2542.865297	324.072339	3976.334114	-1.399782	-1.399146	-1.384140
0.299800	-1414.346523	-1091.529363	2505.875886	322.817161	3920.222409	-2.567838	-2.567550	-2.579051
0.301600	-1395.548962	-1073.998017	2469.546979	321.550945	3865.095941	2.450822	2.450365	2.446959
0.303400	-1377.069874	-1056.796132	2433.866006	320.273742	3810.935880	1.091949	1.091456	1.108344
0.305200	-1358.903120	-1039.917516	2398.820636	318.985605	3757.723756	-0.357549	-0.357182	-0.369286
0.307000	-1341.042684	-1023.356092	2364.398776	317.686592	3705.441460	-1.898427	-1.897866	-1.896313
0.308800	-1323.482664	-1007.105901	2330.588564	316.376763	3654.071228	2.755861	2.755505	2.767030
0.310600	-1306.217275	-991.161092	2297.378367	315.056183	3603.595643	1.041028	1.040615	1.026419
0.312400	-1289.240848	-975.515927	2264.756774	313.724921	3553.997622	-0.761224	-0.760673	-0.745182
0.314200	-1272.547821	-960.164773	2232.712594	312.383048	3505.260415	-2.644767	-2.644600	-2.654054
0.316000	-1256.132745	-945.102106	2201.234851	311.030639	3457.367597	1.671593	1.670992	1.677183
0.317800	-1239.990278	-930.322503	2170.312781	309.667775	3410.303059	-0.375612	-0.375183	-0.373699
0.319600	-1224.115182	-915.820645	2139.935827	308.294536	3364.051009	-2.501365	-2.501143	-2.504373
0.321400	-1208.502323	-901.591312	2110.093635	306.911011	3318.595958	1.578198	1.577623	1.586460
0.323200	-1193.146670	-887.629382	2080.776052	305.517288	3273.922722	-0.701101	-0.700509	-0.707705
0.325000	-1178.043291	-873.929829	2051.973120	304.113462	3230.016411	-3.055537	-3.055701	-3.045354
0.326800	-1163.187351	-860.487723	2023.675074	302.699629	3186.862426	0.801027	0.800817	0.794633
0.328600	-1148.574114	-847.298224	1995.872338	301.275890	3144.446452	-1.698773	-1.698205	-1.690500
0.330400	-1134.198936	-834.356585	1968.555521	299.842350	3102.754456	2.015669	2.015071	2.013627
0.332200	-1120.057265	-821.658149	1941.715414	298.399116	3061.772679	-0.623412	-0.622821	-0.621675
0.334000	-1106.144644	-809.198343	1915.342987	296.946300	3021.487630	2.953473	2.953118	2.960254
0.335800	-1092.456700	-796.972684	1889.429385	295.484016	2981.886085	0.180944	0.181178	0.172853
0.337600	-1078.989153	-784.976771	1863.965924	294.012382	2942.955078	-2.658102	-2.658086	-2.642209
0.339400	-1065.737806	-773.206285	1838.944092	292.531521	2904.681898	0.723990	0.723913	0.711468
0.341200	-1052.698547	-761.656991	1814.355538	291.041556	2867.054084	-2.242189	-2.241931	-2.228617
0.343000	-1039.867346	-750.324730	1790.192076	289.542616	2830.059423	1.015002	1.014762	1.014412
0.344800	-1027.240257	-739.205425	1766.445681	288.034832	2793.685938	-2.072202	-2.071843	-2.076667
0.346600	-1014.813411	-728.295071	1743.108483	286.518340	2757.921894	1.063808	1.063546	1.080206
0.348400	-1002.583020	-717.589743	1720.172764	284.993277	2722.755784	-2.140012	-2.139702	-2.149595
0.350200	-990.545371	-707.085587	1697.630959	283.459784	2688.176330	0.880842	0.880723	0.886274
0.352000	-978.696827	-696.778823	1675.475650	281.918005	2654.172477	-2.437407	-2.437318	-2.424526
0.353800	-967.033825	-686.665739	1653.699564	280.368087	2620.733390	0.473930	0.474108	0.463311
0.355600	-955.552876	-676.742696	1632.295572	278.810180	2587.848448	-2.953517	-2.953757	-2.945309
0.357400	-944.250560	-667.006122	1611.256683	277.244438	2555.507243	-0.150454	-0.149937	-0.137232
0.359200	-933.123529	-657.452513	1590.576042	275.671015	2523.699571	2.602493	2.601966	2.592992
0.361000	-922.168502	-648.078430	1570.246932	274.090072	2492.415434	-0.981003	-0.980310	-0.976149
0.362800	-911.382267	-638.880498	1550.262765	272.501769	2461.645032	1.669533	1.669071	1.686346
0.364600	-900.761676	-629.855407	1530.617084	270.906269	2431.378760	-2.011187	-2.010873	-2.014723
0.366400	-890.303649	-620.999908	1511.303557	269.303741	2401.607206	0.542539	0.542757	0.538448
0.368200	-880.005166	-612.310814	1492.315980	267.694352	2372.321146	3.048267	3.047839	3.064746
0.370000	-869.863272	-603.784997	1473.648268	266.078275	2343.511540	-0.774719	-0.774013	-0.764253
0.371800	-859.875071	-595.419388	1455.294458	264.455683	2315.169529	1.641364	1.640986	1.634175
0.373600	-850.037728	-587.210976	1437.248704	262.826753	2287.286433	-2.272083	-2.271973	-2.269688
0.375400	-840.348469	-579.156806	1419.505275	261.191662	2259.853744	0.053648	0.054171	0.072523
0.377200	-830.804573	-571.253980	1402.058553	259.550593	2232.863126	2.338281	2.337727	2.348397
0.379000	-821.403380	-563.499652	1384.903032	257.903727	2206.306412	-1.702540	-1.702097	-1.707329
0.380800	-812.142282	-555.891032	1368.033315	256.251250	2180.175597	0.497825	0.498171	0.498867
0.382600	-803.018729	-548.425381	1351.444110	254.593347	2154.462838	2.657427	2.656882	2.674715
0.384400	-794.030220	-541.100012	1335.130232	252.930208	2129.160451	-1.505527	-1.505024	-1.487727
0.386200	-785.174310	-533.912287	1319.086597	251.262023	2104.260906	0.577060	0.577398	0.580526
0.388000	-776.448603	-526.859620	1303.308223	249.588983	2079.756825	2.621282	2.620765	2.618158
0.389800	-767.850754	-519.939472	1287.790226	247.911282	2055.640979	-1.656652	-1.656229	-1.648802
0.391600	-759.378467	-513.149352	1272.527819	246.229115	2031.906286	0.312029	0.312533	0.332846
0.393400	-751.029495	-506.486816	1257.516311	244.542679	2008.545806	2.245899	2.245399	2.265768
0.395200	-742.801637	-499.949466	1242.751103	242.852171	1985.552741	-2.138479	-2.138369	-2.129731
0.397000	-734.692740	-493.534949	1228.227688	241.157791	1962.920428	-0.274475	-0.273714	-0.273259
0.398800	-726.700694	-487.240955	1213.941649	239.459738	1940.642342	1.555296	1.555130	1.560759
0.400600	-718.823434	-481.065220	1199.888655	237.758214	1918.712089	-2.932126	-2.932487	-2.914669
0.402400	-711.058942	-475.005520	1186.064462	236.053422	1897.123404	-1.169085	-1.168465	-1.143315
0.404200	-703.405238	-469.059675	1172.464913	234.345563	1875.870151	0.563065	0.563532	0.586761
0.406000	-695.860386	-463.225543	1159.085929	232.634843	1854.946316	2.264633	2.264196	2.279651
0.407800	-688.422491	-457.501026	1145.923517	230.921466	1834.346009	-2.348191	-2.348248	-2.339734
0.409600	-681.089698	-451.884062	1132.973760	229.205637	1814.063459	-0.708642	-0.707853	-0.699241
0.411400	-673.860192	-446.372629	1120.232821	227.487562	1794.093012	0.901237	0.901578	0.918243
0.413200	-666.732193	-440.964745	1107.696938	225.767448	1774.429131	2.482120	2.481656	2.508638
0.415000	-659.703963	-435.658461	1095.362425	224.045502	1755.066388	-2.248634	-2.248679	-2.215729
0.416800	-652.773800	-430.451869	1083.225669	222.321931	1735.999469	-0.723569	-0.722803	-0.690010
0.418600	-645.940035	-425.343094	1071.283129	220.596941	1717.223164	0.775097	0.775564	0.804538
0.420400	-639.201038	-420.330297	1059.531335	218.870740	1698.732373	2.247436	2.247080	2.271668
0.422200	-632.555212	-415.411674	1047.966886	217.143537	1680.522098	-2.589991	-2.590221	-2.568222
0.424000	-626.000993	-410.585455	1036.586448	215.415538	1662.587441	-1.170412	-1.169792	-1.146652
0.425800	-619.536852	-405.849902	1025.386754	213.686951	1644.923606	0.223954	0.224741	0.253475
0.427600	-613.161292	-401.203310	1014.364602	211.957982	1627.525894	1.593867	1.593893	1.631095
0.429400	-606.872847	-396.644007	1003.516854	210.228839	1610.389700	2.939704	2.939241	2.984740
0.431200	-600.670081	-392.170353	992.840434	208.499729	1593.510515	-2.021220	-2.021183	-1.969776
0.433000	-594.551592	-387.780736	982.332328	206.770856	1576.883920	-0.721657	-0.720888	-0.666170
0.434800	-588.516004	-383.473576	971.989580	205.042428	1560.505585	0.556060	0.556751	0.613159
0.436600	-582.561972	-379.247324	961.809296	203.314648	1544.371269	1.812312	1.812253	1.869546
0.438400	-576.688180	-375.100458	951.788638	201.587722	1528.476817	3.047140	3.046681	3.104493
0.440200	-570.893337	-371.031485	941.924822	199.861852	1512.818159	-2.022457	-2.022450	-1.963814
0.442000	-565.176182	-367.038941	932.215123	198.137241	1497.391305	-0.829547	-0.828811	-0.767933
0.443800	-559.535480	-363.121388	922.656868	196.414092	1482.192348	0.343380	0.344219	0.409679
0.445600	-553.970021	-359.277417	913.247438	194.692605	1467.217460	1.496822	1.497033	1.569450
0.447400	-548.478622	-355.505643	903.984266	192.972979	1452.462888	2.631055	2.630638	2.711601
0.449200	-543.060124	-351.804710	894.864834	191.255414	1437.924958	-2.536784	-2.537143	-2.446926
0.451000	-537.713391	-348.173284	885.886676	189.540107	1423.600067	-1.439735	-1.439447	-1.339635
0.452800	-532.437314	-344.610059	877.047373	187.827255	1409.484687	-0.360195	-0.359380	-0.249515
0.454600	-527.230804	-341.113753	868.344557	186.117051	1395.575361	0.702570	0.703239	0.823739
0.456400	-522.092797	-337.683106	859.775903	184.409691	1381.868699	1.749066	1.749046	1.880544
0.458200	-517.022249	-334.316884	851.339133	182.705366	1368.361382	2.779620	2.779013	2.921411
0.460000	-512.018141	-331.013874	843.032015	181.004266	1355.050156	-2.488594	-2.489172	-2.336264
0.461800	-507.079471	-327.772889	834.852361	179.306582	1341.931832	-1.488673	-1.488671	-1.325491
0.463600	-502.205261	-324.592762	826.798023	177.612500	1329.003285	-0.503119	-0.502541	-0.328819
0.465400	-497.394553	-321.472347	818.866900	175.922206	1316.261453	0.468749	0.469360	0.654386
0.467200	-492.646406	-318.410522	811.056928	174.235884	1303.703334	1.427468	1.427498	1.624745
0.469000	-487.959901	-315.406184	803.366085	172.553717	1291.325987	2.373431	2.372687	2.582859
0.470800	-483.334138	-312.458252	795.792390	170.875885	1279.126528	-2.976184	-2.977334	-2.753879
0.472600	-478.768232	-309.565665	788.333898	169.202567	1267.102130	-2.054519	-2.055451	-1.818545
0.474400	-474.261321	-306.727382	780.988703	167.533939	1255.250025	-1.144085	-1.144402	-0.893790
0.476200	-469.812557	-303.942381	773.754938	165.870177	1243.567495	-0.244069	-0.243912	0.020902
0.478000	-465.421110	-301.209659	766.630769	164.211452	1232.051879	0.646363	0.646407	0.926036
0.479800	-461.086167	-298.528232	759.614399	162.557935	1220.700566	1.527981	1.527277	1.822109
0.481600	-456.806931	-295.897137	752.704067	160.909794	1209.510998	2.401493	2.399788	2.709611
0.483400	-452.582621	-293.315424	745.898045	159.267197	1198.480667	-3.015537	-3.017938	-2.694152
0.485200	-448.412472	-290.782166	739.194638	157.630307	1187.607111	-2.155808	-2.158237	-1.822319
0.487000	-444.295735	-288.296450	732.592185	155.999285	1176.887919	-1.301287	-1.303150	-0.957580
0.488800	-440.231673	-285.857381	726.089054	154.374292	1166.320727	-0.450443	-0.451638	-0.099435
0.490600	-436.219566	-283.464082	719.683647	152.755484	1155.903213	0.398496	0.397458	0.752624
0.492400	-432.258707	-281.115690	713.374397	151.143016	1145.633104	1.247441	1.245701	1.599114
0.494200	-428.348403	-278.811361	707.159764	149.537042	1135.508167	2.098324	2.095227	2.440561
0.496000	-424.487975	-276.550265	701.038241	147.937710	1125.526216	2.953012	2.948626	-3.005686
0.497800	-420.676757	-274.331589	695.008346	146.345168	1115.685103	-2.469993	-2.474716	-2.172716
0.499600	-416.914095	-272.154532	689.068627	144.759563	1105.982721	-1.603073	-1.606717	-1.343172
0.501400	-413.199347	-270.018312	683.217659	143.181035	1096.417007	-0.729136	-0.730687	-0.516516
0.503200	-409.531886	-267.922160	677.454046	141.609726	1086.985931	0.150337	0.150741	0.307779
0.505000	-405.911093	-265.865321	671.776414	140.045772	1077.687506	1.031484	1.032606	1.130213
0.506800	-402.336363	-263.847054	666.183418	138.489309	1068.519781	1.908286	1.908784	1.951249
0.508600	-398.807103	-261.866634	660.673737	136.940469	1059.480840	2.774031	2.773533	2.771286
0.510400	-395.322729	-259.923346	655.246075	135.399382	1050.568803	-2.659874	-2.660588	-2.692543
0.512200	-391.882667	-258.016492	649.899160	133.866175	1041.781827	-1.829864	-1.829628	-1.873650
0.514000	-388.486357	-256.145386	644.631743	132.340972	1033.118101	-1.019299	-1.017501	-1.055131
0.515800	-385.133247	-254.309352	639.442599	130.823895	1024.575846	-0.226509	-0.223516	-0.237022
0.517600	-381.822794	-252.507731	634.330525	129.315062	1016.153319	0.551135	0.554163	0.580506
0.519400	-378.554466	-250.739875	629.294340	127.814591	1007.848806	1.316645	1.318289	1.397176
0.521200	-375.327740	-249.005145	624.332885	126.322595	999.660625	2.073213	2.072356	2.212641
0.523000	-372.142103	-247.302918	619.445021	124.839184	991.587124	2.824339	2.820539	3.026531
0.524800	-368.997050	-245.632582	614.629631	123.364468	983.626681	-2.708979	-2.715375	-2.444670
0.526600	-365.892084	-243.993534	609.885618	121.898550	975.777703	-1.954841	-1.962844	-1.634830
0.528400	-362.826719	-242.385185	605.211904	120.441535	968.038624	-1.188550	-1.196867	-0.827236
0.530200	-359.800476	-240.806955	600.607431	118.993521	960.407907	-0.398462	-0.405962	-0.021829
0.532000	-356.812883	-239.258276	596.071159	117.554606	952.884041	0.431992	0.425825	0.781610
0.533800	-353.863476	-237.738592	591.602067	116.124884	945.465543	1.321489	1.316455	1.583442
0.535600	-350.951801	-236.247353	587.199154	114.704448	938.150955	2.274000	2.270186	2.384131
0.537400	-348.077409	-234.784025	582.861433	113.293384	930.938842	-3.032632	-3.033385	-3.098999
0.539200	-345.239859	-233.348079	578.587937	111.891780	923.827796	-2.098080	-2.093821	-2.299082
0.541000	-342.438718	-231.938998	574.377716	110.499719	916.816433	-1.238366	-1.229547	-1.498896
0.542800	-339.673558	-230.556276	570.229834	109.117282	909.903392	-0.446093	-0.434897	-0.698183
0.544600	-336.943960	-229.199415	566.143374	107.744545	903.087334	0.297662	0.308693	0.103122
0.546400	-334.249509	-227.867925	562.117434	106.381584	896.366943	1.009014	1.017612	0.904866
0.548200	-331.589799	-226.561327	558.151127	105.028472	889.740926	1.699580	1.703948	1.706705
0.550000	-328.964429	-225.279152	554.243580	103.685277	883.208009	2.378087	2.376939	2.508168
0.551800	-326.373003	-224.020936	550.393939	102.352067	876.766942	3.052337	3.044866	-2.974435
0.553600	-323.815132	-222.786227	546.601360	101.028905	870.416492	-2.551738	-2.565923	-2.175161
0.555400	-321.290434	-221.574581	542.865015	99.715853	864.155448	-1.853657	-1.874546	-1.377449
0.557200	-318.798530	-220.385560	539.184090	98.412969	857.982619	-1.109324	-1.136033	-0.581326
0.559000	-316.339047	-219.218737	535.557784	97.120310	851.896831	-0.258858	-0.286410	0.213421
0.560800	-313.911619	-218.073692	531.985311	95.837928	845.896930	0.803786	0.795902	1.007199
0.562600	-311.515885	-216.950011	528.465896	94.565874	839.981780	2.018018	2.043259	1.800531
0.564400	-309.151486	-215.847291	524.998776	93.304195	834.150262	3.042481	3.069750	2.593945
0.566200	-306.818071	-214.765133	521.583204	92.052938	828.401276	-2.428042	-2.408257	-2.895317
0.568000	-304.515294	-213.703149	518.218443	90.812145	822.733736	-1.723316	-1.709384	-2.100660
0.569800	-302.242810	-212.660955	514.903766	89.581855	817.146576	-1.071655	-1.061893	-1.305302
0.571600	-300.000283	-211.638177	511.638460	88.362107	811.638744	-0.447973	-0.441831	-0.509527
0.573400	-297.787379	-210.634445	508.421824	87.152935	806.209204	0.161026	0.163031	0.286194
0.575200	-295.603769	-209.649398	505.253167	85.954371	800.856936	0.764684	0.760923	1.081330
0.577000	-293.449127	-208.682681	502.131808	84.766447	795.580935	1.373145	1.360416	1.875434
0.578800	-291.323133	-207.733945	499.057079	83.589188	790.380212	2.004475	1.976505	2.668268
0.580600	-289.225470	-206.802850	496.028319	82.422620	785.253789	2.708692	2.651441	-2.823323
0.582400	-287.155823	-205.889059	493.044882	81.266765	780.200706	-2.585964	-2.696524	-2.032675
0.584200	-285.113886	-204.992242	490.106128	80.121644	775.220014	-0.877479	-0.819196	-1.242500
0.586000	-283.099351	-204.112077	487.211428	78.987273	770.310779	0.266868	0.347834	-0.452271
0.587800	-281.111917	-203.248247	484.360163	77.863670	765.472080	0.991908	1.046594	0.338452
0.589600	-279.151285	-202.400439	481.551724	76.750845	760.703009	1.608005	1.643832	1.129898
0.591400	-277.217160	-201.568349	478.785510	75.648811	756.002670	2.183222	2.204089	1.922020
0.593200	-275.309252	-200.751676	476.060928	74.557576	751.370180	2.738563	2.745848	2.714504
0.595000	-273.427271	-199.950126	473.377397	73.477145	746.804667	-3.000150	-3.006726	-2.776316
0.596800	-271.570932	-199.163409	470.734342	72.407523	742.305274	-2.460951	-2.483525	-1.984565
0.598600	-269.739954	-198.391243	468.131197	71.348711	737.871151	-1.920784	-1.965080	-1.193785
0.600400	-267.934058	-197.633347	465.567405	70.300710	733.501463	-1.364987	-1.447620	-0.404071
0.602200	-266.152967	-196.889450	463.042417	69.263517	729.195384	-0.713018	-0.913684	0.384759
0.604000	-264.396409	-196.159283	460.555692	68.237127	724.952101	1.946425	2.504132	1.173111
0.605800	-262.664114	-195.442581	458.106695	67.221533	720.770810	3.015213	3.139738	1.961478
0.607600	-260.955815	-194.739087	455.694902	66.216728	716.650717	-2.698448	-2.637099	2.750288
0.609400	-259.271247	-194.048546	453.319793	65.222700	712.591040	-2.178220	-2.144314	-2.743424
0.611200	-257.610148	-193.370710	450.980858	64.239438	708.591006	-1.675782	-1.659293	-1.953342
0.613000	-255.972259	-192.705333	448.677592	63.266926	704.649851	-1.184134	-1.181692	-1.162966
0.614800	-254.357324	-192.052175	446.409500	62.305149	700.766824	-0.701807	-0.713294	-0.372753
0.616600	-252.765089	-191.411001	444.176090	61.354088	696.941179	-0.230514	-0.259037	0.416854
0.618400	-251.195302	-190.781578	441.976881	60.413724	693.172183	0.222067	0.167026	1.205595
0.620200	-249.647715	-190.163680	439.811395	59.484035	689.459110	0.621022	0.508141	1.993473
0.622000	-248.122081	-189.557082	437.679163	58.564998	685.801244	0.453407	0.233264	2.780757
0.623800	-246.618155	-188.961566	435.579721	57.656588	682.197876	-1.132336	-0.929212	-2.715314
0.625600	-245.135696	-188.376917	433.512613	56.758779	678.648308	-0.809945	-0.712312	-1.927935
0.627400	-243.674464	-187.802922	431.477386	55.871542	675.151850	-0.390231	-0.330693	-1.140006
0.629200	-242.234222	-187.239375	429.473597	54.994848	671.707819	0.046029	0.083317	-0.351493
0.631000	-240.814736	-186.686070	427.500806	54.128665	668.315542	0.483238	0.502956	0.437377
0.632800	-239.415771	-186.142809	425.558580	53.272961	664.974351	0.913622	0.915901	1.226204
0.634600	-238.037098	-185.609395	423.646493	52.427703	661.683590	1.327715	1.309019	2.014579
0.636400	-236.678487	-185.085634	421.764121	51.592854	658.442608	1.703564	1.654854	2.802236
0.638200	-235.339714	-184.571336	419.911049	50.768378	655.250763	1.957360	1.862353	-2.694027
0.640000	-234.020552	-184.066315	418.086867	49.954237	652.107420	1.525611	1.540770	-1.907608
0.641800	-232.720781	-183.570388	416.291169	49.150392	649.011950	0.718301	0.928147	-1.121310
0.643600	-231.440179	-183.083376	414.523555	48.356803	645.963735	0.881160	1.007933	-0.334749
0.645400	-230.178529	-182.605101	412.783631	47.573428	642.962160	1.219996	1.300983	0.452311
0.647200	-228.935615	-182.135391	411.071005	46.800224	640.006620	1.599699	1.650597	1.239866
0.649000	-227.711221	-181.674074	409.385295	46.037148	637.096516	1.987743	2.013645	2.027677
0.650800	-226.505137	-181.220982	407.726119	45.284155	634.231256	2.367504	2.368323	2.815374
0.652600	-225.317151	-180.775953	406.093104	44.541199	631.410255	2.718923	2.690529	-2.680572
0.654400	-224.147056	-180.338822	404.485878	43.808234	628.632934	2.994038	2.929749	-1.893969
0.656200	-222.994645	-179.909433	402.904078	43.085212	625.898722	3.013607	2.941933	-1.107942
0.658000	-221.859713	-179.487628	401.347341	42.372085	623.207054	2.390520	2.541926	-0.322225
0.659800	-220.742058	-179.073253	399.815311	41.668805	620.557369	2.142091	2.319609	0.463540
0.661600	-219.641479	-178.666159	398.307638	40.975320	617.949117	2.332976	2.452347	1.249648
0.663400	-218.557777	-178.266196	396.823974	40.291581	615.381751	2.640252	2.717108	2.036215
0.665200	-217.490755	-177.873220	395.363975	39.617536	612.854730	2.980781	3.024533	2.823130
0.667000	-216.440219	-177.487085	393.927304	38.953133	610.367523	-2.959602	-2.945971	-2.673080
0.668800	-215.405973	-177.107653	392.513626	38.298321	607.919599	-2.638497	-2.656079	-1.886374
0.670600	-214.387828	-176.734783	391.122611	37.653045	605.510440	-2.379739	-2.430596	-1.100169
0.672400	-213.385593	-176.368340	389.753934	37.017253	603.139527	-2.294351	-2.358617	-0.314495
0.674200	-212.399081	-176.008191	388.407272	36.390891	600.806353	-2.626968	-2.563700	0.470823
0.676000	-211.428105	-175.654202	387.082307	35.773903	598.510412	-2.986439	-2.809676	1.256086
0.677800	-210.472481	-175.306245	385.778726	35.166237	596.251207	-2.926624	-2.785352	2.041584
0.679600	-209.532027	-174.964192	384.496219	34.567835	594.028246	-2.690260	-2.594457	2.827471
0.681400	-208.606562	-174.627918	383.234480	33.978644	591.841042	-2.396779	-2.338666	-2.669485
0.683200	-207.695907	-174.297299	381.993206	33.398607	589.689113	-2.091526	-2.066866	-1.883137
0.685000	-206.799884	-173.972215	380.772100	32.827669	587.571984	-1.804290	-1.812088	-1.096963
0.686800	-205.918320	-173.652546	379.570866	32.265773	585.489185	-1.576340	-1.614584	-0.311190
0.688600	-205.051039	-173.338175	378.389213	31.712864	583.440252	-1.499424	-1.543690	0.474123
0.690400	-204.197870	-173.028986	377.226855	31.168884	581.424725	-1.729541	-1.674285	1.259106
0.692200	-203.358642	-172.724865	376.083508	30.633777	579.442150	-2.031114	-1.863308	2.044014
0.694000	-202.533189	-172.425702	374.958890	30.107487	577.492079	-2.024751	-1.871084	2.829107
0.695800	-201.721342	-172.131385	373.852727	29.589957	575.574069	-1.837267	-1.725849	-2.668653
0.697600	-200.922937	-171.841807	372.764744	29.081131	573.687681	-1.582770	-1.510508	-1.882928
0.699400	-200.137811	-171.556860	371.694671	28.580951	571.832483	-1.312505	-1.275347	-1.097092
0.701200	-199.365802	-171.276441	370.642244	28.089361	570.008046	-1.060931	-1.056139	-0.311399
0.703000	-198.606751	-171.000446	369.607197	27.606305	568.213948	-0.872897	-0.893384	0.473953
0.704800	-197.860499	-170.728773	368.589273	27.131726	566.449772	-0.833820	-0.845125	1.258915
0.706600	-197.126890	-170.461323	367.588213	26.665567	564.715104	-1.036985	-0.949195	2.043604
0.708400	-196.405770	-170.197997	366.603767	26.207773	563.009536	-1.260939	-1.082860	2.828245
0.710200	-195.696984	-169.938698	365.635682	25.758286	561.332666	-1.249905	-1.082195	-2.670126
0.712000	-195.000382	-169.683332	364.683714	25.317050	559.684096	-1.085569	-0.957648	-1.885022
0.713800	-194.315814	-169.431804	363.747618	24.884010	558.063432	-0.859434	-0.771048	-1.099672
0.715600	-193.643132	-169.184022	362.827153	24.459110	556.470285	-0.620681	-0.567898	-0.314252
0.717400	-192.982188	-168.939895	361.922084	24.042293	554.904272	-0.406677	-0.384256	0.471018
0.719200	-192.332839	-168.699335	361.032174	23.633504	553.365013	-0.266987	-0.260206	1.255983
0.721000	-191.694940	-168.462254	360.157194	23.232686	551.852133	-0.281104	-0.242262	2.040623
0.722800	-191.068349	-168.228564	359.296914	22.839785	550.365263	-0.475435	-0.333900	2.825063
0.724600	-190.452927	-167.998182	358.451109	22.454745	548.904036	-0.623848	-0.420109	-2.673682
0.726400	-189.848534	-167.771024	357.619558	22.077510	547.468092	-0.584270	-0.397454	-1.889062
0.728200	-189.255032	-167.547008	356.802040	21.708024	546.057072	-0.426579	-0.279579	-1.104190
0.730000	-188.672286	-167.326054	355.998339	21.346232	544.670625	-0.221156	-0.113814	-0.319135
0.731800	-188.100160	-167.108081	355.208242	20.992079	543.308402	-0.012365	0.060312	0.465934
0.733600	-187.538523	-166.893014	354.431537	20.645509	541.970059	0.160086	0.207899	1.250833
0.735400	-186.987240	-166.680775	353.668016	20.306465	540.655256	0.242319	0.291403	2.035454
0.737200	-186.446183	-166.471291	352.917473	19.974892	539.363656	0.171581	0.280354	2.819820
0.739000	-185.915221	-166.264486	352.179707	19.650734	538.094928	-0.001896	0.202667	-2.679123
0.740800	-185.394226	-166.060291	351.454517	19.333934	536.848743	-0.077654	0.158701	-1.894825
0.742600	-184.883071	-165.858635	350.741706	19.024436	535.624777	-0.005305	0.204634	-1.110342
0.744400	-184.381630	-165.659449	350.041079	18.722181	534.422709	0.151884	0.320822	-0.325650
0.746200	-183.889779	-165.462665	349.352444	18.427114	533.242223	0.339118	0.469093	0.459155
0.748000	-183.407393	-165.268219	348.675612	18.139175	532.083006	0.515881	0.614927	1.243915
0.749800	-182.934351	-165.076046	348.010396	17.858305	530.944747	0.639728	0.725604	2.028486
0.751600	-182.470529	-164.886083	347.356612	17.584446	529.827141	0.656988	0.769916	2.812815
0.753400	-182.015807	-164.698270	346.714078	17.317537	528.729885	0.543964	0.738864	-2.686223
0.755200	-181.570066	-164.512548	346.082614	17.057518	527.652680	0.415033	0.682294	-1.902121
0.757000	-181.133185	-164.328859	345.462044	16.804325	526.595229	0.404784	0.675567	-1.117919
0.758800	-180.705046	-164.147148	344.852193	16.557898	525.557239	0.504768	0.740769	-0.333538
0.760600	-180.285531	-163.967360	344.252890	16.318171	524.538421	0.660316	0.854764	0.450997
0.762400	-179.874523	-163.789443	343.663965	16.085080	523.538488	0.826882	0.985344	1.235574
0.764200	-179.471904	-163.613346	343.085251	15.858558	522.557155	0.965464	1.101939	2.020053
0.766000	-179.077560	-163.439022	342.516582	15.638539	521.594142	1.031700	1.175728	2.804341
0.767800	-178.691374	-163.266422	341.957796	15.424952	520.649171	0.985703	1.187088	-2.694749
0.769600	-178.313231	-163.095503	341.408734	15.217729	519.721965	0.863922	1.150039	-1.910760
0.771400	-177.943016	-162.926220	340.869237	15.016796	518.812253	0.796364	1.120510	-1.126748
0.773200	-177.580615	-162.758534	340.339149	14.822081	517.919763	0.838964	1.144500	-0.342609
0.775000	-177.225912	-162.592404	339.818316	14.633508	517.044229	0.957193	1.222663	0.441683
0.776800	-176.878795	-162.427794	339.306589	14.451001	516.185383	1.105312	1.331064	1.226065
0.778600	-176.539149	-162.264668	338.803816	14.274481	515.342965	1.244426	1.441692	2.010423
0.780400	-176.206860	-162.102992	338.309852	14.103868	514.516712	1.335414	1.527810	2.794651
0.782200	-175.881815	-161.942736	337.824552	13.939079	513.706367	1.338323	1.567595	-2.704479
0.784000	-175.563901	-161.783870	337.347772	13.780031	512.911673	1.250053	1.557569	-1.920557
0.785800	-175.253005	-161.626367	336.879372	13.626638	512.132377	1.158190	1.528632	-1.136669
0.787600	-174.949013	-161.470201	336.419214	13.478812	511.368226	1.152590	1.527369	-0.352708
0.789400	-174.651812	-161.315348	335.967160	13.336463	510.618972	1.232295	1.574127	0.431382
0.791200	-174.361289	-161.161788	335.523077	13.199501	509.884366	1.357462	1.658143	1.215581
0.793000	-174.077332	-161.009500	335.086831	13.067832	509.164163	1.489098	1.756337	1.999805
0.794800	-173.799827	-160.858466	334.658293	12.941361	508.458120	1.590623	1.844234	2.783955
0.796600	-173.528662	-160.708670	334.237333	12.819992	507.765995	1.624837	1.900239	-2.715219
0.798400	-173.263725	-160.560099	333.823824	12.703626	507.087549	1.572427	1.913342	-1.931343
0.800200	-173.004903	-160.412739	333.417642	12.592164	506.422546	1.481078	1.896387	-1.147534
0.802000	-172.752085	-160.266579	333.018664	12.485505	505.770749	1.442093	1.885031	-0.363699
0.803800	-172.505158	-160.121611	332.626769	12.383546	505.131926	1.486200	1.908535	0.420231
0.805600	-172.264010	-159.977826	332.241837	12.286184	504.505847	1.586692	1.969563	1.204268
0.807400	-172.028532	-159.835219	331.863750	12.193313	503.892282	1.706325	2.052416	1.988360
0.809200	-171.798611	-159.693783	331.492394	12.104828	503.291005	1.809911	2.135809	2.772421
0.811000	-171.574138	-159.553516	331.127654	12.020623	502.701792	1.862757	2.199314	-2.726803
0.812800	-171.355003	-159.414415	330.769418	11.940589	502.124421	1.839715	2.228953	-1.942965
0.814600	-171.141097	-159.276478	330.417575	11.864619	501.558672	1.761435	2.226695	-1.159209
0.816400	-170.932311	-159.139707	330.072018	11.792604	501.004329	1.704067	2.215657	-0.375463
0.818200	-170.728537	-159.004100	329.732638	11.724437	500.461175	1.718474	2.224878	0.408346
0.820000	-170.529669	-158.869661	329.399330	11.660008	499.928998	1.794764	2.266702	1.192247
0.821800	-170.335599	-158.736391	329.071990	11.599208	499.407590	1.900102	2.333802	1.976216
0.823600	-170.146224	-158.604293	328.750517	11.541931	498.896741	2.000638	2.409226	2.760186
0.825400	-169.961438	-158.473371	328.434810	11.488067	498.396248	2.063593	2.474412	-2.739095
0.827200	-169.781139	-158.343630	328.124769	11.437509	497.905907	2.062124	2.514544	-1.955293
0.829000	-169.605224	-158.215074	327.820297	11.390150	497.425521	2.000659	2.525506	-1.171577
0.830800	-169.433592	-158.087707	327.521299	11.345885	496.954891	1.936507	2.520219	-0.387893
0.832600	-169.266145	-157.961536	327.227680	11.304609	496.493825	1.928397	2.522770	0.395826
0.834400	-169.102783	-157.836565	326.939347	11.266218	496.042130	1.982561	2.550249	1.179618
0.836200	-168.943409	-157.712800	326.656209	11.230609	495.599618	2.072853	2.602879	1.963477
0.838000	-168.787929	-157.590247	326.378175	11.197682	495.166104	2.167319	2.668795	2.747359
0.839800	-168.636248	-157.468910	326.105158	11.167337	494.741406	2.234732	2.731958	-2.751982
0.841600	-168.488273	-157.348797	325.837070	11.139476	494.325343	2.248152	2.777868	-1.968217
0.843400	-168.343914	-157.229912	325.573825	11.114002	493.917739	2.202714	2.799180	-1.184534
0.845200	-168.203081	-157.112259	325.315340	11.090822	493.518421	2.139123	2.801549	-0.400894
0.847000	-168.065686	-156.995844	325.061530	11.069842	493.127217	2.115442	2.802810	0.382757
0.848800	-167.931643	-156.880672	324.812316	11.050971	492.743959	2.150525	2.820770	1.166463
0.850600	-167.800869	-156.766747	324.567615	11.034122	492.368484	2.226089	2.861201	1.950230
0.852400	-167.673279	-156.654072	324.327350	11.019207	492.000629	2.312827	2.917392	2.734030
0.854200	-167.548793	-156.542650	324.091443	11.006142	491.640235	2.380972	2.976345	-2.765371
0.856000	-167.427331	-156.432486	323.859817	10.994845	491.287148	2.404102	3.024604	-1.981645
0.857800	-167.308816	-156.323581	323.632397	10.985235	490.941213	2.372141	3.053300	-1.197990
0.859600	-167.193172	-156.215937	323.409109	10.977235	490.602280	2.312958	3.063241	-0.414384
0.861400	-167.080324	-156.109556	323.189880	10.970768	490.270204	2.279506	3.066451	0.369218
0.863200	-166.970201	-156.004439	322.974639	10.965762	489.944840	2.298926	3.078997	1.152855
0.865000	-166.862730	-155.900586	322.763316	10.962144	489.626047	2.360784	3.109899	1.936546
0.866800	-166.757844	-155.797998	322.555842	10.959846	489.313686	2.439049	-3.126168	2.720273
0.868600	-166.655474	-155.696673	322.352148	10.958801	489.007622	2.505491	-3.072541	-2.779186
0.870400	-166.555556	-155.596611	322.152167	10.958944	488.707723	2.534471	-3.024305	-1.995499
0.872200	-166.458024	-155.497810	321.955834	10.960214	488.413858	2.513061	-2.990796	-1.211871
0.874000	-166.362816	-155.400268	321.763084	10.962548	488.125900	2.459791	-2.974295	-0.428292
0.875800	-166.269872	-155.303982	321.573854	10.965890	487.843726	2.420922	-2.967527	0.355273
0.877600	-166.179132	-155.208949	321.388080	10.970183	487.567212	2.428027	-2.957281	1.138858
0.879400	-166.090538	-155.115165	321.205703	10.975373	487.296240	2.477610	-2.933270	1.922486
0.881200	-166.004034	-155.022626	321.026660	10.981409	487.030694	2.547267	-2.894062	2.706150
0.883000	-165.919566	-154.931327	320.850893	10.988239	486.770458	2.610448	-2.846122	-2.793362
0.884800	-165.837080	-154.841263	320.678343	10.995817	486.515423	2.642444	-2.799463	-2.009715
0.886600	-165.756524	-154.752429	320.508953	11.004096	486.265477	2.628863	-2.763197	-1.226113
0.888400	-165.677848	-154.664818	320.342666	11.013031	486.020514	2.581655	-2.741464	-0.442556
0.890200	-165.601004	-154.578423	320.179427	11.022580	485.780431	2.540385	-2.730605	0.340980
0.892000	-165.525943	-154.493239	320.019182	11.032703	485.545124	2.538173	-2.720518	1.124526
0.893800	-165.452618	-154.409258	319.861876	11.043361	485.314495	2.577094	-2.701064	1.908103
0.895600	-165.380986	-154.326471	319.707458	11.054515	485.088444	2.638407	-2.668366	2.691713
0.897400	-165.311002	-154.244872	319.555874	11.066131	484.866877	2.697369	-2.625960	-2.807848
0.899200	-165.242624	-154.164451	319.407075	11.078174	484.649700	2.730314	-2.581816	-2.024238
0.901000	-165.175811	-154.085200	319.261010	11.090611	484.436821	2.722240	-2.544358	-1.240662
0.902800	-165.110521	-154.007110	319.117631	11.103412	484.228152	2.680558	-2.518720	-0.457124
0.904600	-165.046717	-153.930171	318.976888	11.116546	484.023605	2.638844	-2.503877	0.326389
0.906400	-164.984360	-153.854375	318.838735	11.129985	483.823095	2.629850	-2.492617	1.109904
0.908200	-164.923413	-153.779711	318.703124	11.143703	483.626537	2.659744	-2.475813	1.893441
0.910000	-164.863841	-153.706169	318.570010	11.157673	483.433851	2.713217	-2.448186	2.677006
0.911800	-164.805609	-153.633739	318.439348	11.171870	483.244957	2.767419	-2.410836	-2.822598
0.913600	-164.748683	-153.562410	318.311093	11.186273	483.059776	2.799819	-2.369686	-2.039022
0.915400	-164.693029	-153.492173	318.185202	11.200857	482.878231	2.795363	-2.332174	-1.255471
0.917200	-164.638617	-153.423015	318.061632	11.215602	482.700249	2.758401	-2.303822	-0.471952
0.919000	-164.585415	-153.354927	317.940342	11.230489	482.525757	2.717450	-2.285438	0.311544
0.920800	-164.533393	-153.287896	317.821289	11.245497	482.354682	2.703736	-2.272283	1.095035
0.922600	-164.482521	-153.221912	317.704433	11.260609	482.186955	2.726156	-2.256671	1.878539
0.924400	-164.432772	-153.156963	317.589735	11.275808	482.022507	2.772430	-2.232769	2.662067
0.926200	-164.384117	-153.093039	317.477155	11.291078	481.861272	2.821617	-2.199808	-2.837575
0.928000	-164.336529	-153.030126	317.366656	11.306403	481.703185	2.852412	-2.161802	-2.054030
0.929800	-164.289983	-152.968215	317.258198	11.321768	481.548181	2.850093	-2.125026	-1.270503
0.931600	-164.244453	-152.907292	317.151745	11.337161	481.396197	2.817017	-2.094960	-0.487001
0.933400	-164.199914	-152.847346	317.047260	11.352567	481.247174	2.777548	-2.073623	0.296480
0.935200	-164.156342	-152.788366	316.944708	11.367976	481.101050	2.760758	-2.058279	1.079952
0.937000	-164.113714	-152.730340	316.844053	11.383374	480.957767	2.777118	-2.042815	1.863431
0.938800	-164.072007	-152.673255	316.745261	11.398752	480.817268	2.816896	-2.021458	2.646928
0.940600	-164.031199	-152.617100	316.648298	11.414099	480.679497	2.861019	-1.992140	-2.852746
0.942400	-163.991268	-152.561863	316.553131	11.429405	480.544399	2.889485	-1.957193	-2.069230
0.944200	-163.952194	-152.507532	316.459726	11.444662	480.411920	2.888192	-1.921661	-1.285724
0.946000	-163.913956	-152.454096	316.368052	11.459860	480.282008	2.858276	-1.890688	-0.502238
0.947800	-163.876535	-152.401542	316.278077	11.474993	480.154611	2.820725	-1.867019	0.281229
0.949600	-163.839911	-152.349858	316.189769	11.490052	480.029680	2.802160	-1.849475	1.064686
0.951400	-163.804065	-152.299034	316.103099	11.505031	479.907163	2.813715	-1.833459	1.848146
0.953200	-163.768979	-152.249057	316.018036	11.519922	479.787015	2.847711	-1.813667	2.631617
0.955000	-163.734636	-152.199915	315.934551	11.534721	479.669187	2.886870	-1.787239	-2.868083
0.956800	-163.701018	-152.151597	315.852615	11.549421	479.553633	2.912560	-1.755112	-2.084592
0.958600	-163.668108	-152.104092	315.772200	11.564016	479.440308	2.911520	-1.721116	-1.301107
0.960400	-163.635890	-152.057387	315.693277	11.578504	479.329168	2.884208	-1.689860	-0.517636
0.962200	-163.604349	-152.011471	315.615820	11.592877	479.220169	2.848866	-1.664449	0.265819
0.964000	-163.573468	-151.966334	315.539802	11.607134	479.113269	2.829555	-1.644866	1.049263
0.965800	-163.543232	-151.921963	315.465195	11.621269	479.008427	2.837394	-1.627874	1.832707
0.967600	-163.513627	-151.878348	315.391975	11.635279	478.905602	2.866306	-1.608872	2.616159
0.969400	-163.484638	-151.835477	315.320115	11.649161	478.804753	2.900717	-1.584626	-2.883564
0.971200	-163.456252	-151.793339	315.249591	11.662912	478.705843	2.923422	-1.554984	-2.100096
0.973000	-163.428454	-151.751924	315.180378	11.676530	478.608832	2.922160	-1.522648	-1.316629
0.974800	-163.401232	-151.711220	315.112452	11.690012	478.513684	2.897092	-1.491572	-0.533172
0.976600	-163.374572	-151.671217	315.045790	11.703355	478.420362	2.864180	-1.464948	0.250272
0.978400	-163.348463	-151.631904	314.980367	11.716558	478.328830	2.844937	-1.443581	1.033706
0.980200	-163.322891	-151.593271	314.916162	11.729620	478.239052	2.849988	-1.425399	1.817138
0.982000	-163.297844	-151.555307	314.853151	11.742538	478.150995	2.874484	-1.406601	2.600573
0.983800	-163.273312	-151.518001	314.791313	11.755311	478.064625	2.904452	-1.383904	-2.899169
0.985600	-163.249282	-151.481344	314.730626	11.767938	477.979909	2.924163	-1.356366	-2.115719
0.987400	-163.225744	-151.445325	314.671069	11.780419	477.896814	2.922464	-1.325689	-1.332269
0.989200	-163.202687	-151.409935	314.612622	11.792752	477.815309	2.899457	-1.295118	-0.548825
0.991000	-163.180100	-151.375163	314.555263	11.804937	477.735362	2.869164	-1.267734	0.234609
0.992800	-163.157972	-151.340999	314.498972	11.816973	477.656944	2.850620	-1.244883	1.018034
0.994600	-163.136295	-151.307435	314.443730	11.828860	477.580025	2.853657	-1.225444	1.801455
0.996400	-163.115057	-151.274460	314.389517	11.840598	477.504575	2.874359	-1.206434	2.584878
0.998200	-163.094250	-151.242065	314.336315	11.852186	477.430566	2.900266	-1.184745	-2.914879
1.000000	-163.073865	-151.210240	314.284105	11.863625	477.357969	2.917140	-1.158917	-2.131446
