0.101800	-7576.073639	-7534.647235	15110.720874	41.426403	22686.794512	-1.419948	-1.419956	-1.420088
0.103600	-7434.768880	-7393.345613	14828.114493	41.423267	22262.883373	1.102204	1.102177	1.101072
0.105400	-7296.119567	-7254.699495	14550.819062	41.420072	21846.938629	2.868399	2.868456	2.870078
0.107200	-7160.075793	-7118.658977	14278.734769	41.416816	21438.810562	-2.390130	-2.390085	-2.388368
0.109000	-7026.588589	-6985.175090	14011.763678	41.413499	21038.352267	-2.093160	-2.093129	-2.091612
0.110800	-6895.609906	-6854.199788	13749.809694	41.410119	20645.419601	-2.510231	-2.510182	-2.508332
0.112600	-6767.092601	-6725.685926	13492.778527	41.406675	20259.871127	2.655317	2.655369	2.656324
0.114400	-6640.990412	-6599.587246	13240.577658	41.403166	19881.568070	0.850321	0.850282	0.848486
0.116200	-6517.257950	-6475.858360	12993.116310	41.399590	19510.374260	-1.629369	-1.629365	-1.628093
0.118000	-6395.850678	-6354.454731	12750.305408	41.395947	19146.156086	1.512437	1.512435	1.511119
0.119800	-6276.724895	-6235.332660	12512.057555	41.392236	18788.782450	-2.278493	-2.278455	-2.276604
0.121600	-6159.837723	-6118.449270	12278.286993	41.388454	18438.124716	-0.423262	-0.423316	-0.423740
0.123400	-6045.147088	-6003.762488	12048.909577	41.384600	18094.056665	0.806694	0.806653	0.804829
0.125200	-5932.611708	-5891.231034	11823.842743	41.380674	17756.454451	1.423137	1.423129	1.421409
0.127000	-5822.191077	-5780.814402	11603.005479	41.376674	17425.196555	1.437651	1.437645	1.435907
0.128800	-5713.845447	-5672.472848	11386.318295	41.372599	17100.163742	0.861547	0.861509	0.859776
0.130600	-5607.535821	-5566.167375	11173.703196	41.368446	16781.239018	-0.294132	-0.294191	-0.294159
0.132400	-5503.223933	-5461.859718	10965.083651	41.364215	16468.307585	-2.018484	-2.018459	-2.016649
0.134200	-5400.872237	-5359.512332	10760.384569	41.359905	16161.256805	1.982546	1.982573	1.981019
0.136000	-5300.443890	-5259.088377	10559.532267	41.355513	15859.976157	-0.847201	-0.847242	-0.845896
0.137800	-5201.902745	-5160.551706	10362.454451	41.351039	15564.357195	2.069152	2.069185	2.067583
0.139600	-5105.213331	-5063.866851	10169.080181	41.346480	15274.293512	-1.824882	-1.824867	-1.823073
0.141400	-5010.340846	-4968.999010	9979.339855	41.341836	14989.680701	0.047229	0.047166	0.047371
0.143200	-4917.251140	-4875.914036	9793.165175	41.337104	14710.416315	1.411848	1.411840	1.410122
0.145000	-4825.910706	-4784.578423	9610.489129	41.332283	14436.399835	2.278501	2.278544	2.276852
0.146800	-4736.286667	-4694.959295	9431.245962	41.327372	14167.532629	2.656597	2.656655	2.655263
0.148600	-4648.346762	-4607.024395	9255.371157	41.322368	13903.717920	2.555332	2.555384	2.553705
0.150400	-4562.059339	-4520.742069	9082.801408	41.317270	13644.860747	1.983697	1.983725	1.981905
0.152200	-4477.393338	-4436.081261	8913.474599	41.312076	13390.867937	0.950512	0.950475	0.949818
0.154000	-4394.318283	-4353.011498	8747.329781	41.306785	13141.648065	-0.535580	-0.535632	-0.533748
0.155800	-4312.804273	-4271.502879	8584.307152	41.301395	12897.111425	-2.465948	-2.465901	-2.466127
0.157600	-4232.821967	-4191.526064	8424.348031	41.295903	12657.169998	1.450889	1.450884	1.449890
0.159400	-4154.342575	-4113.052267	8267.394842	41.290308	12421.737417	-1.343350	-1.343366	-1.341991
0.161200	-4077.337849	-4036.053240	8113.391089	41.284609	12190.728939	1.725931	1.725947	1.724906
0.163000	-4001.780072	-3960.501269	7962.281341	41.278802	11964.061413	-1.899920	-1.899907	-1.899818
0.164800	-3927.642046	-3886.369159	7814.011205	41.272887	11741.653251	0.353292	0.353239	0.354760
0.166600	-3854.897087	-3813.630225	7668.527312	41.266861	11523.424399	2.210017	2.210056	2.208627
0.168400	-3783.519009	-3742.258287	7525.777296	41.260723	11309.296306	-2.605575	-2.605525	-2.606928
0.170200	-3713.482122	-3672.227652	7385.709774	41.254469	11099.191896	-1.519774	-1.519781	-1.519507
0.172000	-3644.761214	-3603.513115	7248.274330	41.248099	10893.035544	-0.808566	-0.808610	-0.807278
0.173800	-3577.331551	-3536.089942	7113.421493	41.241609	10690.753044	-0.464909	-0.464964	-0.463317
0.175600	-3511.168862	-3469.933863	6981.102725	41.234999	10492.271587	-0.481900	-0.481953	-0.480384
0.177400	-3446.249331	-3405.021066	6851.270397	41.228264	10297.519728	-0.852757	-0.852798	-0.851842
0.179200	-3382.549591	-3341.328187	6723.877778	41.221404	10106.427369	-1.570826	-1.570830	-1.571367
0.181000	-3320.046714	-3278.832298	6598.879011	41.214416	9918.925725	-2.629605	-2.629554	-2.631385
0.182800	-3258.718202	-3217.510904	6476.229106	41.207298	9734.947308	2.260462	2.260503	2.260089
0.184600	-3198.541980	-3157.341933	6355.883914	41.200047	9554.425894	0.539333	0.539286	0.541224
0.186400	-3139.496389	-3098.303728	6237.800117	41.192661	9377.296506	-1.503565	-1.503570	-1.504470
0.188200	-3081.560175	-3040.375037	6121.935212	41.185138	9203.495388	2.420838	2.420884	2.420525
0.190000	-3024.712484	-2983.535010	6008.247494	41.177474	9032.959979	-0.247781	-0.247837	-0.246771
0.191800	-2968.932855	-2927.763187	5896.696042	41.169668	8865.628897	3.062756	3.062817	3.061717
0.193600	-2914.201210	-2873.039493	5787.240702	41.161717	8701.441912	-0.208244	-0.208299	-0.207387
0.195400	-2860.497848	-2819.344230	5679.842077	41.153618	8540.339925	2.511215	2.511264	2.511339
0.197200	-2807.803439	-2766.658070	5574.461510	41.145369	8382.264949	-1.339661	-1.339679	-1.341101
0.199000	-2756.099018	-2714.962051	5471.061069	41.136967	8227.160087	0.810697	0.810660	0.812489
0.200800	-2705.365972	-2664.237563	5369.603535	41.128409	8074.969507	2.684606	2.684662	2.684909
0.202600	-2655.586041	-2614.466349	5270.052390	41.119692	7925.638432	-1.995950	-1.995925	-1.997702
0.204400	-2606.741307	-2565.630494	5172.371801	41.110814	7779.113109	-0.659607	-0.659656	-0.660498
0.206200	-2558.814190	-2517.712418	5076.526608	41.101771	7635.340798	0.415467	0.415412	0.416318
0.208000	-2511.787437	-2470.694875	4982.482312	41.092561	7494.269749	1.234226	1.234211	1.236077
0.209800	-2465.644122	-2424.560941	4890.205063	41.083181	7355.849185	1.801508	1.801526	1.803431
0.211600	-2420.367637	-2379.294009	4799.661645	41.073628	7220.029282	2.122029	2.122060	2.123697
0.213400	-2375.941684	-2334.877785	4710.819469	41.063898	7086.761153	2.200414	2.200445	2.201955
0.215200	-2332.350273	-2291.296283	4623.646556	41.053989	6955.996829	2.041205	2.041231	2.042991
0.217000	-2289.577713	-2248.533816	4538.111529	41.043897	6827.689243	1.648879	1.648890	1.650844
0.218800	-2247.608610	-2206.574990	4454.183600	41.033620	6701.792210	1.027844	1.027817	1.028970
0.220600	-2206.427857	-2165.404704	4371.832560	41.023153	6578.260417	0.182393	0.182330	0.181575
0.222400	-2166.020631	-2125.008137	4291.028768	41.012493	6457.049398	-0.883318	-0.883360	-0.885293
0.224200	-2126.372388	-2085.370750	4211.743138	41.001638	6338.115526	-2.165202	-2.165160	-2.165410
0.226000	-2087.468858	-2046.478275	4133.947132	40.990583	6221.415990	2.624090	2.624145	2.625930
0.227800	-2049.296037	-2008.316712	4057.612749	40.979325	6106.908786	0.922296	0.922244	0.921881
0.229600	-2011.840187	-1970.872326	3982.712513	40.967861	5994.552699	-0.983696	-0.983725	-0.985174
0.231400	-1975.087825	-1934.131638	3909.219463	40.956187	5884.307288	-3.090112	-3.090035	-3.088187
0.233200	-1939.025723	-1898.081424	3837.107147	40.944299	5776.132870	0.890352	0.890294	0.889302
0.235000	-1903.640901	-1862.708707	3766.349609	40.932194	5669.990510	-1.605357	-1.605346	-1.605559
0.236800	-1868.920624	-1828.000756	3696.921380	40.919868	5565.842003	1.992918	1.992940	1.993830
0.238600	-1834.852393	-1793.945077	3628.797470	40.907316	5463.649863	-0.877550	-0.877589	-0.878733
0.240400	-1801.423947	-1760.529412	3561.953359	40.894536	5363.377306	2.352850	2.352895	2.354071
0.242200	-1768.623255	-1727.741732	3496.364987	40.881522	5264.988242	-0.878519	-0.878560	-0.879505
0.244000	-1736.438509	-1695.570238	3432.008747	40.868272	5168.447256	1.997787	1.997808	1.998073
0.245800	-1704.858127	-1664.003347	3368.861474	40.854781	5073.719601	-1.581140	-1.581128	-1.580415
0.247600	-1673.870742	-1633.029698	3306.900439	40.841044	4980.771181	0.954351	0.954298	0.952616
0.249400	-1643.465199	-1602.638141	3246.103341	40.827058	4889.568540	-2.959228	-2.959152	-2.957325
0.251200	-1613.630557	-1572.817739	3186.448296	40.812818	4800.078852	-0.751970	-0.752018	-0.752455
0.253000	-1584.356076	-1543.557755	3127.913832	40.798321	4712.269908	1.295705	1.295673	1.294089
0.254800	-1555.631221	-1514.847660	3070.478881	40.783561	4626.110101	-3.096451	-3.096374	-3.094876
0.256600	-1527.445652	-1486.677118	3014.122770	40.768534	4541.568421	-1.358850	-1.358855	-1.357727
0.258400	-1499.789225	-1459.035990	2958.825214	40.753235	4458.614439	0.228115	0.228039	0.226522
0.260200	-1472.651986	-1431.914325	2904.566312	40.737661	4377.218298	1.667115	1.667112	1.665613
0.262000	-1446.024169	-1405.302363	2851.326532	40.721806	4297.350701	2.960987	2.961060	2.961703
0.263800	-1419.896189	-1379.190523	2799.086713	40.705666	4218.982902	-2.170624	-2.170571	-2.168625
0.265600	-1394.258643	-1353.569408	2747.828051	40.689235	4142.086695	-1.158664	-1.158684	-1.157260
0.267400	-1369.102304	-1328.429794	2697.532098	40.672510	4066.634402	-0.283740	-0.283809	-0.283779
0.269200	-1344.418118	-1303.762633	2648.180751	40.655484	3992.598869	0.456691	0.456618	0.455448
0.271000	-1320.197200	-1279.559047	2599.756247	40.638154	3919.953447	1.065151	1.065105	1.063295
0.272800	-1296.430835	-1255.810322	2552.241156	40.620513	3848.671991	1.544131	1.544118	1.542162
0.274600	-1273.110467	-1232.507910	2505.618378	40.602557	3778.728845	1.896074	1.896087	1.894215
0.276400	-1250.227706	-1209.643425	2459.871131	40.584281	3710.098837	2.123372	2.123403	2.121642
0.278200	-1227.774314	-1187.208635	2414.982950	40.565679	3642.757264	2.228372	2.228410	2.226681
0.280000	-1205.742213	-1165.195467	2370.937679	40.546746	3576.679892	2.213372	2.213409	2.211589
0.281800	-1184.123471	-1143.595995	2327.719466	40.527476	3511.842938	2.080625	2.080652	2.078718
0.283600	-1162.910310	-1122.402445	2285.312756	40.507865	3448.223066	1.832341	1.832350	1.830411
0.285400	-1142.095096	-1101.607190	2243.702285	40.487906	3385.797381	1.470687	1.470667	1.469049
0.287200	-1121.670336	-1081.202743	2202.873079	40.467593	3324.543415	0.997786	0.997734	0.996945
0.289000	-1101.628682	-1061.181760	2162.810442	40.446922	3264.439124	0.415726	0.415652	0.416152
0.290800	-1081.962920	-1041.537034	2123.499955	40.425886	3205.462875	-0.273435	-0.273505	-0.271785
0.292600	-1062.665975	-1022.261495	2084.927470	40.404480	3147.593445	-1.067667	-1.067691	-1.065713
0.294400	-1043.730901	-1003.348205	2047.079106	40.382696	3090.810007	-1.964975	-1.964931	-1.964262
0.296200	-1025.150885	-984.790354	2009.941239	40.360531	3035.092125	-2.963424	-2.963343	-2.964682
0.298000	-1006.919241	-966.581265	1973.500506	40.337976	2980.419747	2.222034	2.222072	2.220248
0.299800	-989.029409	-948.714382	1937.743790	40.315027	2926.773199	1.026860	1.026809	1.026995
0.301600	-971.474950	-931.183274	1902.658224	40.291677	2874.133174	-0.263906	-0.263975	-0.261911
0.303400	-954.249550	-913.981630	1868.231180	40.267919	2822.480730	-1.648400	-1.648377	-1.647807
0.305200	-937.347008	-897.103260	1834.450269	40.243748	2771.797277	-3.124873	-3.124793	-3.126678
0.307000	-920.761245	-880.542088	1801.303333	40.219156	2722.064578	1.591507	1.591496	1.591165
0.308800	-904.486291	-864.292153	1768.778444	40.194138	2673.264735	-0.063915	-0.063989	-0.061894
0.310600	-888.516292	-848.347605	1736.863897	40.168686	2625.380189	-1.806197	-1.806162	-1.806502
0.312400	-872.845501	-832.702706	1705.548207	40.142794	2578.393707	2.649417	2.649480	2.647817
0.314200	-857.468280	-817.351824	1674.820104	40.116456	2532.288383	0.738097	0.738031	0.739765
0.316000	-842.379097	-802.289433	1644.668530	40.089664	2487.047627	-1.255281	-1.255286	-1.254954
0.317800	-827.572523	-787.510112	1615.082635	40.062411	2442.655159	2.953967	2.954042	2.952307
0.319600	-813.043232	-773.008542	1586.051774	40.034690	2399.095006	0.800906	0.800843	0.802749
0.321400	-798.785997	-758.779501	1557.565498	40.006496	2356.351495	-1.429646	-1.429637	-1.430095
0.323200	-784.795688	-744.817869	1529.613558	39.977819	2314.409246	2.546834	2.546891	2.546049
0.325000	-771.067274	-731.118621	1502.185895	39.948653	2273.253169	0.165429	0.165353	0.167318
0.326800	-757.595816	-717.676824	1475.272640	39.918992	2232.868456	-2.289182	-2.289115	-2.290987
0.328600	-744.376468	-704.487641	1448.864109	39.888827	2193.240577	1.467390	1.467367	1.468948
0.330400	-731.404475	-691.546325	1422.950800	39.858150	2154.355275	-1.129669	-1.129682	-1.130258
0.332200	-718.675172	-678.848216	1397.523389	39.826956	2116.198561	2.487149	2.487202	2.487218
0.334000	-706.183981	-666.388746	1372.572727	39.795236	2078.756708	-0.247088	-0.247154	-0.246279
0.335800	-693.926409	-654.163428	1348.089837	39.762982	2042.016246	-3.047989	-3.047907	-3.048991
0.337600	-681.898048	-642.167862	1324.065910	39.730186	2005.963958	0.368887	0.368812	0.370449
0.339400	-670.094573	-630.397731	1300.492303	39.696842	1970.586876	-2.561544	-2.561466	-2.562991
0.341200	-658.511738	-618.848797	1277.360536	39.662941	1935.872274	0.728187	0.728121	0.730003
0.343000	-647.145380	-607.516905	1254.662285	39.628476	1901.807665	-2.326965	-2.326894	-2.328488
0.344800	-635.991412	-596.397974	1232.389386	39.593437	1868.380797	0.840371	0.840310	0.842155
0.346600	-625.045822	-585.488004	1210.533826	39.557819	1835.579648	-2.334875	-2.334804	-2.336204
0.348400	-614.304677	-574.783065	1189.087742	39.521611	1803.392419	0.714643	0.714577	0.716081
0.350200	-603.764114	-564.279307	1168.043421	39.484807	1771.807535	-2.576249	-2.576169	-2.576968
0.352000	-593.420345	-553.972947	1147.393292	39.447398	1740.813637	0.359864	0.359792	0.360430
0.353800	-583.269652	-543.860276	1127.129928	39.409376	1710.399580	-3.042395	-3.042312	-3.041927
0.355600	-573.308386	-533.937654	1107.246040	39.370732	1680.554427	-0.215442	-0.215505	-0.216237
0.357400	-563.532968	-524.201510	1087.734478	39.331458	1651.267446	2.558259	2.558316	2.560089
0.359200	-553.939885	-514.648338	1068.588223	39.291547	1622.528107	-1.003093	-1.003109	-1.004826
0.361000	-544.525689	-505.274700	1049.800389	39.250989	1594.326078	1.667436	1.667429	1.669427
0.362800	-535.286998	-496.077223	1031.364221	39.209776	1566.651219	-1.995217	-1.995160	-1.995963
0.364600	-526.220494	-487.052595	1013.273088	39.167899	1539.493582	0.576089	0.576022	0.576092
0.366400	-517.322918	-478.197568	995.520486	39.125350	1512.843404	3.099017	3.099098	3.100698
0.368200	-508.591075	-469.508955	978.100030	39.082121	1486.691106	-0.708400	-0.708435	-0.710099
0.370000	-500.021830	-460.983628	961.005458	39.038202	1461.027288	1.720680	1.720678	1.722355
0.371800	-491.612104	-452.618519	944.230623	38.993585	1435.842727	-2.178921	-2.178853	-2.178559
0.373600	-483.358878	-444.410617	927.769495	38.948262	1411.128373	0.159989	0.159921	0.158723
0.375400	-475.259189	-436.356967	911.616156	38.902223	1386.875345	2.454790	2.454843	2.456990
0.377200	-467.310130	-428.454670	895.764800	38.855460	1363.074929	-1.576480	-1.576449	-1.576805
0.379000	-459.508846	-420.700882	880.209728	38.807964	1339.718574	0.633139	0.633077	0.632249
0.380800	-451.852539	-413.092812	864.945351	38.759726	1316.797889	2.801122	2.801194	2.803408
0.382600	-444.338460	-405.627722	849.966182	38.710738	1294.304642	-1.354574	-1.354559	-1.354851
0.384400	-436.963915	-398.302924	835.266839	38.660990	1272.230754	0.732944	0.732886	0.731911
0.386200	-429.726257	-391.115782	820.842039	38.610475	1250.568296	2.781121	2.781193	2.783319
0.388000	-422.622891	-384.063709	806.686601	38.559182	1229.309492	-1.492152	-1.492126	-1.491683
0.389800	-415.651270	-377.144167	792.795437	38.507103	1208.446707	0.480057	0.479994	0.478602
0.391600	-408.808894	-370.354664	779.163558	38.454230	1187.972453	2.415069	2.415122	2.416582
0.393400	-402.093310	-363.692758	765.786068	38.400553	1167.879379	-1.969320	-1.969259	-1.967552
0.395200	-395.502113	-357.156049	752.658162	38.346063	1148.160274	-0.106036	-0.106094	-0.107255
0.397000	-389.032939	-350.742186	739.775125	38.290752	1128.808063	1.722126	1.722130	1.721971
0.398800	-382.683471	-344.448859	727.132330	38.234612	1109.815802	-2.767250	-2.767159	-2.764822
0.400600	-376.451436	-338.273804	714.725240	38.177632	1091.176676	-1.006937	-1.006943	-1.006254
0.402400	-370.334602	-332.214797	702.549399	38.119805	1072.884001	0.720341	0.720287	0.718951
0.404200	-364.330779	-326.269658	690.600437	38.061122	1054.931217	2.415056	2.415113	2.415736
0.406000	-358.437819	-320.436246	678.874066	38.001573	1037.311885	-2.205181	-2.205103	-2.202646
0.407800	-352.653614	-314.712463	667.366076	37.941151	1020.019690	-0.573295	-0.573328	-0.572776
0.409600	-346.976094	-309.096247	656.072340	37.879847	1003.048434	1.027938	1.027900	1.026655
0.411400	-341.403229	-303.585577	644.988806	37.817652	986.392035	2.599003	2.599074	2.599553
0.413200	-335.933027	-298.178470	634.111497	37.754557	970.044524	-2.142567	-2.142489	-2.139962
0.415000	-330.563534	-292.872979	623.436513	37.690555	954.000047	-0.629753	-0.629780	-0.628444
0.416800	-325.292831	-287.667195	612.960027	37.625636	938.252858	0.854682	0.854638	0.853732
0.418600	-320.119037	-282.559244	602.678281	37.559793	922.797318	2.311165	2.311220	2.310786
0.420400	-315.040304	-277.547287	592.587591	37.493016	907.627895	-2.542890	-2.542794	-2.540835
0.422200	-310.054820	-272.629521	582.684341	37.425299	892.739161	-1.140480	-1.140467	-1.137902
0.424000	-305.160807	-267.804174	572.964981	37.356633	878.125788	0.235689	0.235636	0.236242
0.425800	-300.356520	-263.069511	563.426031	37.287010	863.782551	1.585998	1.586002	1.585040
0.427600	-295.640247	-258.423826	554.064074	37.216421	849.704321	2.910904	2.910998	2.911068
0.429400	-291.010308	-253.865448	544.875757	37.144860	835.886065	-2.072221	-2.072138	-2.069870
0.431200	-286.465055	-249.392737	535.857792	37.072318	822.322846	-0.796472	-0.796479	-0.793692
0.433000	-282.002869	-245.004081	527.006950	36.998788	809.009819	0.455397	0.455350	0.456455
0.434800	-277.622164	-240.697902	518.320066	36.924262	795.942230	1.683761	1.683776	1.683167
0.436600	-273.321382	-236.472649	509.794031	36.848733	783.115413	2.889032	2.889131	2.888816
0.438400	-269.098996	-232.326802	501.425797	36.772194	770.524793	-2.211496	-2.211400	-2.209771
0.440200	-264.953505	-228.258867	493.212372	36.694638	758.165877	-1.050976	-1.050958	-1.047866
0.442000	-260.883439	-224.267382	485.150821	36.616057	746.034260	0.087833	0.087792	0.090416
0.443800	-256.887354	-220.350909	477.238263	36.536445	734.125617	1.205300	1.205288	1.206129
0.445600	-252.963834	-216.508039	469.471873	36.455795	722.435707	2.301789	2.301860	2.301439
0.447400	-249.111489	-212.737388	461.848876	36.374101	710.960365	-2.905495	-2.905377	-2.905333
0.449200	-245.328955	-209.037598	454.366553	36.291357	699.695508	-1.849770	-1.849684	-1.847891
0.451000	-241.614895	-205.407340	447.022234	36.207555	688.637129	-0.813811	-0.813801	-0.810505
0.452800	-237.967996	-201.845304	439.813300	36.122691	677.781295	0.202760	0.202726	0.206090
0.454600	-234.386969	-198.350211	432.737180	36.036759	667.124149	1.200295	1.200290	1.202363
0.456400	-230.870552	-194.920800	425.791352	35.949752	656.661904	2.179128	2.179198	2.179742
0.458200	-227.417504	-191.555839	418.973343	35.861665	646.390847	3.139601	3.139726	3.139705
0.460000	-224.026610	-188.254115	412.280725	35.772494	636.307335	-2.201125	-2.201008	-2.200219
0.461800	-220.696675	-185.014441	405.711116	35.682233	626.407790	-1.276329	-1.276271	-1.273873
0.463600	-217.426528	-181.835650	399.262178	35.590878	616.688707	-0.368851	-0.368855	-0.365107
0.465400	-214.215022	-178.716598	392.931620	35.498423	607.146642	0.521641	0.521621	0.525666
0.467200	-211.061028	-175.656163	386.717191	35.404865	597.778219	1.395465	1.395486	1.398710
0.469000	-207.963442	-172.653242	380.616684	35.310200	588.580126	2.252928	2.253016	2.254906
0.470800	-204.921178	-169.706755	374.627933	35.214423	579.549111	3.094329	3.094467	3.095347
0.472600	-201.933172	-166.815641	368.748814	35.117531	570.681986	-2.363223	-2.363082	-2.362300
0.474400	-198.998381	-163.978860	362.977241	35.019521	561.975622	-1.553062	-1.552965	-1.551311
0.476200	-196.115780	-161.195391	357.311170	34.920389	553.426950	-0.758083	-0.758044	-0.754989
0.478000	-193.284364	-158.464231	351.748594	34.820133	545.032958	0.022009	0.022010	0.026340
0.479800	-190.503147	-155.784397	346.287545	34.718750	536.790692	0.787499	0.787505	0.792456
0.481600	-187.771164	-153.154926	340.926090	34.616238	528.697254	1.538671	1.538721	1.543458
0.483400	-185.087465	-150.574870	335.662335	34.512595	520.749799	2.275795	2.275905	2.279798
0.485200	-182.451119	-148.043301	330.494420	34.407818	512.945539	2.999133	2.999289	3.002151
0.487000	-179.861215	-145.559307	325.420522	34.301908	505.281737	-2.574249	-2.574080	-2.571961
0.488800	-177.316857	-143.121995	320.438852	34.194862	497.755709	-1.877733	-1.877588	-1.875604
0.490600	-174.817166	-140.730487	315.547654	34.086679	490.364820	-1.194263	-1.194164	-1.191637
0.492400	-172.361282	-138.383923	310.745205	33.977360	483.106487	-0.523595	-0.523541	-0.519969
0.494200	-169.948360	-136.081457	306.029817	33.866903	475.978176	0.134513	0.134543	0.139339
0.496000	-167.577570	-133.822261	301.399831	33.755310	468.977401	0.780304	0.780342	0.786191
0.497800	-165.248101	-131.605521	296.853622	33.642579	462.101723	1.414020	1.414093	1.420570
0.499600	-162.959154	-129.430441	292.389595	33.528713	455.348750	2.035894	2.036018	2.042602
0.501400	-160.709949	-127.296237	288.006186	33.413713	448.716135	2.646154	2.646326	2.652561
0.503200	-158.499718	-125.202140	283.701858	33.297578	442.201575	-3.038168	-3.037965	-3.032349
0.505000	-156.327709	-123.147397	279.475106	33.180312	435.802815	-2.450490	-2.450282	-2.445317
0.506800	-154.193185	-121.131268	275.324453	33.061916	429.517638	-1.873795	-1.873606	-1.869100
0.508600	-152.095422	-119.153028	271.248450	32.942393	423.343872	-1.307884	-1.307729	-1.303336
0.510400	-150.033711	-117.211965	267.245676	32.821746	417.279387	-0.752560	-0.752442	-0.747753
0.512200	-148.007357	-115.307380	263.314736	32.699977	411.322093	-0.207628	-0.207537	-0.202176
0.514000	-146.015677	-113.438587	259.454264	32.577090	405.469940	0.327108	0.327191	0.333492
0.515800	-144.058003	-111.604913	255.662916	32.453089	399.720918	0.851843	0.851940	0.859301
0.517600	-142.133678	-109.805700	251.939377	32.327978	394.073055	1.366772	1.366899	1.375291
0.519400	-140.242060	-108.040298	248.282357	32.201762	388.524417	1.872084	1.872254	1.881518
0.521200	-138.382517	-106.308073	244.690590	32.074445	383.073108	2.367967	2.368182	2.378079
0.523000	-136.554433	-104.608401	241.162834	31.946032	377.717266	2.854603	2.854854	2.865121
0.524800	-134.757200	-102.940670	237.697870	31.816530	372.455070	-2.951018	-2.950743	-2.940352
0.526600	-132.990224	-101.304280	234.294504	31.685944	367.284728	-2.482355	-2.482073	-2.471740
0.528400	-131.252923	-99.698642	230.951565	31.554280	362.204487	-2.022429	-2.022155	-2.011978
0.530200	-129.544724	-98.123178	227.667903	31.421546	357.212627	-1.571079	-1.570824	-1.560811
0.532000	-127.865069	-96.577322	224.442391	31.287748	352.307460	-1.128148	-1.127918	-1.117993
0.533800	-126.213408	-95.060515	221.273924	31.152893	347.487332	-0.693483	-0.693276	-0.683294
0.535600	-124.589203	-93.572213	218.161417	31.016990	342.750620	-0.266931	-0.266741	-0.256512
0.537400	-122.991927	-92.111880	215.103807	30.880047	338.095734	0.151658	0.151843	0.162526
0.539200	-121.421062	-90.678991	212.100052	30.742071	333.521114	0.562433	0.562626	0.573970
0.541000	-119.876101	-89.273028	209.149129	30.603073	329.025229	0.965543	0.965756	0.977944
0.542800	-118.356547	-87.893487	206.250034	30.463060	324.606582	1.361132	1.361377	1.374555
0.544600	-116.861914	-86.539871	203.401785	30.322043	320.263699	1.749347	1.749629	1.763900
0.546400	-115.391725	-85.211692	200.603417	30.180033	315.995141	2.130327	2.130650	2.146070
0.548200	-113.945510	-83.908473	197.853983	30.037038	311.799493	2.504214	2.504575	2.521160
0.550000	-112.522813	-82.629744	195.152557	29.893069	307.675370	2.871142	2.871537	2.889264
0.551800	-111.123184	-81.375045	192.498229	29.748138	303.621412	-3.051939	-3.051519	-3.032697
0.553600	-109.746182	-80.143925	189.890106	29.602257	299.636288	-2.698531	-2.698093	-2.678240
0.555400	-108.391375	-78.935940	187.327315	29.455436	295.718691	-2.351690	-2.351244	-2.330431
0.557200	-107.058343	-77.750656	184.808998	29.307687	291.867341	-2.011294	-2.010847	-1.989142
0.559000	-105.746669	-76.587645	182.334314	29.159024	288.080983	-1.677222	-1.676780	-1.654238
0.560800	-104.455948	-75.446490	179.902438	29.009458	284.358386	-1.349355	-1.348922	-1.325582
0.562600	-103.185782	-74.326779	177.512561	28.859003	280.698344	-1.027578	-1.027154	-1.003037
0.564400	-101.935782	-73.228110	175.163892	28.707673	277.099674	-0.711778	-0.711361	-0.686462
0.566200	-100.705566	-72.150087	172.855653	28.555480	273.561219	-0.401843	-0.401429	-0.375722
0.568000	-99.494760	-71.092321	170.587081	28.402438	270.081841	-0.097664	-0.097248	-0.070682
0.569800	-98.302997	-70.054433	168.357430	28.248563	266.660426	0.200866	0.201292	0.228785
0.571600	-97.129918	-69.036049	166.165967	28.093869	263.295885	0.493854	0.494296	0.522805
0.573400	-95.975172	-68.036802	164.011973	27.938370	259.987145	0.781403	0.781869	0.811497
0.575200	-94.838414	-67.056332	161.894745	27.782082	256.733159	1.063616	1.064112	1.094973
0.577000	-93.719307	-66.094286	159.813593	27.625020	253.532900	1.340594	1.341125	1.373343
0.578800	-92.617520	-65.150319	157.767839	27.467201	250.385359	1.612435	1.613006	1.646710
0.580600	-91.532729	-64.224090	155.756820	27.308639	247.289549	1.879237	1.879850	1.915174
0.582400	-90.464618	-63.315267	153.779885	27.149352	244.244503	2.141096	2.141751	2.178830
0.584200	-89.412876	-62.423521	151.836397	26.989355	241.249273	2.398105	2.398803	2.437770
0.586000	-88.377198	-61.548532	149.925730	26.828666	238.302928	2.650357	2.651097	2.692085
0.587800	-87.357287	-60.689985	148.047272	26.667302	235.404560	2.897942	2.898721	2.941861
0.589600	-86.352852	-59.847571	146.200423	26.505281	232.553274	3.140948	-3.141422	-3.096002
0.591400	-85.363605	-59.020987	144.384592	26.342619	229.748197	-2.903722	-2.902873	-2.855049
0.593200	-84.389268	-58.209935	142.599203	26.179334	226.988471	-2.669612	-2.668734	-2.618384
0.595000	-83.429567	-57.414123	140.843690	26.015445	224.273257	-2.439825	-2.438921	-2.385924
0.596800	-82.484234	-56.633265	139.117498	25.850969	221.601732	-2.214279	-2.213351	-2.157588
0.598600	-81.553005	-55.867079	137.420084	25.685925	218.973089	-1.992893	-1.991944	-1.933297
0.600400	-80.635623	-55.115291	135.750914	25.520332	216.386537	-1.775588	-1.774620	-1.712970
0.602200	-79.731837	-54.377629	134.109466	25.354209	213.841304	-1.562288	-1.561301	-1.496528
0.604000	-78.841401	-53.653828	132.495229	25.187573	211.336630	-1.352916	-1.351911	-1.283892
0.605800	-77.964072	-52.943627	130.907699	25.020445	208.871771	-1.147398	-1.146374	-1.074984
0.607600	-77.099615	-52.246770	129.346385	24.852844	206.446000	-0.945662	-0.944618	-0.869727
0.609400	-76.247798	-51.563008	127.810806	24.684790	204.058603	-0.747636	-0.746570	-0.668044
0.611200	-75.408394	-50.892093	126.300487	24.516301	201.708881	-0.553250	-0.552160	-0.469858
0.613000	-74.581182	-50.233785	124.814966	24.347397	199.396148	-0.362436	-0.361318	-0.275093
0.614800	-73.765944	-49.587845	123.353790	24.178099	197.119734	-0.175125	-0.173976	-0.083675
0.616600	-72.962469	-48.954043	121.916512	24.008427	194.878981	0.008749	0.009932	0.104469
0.618400	-72.170548	-48.332149	120.502697	23.838399	192.673245	0.189250	0.190470	0.289414
0.620200	-71.389977	-47.721939	119.111917	23.668038	190.501894	0.366441	0.367704	0.471231
0.622000	-70.620558	-47.123195	117.743753	23.497362	188.364311	0.540387	0.541695	0.649990
0.623800	-69.862094	-46.535701	116.397795	23.326393	186.259889	0.711147	0.712505	0.825763
0.625600	-69.114395	-45.959244	115.073639	23.155151	184.188034	0.878783	0.880193	0.998617
0.627400	-68.377274	-45.393619	113.770893	22.983656	182.148167	1.043352	1.044819	1.168621
0.629200	-67.650548	-44.838620	112.489168	22.811928	180.139716	1.204914	1.206441	1.335840
0.631000	-66.934038	-44.294048	111.228086	22.639989	178.162124	1.363524	1.365113	1.500341
0.632800	-66.227568	-43.759708	109.987276	22.467860	176.214844	1.519239	1.520893	1.662189
0.634600	-65.530967	-43.235407	108.766373	22.295560	174.297340	1.672113	1.673835	1.821445
0.636400	-64.844066	-42.720955	107.565022	22.123111	172.409088	1.822199	1.823991	1.978173
0.638200	-64.166702	-42.216169	106.382871	21.950533	170.549573	1.969550	1.971414	2.132433
0.640000	-63.498713	-41.720866	105.219580	21.777847	168.718293	2.114217	2.116155	2.284285
0.641800	-62.839942	-41.234869	104.074811	21.605074	166.914753	2.256252	2.258265	2.433788
0.643600	-62.190235	-40.758001	102.948236	21.432234	165.138471	2.395702	2.397792	2.581000
0.645400	-61.549440	-40.290092	101.839532	21.259349	163.388973	2.532617	2.534785	2.725978
0.647200	-60.917411	-39.830972	100.748383	21.086439	161.665794	2.667043	2.669290	2.868776
0.649000	-60.294002	-39.380478	99.674479	20.913524	159.968481	2.799028	2.801355	3.009449
0.650800	-59.679071	-38.938446	98.617517	20.740626	158.296589	2.928617	2.931025	-3.135135
0.652600	-59.072481	-38.504717	97.577199	20.567764	156.649680	3.055853	3.058345	-2.998552
0.654400	-58.474096	-38.079136	96.553232	20.394960	155.027328	-3.102403	-3.099828	-2.863938
0.656200	-57.883783	-37.661549	95.545332	20.222234	153.429115	-2.979740	-2.977081	-2.731241
0.658000	-57.301412	-37.251806	94.553218	20.049605	151.854629	-2.859300	-2.856555	-2.600412
0.659800	-56.726855	-36.849759	93.576615	19.877096	150.303470	-2.741044	-2.738212	-2.471404
0.661600	-56.159989	-36.455264	92.615254	19.704725	148.775243	-2.624930	-2.622010	-2.344168
0.663400	-55.600692	-36.068179	91.668871	19.532513	147.269562	-2.510919	-2.507910	-2.218660
0.665200	-55.048843	-35.688364	90.737207	19.360479	145.786051	-2.398974	-2.395874	-2.094832
0.667000	-54.504327	-35.315683	89.820010	19.188645	144.324337	-2.289057	-2.285864	-1.972642
0.668800	-53.967029	-34.950001	88.917030	19.017029	142.884059	-2.181132	-2.177844	-1.852046
0.670600	-53.436838	-34.591187	88.028024	18.845651	141.464862	-2.075162	-2.071777	-1.733001
0.672400	-52.913642	-34.239111	87.152753	18.674531	140.066395	-1.971112	-1.967629	-1.615465
0.674200	-52.397336	-33.893648	86.290983	18.503688	138.688319	-1.868948	-1.865364	-1.499399
0.676000	-51.887814	-33.554672	85.442485	18.333142	137.330299	-1.768638	-1.764951	-1.384763
0.677800	-51.384973	-33.222061	84.607034	18.162911	135.992006	-1.670148	-1.666355	-1.271517
0.679600	-50.888712	-32.895697	83.784409	17.993015	134.673120	-1.573446	-1.569544	-1.159624
0.681400	-50.398933	-32.575461	82.974394	17.823472	133.373327	-1.478502	-1.474488	-1.049047
0.683200	-49.915539	-32.261238	82.176777	17.654302	132.092316	-1.385285	-1.381156	-0.939750
0.685000	-49.438436	-31.952915	81.391350	17.485521	130.829786	-1.293765	-1.289519	-0.831696
0.686800	-48.967530	-31.650381	80.617911	17.317150	129.585441	-1.203914	-1.199546	-0.724853
0.688600	-48.502732	-31.353527	79.856258	17.149205	128.358990	-1.115703	-1.111210	-0.619185
0.690400	-48.043951	-31.062246	79.106197	16.981705	127.150149	-1.029106	-1.024483	-0.514660
0.692200	-47.591102	-30.776434	78.367535	16.814668	125.958637	-0.944094	-0.939338	-0.411246
0.694000	-47.144098	-30.495987	77.640085	16.648111	124.784183	-0.860643	-0.855750	-0.308912
0.695800	-46.702856	-30.220805	76.923661	16.482051	123.626517	-0.778726	-0.773692	-0.207626
0.697600	-46.267294	-29.950788	76.218082	16.316506	122.485377	-0.698320	-0.693139	-0.107359
0.699400	-45.837332	-29.685840	75.523172	16.151493	121.360505	-0.619400	-0.614067	-0.008082
0.701200	-45.412892	-29.425864	74.838756	15.987027	120.251648	-0.541942	-0.536454	0.090235
0.703000	-44.993895	-29.170768	74.164663	15.823127	119.158558	-0.465925	-0.460274	0.187618
0.704800	-44.580267	-28.920460	73.500726	15.659807	118.080993	-0.391325	-0.385508	0.284094
0.706600	-44.171933	-28.674849	72.846781	15.497084	117.018714	-0.318121	-0.312131	0.379692
0.708400	-43.768821	-28.433847	72.202667	15.334974	115.971488	-0.246293	-0.240125	0.474435
0.710200	-43.370859	-28.197367	71.568226	15.173493	114.939086	-0.175819	-0.169466	0.568350
0.712000	-42.977979	-27.965324	70.943303	15.012655	113.921282	-0.106681	-0.100137	0.661462
0.713800	-42.590111	-27.737635	70.327746	14.852476	112.917857	-0.038858	-0.032117	0.753793
0.715600	-42.207188	-27.514218	69.721406	14.692970	111.928593	0.027667	0.034613	0.845369
0.717400	-41.829145	-27.294991	69.124136	14.534153	110.953281	0.092913	0.100071	0.936212
0.719200	-41.455916	-27.079877	68.535794	14.376039	109.991710	0.156897	0.164275	1.026343
0.721000	-41.087439	-26.868798	67.956238	14.218641	109.043677	0.219638	0.227242	1.115786
0.722800	-40.723652	-26.661678	67.385330	14.061973	108.108982	0.281151	0.288990	1.204562
0.724600	-40.364493	-26.458442	66.822935	13.906050	107.187428	0.341452	0.349536	1.292692
0.726400	-40.009902	-26.259018	66.268920	13.750885	106.278822	0.400558	0.408895	1.380195
0.728200	-39.659822	-26.063332	65.723154	13.596489	105.382976	0.458484	0.467083	1.467093
0.730000	-39.314194	-25.871316	65.185509	13.442878	104.499703	0.515245	0.524116	1.553405
0.731800	-38.972961	-25.682899	64.655860	13.290062	103.628821	0.570856	0.580008	1.639149
0.733600	-38.636068	-25.498015	64.134083	13.138054	102.770151	0.625331	0.634775	1.724345
0.735400	-38.303462	-25.316595	63.620057	12.986866	101.923518	0.678684	0.688431	1.809012
0.737200	-37.975087	-25.138576	63.113663	12.836511	101.088749	0.730928	0.740991	1.893166
0.739000	-37.650891	-24.963893	62.614784	12.686998	100.265675	0.782079	0.792468	1.976827
0.740800	-37.330823	-24.792483	62.123306	12.538340	99.454129	0.832148	0.842875	2.060010
0.742600	-37.014832	-24.624284	61.639116	12.390548	98.653948	0.881149	0.892228	2.142733
0.744400	-36.702868	-24.459236	61.162104	12.243631	97.864971	0.929095	0.940539	2.225013
0.746200	-36.394881	-24.297280	60.692161	12.097601	97.087042	0.975999	0.987821	2.306866
0.748000	-36.090824	-24.138356	60.229181	11.952468	96.320005	1.021874	1.034089	2.388308
0.749800	-35.790650	-23.982409	59.773059	11.808241	95.563709	1.066732	1.079355	2.469354
0.751600	-35.494311	-23.829381	59.323692	11.664930	94.818003	1.110587	1.123632	2.550021
0.753400	-35.201762	-23.679218	58.880980	11.522544	94.082742	1.153451	1.166935	2.630322
0.755200	-34.912958	-23.531866	58.444823	11.381092	93.357781	1.195337	1.209276	2.710274
0.757000	-34.627854	-23.387271	58.015124	11.240583	92.642978	1.236259	1.250669	2.789891
0.758800	-34.346406	-23.245381	57.591787	11.101025	91.938194	1.276228	1.291128	2.869187
0.760600	-34.068573	-23.106146	57.174719	10.962427	91.243291	1.315260	1.330667	2.948176
0.762400	-33.794311	-22.969515	56.763826	10.824796	90.558136	1.353368	1.369299	3.026872
0.764200	-33.523579	-22.835439	56.359018	10.688139	89.882596	1.390564	1.407039	3.105290
0.766000	-33.256335	-22.703870	55.960205	10.552465	89.216541	1.426865	1.443903	-3.099743
0.767800	-32.992541	-22.574760	55.567301	10.417781	88.559842	1.462284	1.479903	-3.021843
0.769600	-32.732155	-22.448063	55.180218	10.284092	87.912374	1.496836	1.515057	-2.944181
0.771400	-32.475139	-22.323734	54.798873	10.151406	87.274012	1.530537	1.549379	-2.866746
0.773200	-32.221455	-22.201726	54.423181	10.019728	86.644636	1.563403	1.582886	-2.789523
0.775000	-31.971063	-22.081998	54.053061	9.889065	86.024124	1.595449	1.615594	-2.712501
0.776800	-31.723928	-21.964505	53.688432	9.759423	85.412360	1.626692	1.647519	-2.635667
0.778600	-31.480011	-21.849204	53.329215	9.630807	84.809226	1.657150	1.678680	-2.559009
0.780400	-31.239277	-21.736056	52.975333	9.503221	84.214609	1.686841	1.709093	-2.482514
0.782200	-31.001689	-21.625018	52.626707	9.376671	83.628397	1.715782	1.738777	-2.406171
0.784000	-30.767213	-21.516051	52.283264	9.251162	83.050477	1.743991	1.767750	-2.329968
0.785800	-30.535813	-21.409116	51.944929	9.126698	82.480742	1.771489	1.796030	-2.253893
0.787600	-30.307455	-21.304173	51.611629	9.003282	81.919084	1.798295	1.823638	-2.177934
0.789400	-30.082106	-21.201186	51.283292	8.880919	81.365397	1.824427	1.850592	-2.102081
0.791200	-29.859730	-21.100117	50.959847	8.759613	80.819578	1.849908	1.876913	-2.026321
0.793000	-29.640296	-21.000930	50.641226	8.639366	80.281523	1.874757	1.902620	-1.950645
0.794800	-29.423771	-20.903589	50.327360	8.520183	79.751131	1.898995	1.927734	-1.875040
0.796600	-29.210123	-20.808058	50.018181	8.402064	79.228303	1.922643	1.952275	-1.799497
0.798400	-28.999319	-20.714304	49.713623	8.285014	78.712941	1.945724	1.976264	-1.724005
0.800200	-28.791328	-20.622293	49.413621	8.169035	78.204949	1.968257	1.999721	-1.648552
0.802000	-28.586119	-20.531991	49.118110	8.054128	77.704230	1.990265	2.022667	-1.573130
0.803800	-28.383662	-20.443366	48.827028	7.940296	77.210690	2.011770	2.045124	-1.497727
0.805600	-28.183926	-20.356387	48.540313	7.827539	76.724239	2.032792	2.067110	-1.422334
0.807400	-27.986881	-20.271021	48.257902	7.715861	76.244783	2.053353	2.088647	-1.346941
0.809200	-27.792498	-20.187237	47.979735	7.605261	75.772233	2.073474	2.109755	-1.271538
0.811000	-27.600747	-20.105007	47.705754	7.495740	75.306500	2.093176	2.130454	-1.196117
0.812800	-27.411599	-20.024299	47.435898	7.387300	74.847498	2.112479	2.150762	-1.120668
0.814600	-27.225026	-19.945086	47.170112	7.279940	74.395138	2.131403	2.170700	-1.045181
0.816400	-27.040999	-19.867338	46.908337	7.173662	73.949336	2.149968	2.190285	-0.969649
0.818200	-26.859491	-19.791027	46.650518	7.068464	73.510009	2.168192	2.209535	-0.894062
0.820000	-26.680474	-19.716126	46.396599	6.964348	73.077073	2.186093	2.228467	-0.818414
0.821800	-26.503919	-19.642607	46.146527	6.861312	72.650446	2.203690	2.247100	-0.742694
0.823600	-26.329801	-19.570445	45.900246	6.759356	72.230047	2.220998	2.265447	-0.666897
0.825400	-26.158092	-19.499613	45.657706	6.658479	71.815798	2.238034	2.283525	-0.591015
0.827200	-25.988766	-19.430086	45.418852	6.558680	71.407619	2.254813	2.301349	-0.515040
0.829000	-25.821797	-19.361839	45.183635	6.459958	71.005432	2.271350	2.318931	-0.438966
0.830800	-25.657158	-19.294846	44.952004	6.362312	70.609161	2.287657	2.336285	-0.362786
0.832600	-25.494824	-19.229084	44.723907	6.265740	70.218731	2.303748	2.353423	-0.286496
0.834400	-25.334769	-19.164528	44.499297	6.170240	69.834066	2.319634	2.370357	-0.210088
0.836200	-25.176968	-19.101157	44.278125	6.075811	69.455093	2.335326	2.387096	-0.133559
0.838000	-25.021396	-19.038946	44.060342	5.982450	69.081738	2.350833	2.403652	-0.056903
0.839800	-24.868029	-18.977874	43.845902	5.890155	68.713931	2.366166	2.420031	0.019885
0.841600	-24.716841	-18.917917	43.634758	5.798924	68.351599	2.381332	2.436243	0.096806
0.843400	-24.567809	-18.859055	43.426864	5.708754	67.994673	2.396337	2.452295	0.173866
0.845200	-24.420908	-18.801267	43.222175	5.619642	67.643083	2.411190	2.468194	0.251067
0.847000	-24.276115	-18.744530	43.020646	5.531585	67.296761	2.425895	2.483944	0.328410
0.848800	-24.133407	-18.688826	42.822232	5.444581	66.955639	2.440458	2.499552	0.405898
0.850600	-23.992758	-18.634133	42.626891	5.358626	66.619650	2.454882	2.515021	0.483532
0.852400	-23.854148	-18.580432	42.434580	5.273716	66.288728	2.469170	2.530356	0.561313
0.854200	-23.717552	-18.527703	42.245255	5.189849	65.962808	2.483326	2.545559	0.639239
0.856000	-23.582948	-18.475928	42.058876	5.107021	65.641824	2.497352	2.560633	0.717312
0.857800	-23.450314	-18.425087	41.875401	5.025227	65.325715	2.511249	2.575580	0.795529
0.859600	-23.319627	-18.375162	41.694789	4.944465	65.014415	2.525018	2.590402	0.873889
0.861400	-23.190865	-18.326135	41.517000	4.864729	64.707864	2.538659	2.605098	0.952390
0.863200	-23.064006	-18.277989	41.341994	4.786017	64.406000	2.552172	2.619671	1.031028
0.865000	-22.939028	-18.230705	41.169733	4.708323	64.108761	2.565557	2.634119	1.109800
0.866800	-22.815910	-18.184266	41.000177	4.631644	63.816087	2.578813	2.648442	1.188702
0.868600	-22.694631	-18.138657	40.833288	4.555975	63.527920	2.591938	2.662641	1.267730
0.870400	-22.575170	-18.093860	40.669030	4.481311	63.244200	2.604931	2.676713	1.346878
0.872200	-22.457505	-18.049858	40.507363	4.407647	62.964869	2.617789	2.690658	1.426140
0.874000	-22.341617	-18.006636	40.348253	4.334980	62.689870	2.630511	2.704473	1.505511
0.875800	-22.227483	-17.964179	40.191662	4.263305	62.419146	2.643094	2.718158	1.584984
0.877600	-22.115085	-17.922470	40.037555	4.192615	62.152641	2.655535	2.731711	1.664553
0.879400	-22.004402	-17.881495	39.885897	4.122907	61.890299	2.667832	2.745128	1.744209
0.881200	-21.895414	-17.841238	39.736652	4.054176	61.632066	2.679981	2.758408	1.823945
0.883000	-21.788101	-17.801685	39.589786	3.986416	61.377887	2.691979	2.771549	1.903753
0.884800	-21.682444	-17.762822	39.445266	3.919621	61.127709	2.703824	2.784549	1.983625
0.886600	-21.578423	-17.724634	39.303057	3.853788	60.881479	2.715512	2.797404	2.063554
0.888400	-21.476018	-17.687108	39.163126	3.788911	60.639145	2.727040	2.810112	2.143529
0.890200	-21.375212	-17.650229	39.025441	3.724984	60.400653	2.738404	2.822671	2.223544
0.892000	-21.275985	-17.613984	38.889969	3.662002	60.165955	2.749602	2.835078	2.303589
0.893800	-21.178319	-17.578360	38.756679	3.599959	59.934998	2.760631	2.847331	2.383655
0.895600	-21.082194	-17.543344	38.625539	3.538850	59.707733	2.771487	2.859427	2.463735
0.897400	-20.987594	-17.508923	38.496517	3.478670	59.484111	2.782167	2.871365	2.543820
0.899200	-20.894498	-17.475085	38.369583	3.419413	59.264082	2.792669	2.883141	2.623902
0.901000	-20.802890	-17.441817	38.244707	3.361074	59.047598	2.802990	2.894754	2.703973
0.902800	-20.712752	-17.409106	38.121859	3.303646	58.834611	2.813128	2.906201	2.784026
0.904600	-20.624067	-17.376942	38.001008	3.247125	58.625075	2.823080	2.917482	2.864052
0.906400	-20.536816	-17.345311	37.882127	3.191504	58.418942	2.832844	2.928594	2.944046
0.908200	-20.450982	-17.314203	37.765185	3.136779	58.216167	2.842418	2.939535	3.024000
0.910000	-20.366549	-17.283606	37.650155	3.082943	58.016704	2.851801	2.950305	3.103909
0.911800	-20.283499	-17.253509	37.537008	3.029990	57.820507	2.860991	2.960902	-3.099419
0.913600	-20.201816	-17.223900	37.425717	2.977916	57.627533	2.869986	2.971325	-3.019618
0.915400	-20.121484	-17.194770	37.316253	2.926714	57.437737	2.878787	2.981574	-2.939879
0.917200	-20.042485	-17.166106	37.208591	2.876379	57.251076	2.887392	2.991648	-2.860206
0.919000	-19.964804	-17.137899	37.102703	2.826905	57.067506	2.895801	3.001547	-2.780602
0.920800	-19.888424	-17.110138	36.998562	2.778286	56.886986	2.904013	3.011270	-2.701071
0.922600	-19.813330	-17.082813	36.896143	2.730517	56.709474	2.912030	3.020819	-2.621616
0.924400	-19.739507	-17.055914	36.795421	2.683593	56.534927	2.919851	3.030193	-2.542239
0.926200	-19.666937	-17.029431	36.696368	2.637506	56.363305	2.927478	3.039393	-2.462942
0.928000	-19.595607	-17.003354	36.598961	2.592253	56.194568	2.934911	3.048421	-2.383725
0.929800	-19.525501	-16.977674	36.503175	2.547827	56.028676	2.942152	3.057276	-2.304591
0.931600	-19.456604	-16.952381	36.408985	2.504222	55.865588	2.949203	3.065962	-2.225539
0.933400	-19.388900	-16.927466	36.316367	2.461434	55.705267	2.956065	3.074479	-2.146569
0.935200	-19.322376	-16.902920	36.225296	2.419456	55.547673	2.962742	3.082830	-2.067680
0.937000	-19.257017	-16.878734	36.135751	2.378282	55.392768	2.969235	3.091016	-1.988872
0.938800	-19.192808	-16.854899	36.047707	2.337908	55.240514	2.975548	3.099041	-1.910144
0.940600	-19.129735	-16.831407	35.961141	2.298328	55.090876	2.981684	3.106906	-1.831493
0.942400	-19.067783	-16.808248	35.876031	2.259535	54.943815	2.987647	3.114615	-1.752918
0.944200	-19.006940	-16.785415	35.792355	2.221526	54.799295	2.993439	3.122171	-1.674415
0.946000	-18.947191	-16.762898	35.710090	2.184293	54.657281	2.999066	3.129578	-1.595984
0.947800	-18.888523	-16.740691	35.629214	2.147832	54.517738	3.004530	3.136837	-1.517620
0.949600	-18.830922	-16.718785	35.549707	2.112136	54.380629	3.009838	-3.139231	-1.439320
0.951400	-18.774374	-16.697173	35.471547	2.077201	54.245921	3.014992	-3.132252	-1.361082
0.953200	-18.718867	-16.675846	35.394713	2.043021	54.113579	3.019999	-3.125409	-1.282901
0.955000	-18.664387	-16.654797	35.319184	2.009590	53.983570	3.024863	-3.118696	-1.204773
0.956800	-18.610921	-16.634019	35.244940	1.976902	53.855861	3.029589	-3.112110	-1.126696
0.958600	-18.558457	-16.613504	35.171961	1.944952	53.730417	3.034182	-3.105646	-1.048665
0.960400	-18.506981	-16.593246	35.100227	1.913735	53.607208	3.038647	-3.099300	-0.970676
0.962200	-18.456481	-16.573238	35.029719	1.883244	53.486200	3.042990	-3.093068	-0.892724
0.964000	-18.406945	-16.553472	34.960417	1.853473	53.367362	3.047216	-3.086944	-0.814807
0.965800	-18.358360	-16.533942	34.892302	1.824418	53.250662	3.051331	-3.080924	-0.736919
0.967600	-18.310714	-16.514642	34.825356	1.796072	53.136069	3.055339	-3.075004	-0.659056
0.969400	-18.263994	-16.495565	34.759559	1.768429	53.023553	3.059246	-3.069180	-0.581215
0.971200	-18.218189	-16.476705	34.694894	1.741483	52.913083	3.063058	-3.063446	-0.503391
0.973000	-18.173286	-16.458057	34.631343	1.715229	52.804629	3.066779	-3.057798	-0.425580
0.974800	-18.129274	-16.439614	34.568888	1.689660	52.698161	3.070415	-3.052232	-0.347778
0.976600	-18.086140	-16.421371	34.507511	1.664769	52.593651	3.073971	-3.046743	-0.269982
0.978400	-18.043873	-16.403322	34.447195	1.640551	52.491067	3.077451	-3.041328	-0.192188
0.980200	-18.002461	-16.385462	34.387923	1.616998	52.390383	3.080860	-3.035981	-0.114392
0.982000	-17.961892	-16.367786	34.329678	1.594106	52.291570	3.084203	-3.030700	-0.036591
0.983800	-17.922155	-16.350289	34.272444	1.571865	52.194598	3.087484	-3.025479	0.041219
0.985600	-17.883237	-16.332966	34.216204	1.550271	52.099441	3.090708	-3.020316	0.119040
0.987400	-17.845129	-16.315813	34.160942	1.529316	52.006071	3.093878	-3.015206	0.196876
0.989200	-17.807817	-16.298825	34.106643	1.508992	51.914460	3.096997	-3.010147	0.274729
0.991000	-17.771291	-16.281998	34.053290	1.489293	51.824581	3.100071	-3.005135	0.352602
0.992800	-17.735539	-16.265329	34.000868	1.470211	51.736407	3.103101	-3.000166	0.430497
0.994600	-17.700550	-16.248812	33.949362	1.451738	51.649913	3.106091	-2.995238	0.508416
0.996400	-17.666312	-16.232445	33.898758	1.433867	51.565070	3.109044	-2.990349	0.586361
0.998200	-17.632814	-16.216225	33.849039	1.416589	51.481854	3.111962	-2.985495	0.664334
1.000000	-17.600045	-16.200147	33.800192	1.399897	51.400237	3.114847	-2.980674	0.742337
