0.101800	-34598.798282	-23372.583378	57971.381660	11226.214904	92570.179942	-2.575530	-2.543045	0.285267
0.103600	-34317.723851	-23230.968637	57548.692488	11086.755214	91866.416339	-1.171505	-1.153472	-1.470314
0.105400	-34040.258823	-23092.003072	57132.261895	10948.255751	91172.520718	-0.437552	-0.473935	-3.084119
0.107200	-33766.361005	-22955.636644	56721.997649	10810.724361	90488.358654	-0.300651	-0.356158	2.073817
0.109000	-33495.988862	-22821.820249	56317.809111	10674.168613	89813.797973	-0.945609	-0.890965	0.542438
0.110800	-33229.101501	-22690.505699	55919.607200	10538.595801	89148.708700	-2.186905	-2.236871	-1.286159
0.112600	-32965.658654	-22561.645707	55527.304361	10404.012947	88492.963014	2.155580	2.212662	-3.052300
0.114400	-32705.620662	-22435.193868	55140.814530	10270.426793	87846.435191	-0.339610	-0.384648	1.416816
0.116200	-32448.948458	-22311.104643	54760.053102	10137.843815	87209.001560	2.754978	2.704999	-0.731419
0.118000	-32195.603556	-22189.333344	54384.936899	10006.270212	86580.540455	-1.094944	-1.095478	-3.097731
0.119800	-31945.548027	-22069.836113	54015.384140	9875.711914	85960.932167	0.856144	0.873550	1.810902
0.121600	-31698.744495	-21952.569913	53651.314409	9746.174582	85350.058904	2.129079	2.126944	-0.619060
0.123400	-31455.156116	-21837.492508	53292.648625	9617.663608	84747.804741	2.908409	2.859608	-2.264191
0.125200	-31214.746566	-21724.562449	52939.309015	9490.184116	84154.055581	2.998308	2.960153	1.306008
0.127000	-30977.480026	-21613.739058	52591.219085	9363.740968	83568.699111	2.580719	2.641142	-0.526637
0.128800	-30743.321174	-21504.982416	52248.303590	9238.338758	82991.624764	1.676999	1.635449	-2.459495
0.130600	-30512.235167	-21398.253344	51910.488510	9113.981823	82422.723677	0.137842	0.173831	1.657743
0.132400	-30284.187629	-21293.513394	51577.701024	8990.674235	81861.888653	-1.878902	-1.936735	-0.605617
0.134200	-30059.144645	-21190.724833	51249.869478	8868.419812	81309.014123	1.800212	1.847323	-2.882890
0.136000	-29837.072741	-21089.850627	50926.923368	8747.222114	80763.996109	-1.286792	-1.251077	1.013460
0.137800	-29617.938879	-20990.854433	50608.793311	8627.084446	80226.732190	1.394884	1.371262	-1.564634
0.139600	-29401.710442	-20893.700579	50295.411021	8508.009864	79697.121463	-2.704752	-2.752583	2.151479
0.141400	-29188.355228	-20798.354057	49986.709285	8390.001172	79175.064513	-0.954560	-1.009208	0.229047
0.143200	-28977.841436	-20704.780507	49682.621943	8273.060929	78660.463379	0.231211	0.192879	-2.509738
0.145000	-28770.137656	-20612.946209	49383.083864	8157.191447	78153.221520	0.988238	0.995977	1.536872
0.146800	-28565.212862	-20522.818062	49088.030923	8042.394800	77653.243785	1.231476	1.294275	-1.192587
0.148600	-28363.036400	-20434.363582	48797.399981	7928.672818	77160.436381	1.129674	1.123659	2.942221
0.150400	-28163.577981	-20347.550883	48511.128864	7816.027097	76674.706845	0.503334	0.460471	0.144041
0.152200	-27966.807672	-20262.348672	48229.156344	7704.459000	76195.964016	-0.598574	-0.537819	-2.513825
0.154000	-27772.695886	-20178.726229	47951.422115	7593.969657	75724.118001	-2.021417	-2.081425	1.349243
0.155800	-27581.213376	-20096.653405	47677.866780	7484.559971	75259.080156	2.332405	2.385346	-1.124004
0.157600	-27392.331225	-20016.100604	47408.431828	7376.230621	74800.763053	0.043616	0.027280	2.596663
0.159400	-27206.020840	-19937.038777	47143.059617	7268.982062	74349.080456	-2.672050	-2.722576	-0.041193
0.161200	-27022.253944	-19859.439410	46881.693353	7162.814534	73903.947297	0.446512	0.483235	-2.754198
0.163000	-26841.002570	-19783.274511	46624.277081	7057.728059	73465.279651	-3.095186	-3.034218	0.750245
0.164800	-26662.239052	-19708.516605	46370.755657	6953.722448	73032.994709	-0.708819	-0.675019	-1.981338
0.166600	-26485.936022	-19635.138719	46121.074741	6850.797303	72607.010762	1.325534	1.333440	1.856739
0.168400	-26312.066398	-19563.114376	45875.180774	6748.952022	72187.247172	2.960738	2.965906	-0.839356
0.170200	-26140.603385	-19492.417583	45633.020968	6648.185802	71773.624354	-2.093403	-2.065583	2.466709
0.172000	-25971.520463	-19423.022824	45394.543287	6548.497639	71366.063751	-1.164715	-1.112767	0.022952
0.173800	-25804.791387	-19354.905047	45159.696433	6449.886340	70964.487820	-0.633569	-0.581194	-2.978306
0.175600	-25640.390174	-19288.039657	44928.429832	6352.350517	70568.820006	-0.370128	-0.393336	0.773025
0.177400	-25478.291108	-19222.402511	44700.693618	6255.888597	70178.984726	-0.514331	-0.563907	-2.284892
0.179200	-25318.468725	-19157.969900	44476.438625	6160.498826	69794.907350	-0.985325	-0.936101	1.432917
0.181000	-25160.897816	-19094.718549	44255.616366	6066.179267	69416.514182	-1.753754	-1.767081	-1.425787
0.182800	-25005.553419	-19032.625606	44038.179024	5972.927813	69043.732443	-2.876893	-2.888115	1.856724
0.184600	-24852.410812	-18971.668630	43824.079442	5880.742182	68676.490254	1.984002	2.007171	-0.880927
0.186400	-24701.445516	-18911.825588	43613.271105	5789.619928	68314.716621	0.284291	0.270082	2.672529
0.188200	-24552.633285	-18853.074846	43405.708131	5699.558440	67958.341416	-1.742315	-1.757981	-0.148892
0.190000	-24405.950105	-18795.395156	43201.345261	5610.554949	67607.295365	2.187074	2.235673	-3.039557
0.191800	-24261.372188	-18738.765656	43000.137843	5522.606532	67261.510031	-0.394008	-0.447017	0.337462
0.193600	-24118.875972	-18683.165856	42802.041828	5435.710115	66920.917800	2.970435	2.955247	-2.556708
0.195400	-23978.438116	-18628.575636	42607.013752	5349.862479	66585.451867	-0.238703	-0.182496	0.841088
0.197200	-23840.035496	-18574.975233	42415.010729	5265.060262	66255.046225	2.595532	2.627263	-2.062167
0.199000	-23703.645204	-18522.345239	42225.990443	5181.299965	65929.635646	-1.115228	-1.138755	1.260441
0.200800	-23569.244544	-18470.666589	42039.911133	5098.577955	65609.155676	1.173967	1.121123	-1.768288
0.202600	-23436.811030	-18419.920559	41856.731589	5016.890471	65293.542618	-3.087112	3.138353	1.492641
0.204400	-23306.322382	-18370.088755	41676.411138	4936.233627	64982.733520	-1.303746	-1.361123	-1.362125
0.206200	-23177.756528	-18321.153111	41498.909639	4856.603417	64676.666167	0.230634	0.170756	2.057352
0.208000	-23051.091596	-18273.095875	41324.187471	4777.995721	64375.279066	1.491515	1.433332	-1.060303
0.209800	-22926.305914	-18225.899611	41152.205526	4700.406303	64078.511440	2.527823	2.480822	2.276892
0.211600	-22803.378013	-18179.547188	40982.925200	4623.830825	63786.303213	-2.959910	-2.973075	-0.623197
0.213400	-22682.286616	-18134.021772	40816.308388	4548.264844	63498.595004	-2.431439	-2.388023	2.513589
0.215200	-22563.010645	-18089.306826	40652.317471	4473.703819	63215.328115	-2.076792	-2.023321	-0.316003
0.217000	-22445.529213	-18045.386098	40490.915310	4400.143115	62936.444523	-1.950777	-1.965536	2.785977
0.218800	-22329.821626	-18002.243618	40332.065244	4327.578008	62661.886870	-2.018375	-2.075150	-0.069708
0.220600	-22215.867383	-17959.863692	40175.731075	4256.003690	62391.598457	-2.388404	-2.351981	3.050571
0.222400	-22103.646168	-17918.230897	40021.877065	4185.415271	62125.523233	-2.903885	-2.878114	0.092762
0.224200	-21993.137857	-17877.330072	39870.467929	4115.807785	61863.605786	2.682170	2.625081	-2.906722
0.226000	-21884.322511	-17837.146317	39721.468828	4047.176194	61605.791339	1.684382	1.740393	0.203864
0.227800	-21777.180378	-17797.664985	39574.845364	3979.515393	61352.025742	0.596110	0.558298	-2.757441
0.229600	-21671.691891	-17758.871679	39430.563570	3912.820212	61102.255461	-0.755064	-0.733290	0.522427
0.231400	-21567.837666	-17720.752242	39288.589907	3847.085424	60856.427573	-2.271363	-2.288806	-2.636921
0.233200	-21465.598502	-17683.292758	39148.891260	3782.305744	60614.489762	2.277596	2.303285	0.532744
0.235000	-21364.955382	-17646.479544	39011.434926	3718.475838	60376.390308	0.414095	0.377369	-2.492130
0.236800	-21265.889470	-17610.299144	38876.188614	3655.590326	60142.078084	-1.693482	-1.640785	0.768179
0.238600	-21168.382109	-17574.738328	38743.120438	3593.643781	59911.502547	2.386960	2.328453	-2.297249
0.240400	-21072.414825	-17539.784084	38612.198909	3532.630741	59684.613734	-0.080436	-0.048540	0.879599
0.242200	-20977.969321	-17505.423615	38483.392936	3472.545706	59461.362257	-2.676702	-2.655095	-2.245761
0.244000	-20885.027480	-17471.644333	38356.671813	3413.383146	59241.699293	0.874776	0.817277	0.911272
0.245800	-20793.571362	-17438.433859	38232.005221	3355.137503	59025.576583	-2.088562	-2.068312	-2.209182
0.247600	-20703.583207	-17405.780013	38109.363220	3297.803194	58812.946426	1.090291	1.143152	0.958639
0.249400	-20615.045429	-17373.670814	37988.716243	3241.374614	58603.761671	-2.121012	-2.144300	-2.152805
0.251200	-20527.940619	-17342.094476	37870.035095	3185.846143	58397.975714	0.776887	0.720935	1.022752
0.253000	-20442.251546	-17311.039401	37753.290947	3131.212145	58195.542493	-2.796529	-2.801364	-2.084390
0.254800	-20357.961150	-17280.494180	37638.455330	3077.466971	57996.416480	-0.236920	-0.187926	1.081485
0.256600	-20275.052549	-17250.447584	37525.500133	3024.604966	57800.552682	2.196510	2.249638	-2.060459
0.258400	-20193.509032	-17220.888565	37414.397597	2972.620467	57607.906630	-1.781671	-1.760637	1.049346
0.260200	-20113.314063	-17191.806252	37305.120315	2921.507811	57418.434377	0.384695	0.368775	-2.141838
0.262000	-20034.451275	-17163.189945	37197.641221	2871.261330	57232.092496	2.411346	2.370177	0.971469
0.263800	-19956.904476	-17135.029116	37091.933592	2821.875359	57048.838068	-1.979479	-2.033490	-2.140917
0.265600	-19880.657641	-17107.313403	36987.971044	2773.344238	56868.628685	-0.221965	-0.280427	1.036117
0.267400	-19805.694916	-17080.032608	36885.727524	2725.662309	56691.422440	1.395678	1.338421	-2.154067
0.269200	-19732.000616	-17053.176694	36785.177310	2678.823922	56517.177926	2.882537	2.827901	0.903925
0.271000	-19659.559221	-17026.735786	36686.295007	2632.823435	56345.854228	-2.025894	-2.081980	-2.231968
0.272800	-19588.355378	-17000.700164	36589.055542	2587.655214	56177.410920	-0.770673	-0.828839	0.928933
0.274600	-19518.373898	-16975.060264	36493.434162	2543.313635	56011.808061	0.348975	0.297767	-2.311057
0.276400	-19449.599757	-16949.806673	36399.406431	2499.793084	55849.006188	1.354444	1.318100	0.790469
0.278200	-19382.018091	-16924.930132	36306.948223	2457.087959	55688.966314	2.246420	2.234887	-2.331435
0.280000	-19315.614194	-16900.421530	36216.035724	2415.192664	55531.649918	3.004426	3.032744	0.695770
0.281800	-19250.373521	-16876.271905	36126.645427	2374.101616	55377.018948	-2.612789	-2.557488	-2.460517
0.283600	-19186.281682	-16852.472443	36038.754125	2333.809240	55225.035807	-2.040943	-1.988527	0.641875
0.285400	-19123.324441	-16829.014473	35952.338914	2294.309967	55075.663354	-1.561655	-1.551185	-2.604887
0.287200	-19061.487711	-16805.889474	35867.377185	2255.598238	54928.864896	-1.165728	-1.211643	0.547633
0.289000	-19000.757559	-16783.089065	35783.846624	2217.668493	54784.604183	-0.912348	-0.960221	-2.725899
0.290800	-18941.120193	-16760.605015	35701.725208	2180.515179	54642.845401	-0.776454	-0.766664	0.419096
0.292600	-18882.561969	-16738.429232	35620.991201	2144.132738	54503.553171	-0.747767	-0.686293	-2.850584
0.294400	-18825.069382	-16716.553772	35541.623154	2108.515610	54366.692536	-0.747923	-0.734495	0.279509
0.296200	-18768.629064	-16694.970834	35463.599898	2073.658230	54232.228962	-0.843234	-0.895918	-2.991076
0.298000	-18713.227781	-16673.672764	35386.900546	2039.555017	54100.128327	-1.073621	-1.088041	0.133652
0.299800	-18658.852431	-16652.652053	35311.504484	2006.200378	53970.356914	-1.427698	-1.366028	3.136865
0.301600	-18605.490036	-16631.901338	35237.391374	1973.588698	53842.881411	-1.778439	-1.780014	-0.023199
0.303400	-18553.127745	-16611.413406	35164.541151	1941.714339	53717.668896	-2.233167	-2.285221	2.979288
0.305200	-18501.752822	-16591.181193	35092.934015	1910.571629	53594.686836	-2.841760	-2.804043	-0.206423
0.307000	-18451.352647	-16571.197785	35022.550432	1880.154861	53473.903079	2.801966	2.831884	2.833786
0.308800	-18401.914709	-16551.456424	34953.371134	1850.458285	53355.285843	2.126281	2.070865	-0.414498
0.310600	-18353.426604	-16531.950505	34885.377109	1821.476100	53238.803713	1.277684	1.310817	2.678753
0.312400	-18305.876028	-16512.673579	34818.549607	1793.202449	53124.425634	0.400279	0.424929	-0.607338
0.314200	-18259.250770	-16493.619359	34752.870129	1765.631411	53012.120899	-0.503005	-0.556480	2.465108
0.316000	-18213.538713	-16474.781719	34688.320432	1738.756994	52901.859146	-1.593129	-1.537863	-0.760192
0.317800	-18168.727824	-16456.154697	34624.882522	1712.573127	52793.610346	-2.651011	-2.668478	2.236897
0.319600	-18124.806150	-16437.732500	34562.538650	1687.073649	52687.344799	2.467000	2.452422	-0.975058
0.321400	-18081.761811	-16419.509503	34501.271315	1662.252308	52583.033126	1.193527	1.241938	2.073260
0.323200	-18039.583001	-16401.480255	34441.063256	1638.102745	52480.646257	-0.049357	-0.104057	-1.215131
0.325000	-17998.257973	-16383.639481	34381.897455	1614.618492	52380.155428	-1.488281	-1.427905	1.835956
0.326800	-17957.775043	-16365.982084	34323.757127	1591.792959	52281.532171	-2.854474	-2.893806	-1.389739
0.328600	-17918.122578	-16348.503148	34266.625726	1569.619430	52184.748305	1.888774	1.916156	1.610291
0.330400	-17879.288995	-16331.197941	34210.486936	1548.091054	52089.775931	0.348782	0.350445	-1.658994
0.332200	-17841.262753	-16314.061919	34155.324672	1527.200834	51996.587425	-1.254970	-1.265312	1.396393
0.334000	-17804.032351	-16297.090724	34101.123075	1506.941627	51905.155426	-2.952792	-2.924278	-1.854068
0.335800	-17767.586322	-16280.280191	34047.866514	1487.306131	51815.452836	1.637384	1.606069	1.140124
0.337600	-17731.913229	-16263.626349	33995.539578	1468.286880	51727.452807	-0.201755	-0.154478	-2.131775
0.339400	-17697.001660	-16247.125418	33944.127079	1449.876242	51641.128739	-1.978060	-2.020870	0.910190
0.341200	-17662.840226	-16230.773817	33893.614044	1432.066409	51556.454270	2.350605	2.400741	-2.340925
0.343000	-17629.417557	-16214.568160	33843.985718	1414.849397	51473.403275	0.469959	0.425624	0.659491
0.344800	-17596.722299	-16198.505259	33795.227558	1398.217040	51391.949857	-1.593333	-1.541667	-2.629493
0.346600	-17564.743111	-16182.582123	33747.325234	1382.160989	51312.068345	2.708816	2.671459	0.386134
0.348400	-17533.468665	-16166.795956	33700.264621	1366.672709	51233.733286	0.563976	0.604600	-2.867366
0.350200	-17502.887643	-16151.144161	33654.031804	1351.743483	51156.919447	-1.526146	-1.551527	0.153733
0.352000	-17472.988738	-16135.624332	33608.613070	1337.364406	51081.601807	2.539438	2.559463	-3.128235
0.353800	-17443.760649	-16120.234257	33563.994907	1323.526392	51007.755556	0.319808	0.324985	-0.138065
0.355600	-17415.192090	-16104.971914	33520.164005	1310.220176	50935.356095	-1.942785	-1.951641	2.858621
0.357400	-17387.271782	-16089.835466	33477.107248	1297.436316	50864.379030	1.988407	2.031249	-0.414332
0.359200	-17359.988460	-16074.823258	33434.811718	1285.165201	50794.800178	-0.299769	-0.345115	2.601952
0.361000	-17333.330873	-16059.933815	33393.264688	1273.397057	50726.595561	-2.779945	-2.710892	-0.669894
0.362800	-17307.287787	-16045.165834	33352.453621	1262.121953	50659.741408	1.169299	1.105861	2.331056
0.364600	-17281.847990	-16030.518178	33312.366169	1251.329812	50594.214159	-1.401759	-1.336898	-0.960832
0.366400	-17257.000294	-16015.989875	33272.990169	1241.010418	50529.990463	2.447322	2.412266	2.026130
0.368200	-17232.733538	-16001.580106	33234.313643	1231.153432	50467.047181	-0.140995	-0.122551	-1.267392
0.370000	-17209.036596	-15987.288199	33196.324794	1221.748397	50405.361390	-2.734158	-2.701164	1.728148
0.371800	-17185.898381	-15973.113624	33159.012005	1212.784758	50344.910386	0.995577	0.950371	-1.555511
0.373600	-17163.307851	-15959.055983	33122.363834	1204.251868	50285.671685	-1.750279	-1.671833	1.445295
0.375400	-17141.254013	-15945.115004	33086.369017	1196.139009	50227.623030	1.964952	1.902792	-1.838327
0.377200	-17119.725932	-15931.290529	33051.016461	1188.435403	50170.742393	-0.832764	-0.788863	1.157001
0.379000	-17098.712736	-15917.582509	33016.295245	1181.130228	50115.007981	2.735131	2.743274	-2.135861
0.380800	-17078.203623	-15903.990991	32982.194615	1174.212632	50060.398238	-0.000910	-0.039765	0.850806
0.382600	-17058.187869	-15890.516116	32948.703985	1167.671753	50006.891853	-2.902424	-2.821468	-2.448773
0.384400	-17038.654832	-15877.158101	32915.812933	1161.496730	49954.467764	0.669230	0.605029	0.532911
0.386200	-17019.593962	-15863.917238	32883.511199	1155.676724	49903.105161	-2.278611	-2.236118	-2.768390
0.388000	-17000.994806	-15850.793879	32851.788686	1150.200927	49852.783492	1.130232	1.157879	0.213949
0.389800	-16982.847018	-15837.788433	32820.635451	1145.058585	49803.482468	-1.714114	-1.767026	-3.086713
0.391600	-16965.140359	-15824.901350	32790.041709	1140.239009	49755.182068	1.511564	1.601305	-0.103193
0.393400	-16947.864711	-15812.133121	32759.997832	1135.731590	49707.862543	-1.333184	-1.380760	2.880695
0.395200	-16931.010078	-15799.484262	32730.494339	1131.525816	49661.504417	1.916999	1.924257	-0.419239
0.397000	-16914.566594	-15786.955311	32701.521904	1127.611283	49616.088498	-1.148469	-1.076380	2.563914
0.398800	-16898.524528	-15774.546819	32673.071347	1123.977709	49571.595876	2.232294	2.155341	-0.736743
0.400600	-16882.874291	-15762.259344	32645.133635	1120.614947	49528.007926	-0.945680	-0.879390	2.244302
0.402400	-16867.606437	-15750.093440	32617.699877	1117.512997	49485.306315	2.310085	2.320794	-1.058553
0.404200	-16852.711672	-15738.049656	32590.761329	1114.662016	49443.473001	-0.727696	-0.783980	1.920773
0.406000	-16838.180855	-15726.128527	32564.309383	1112.052328	49402.490238	2.304039	2.401069	-1.384718
0.407800	-16824.005003	-15714.330568	32538.335572	1109.674435	49362.340575	-0.700436	-0.752024	1.592277
0.409600	-16810.175294	-15702.656271	32512.831565	1107.519023	49323.006859	2.389598	2.379627	-1.714875
0.411400	-16796.683068	-15691.106098	32487.789166	1105.576971	49284.472235	-0.876386	-0.784173	1.259719
0.413200	-16783.519834	-15679.680478	32463.200313	1103.839356	49246.720147	2.375416	2.288812	-2.049336
0.415000	-16770.677268	-15668.379805	32439.057072	1102.297463	49209.734340	-0.949267	-0.908612	0.923926
0.416800	-16758.147213	-15657.204430	32415.351643	1100.942783	49173.498856	2.090649	2.148143	-2.387185
0.418600	-16745.921686	-15646.154662	32392.076348	1099.767025	49137.998035	-1.018754	-1.109170	0.584635
0.420400	-16733.992875	-15635.230765	32369.223640	1098.762111	49103.216515	1.846892	1.929883	-2.727595
0.422200	-16722.353139	-15624.432954	32346.786093	1097.920185	49069.139231	-1.359296	-1.353068	0.242411
0.424000	-16710.995008	-15613.761394	32324.756402	1097.233613	49035.751410	1.703173	1.632236	-3.070917
0.425800	-16699.911185	-15603.216202	32303.127387	1096.694984	49003.038572	-1.769463	-1.658857	-0.102001
0.427600	-16689.094544	-15592.797438	32281.891981	1096.297106	48970.986525	1.338116	1.291873	2.866208
0.429400	-16678.538127	-15582.505112	32261.043239	1096.033015	48939.581366	-2.005262	-2.042663	-0.448936
0.431200	-16668.235147	-15572.339182	32240.574328	1095.895965	48908.809475	0.783026	0.903497	2.518072
0.433000	-16658.178982	-15562.299549	32220.478531	1095.879433	48878.657512	-2.383763	-2.471820	-0.798558
0.434800	-16648.363177	-15552.386063	32200.749240	1095.977114	48849.112416	0.439365	0.442450	2.167672
0.436600	-16638.781439	-15542.598521	32181.379960	1096.182919	48820.161399	-3.049759	-2.938303	-1.150329
0.438400	-16629.427638	-15532.936666	32162.364304	1096.490973	48791.791943	0.045558	-0.067560	1.814622
0.440200	-16620.295802	-15523.400189	32143.695992	1096.895613	48763.991794	2.768130	2.813743	-1.504202
0.442000	-16611.380116	-15513.988733	32125.368849	1097.391382	48736.748964	-0.691750	-0.607737	1.459250
0.443800	-16602.674916	-15504.701888	32107.376804	1097.973028	48710.051720	2.350645	2.230597	-1.860614
0.445600	-16594.174694	-15495.539196	32089.713889	1098.635498	48683.888583	-1.289843	-1.203203	1.101849
0.447400	-16585.874086	-15486.500152	32072.374238	1099.373934	48658.248324	1.580513	1.621212	-2.219486
0.449200	-16577.767876	-15477.584205	32055.352081	1100.183671	48633.119957	-1.742221	-1.852278	0.742150
0.451000	-16569.850989	-15468.790759	32038.641748	1101.060229	48608.492737	0.843077	0.966159	-2.580364
0.452800	-16562.118489	-15460.119177	32022.237666	1101.999312	48584.356155	-2.513194	-2.526304	0.380057
0.454600	-16554.565578	-15451.568777	32006.134355	1102.996800	48560.699933	0.343133	0.257705	-2.943162
0.456400	-16547.187588	-15443.138841	31990.326429	1104.048747	48537.514018	2.894761	3.046241	0.016035
0.458200	-16539.979985	-15434.828611	31974.808596	1105.151374	48514.788581	-0.407057	-0.476335	2.975219
0.460000	-16532.938358	-15426.637293	31959.575651	1106.301065	48492.514009	2.333124	2.284251	-0.349457
0.461800	-16526.058421	-15418.564060	31944.622481	1107.494361	48470.680901	-1.406398	-1.239098	2.608741
0.463600	-16519.336008	-15410.608050	31929.944059	1108.727958	48449.280067	1.613300	1.494841	-0.716301
0.465400	-16512.767072	-15402.768373	31915.535445	1109.998699	48428.302517	-2.046092	-2.049502	2.241201
0.467200	-16506.347678	-15395.044107	31901.391785	1111.303571	48407.739463	0.518401	0.683030	-1.084363
0.469000	-16500.074004	-15387.434304	31887.508308	1112.639700	48387.582311	-2.737103	-2.889680	1.872929
0.470800	-16493.942334	-15379.937990	31873.880324	1114.004343	48367.822657	-0.219043	-0.171392	-1.453264
0.472600	-16487.949058	-15372.554167	31860.503226	1115.394891	48348.452284	2.398593	2.535427	1.503872
0.474400	-16482.090670	-15365.281816	31847.372486	1116.808855	48329.463156	-0.891320	-1.057862	-1.822731
0.476200	-16476.363761	-15358.119894	31834.483655	1118.243867	48310.847416	1.539888	1.640647	1.133892
0.478000	-16470.765019	-15351.067341	31821.832360	1119.697678	48292.597379	-2.038918	-1.959644	-2.192971
0.479800	-16465.291226	-15344.123080	31809.414306	1121.168145	48274.705532	0.870401	0.712151	0.762858
0.481600	-16459.939254	-15337.286018	31797.225272	1122.653236	48257.164526	-3.043866	-2.891833	-2.564549
0.483400	-16454.706065	-15330.555044	31785.261109	1124.151021	48239.967174	-0.225713	-0.230893	0.390455
0.485200	-16449.588705	-15323.929038	31773.517743	1125.659667	48223.106448	2.552442	2.424817	-2.938006
0.487000	-16444.584303	-15317.406866	31761.991169	1127.177438	48206.575473	-1.394604	-1.198162	0.016152
0.488800	-16439.690071	-15310.987384	31750.677455	1128.702687	48190.367526	1.543628	1.442970	2.969564
0.490600	-16434.903296	-15304.669438	31739.572734	1130.233858	48174.476031	-2.123002	-2.199061	-0.360488
0.492400	-16430.221343	-15298.451868	31728.673211	1131.769475	48158.894554	0.216699	0.442489	2.591772
0.494200	-16425.641650	-15292.333505	31717.975154	1133.308145	48143.616804	-3.035634	3.066106	-0.739445
0.496000	-16421.161725	-15286.313175	31707.474900	1134.848550	48128.636625	-0.582572	-0.589420	2.212026
0.497800	-16416.779147	-15280.389700	31697.168847	1136.389446	48113.947994	1.808089	2.034013	-1.120165
0.499600	-16412.491561	-15274.561899	31687.053460	1137.929662	48099.545021	-1.414740	-1.640724	1.830822
0.501400	-16408.296678	-15268.828586	31677.125264	1139.468091	48085.421942	0.900007	0.974049	-1.501836
0.503200	-16404.192270	-15263.188577	31667.380847	1141.003693	48071.573117	-2.879223	-2.702967	1.448862
0.505000	-16400.176172	-15257.640683	31657.816855	1142.535489	48057.993028	0.119561	-0.107469	-1.883765
0.506800	-16396.246278	-15252.183720	31648.429997	1144.062558	48044.676275	2.336499	2.494608	1.066787
0.508600	-16392.400538	-15246.816500	31639.217038	1145.584037	48031.617575	-1.259041	-1.198486	-2.265655
0.510400	-16388.636958	-15241.537841	31630.174799	1147.099117	48018.811758	1.574397	1.385922	0.684819
0.512200	-16384.953600	-15236.346562	31621.300162	1148.607038	48006.253762	-2.543078	-2.308026	-2.647705
0.514000	-16381.348576	-15231.241484	31612.590060	1150.107091	47993.938635	0.369562	0.267471	0.302578
0.515800	-16377.820049	-15226.221434	31604.041483	1151.598614	47981.861531	2.959373	2.842107	-3.030505
0.517600	-16374.366231	-15221.285242	31595.651473	1153.080989	47970.017705	-1.156196	-0.864951	-0.080730
0.519400	-16370.985384	-15216.431744	31587.417128	1154.553640	47958.402512	1.941658	1.697684	2.868437
0.521200	-16367.675813	-15211.659781	31579.335594	1156.016032	47947.011407	-2.000193	-2.019911	-0.465841
0.523000	-16364.435869	-15206.968201	31571.404070	1157.467669	47935.839939	0.240475	0.543015	2.482318
0.524800	-16361.263947	-15202.355857	31563.619804	1158.908091	47924.883752	-2.880923	3.094694	-0.852976
0.526600	-16358.158485	-15197.821611	31555.980096	1160.336873	47914.138580	-0.728277	-0.631733	2.094414
0.528400	-16355.117958	-15193.364332	31548.482290	1161.753626	47903.600248	1.694154	1.918357	-1.241685
0.530200	-16352.140885	-15188.982897	31541.123782	1163.157988	47893.264667	-1.534644	-1.822203	1.705332
0.532000	-16349.225821	-15184.676191	31533.902012	1164.549630	47883.127833	0.506611	0.725542	-1.631102
0.533800	-16346.371360	-15180.443107	31526.814467	1165.928252	47873.185826	-3.034274	-3.019467	1.315885
0.535600	-16343.576129	-15176.282549	31519.858678	1167.293580	47863.434808	-0.278329	-0.484310	-2.020451
0.537400	-16340.838795	-15172.193429	31513.032223	1168.645366	47853.871018	1.725957	2.053987	0.926623
0.539200	-16338.158054	-15168.174667	31506.332722	1169.983387	47844.490776	-1.458306	-1.701570	-2.409500
0.541000	-16335.532639	-15164.225197	31499.757836	1171.307442	47835.290475	0.911980	0.827074	0.537500
0.542800	-16332.961313	-15160.343959	31493.305272	1172.617354	47826.266585	2.962250	-2.927739	-2.798688
0.544600	-16330.442870	-15156.529906	31486.972776	1173.912965	47817.415646	-0.026630	-0.409054	0.147900
0.546400	-16327.976137	-15152.781998	31480.758135	1175.194139	47808.734272	2.051661	2.113298	3.094361
0.548200	-16325.559966	-15149.099210	31474.659177	1176.460756	47800.219143	-2.002566	-1.651620	-0.242937
0.550000	-16323.193242	-15145.480525	31468.673767	1177.712717	47791.867009	1.234819	0.859767	2.702664
0.551800	-16320.874874	-15141.924938	31462.799812	1178.949936	47783.674686	-3.130413	-2.907700	-0.635377
0.553600	-16318.603800	-15138.431453	31457.035254	1180.172347	47775.639054	-0.483082	-0.399107	2.309415
0.555400	-16316.378985	-15134.999089	31451.378074	1181.379896	47767.757059	2.375955	2.106444	-1.029126
0.557200	-16314.199416	-15131.626872	31445.826288	1182.572544	47760.025704	-2.047864	-1.668243	1.915241
0.559000	-16312.064109	-15128.313842	31440.377951	1183.750267	47752.442059	1.149036	0.831782	-1.423433
0.560800	-16309.972100	-15125.059050	31435.031149	1184.913050	47745.003249	-2.842428	-2.950709	1.520956
0.562600	-16307.922450	-15121.861557	31429.784007	1186.060893	47737.706457	-0.942256	-0.449974	-1.817611
0.564400	-16305.914245	-15118.720437	31424.634682	1187.193807	47730.548927	2.528413	2.042998	1.126999
0.566200	-16303.946588	-15115.634776	31419.581364	1188.311813	47723.527952	-1.825261	-1.744113	-2.211517
0.568000	-16302.018609	-15112.603669	31414.622277	1189.414940	47716.640886	0.290479	0.748605	0.733140
0.569800	-16300.129454	-15109.626224	31409.755678	1190.503230	47709.885132	-2.608781	-3.047148	-2.605631
0.571600	-16298.278293	-15106.701562	31404.979854	1191.576731	47703.258147	-0.839219	-0.556155	0.338675
0.573400	-16296.464312	-15103.828813	31400.293125	1192.635499	47696.757437	1.914976	1.928828	-3.000665
0.575200	-16294.686720	-15101.007119	31395.693840	1193.679601	47690.380560	-1.588498	-1.871277	-0.057013
0.577000	-16292.944743	-15098.235636	31391.180379	1194.709107	47684.125121	0.132803	0.613863	2.886192
0.578800	-16291.237624	-15095.513527	31386.751151	1195.724097	47677.988775	-2.661602	3.092057	-0.453977
0.580600	-16289.564625	-15092.839971	31382.404596	1196.724654	47671.969221	-0.642024	-0.711728	2.488822
0.582400	-16287.925025	-15090.214155	31378.139181	1197.710870	47666.064206	1.139923	1.766972	-0.851673
0.584200	-16286.318120	-15087.635279	31373.953400	1198.682841	47660.271520	-1.450288	-2.043389	2.091085
0.586000	-16284.743222	-15085.102554	31369.845776	1199.640668	47654.588998	0.260686	0.432368	-1.249385
0.587800	-16283.199658	-15082.615202	31365.814860	1200.584457	47649.014518	2.389630	2.904533	1.693544
0.589600	-16281.686772	-15080.172455	31361.859227	1201.514317	47643.546000	-0.465738	-0.909799	-1.646778
0.591400	-16280.203922	-15077.773559	31357.977481	1202.430364	47638.181403	1.140896	1.561758	1.296218
0.593200	-16278.750481	-15075.417767	31354.168249	1203.332714	47632.918730	-1.836648	-2.255325	-2.044136
0.595000	-16277.325836	-15073.104347	31350.430184	1204.221489	47627.756020	0.425896	0.210457	0.898599
0.596800	-16275.929389	-15070.832576	31346.761964	1205.096813	47622.691353	2.018811	2.677014	-2.442095
0.598600	-16274.560553	-15068.601740	31343.162293	1205.958813	47617.722846	-0.394430	-1.145155	0.500103
0.600400	-16273.218757	-15066.411138	31339.629895	1206.807619	47612.848652	1.262596	1.317780	-2.841096
0.602200	-16271.903441	-15064.260080	31336.163521	1207.643362	47608.066962	2.969441	-2.504346	0.100566
0.604000	-16270.614059	-15062.147883	31332.761943	1208.466176	47603.376002	0.561667	-0.047156	3.042165
0.605800	-16269.350077	-15060.073879	31329.423956	1209.276198	47598.774032	2.061928	2.412602	-0.299619
0.607600	-16268.110970	-15058.037407	31326.148377	1210.073564	47594.259347	-1.471031	-1.414859	2.641877
0.609400	-16266.896229	-15056.037816	31322.934046	1210.858413	47589.830275	1.388902	1.039616	-0.699847
0.611200	-16265.705354	-15054.074468	31319.779822	1211.630886	47585.485176	2.842058	-2.787629	2.241748
0.613000	-16264.537856	-15052.146732	31316.684588	1212.391124	47581.222444	0.589654	-0.336462	-1.099806
0.614800	-16263.393257	-15050.253988	31313.647245	1213.139269	47577.040502	2.162093	2.115806	1.841836
0.616600	-16262.271089	-15048.395627	31310.666716	1213.875463	47572.937805	-2.655443	-1.715868	-1.499720
0.618400	-16261.170896	-15046.571046	31307.741943	1214.599850	47568.912839	1.503055	0.731807	1.441722
0.620200	-16260.092231	-15044.779656	31304.871887	1215.312575	47564.964117	2.898534	-3.101532	-1.900124
0.622000	-16259.034655	-15043.020874	31302.055529	1216.013781	47561.090184	-1.626223	-0.654629	1.040906
0.623800	-16257.997741	-15041.294129	31299.291870	1216.703612	47557.289610	2.267588	1.790547	-2.301375
0.625600	-16256.981070	-15039.598856	31296.579926	1217.382214	47553.560996	-2.683693	-2.045843	0.639262
0.627400	-16255.984233	-15037.934502	31293.918735	1218.049731	47549.902968	1.598384	0.396938	-2.703343
0.629200	-16255.006829	-15036.300522	31291.307351	1218.706308	47546.314180	2.974118	2.840232	0.237135
0.631000	-16254.048466	-15034.696379	31288.744844	1219.352087	47542.793310	-2.019834	-0.999799	-3.105541
0.632800	-16253.108760	-15033.121545	31286.230305	1219.987214	47539.339064	2.378131	1.439837	-0.164976
0.634600	-16252.187335	-15031.575503	31283.762838	1220.611832	47535.950173	-2.637595	-2.401915	2.775624
0.636400	-16251.283824	-15030.057741	31281.341565	1221.226083	47532.625390	-1.469488	0.037377	-0.566865
0.638200	-16250.397868	-15028.567758	31278.965626	1221.830110	47529.363494	3.060286	2.474851	2.373765
0.640000	-16249.529114	-15027.105060	31276.634174	1222.424055	47526.163288	-2.000321	-1.369282	-0.968775
0.641800	-16248.677218	-15025.669160	31274.346379	1223.008058	47523.023597	2.663065	1.066430	1.971674
0.643600	-16247.841843	-15024.259583	31272.101427	1223.582260	47519.943270	-2.576643	-2.780871	-1.371151
0.645400	-16247.022659	-15022.875859	31269.898518	1224.146800	47516.921177	-1.426995	-0.344855	1.568967
0.647200	-16246.219342	-15021.517525	31267.736868	1224.701817	47513.956210	-3.088316	2.088020	-1.774217
0.649000	-16245.431577	-15020.184129	31265.615706	1225.247448	47511.047283	-1.965436	-1.760838	1.165626
0.650800	-16244.659053	-15018.875223	31263.534276	1225.783830	47508.193329	-1.110725	0.671841	-2.177778
0.652600	-16243.901468	-15017.590369	31261.491837	1226.311098	47505.393305	-2.501846	3.102789	0.761997
0.654400	-16243.158524	-15016.329137	31259.487661	1226.829387	47502.646185	-1.394444	-0.748010	-2.581411
0.656200	-16242.429931	-15015.091101	31257.521032	1227.338830	47499.950964	-2.570549	1.681589	0.358461
0.658000	-16241.715405	-15013.875846	31255.591250	1227.839559	47497.306655	-1.923364	-2.171949	-2.984858
0.659800	-16241.014666	-15012.682961	31253.697627	1228.331706	47494.712293	-0.898204	0.257945	-0.044912
0.661600	-16240.327443	-15011.512043	31251.839486	1228.815399	47492.166929	-2.350224	2.685123	2.894945
0.663400	-16239.653467	-15010.362698	31250.016165	1229.290769	47489.669632	-1.366057	-1.169663	-0.448402
0.665200	-16238.992477	-15009.234536	31248.227014	1229.757941	47487.219491	-0.723354	1.257391	2.491265
0.667000	-16238.344217	-15008.127175	31246.471393	1230.217042	47484.815610	-1.852625	-2.600290	-0.852353
0.668800	-16237.708436	-15007.040239	31244.748676	1230.668197	47482.457112	-0.853728	-0.173545	2.087046
0.670600	-16237.084888	-15005.973359	31243.058247	1231.111529	47480.143136	-1.742289	2.250813	-1.256841
0.672400	-16236.473333	-15004.926172	31241.399504	1231.547161	47477.872837	-1.336509	-1.608004	1.682388
0.674200	-16235.873534	-15003.898321	31239.771854	1231.975213	47475.645388	-0.438763	0.816591	-1.661609
0.676000	-16235.285260	-15002.889456	31238.174716	1232.395804	47473.459976	-1.688116	-3.044325	1.277625
0.677800	-16234.708286	-15001.899232	31236.607518	1232.809054	47471.315804	-0.836605	-0.620988	-2.066325
0.679600	-16234.142389	-15000.927312	31235.069701	1233.215077	47469.212091	-0.374047	1.801198	0.872999
0.681400	-16233.587353	-14999.973363	31233.560716	1233.613990	47467.148070	-1.277155	-2.061091	-2.470889
0.683200	-16233.042965	-14999.037059	31232.080024	1234.005906	47465.122989	-0.379034	0.360876	0.468447
0.685000	-16232.509016	-14998.118077	31230.627094	1234.390939	47463.136110	-1.125988	2.780783	-2.875504
0.686800	-16231.985303	-14997.216105	31229.201408	1234.769199	47461.186711	-0.815255	-1.082440	0.063680
0.688600	-16231.471626	-14996.330830	31227.802456	1235.140796	47459.274081	-0.038478	1.337662	3.002721
0.690400	-16230.967787	-14995.461950	31226.429737	1235.505838	47457.397525	-1.112995	-2.527407	-0.341516
0.692200	-16230.473597	-14994.609165	31225.082761	1235.864432	47455.556358	-0.366132	-0.108356	2.597327
0.694000	-16229.988866	-14993.772181	31223.761047	1236.216684	47453.749912	-0.078767	2.309633	-0.747080
0.695800	-16229.513409	-14992.950711	31222.464120	1236.562699	47451.977530	-0.764915	-1.556602	2.191688
0.697600	-16229.047048	-14992.144470	31221.191518	1236.902578	47450.238566	0.032329	0.861243	-1.152741
0.699400	-16228.589604	-14991.353181	31219.942785	1237.236423	47448.532389	-0.633597	-3.005890	1.786078
0.701200	-16228.140904	-14990.576570	31218.717474	1237.564335	47446.858379	-0.356507	-0.589691	-1.558290
0.703000	-16227.700779	-14989.814368	31217.515147	1237.886411	47445.215926	0.299765	1.826555	1.380589
0.704800	-16227.269062	-14989.066312	31216.335373	1238.202750	47443.604435	-0.620927	-2.042040	-1.963765
0.706600	-16226.845589	-14988.332142	31215.177730	1238.513447	47442.023319	0.046419	0.373399	0.975064
0.708400	-16226.430200	-14987.611604	31214.041804	1238.818596	47440.472005	0.179440	2.787828	-2.369399
0.710200	-16226.022740	-14986.904448	31212.927188	1239.118292	47438.949928	-0.315439	-1.081721	0.569263
0.712000	-16225.623054	-14986.210429	31211.833483	1239.412626	47437.456537	0.389722	1.332626	-2.775373
0.713800	-16225.230992	-14985.529305	31210.760297	1239.701688	47435.991290	-0.233130	-2.537797	0.163111
0.715600	-16224.846407	-14984.860839	31209.707246	1239.985567	47434.553653	0.049341	-0.124810	3.101542
0.717400	-16224.469153	-14984.204800	31208.673953	1240.264353	47433.143106	0.577415	2.288101	-0.243236
0.719200	-16224.099089	-14983.560958	31207.660048	1240.538131	47431.759137	-0.194365	-1.583533	2.695193
0.721000	-16223.736077	-14982.929090	31206.665167	1240.806986	47430.401243	0.404187	0.828788	-0.649557
0.722800	-16223.379979	-14982.308975	31205.688954	1241.071004	47429.068933	0.406522	-3.043041	2.288934
0.724600	-16223.030663	-14981.700397	31204.731059	1241.330266	47427.761722	0.075946	-0.632231	-1.055775
0.726400	-16222.687997	-14981.103143	31203.791140	1241.584855	47426.479137	0.693851	1.779131	1.882728
0.728200	-16222.351854	-14980.517004	31202.868859	1241.834850	47425.220713	0.105556	-2.094077	-1.462021
0.730000	-16222.022108	-14979.941777	31201.963885	1242.080331	47423.985993	0.404238	0.316203	1.476387
0.731800	-16221.698635	-14979.377260	31201.075895	1242.321375	47422.774531	0.805944	2.726284	-1.868489
0.733600	-16221.381315	-14978.823255	31200.204570	1242.558061	47421.585886	0.172537	-1.147918	1.069768
0.735400	-16221.070030	-14978.279568	31199.349598	1242.790461	47420.419628	0.715131	1.261739	-2.275235
0.737200	-16220.764663	-14977.746010	31198.510673	1243.018653	47419.275335	0.604655	-2.612729	0.662917
0.739000	-16220.465100	-14977.222392	31197.687492	1243.242707	47418.152592	0.419489	-0.204351	-2.682131
0.740800	-16220.171230	-14976.708532	31196.879762	1243.462698	47417.050992	0.946531	2.204421	0.256012
0.742600	-16219.882944	-14976.204250	31196.087193	1243.678694	47415.970137	0.402294	-1.671187	-3.088998
0.744400	-16219.600134	-14975.709367	31195.309501	1243.890767	47414.909634	0.711447	0.736759	-0.150815
0.746200	-16219.322695	-14975.223711	31194.546406	1244.098984	47413.869101	0.991301	-3.138775	2.787399
0.748000	-16219.050524	-14974.747110	31193.797635	1244.303414	47412.848159	0.488584	-0.731969	-0.557603
0.749800	-16218.783521	-14974.279398	31193.062919	1244.504123	47411.846440	0.981222	1.675419	2.380575
0.751600	-16218.521585	-14973.820410	31192.341995	1244.701176	47410.863581	0.785065	-2.201277	-0.964506
0.753400	-16218.264621	-14973.369984	31191.634605	1244.894637	47409.899226	0.718612	0.205049	1.973563
0.755200	-16218.012532	-14972.927962	31190.940494	1245.084570	47408.953026	1.155420	2.611608	-1.371632
0.757000	-16217.765226	-14972.494188	31190.259413	1245.271038	47408.024639	0.661367	-1.266039	1.566330
0.758800	-16217.522610	-14972.068509	31189.591119	1245.454100	47407.113729	0.978208	1.139895	-1.778935
0.760600	-16217.284595	-14971.650776	31188.935371	1245.633819	47406.219966	1.139052	-2.737740	1.158988
0.762400	-16217.051093	-14971.240841	31188.291934	1245.810252	47405.343027	0.765088	-0.332811	-2.186269
0.764200	-16216.822018	-14970.838559	31187.660577	1245.983458	47404.482595	1.204170	2.072605	0.751679
0.766000	-16216.597284	-14970.443789	31187.041074	1246.153495	47403.638358	0.954057	-1.806004	-2.593536
0.767800	-16216.376810	-14970.056391	31186.433201	1246.320419	47402.810011	0.976929	0.598563	0.344431
0.769600	-16216.160513	-14969.676229	31185.836742	1246.484284	47401.997256	1.324759	3.003230	-3.000783
0.771400	-16215.948314	-14969.303168	31185.251482	1246.645147	47401.199797	0.888849	-0.876134	-0.062855
0.773200	-16215.740135	-14968.937076	31184.677211	1246.803060	47400.417346	1.207338	1.528087	2.875049
0.775000	-16215.535899	-14968.577823	31184.113722	1246.958075	47399.649621	1.261516	-2.351328	-0.470300
0.776800	-16215.335530	-14968.225284	31183.560814	1247.110246	47398.896344	1.006229	0.052013	2.467512
0.778600	-16215.138955	-14967.879333	31183.018288	1247.259622	47398.157243	1.389808	2.455726	-0.877915
0.780400	-16214.946102	-14967.539848	31182.485949	1247.406254	47397.432051	1.110146	-1.424518	2.059842
0.782200	-16214.756899	-14967.206708	31181.963606	1247.550191	47396.720505	1.201160	0.978524	-1.285602
0.784000	-16214.571277	-14966.879795	31181.451072	1247.691481	47396.022349	1.457734	-2.901641	1.652160
0.785800	-16214.389167	-14966.558995	31180.948162	1247.830173	47395.337329	1.092105	-0.499292	-1.693253
0.787600	-16214.210504	-14966.244192	31180.454696	1247.966311	47394.665200	1.400457	1.903441	1.244534
0.789400	-16214.035220	-14965.935276	31179.970497	1248.099944	47394.005717	1.368825	-1.977493	-2.100860
0.791200	-16213.863252	-14965.632138	31179.495390	1248.231115	47393.358643	1.215175	0.424500	0.836915
0.793000	-16213.694537	-14965.334668	31179.029206	1248.359869	47392.723743	1.541914	2.826757	-2.508513
0.794800	-16213.529013	-14965.042763	31178.571776	1248.486250	47392.100789	1.254277	-1.054859	0.429199
0.796600	-16213.366619	-14964.756318	31178.122937	1248.610301	47391.489555	1.394591	1.346882	-2.916301
0.798400	-16213.207295	-14964.475232	31177.682527	1248.732063	47390.889821	1.562396	-2.534690	0.021336
0.800200	-16213.050983	-14964.199405	31177.250388	1248.851578	47390.301371	1.273001	-0.133593	2.958964
0.802000	-16212.897626	-14963.928738	31176.826364	1248.968888	47389.723990	1.562189	2.267843	-0.386619
0.803800	-16212.747168	-14963.663137	31176.410305	1249.084030	47389.157472	1.465036	-1.614399	2.550999
0.805600	-16212.599553	-14963.402506	31176.002059	1249.197046	47388.601612	1.397427	0.786428	-0.794571
0.807400	-16212.454727	-14963.146753	31175.601481	1249.307974	47388.056208	1.662564	-3.095770	2.143068
0.809200	-16212.312638	-14962.895787	31175.208426	1249.416851	47387.521064	1.389142	-0.695370	-1.202478
0.811000	-16212.173234	-14962.649519	31174.822753	1249.523715	47386.995987	1.558655	1.705251	1.735166
0.812800	-16212.036463	-14962.407861	31174.444324	1249.628602	47386.480787	1.647171	-2.177520	-1.610390
0.814600	-16211.902276	-14962.170727	31174.073003	1249.731549	47385.975279	1.432470	0.222525	1.327215
0.816400	-16211.770623	-14961.938033	31173.708656	1249.832590	47385.479279	1.696093	2.622849	-2.018391
0.818200	-16211.641456	-14961.709696	31173.351152	1249.931761	47384.992608	1.553798	-1.260495	0.919152
0.820000	-16211.514729	-14961.485634	31173.000363	1250.029095	47384.515092	1.556002	1.139334	-2.426508
0.821800	-16211.390395	-14961.265769	31172.656163	1250.124626	47384.046558	1.756857	-2.743964	0.510991
0.823600	-16211.268408	-14961.050021	31172.318428	1250.218387	47383.586836	1.514107	-0.344561	-2.834691
0.825400	-16211.148724	-14960.838313	31171.987037	1250.310411	47383.135761	1.696881	2.055077	0.102806
0.827200	-16211.031299	-14960.630572	31171.661871	1250.400728	47382.693170	1.717246	-1.828729	3.040324
0.829000	-16210.916091	-14960.426721	31171.342812	1250.489370	47382.258904	1.573704	0.570412	-0.305344
0.830800	-16210.803058	-14960.226689	31171.029747	1250.576368	47381.832805	1.803792	2.969768	2.632187
0.832600	-16210.692157	-14960.030405	31170.722562	1250.661752	47381.414720	1.638742	-0.914507	-0.713478
0.834400	-16210.583350	-14959.837798	31170.421148	1250.745552	47381.004497	1.691836	1.484470	2.224035
0.836200	-16210.476595	-14959.648800	31170.125395	1250.827796	47380.601990	1.831014	-2.399765	-1.121662
0.838000	-16210.371855	-14959.463343	31169.835198	1250.908513	47380.207053	1.627890	-0.001197	1.815804
0.839800	-16210.269091	-14959.281361	31169.550452	1250.987731	47379.819543	1.812472	2.397592	-1.529940
0.841600	-16210.168266	-14959.102789	31169.271055	1251.065477	47379.439321	1.777473	-1.487096	1.407482
0.843400	-16210.069343	-14958.927564	31168.996906	1251.141779	47379.066249	1.698637	0.911270	-1.938288
0.845200	-16209.972285	-14958.755623	31168.727908	1251.216663	47378.700193	1.888570	-2.973407	0.999120
0.847000	-16209.877059	-14958.586904	31168.463963	1251.290155	47378.341021	1.720207	-0.575294	-2.346646
0.848800	-16209.783628	-14958.421348	31168.204976	1251.362280	47377.988603	1.807261	1.822938	0.590775
0.850600	-16209.691959	-14958.258895	31167.950854	1251.433065	47377.642813	1.889373	-2.062108	-2.754975
0.852400	-16209.602019	-14958.099487	31167.701506	1251.502533	47377.303525	1.731381	0.335752	0.182455
0.854200	-16209.513775	-14957.943067	31167.456842	1251.570708	47376.970617	1.906804	2.733808	3.119887
0.856000	-16209.427195	-14957.789580	31167.216775	1251.637615	47376.643969	1.832840	-1.151623	-0.225887
0.857800	-16209.342247	-14957.638970	31166.981217	1251.703277	47376.323464	1.807400	1.246086	2.711514
0.859600	-16209.258901	-14957.491184	31166.750085	1251.767716	47376.008985	1.955007	-2.639319	-0.634297
0.861400	-16209.177126	-14957.346169	31166.523295	1251.830956	47375.700420	1.796926	-0.241875	2.303064
0.863200	-16209.096892	-14957.203873	31166.300765	1251.893019	47375.397657	1.904865	2.155709	-1.042776
0.865000	-16209.018171	-14957.064245	31166.082416	1251.953925	47375.100587	1.936030	-1.730036	1.894565
0.866800	-16208.940933	-14956.927236	31165.868169	1252.013697	47374.809103	1.825297	0.667216	-1.451278
0.868600	-16208.865152	-14956.792796	31165.657947	1252.072356	47374.523099	1.981950	3.064624	1.486068
0.870400	-16208.790798	-14956.660877	31165.451675	1252.129921	47374.242473	1.885683	-0.821441	-1.859761
0.872200	-16208.717846	-14956.531432	31165.249278	1252.186414	47373.967124	1.901052	1.575700	1.077595
0.874000	-16208.646268	-14956.404415	31165.050683	1252.241853	47373.696952	2.006539	-2.310334	-2.268230
0.875800	-16208.576040	-14956.279780	31164.855820	1252.296260	47373.431859	1.868868	0.086549	0.669118
0.877600	-16208.507134	-14956.157483	31164.664617	1252.349651	47373.171751	1.985765	2.483575	-2.676725
0.879400	-16208.439527	-14956.037480	31164.477007	1252.402047	47372.916534	1.975739	-1.402760	0.260596
0.881200	-16208.373194	-14955.919728	31164.292921	1252.453466	47372.666115	1.909016	0.993978	-3.085278
0.883000	-16208.308110	-14955.804184	31164.112294	1252.503926	47372.420404	2.041234	-2.892361	-0.147986
0.884800	-16208.244252	-14955.690808	31163.935061	1252.553444	47372.179313	1.936092	-0.495779	2.789303
0.886600	-16208.181598	-14955.579559	31163.761157	1252.602039	47371.942755	1.981345	1.900866	-0.556600
0.888400	-16208.120123	-14955.470397	31163.590521	1252.649726	47371.710644	2.046184	-1.985715	2.380688
0.890200	-16208.059807	-14955.363284	31163.423091	1252.696524	47371.482898	1.936192	0.410687	-0.965207
0.892000	-16208.000627	-14955.258179	31163.258806	1252.742447	47371.259433	2.051161	2.807223	1.972090
0.893800	-16207.942561	-14955.155047	31163.097608	1252.787514	47371.040169	2.011791	-1.079616	-1.373796
0.895600	-16207.885589	-14955.053850	31162.939439	1252.831739	47370.825028	1.982486	1.316685	1.563500
0.897400	-16207.829690	-14954.954551	31162.784241	1252.875139	47370.613931	2.087380	-2.570139	-1.782394
0.899200	-16207.774844	-14954.857116	31162.631960	1252.917727	47370.406803	1.984312	-0.174005	1.154883
0.901000	-16207.721030	-14954.761509	31162.482539	1252.959521	47370.203569	2.049070	2.222214	-2.191034
0.902800	-16207.668230	-14954.667696	31162.335926	1253.000534	47370.004156	2.077729	-1.664835	0.746217
0.904600	-16207.616424	-14954.575644	31162.192068	1253.040780	47369.808492	1.998007	0.731162	-2.599721
0.906400	-16207.565594	-14954.485319	31162.050913	1253.080274	47369.616506	2.103333	3.127266	0.337517
0.908200	-16207.515720	-14954.396689	31161.912410	1253.119031	47369.428130	2.045423	-0.760003	-3.008427
0.910000	-16207.466786	-14954.309723	31161.776509	1253.157063	47369.243295	2.046583	1.635916	-0.071187
0.911800	-16207.418773	-14954.224388	31161.643161	1253.194384	47369.061934	2.122544	-2.251331	2.866062
0.913600	-16207.371664	-14954.140656	31161.512320	1253.231008	47368.883983	2.030682	0.144422	-0.479875
0.915400	-16207.325442	-14954.058494	31161.383936	1253.266947	47368.709378	2.104766	2.540269	2.457377
0.917200	-16207.280090	-14953.977875	31161.257965	1253.302214	47368.538055	2.104456	-1.347177	-0.888561
0.919000	-16207.235591	-14953.898769	31161.134361	1253.336822	47368.369952	2.053585	1.048478	2.048679
0.920800	-16207.191931	-14953.821148	31161.013079	1253.370783	47368.205010	2.144409	-2.838975	-1.297275
0.922600	-16207.149092	-14953.744984	31160.894076	1253.404108	47368.043168	2.077431	-0.443418	1.639945
0.924400	-16207.107060	-14953.670249	31160.777309	1253.436810	47367.884369	2.101742	1.952172	-1.706028
0.926200	-16207.065819	-14953.596918	31160.662736	1253.468901	47367.728555	2.149482	-1.935442	1.231176
0.928000	-16207.025354	-14953.524963	31160.550316	1253.500391	47367.575670	2.074583	0.459988	-2.114804
0.929800	-16206.985650	-14953.454358	31160.440008	1253.531292	47367.425659	2.149834	2.855506	0.822398
0.931600	-16206.946694	-14953.385079	31160.331773	1253.561615	47367.278468	2.128124	-1.032281	-2.523578
0.933400	-16206.908471	-14953.317101	31160.225572	1253.591370	47367.134043	2.103104	1.363078	0.413630
0.935200	-16206.870968	-14953.250399	31160.121366	1253.620569	47366.992334	2.175936	-2.524700	-2.932341
0.937000	-16206.834170	-14953.184949	31160.019119	1253.649221	47366.853289	2.108583	-0.129446	0.004869
0.938800	-16206.798065	-14953.120727	31159.918792	1253.677337	47366.716857	2.148027	2.265861	2.942078
0.940600	-16206.762639	-14953.057712	31159.820351	1253.704927	47366.582990	2.171006	-1.622065	-0.403907
0.942400	-16206.727880	-14952.995879	31159.723759	1253.732000	47366.451639	2.115143	0.773094	2.533287
0.944200	-16206.693775	-14952.935208	31159.628983	1253.758567	47366.322757	2.185850	-3.114858	-0.812714
0.946000	-16206.660311	-14952.875676	31159.535987	1253.784636	47366.196298	2.149856	-0.719749	2.124465
0.947800	-16206.627478	-14952.817261	31159.444739	1253.810217	47366.072216	2.146694	1.675356	-1.221545
0.949600	-16206.595262	-14952.759943	31159.355205	1253.835319	47365.950467	2.199796	-2.212707	1.715628
0.951400	-16206.563652	-14952.703701	31159.267354	1253.859951	47365.831006	2.138811	0.182289	-1.630381
0.953200	-16206.532637	-14952.648516	31159.181153	1253.884121	47365.713790	2.186116	2.577346	1.306797
0.955000	-16206.502206	-14952.594366	31159.096572	1253.907839	47365.598778	2.188950	-1.310849	-2.039206
0.956800	-16206.472347	-14952.541234	31159.013581	1253.931113	47365.485928	2.152136	1.084080	0.897974
0.958600	-16206.443050	-14952.489099	31158.932149	1253.953951	47365.375199	2.213926	-2.804120	-2.448030
0.960400	-16206.414304	-14952.437943	31158.852247	1253.976361	47365.266551	2.170720	-0.409253	0.489145
0.962200	-16206.386099	-14952.387748	31158.773847	1253.998351	47365.159946	2.184125	1.985634	-2.856869
0.964000	-16206.358425	-14952.338495	31158.696920	1254.019930	47365.055344	2.218200	-1.902673	0.080293
0.965800	-16206.331271	-14952.290167	31158.621438	1254.041104	47364.952709	2.167476	0.492107	3.017451
0.967600	-16206.304628	-14952.242747	31158.547375	1254.061881	47364.852003	2.217074	2.886945	-0.328582
0.969400	-16206.278486	-14952.196217	31158.474703	1254.082269	47364.753190	2.204507	-1.001480	2.608569
0.971200	-16206.252836	-14952.150561	31158.403397	1254.102275	47364.656234	2.185510	1.393251	-0.737465
0.973000	-16206.227669	-14952.105763	31158.333431	1254.121906	47364.561100	2.235281	-2.495169	2.199688
0.974800	-16206.202975	-14952.061806	31158.264780	1254.141169	47364.467755	2.191162	-0.100507	-1.146342
0.976600	-16206.178745	-14952.018674	31158.197419	1254.160071	47364.376164	2.215538	2.294190	1.790814
0.978400	-16206.154971	-14951.976352	31158.131323	1254.178619	47364.286295	2.232821	-1.594328	-1.555214
0.980200	-16206.131645	-14951.934825	31158.066470	1254.196819	47364.198115	2.194241	0.800271	1.381940
0.982000	-16206.108757	-14951.894078	31158.002835	1254.214678	47364.111592	2.241682	-3.088265	-1.964094
0.983800	-16206.086299	-14951.854097	31157.940396	1254.232203	47364.026696	2.218816	-0.693698	0.973050
0.985600	-16206.064264	-14951.814866	31157.879131	1254.249398	47363.943395	2.214911	1.700864	-2.372994
0.987400	-16206.042644	-14951.776372	31157.819016	1254.266272	47363.861660	2.251528	-2.187747	0.564141
0.989200	-16206.021430	-14951.738601	31157.760031	1254.282829	47363.781461	2.210927	0.206743	-2.781911
0.991000	-16206.000615	-14951.701540	31157.702155	1254.299075	47363.702770	2.241547	2.601272	0.155221
0.992800	-16205.980192	-14951.665174	31157.645366	1254.315017	47363.625558	2.244769	-1.287427	3.092354
0.994600	-16205.960153	-14951.629492	31157.589645	1254.330660	47363.549797	2.218996	1.107016	-0.253697
0.996400	-16205.940490	-14951.594480	31157.534970	1254.346010	47363.475460	2.260682	-2.781688	2.683440
0.998200	-16205.921198	-14951.560125	31157.481323	1254.361072	47363.402520	2.232641	-0.387284	-0.662609
1.000000	-16205.902268	-14951.526416	31157.428684	1254.375852	47363.330952	2.240144	2.007132	2.274528
