#model:pLinear_up	end_point_b=0.20
#t	l_1	l_2	l_3	l_2-l_1	l_3-l_1	phase_1	phase_2	phase_3	RePsi_1	RePsi_2	RePsi_3	ImPsi_1	ImPsi_2	ImPsi_3
0.100200	-32.267398	-31.855363	64.122761	0.412035	96.390160	1.589805	1.589808	1.589892	0.821926	0.548347	0.152943	-0.015626	-0.010426	-0.002921	-0.012769	-2.987231
0.100400	-32.297402	-31.885363	64.182765	0.412038	96.480167	1.608832	1.608838	1.609006	0.821480	0.548049	0.152859	-0.031261	-0.020859	-0.005844	-0.012758	-2.987242
0.100600	-32.327405	-31.915363	64.242769	0.412042	96.570174	1.627877	1.627885	1.628138	0.820736	0.547552	0.152720	-0.046899	-0.031293	-0.008767	-0.012746	-2.987254
0.100800	-32.357409	-31.945363	64.302772	0.412046	96.660181	1.646940	1.646951	1.647288	0.819693	0.546856	0.152525	-0.062536	-0.041726	-0.011690	-0.012734	-2.987266
0.101000	-32.387413	-31.975363	64.362776	0.412049	96.750188	1.666021	1.666035	1.666456	0.818350	0.545960	0.152274	-0.078164	-0.052154	-0.014611	-0.012723	-2.987277
0.101200	-32.417416	-32.005363	64.422779	0.412053	96.840196	1.685120	1.685136	1.685641	0.816708	0.544865	0.151967	-0.093778	-0.062573	-0.017530	-0.012711	-2.987289
0.101400	-32.447420	-32.035363	64.482783	0.412056	96.930203	1.704237	1.704256	1.704845	0.814766	0.543569	0.151604	-0.109373	-0.072978	-0.020445	-0.012699	-2.987301
0.101600	-32.477423	-32.065363	64.542787	0.412060	97.020210	1.723372	1.723394	1.724066	0.812523	0.542073	0.151185	-0.124943	-0.083367	-0.023355	-0.012688	-2.987312
0.101800	-32.507427	-32.095363	64.602790	0.412064	97.110217	1.742525	1.742549	1.743305	0.809981	0.540376	0.150710	-0.140481	-0.093735	-0.026260	-0.012676	-2.987324
0.102000	-32.537430	-32.125363	64.662794	0.412067	97.200224	1.761696	1.761723	1.762562	0.807139	0.538480	0.150179	-0.155982	-0.104078	-0.029157	-0.012664	-2.987336
0.102200	-32.567434	-32.155363	64.722797	0.412071	97.290231	1.780886	1.780915	1.781836	0.803997	0.536383	0.149591	-0.171441	-0.114392	-0.032047	-0.012653	-2.987347
0.102400	-32.597438	-32.185363	64.782801	0.412074	97.380238	1.800093	1.800124	1.801128	0.800555	0.534087	0.148948	-0.186851	-0.124674	-0.034927	-0.012641	-2.987359
0.102600	-32.627441	-32.215363	64.842804	0.412078	97.470246	1.819318	1.819352	1.820438	0.796815	0.531591	0.148249	-0.202206	-0.134920	-0.037797	-0.012630	-2.987370
0.102800	-32.657445	-32.245363	64.902808	0.412081	97.560253	1.838561	1.838598	1.839765	0.792776	0.528896	0.147494	-0.217500	-0.145125	-0.040656	-0.012618	-2.987382
0.103000	-32.687448	-32.275363	64.962812	0.412085	97.650260	1.857822	1.857861	1.859110	0.788439	0.526003	0.146683	-0.232729	-0.155286	-0.043503	-0.012607	-2.987393
0.103200	-32.717452	-32.305363	65.022815	0.412088	97.740267	1.877101	1.877143	1.878472	0.783806	0.522911	0.145817	-0.247885	-0.165399	-0.046336	-0.012595	-2.987405
0.103400	-32.747455	-32.335363	65.082819	0.412092	97.830274	1.896398	1.896443	1.897852	0.778876	0.519622	0.144896	-0.262963	-0.175459	-0.049154	-0.012584	-2.987416
0.103600	-32.777459	-32.365363	65.142822	0.412095	97.920281	1.915713	1.915760	1.917249	0.773651	0.516135	0.143919	-0.277956	-0.185464	-0.051957	-0.012573	-2.987427
0.103800	-32.807462	-32.395363	65.202826	0.412099	98.010288	1.935047	1.935096	1.936664	0.768132	0.512453	0.142887	-0.292860	-0.195408	-0.054742	-0.012561	-2.987439
0.104000	-32.837466	-32.425363	65.262829	0.412102	98.100295	1.954398	1.954450	1.956096	0.762321	0.508575	0.141801	-0.307669	-0.205289	-0.057510	-0.012550	-2.987450
0.104200	-32.867469	-32.455363	65.322833	0.412106	98.190302	1.973767	1.973821	1.975545	0.756218	0.504503	0.140660	-0.322375	-0.215102	-0.060259	-0.012538	-2.987462
0.104400	-32.897473	-32.485363	65.382836	0.412109	98.280309	1.993154	1.993211	1.995012	0.749825	0.500238	0.139465	-0.336974	-0.224843	-0.062988	-0.012527	-2.987473
0.104600	-32.927476	-32.515363	65.442840	0.412113	98.370316	2.012559	2.012619	2.014496	0.743145	0.495780	0.138217	-0.351460	-0.234508	-0.065696	-0.012516	-2.987484
0.104800	-32.957480	-32.545363	65.502843	0.412116	98.460323	2.031983	2.032044	2.033998	0.736177	0.491132	0.136914	-0.365827	-0.244094	-0.068381	-0.012504	-2.987495
0.105000	-32.987483	-32.575363	65.562846	0.412120	98.550330	2.051424	2.051488	2.053516	0.728926	0.486293	0.135559	-0.380068	-0.253597	-0.071043	-0.012493	-2.987507
0.105200	-33.017487	-32.605363	65.622850	0.412123	98.640336	2.070883	2.070950	2.073052	0.721391	0.481266	0.134151	-0.394179	-0.263012	-0.073680	-0.012482	-2.987518
0.105400	-33.047490	-32.635363	65.682853	0.412127	98.730343	2.090361	2.090429	2.092605	0.713576	0.476051	0.132690	-0.408154	-0.272337	-0.076292	-0.012471	-2.987529
0.105600	-33.077493	-32.665363	65.742857	0.412130	98.820350	2.109856	2.109927	2.112176	0.705483	0.470651	0.131177	-0.421986	-0.281566	-0.078878	-0.012460	-2.987541
0.105800	-33.107497	-32.695363	65.802860	0.412134	98.910357	2.129370	2.129443	2.131763	0.697114	0.465067	0.129613	-0.435671	-0.290697	-0.081435	-0.012448	-2.987552
0.106000	-33.137500	-32.725363	65.862864	0.412137	99.000364	2.148901	2.148976	2.151368	0.688471	0.459300	0.127997	-0.449202	-0.299726	-0.083964	-0.012437	-2.987563
0.106200	-33.167504	-32.755363	65.922867	0.412140	99.090371	2.168450	2.168528	2.170989	0.679557	0.453352	0.126331	-0.462574	-0.308648	-0.086464	-0.012426	-2.987574
0.106400	-33.197507	-32.785363	65.982871	0.412144	99.180378	2.188018	2.188098	2.190628	0.670375	0.447226	0.124615	-0.475781	-0.317460	-0.088932	-0.012415	-2.987585
0.106600	-33.227511	-32.815363	66.042874	0.412147	99.270385	2.207604	2.207685	2.210284	0.660928	0.440922	0.122849	-0.488817	-0.326159	-0.091369	-0.012404	-2.987596
0.106800	-33.257514	-32.845363	66.102877	0.412151	99.360391	2.227207	2.227291	2.229956	0.651218	0.434443	0.121034	-0.501678	-0.334740	-0.093773	-0.012393	-2.987607
0.107000	-33.287517	-32.875363	66.162881	0.412154	99.450398	2.246829	2.246915	2.249646	0.641248	0.427791	0.119171	-0.514358	-0.343200	-0.096142	-0.012382	-2.987618
0.107200	-33.317521	-32.905363	66.222884	0.412157	99.540405	2.266468	2.266557	2.269352	0.631022	0.420968	0.117260	-0.526851	-0.351536	-0.098477	-0.012371	-2.987629
0.107400	-33.347524	-32.935363	66.282888	0.412161	99.630412	2.286126	2.286216	2.289076	0.620543	0.413976	0.115301	-0.539152	-0.359744	-0.100776	-0.012360	-2.987640
0.107600	-33.377528	-32.965363	66.342891	0.412164	99.720419	2.305802	2.305894	2.308816	0.609814	0.406817	0.113296	-0.551255	-0.367820	-0.103039	-0.012349	-2.987651
0.107800	-33.407531	-32.995363	66.402894	0.412168	99.810425	2.325496	2.325590	2.328573	0.598839	0.399494	0.111245	-0.563156	-0.375760	-0.105263	-0.012338	-2.987662
0.108000	-33.437534	-33.025363	66.462898	0.412171	99.900432	2.345207	2.345303	2.348347	0.587622	0.392009	0.109148	-0.574849	-0.383562	-0.107448	-0.012327	-2.987673
0.108200	-33.467538	-33.055363	66.522901	0.412174	99.990439	2.364937	2.365035	2.368138	0.576165	0.384365	0.107007	-0.586329	-0.391222	-0.109594	-0.012316	-2.987684
0.108400	-33.497541	-33.085363	66.582904	0.412178	100.080445	2.384685	2.384785	2.387945	0.564474	0.376564	0.104822	-0.597590	-0.398736	-0.111699	-0.012305	-2.987695
0.108600	-33.527544	-33.115363	66.642908	0.412181	100.170452	2.404451	2.404553	2.407770	0.552551	0.368609	0.102593	-0.608629	-0.406102	-0.113762	-0.012294	-2.987706
0.108800	-33.557548	-33.145363	66.702911	0.412184	100.260459	2.424235	2.424338	2.427611	0.540401	0.360502	0.100322	-0.619440	-0.413315	-0.115782	-0.012283	-2.987717
0.109000	-33.587551	-33.175363	66.762914	0.412188	100.350466	2.444037	2.444142	2.447468	0.528029	0.352247	0.098010	-0.630017	-0.420372	-0.117759	-0.012272	-2.987728
0.109200	-33.617554	-33.205363	66.822918	0.412191	100.440472	2.463857	2.463964	2.467343	0.515438	0.343846	0.095657	-0.640357	-0.427271	-0.119691	-0.012261	-2.987739
0.109400	-33.647558	-33.235363	66.882921	0.412194	100.530479	2.483695	2.483803	2.487234	0.502633	0.335301	0.093264	-0.650454	-0.434009	-0.121579	-0.012250	-2.987750
0.109600	-33.677561	-33.265363	66.942924	0.412198	100.620486	2.503551	2.503661	2.507141	0.489618	0.326617	0.090831	-0.660304	-0.440581	-0.123419	-0.012240	-2.987760
0.109800	-33.707564	-33.295363	67.002928	0.412201	100.710492	2.523426	2.523537	2.527066	0.476398	0.317797	0.088360	-0.669902	-0.446985	-0.125213	-0.012229	-2.987771
0.110000	-33.737568	-33.325363	67.062931	0.412204	100.800499	2.543318	2.543431	2.547007	0.462978	0.308842	0.085852	-0.679244	-0.453218	-0.126959	-0.012218	-2.987782
0.110200	-33.767571	-33.355363	67.122934	0.412208	100.890505	2.563228	2.563342	2.566964	0.449362	0.299757	0.083307	-0.688325	-0.459278	-0.128656	-0.012207	-2.987793
0.110400	-33.797574	-33.385363	67.182938	0.412211	100.980512	2.583156	2.583272	2.586938	0.435555	0.290545	0.080727	-0.697141	-0.465160	-0.130304	-0.012196	-2.987804
0.110600	-33.827578	-33.415363	67.242941	0.412214	101.070519	2.603103	2.603220	2.606928	0.421563	0.281209	0.078112	-0.705688	-0.470863	-0.131901	-0.012186	-2.987814
0.110800	-33.857581	-33.445363	67.302944	0.412218	101.160525	2.623067	2.623186	2.626935	0.407390	0.271752	0.075463	-0.713961	-0.476383	-0.133447	-0.012175	-2.987825
0.111000	-33.887584	-33.475363	67.362948	0.412221	101.250532	2.643050	2.643169	2.646958	0.393042	0.262178	0.072782	-0.721957	-0.481718	-0.134942	-0.012164	-2.987836
0.111200	-33.917587	-33.505363	67.422951	0.412224	101.340538	2.663050	2.663171	2.666998	0.378524	0.252491	0.070068	-0.729671	-0.486865	-0.136383	-0.012154	-2.987846
0.111400	-33.947591	-33.535363	67.482954	0.412227	101.430545	2.683069	2.683191	2.687055	0.363841	0.242695	0.067324	-0.737100	-0.491822	-0.137772	-0.012143	-2.987857
0.111600	-33.977594	-33.565363	67.542957	0.412231	101.520551	2.703106	2.703229	2.707127	0.348999	0.232791	0.064550	-0.744240	-0.496586	-0.139106	-0.012132	-2.987868
0.111800	-34.007597	-33.595363	67.602961	0.412234	101.610558	2.723160	2.723284	2.727216	0.334003	0.222786	0.061748	-0.751087	-0.501155	-0.140386	-0.012122	-2.987878
0.112000	-34.037601	-33.625363	67.662964	0.412237	101.700564	2.743233	2.743358	2.747322	0.318860	0.212682	0.058918	-0.757637	-0.505525	-0.141610	-0.012111	-2.987889
0.112200	-34.067604	-33.655363	67.722967	0.412240	101.790571	2.763324	2.763450	2.767444	0.303574	0.202482	0.056061	-0.763888	-0.509696	-0.142778	-0.012101	-2.987899
0.112400	-34.097607	-33.685363	67.782970	0.412244	101.880577	2.783433	2.783560	2.787582	0.288152	0.192192	0.053179	-0.769836	-0.513665	-0.143889	-0.012090	-2.987910
0.112600	-34.127610	-33.715363	67.842974	0.412247	101.970584	2.803560	2.803687	2.807736	0.272600	0.181815	0.050272	-0.775477	-0.517429	-0.144943	-0.012080	-2.987920
0.112800	-34.157613	-33.745363	67.902977	0.412250	102.060590	2.823705	2.823833	2.827907	0.256923	0.171355	0.047342	-0.780809	-0.520986	-0.145940	-0.012069	-2.987931
0.113000	-34.187617	-33.775363	67.962980	0.412253	102.150597	2.843868	2.843997	2.848094	0.241127	0.160816	0.044390	-0.785828	-0.524335	-0.146878	-0.012059	-2.987941
0.113200	-34.217620	-33.805363	68.022983	0.412257	102.240603	2.864049	2.864179	2.868298	0.225220	0.150201	0.041418	-0.790531	-0.527473	-0.147757	-0.012048	-2.987952
0.113400	-34.247623	-33.835363	68.082987	0.412260	102.330610	2.884248	2.884379	2.888517	0.209206	0.139517	0.038425	-0.794917	-0.530400	-0.148576	-0.012038	-2.987962
0.113600	-34.277626	-33.865363	68.142990	0.412263	102.420616	2.904465	2.904596	2.908753	0.193093	0.128765	0.035414	-0.798981	-0.533112	-0.149336	-0.012027	-2.987973
0.113800	-34.307630	-33.895363	68.202993	0.412266	102.510623	2.924701	2.924832	2.929005	0.176887	0.117952	0.032385	-0.802723	-0.535608	-0.150035	-0.012017	-2.987983
0.114000	-34.337633	-33.925363	68.262996	0.412269	102.600629	2.944954	2.945086	2.949274	0.160593	0.107080	0.029340	-0.806138	-0.537887	-0.150673	-0.012006	-2.987994
0.114200	-34.367636	-33.955363	68.322999	0.412273	102.690635	2.965225	2.965358	2.969558	0.144219	0.096155	0.026280	-0.809225	-0.539947	-0.151250	-0.011996	-2.988004
0.114400	-34.397639	-33.985363	68.383003	0.412276	102.780642	2.985515	2.985648	2.989859	0.127772	0.085181	0.023206	-0.811982	-0.541786	-0.151765	-0.011986	-2.988014
0.114600	-34.427642	-34.015363	68.443006	0.412279	102.870648	3.005822	3.005955	3.010176	0.111257	0.074161	0.020120	-0.814407	-0.543404	-0.152218	-0.011975	-2.988025
0.114800	-34.457646	-34.045363	68.503009	0.412282	102.960654	3.026148	3.026281	3.030510	0.094681	0.063102	0.017022	-0.816498	-0.544799	-0.152609	-0.011965	-2.988035
0.115000	-34.487649	-34.075363	68.563012	0.412285	103.050661	3.046492	3.046625	3.050859	0.078052	0.052006	0.013915	-0.818252	-0.545970	-0.152937	-0.011955	-2.988045
0.115200	-34.517652	-34.105363	68.623015	0.412288	103.140667	3.066853	3.066987	3.071225	0.061376	0.040879	0.010798	-0.819669	-0.546915	-0.153202	-0.011944	-2.988056
0.115400	-34.547655	-34.135363	68.683018	0.412292	103.230673	3.087233	3.087367	3.091607	0.044660	0.029725	0.007674	-0.820748	-0.547635	-0.153403	-0.011934	-2.988066
0.115600	-34.577658	-34.165363	68.743022	0.412295	103.320680	3.107631	3.107764	3.112005	0.027910	0.018549	0.004544	-0.821485	-0.548127	-0.153541	-0.011924	-2.988076
0.115800	-34.607661	-34.195363	68.803025	0.412298	103.410686	3.128047	3.128180	3.132419	0.011134	0.007356	0.001409	-0.821882	-0.548391	-0.153615	-0.011913	-2.988087
0.116000	-34.637664	-34.225363	68.863028	0.412301	103.500692	-3.134705	-3.134571	-3.130336	-0.005662	-0.003851	-0.001729	-0.821935	-0.548427	-0.153625	-0.011903	-2.988097
0.116200	-34.667668	-34.255363	68.923031	0.412304	103.590699	-3.114253	-3.114119	-3.109889	-0.022469	-0.015066	-0.004870	-0.821645	-0.548234	-0.153570	-0.011893	-2.988107
0.116400	-34.697671	-34.285363	68.983034	0.412307	103.680705	-3.093783	-3.093649	-3.089426	-0.039283	-0.026284	-0.008012	-0.821011	-0.547810	-0.153452	-0.011883	-2.988117
0.116600	-34.727674	-34.315363	69.043037	0.412310	103.770711	-3.073294	-3.073162	-3.068947	-0.056094	-0.037501	-0.011154	-0.820031	-0.547157	-0.153269	-0.011873	-2.988127
0.116800	-34.757677	-34.345363	69.103040	0.412314	103.860717	-3.052788	-3.052656	-3.048452	-0.072896	-0.048712	-0.014294	-0.818706	-0.546273	-0.153021	-0.011863	-2.988137
0.117000	-34.787680	-34.375363	69.163043	0.412317	103.950724	-3.032264	-3.032132	-3.027941	-0.089683	-0.059913	-0.017431	-0.817035	-0.545158	-0.152709	-0.011852	-2.988148
0.117200	-34.817683	-34.405363	69.223047	0.412320	104.040730	-3.011722	-3.011590	-3.007413	-0.106446	-0.071098	-0.020563	-0.815018	-0.543812	-0.152332	-0.011842	-2.988158
0.117400	-34.847686	-34.435363	69.283050	0.412323	104.130736	-2.991161	-2.991030	-2.986870	-0.123179	-0.082263	-0.023690	-0.812655	-0.542235	-0.151890	-0.011832	-2.988168
0.117600	-34.877689	-34.465363	69.343053	0.412326	104.220742	-2.970583	-2.970452	-2.966310	-0.139875	-0.093403	-0.026810	-0.809946	-0.540428	-0.151384	-0.011822	-2.988178
0.117800	-34.907692	-34.495363	69.403056	0.412329	104.310748	-2.949986	-2.949856	-2.945734	-0.156526	-0.104513	-0.029922	-0.806891	-0.538390	-0.150813	-0.011812	-2.988188
0.118000	-34.937696	-34.525363	69.463059	0.412332	104.400754	-2.929372	-2.929243	-2.925142	-0.173125	-0.115588	-0.033023	-0.803491	-0.536121	-0.150178	-0.011802	-2.988198
0.118200	-34.967699	-34.555363	69.523062	0.412335	104.490761	-2.908739	-2.908611	-2.904533	-0.189664	-0.126624	-0.036114	-0.799746	-0.533622	-0.149478	-0.011792	-2.988208
0.118400	-34.997702	-34.585363	69.583065	0.412338	104.580767	-2.888088	-2.887961	-2.883909	-0.206137	-0.137615	-0.039192	-0.795657	-0.530893	-0.148713	-0.011782	-2.988218
0.118600	-35.027705	-34.615363	69.643068	0.412341	104.670773	-2.867420	-2.867293	-2.863268	-0.222537	-0.148557	-0.042257	-0.791224	-0.527936	-0.147885	-0.011772	-2.988228
0.118800	-35.057708	-34.645363	69.703071	0.412344	104.760779	-2.846733	-2.846607	-2.842611	-0.238855	-0.159446	-0.045306	-0.786450	-0.524750	-0.146993	-0.011762	-2.988238
0.119000	-35.087711	-34.675363	69.763074	0.412348	104.850785	-2.826028	-2.825903	-2.821938	-0.255085	-0.170275	-0.048339	-0.781334	-0.521337	-0.146037	-0.011752	-2.988248
0.119200	-35.117714	-34.705363	69.823077	0.412351	104.940791	-2.805305	-2.805181	-2.801249	-0.271220	-0.181041	-0.051354	-0.775878	-0.517696	-0.145017	-0.011742	-2.988258
0.119400	-35.147717	-34.735363	69.883080	0.412354	105.030797	-2.784564	-2.784441	-2.780543	-0.287252	-0.191738	-0.054350	-0.770084	-0.513831	-0.143935	-0.011732	-2.988268
0.119600	-35.177720	-34.765363	69.943083	0.412357	105.120804	-2.763805	-2.763683	-2.759821	-0.303175	-0.202362	-0.057325	-0.763954	-0.509740	-0.142789	-0.011722	-2.988278
0.119800	-35.207723	-34.795363	70.003086	0.412360	105.210810	-2.743028	-2.742907	-2.739083	-0.318980	-0.212908	-0.060279	-0.757488	-0.505426	-0.141581	-0.011712	-2.988288
0.120000	-35.237726	-34.825363	70.063090	0.412363	105.300816	-2.722233	-2.722114	-2.718329	-0.334661	-0.223371	-0.063209	-0.750689	-0.500890	-0.140310	-0.011702	-2.988298
0.120200	-35.267729	-34.855363	70.123093	0.412366	105.390822	-2.701419	-2.701302	-2.697558	-0.350211	-0.233746	-0.066114	-0.743560	-0.496133	-0.138978	-0.011692	-2.988308
0.120400	-35.297732	-34.885363	70.183096	0.412369	105.480828	-2.680588	-2.680472	-2.676771	-0.365622	-0.244029	-0.068994	-0.736102	-0.491156	-0.137584	-0.011683	-2.988317
0.120600	-35.327735	-34.915363	70.243099	0.412372	105.570834	-2.659739	-2.659624	-2.655968	-0.380888	-0.254215	-0.071847	-0.728318	-0.485962	-0.136130	-0.011673	-2.988327
0.120800	-35.357738	-34.945363	70.303102	0.412375	105.660840	-2.638871	-2.638758	-2.635148	-0.396001	-0.264299	-0.074671	-0.720210	-0.480553	-0.134615	-0.011663	-2.988337
0.121000	-35.387741	-34.975363	70.363105	0.412378	105.750846	-2.617986	-2.617874	-2.614312	-0.410954	-0.274276	-0.077465	-0.711781	-0.474928	-0.133040	-0.011653	-2.988347
0.121200	-35.417744	-35.005363	70.423108	0.412381	105.840852	-2.597082	-2.596972	-2.593460	-0.425741	-0.284142	-0.080228	-0.703034	-0.469092	-0.131405	-0.011643	-2.988357
0.121400	-35.447747	-35.035363	70.483111	0.412384	105.930858	-2.576161	-2.576052	-2.572591	-0.440355	-0.293893	-0.082958	-0.693972	-0.463046	-0.129712	-0.011634	-2.988366
0.121600	-35.477750	-35.065363	70.543114	0.412387	106.020864	-2.555221	-2.555114	-2.551706	-0.454787	-0.303523	-0.085655	-0.684598	-0.456791	-0.127960	-0.011624	-2.988376
0.121800	-35.507753	-35.095363	70.603117	0.412390	106.110870	-2.534263	-2.534158	-2.530805	-0.469033	-0.313028	-0.088317	-0.674915	-0.450330	-0.126151	-0.011614	-2.988386
0.122000	-35.537756	-35.125363	70.663120	0.412393	106.200876	-2.513288	-2.513184	-2.509887	-0.483084	-0.322403	-0.090943	-0.664927	-0.443666	-0.124284	-0.011604	-2.988396
0.122200	-35.567759	-35.155363	70.723123	0.412396	106.290882	-2.492294	-2.492192	-2.488953	-0.496935	-0.331645	-0.093531	-0.654638	-0.436801	-0.122362	-0.011595	-2.988405
0.122400	-35.597762	-35.185363	70.783126	0.412399	106.380888	-2.471282	-2.471182	-2.468002	-0.510578	-0.340748	-0.096080	-0.644052	-0.429737	-0.120384	-0.011585	-2.988415
0.122600	-35.627765	-35.215363	70.843129	0.412402	106.470894	-2.450252	-2.450154	-2.447034	-0.524008	-0.349709	-0.098589	-0.633171	-0.422478	-0.118351	-0.011575	-2.988425
0.122800	-35.657768	-35.245363	70.903131	0.412405	106.560900	-2.429204	-2.429108	-2.426050	-0.537216	-0.358522	-0.101057	-0.622001	-0.415025	-0.116263	-0.011566	-2.988434
0.123000	-35.687771	-35.275363	70.963134	0.412408	106.650906	-2.408138	-2.408044	-2.405050	-0.550198	-0.367184	-0.103483	-0.610546	-0.407381	-0.114123	-0.011556	-2.988444
0.123200	-35.717774	-35.305363	71.023137	0.412411	106.740911	-2.387054	-2.386962	-2.384033	-0.562946	-0.375690	-0.105865	-0.598809	-0.399550	-0.111930	-0.011546	-2.988454
0.123400	-35.747777	-35.335363	71.083140	0.412414	106.830917	-2.365952	-2.365862	-2.363000	-0.575455	-0.384036	-0.108202	-0.586796	-0.391535	-0.109685	-0.011537	-2.988463
0.123600	-35.777780	-35.365363	71.143143	0.412417	106.920923	-2.344832	-2.344744	-2.341949	-0.587718	-0.392218	-0.110494	-0.574511	-0.383338	-0.107390	-0.011527	-2.988473
0.123800	-35.807783	-35.395363	71.203146	0.412419	107.010929	-2.323694	-2.323608	-2.320883	-0.599729	-0.400232	-0.112738	-0.561959	-0.374963	-0.105044	-0.011518	-2.988482
0.124000	-35.837786	-35.425363	71.263149	0.412422	107.100935	-2.302537	-2.302454	-2.299799	-0.611481	-0.408074	-0.114934	-0.549146	-0.366413	-0.102650	-0.011508	-2.988492
0.124200	-35.867789	-35.455363	71.323152	0.412425	107.190941	-2.281363	-2.281282	-2.278699	-0.622970	-0.415740	-0.117080	-0.536075	-0.357692	-0.100208	-0.011498	-2.988501
0.124400	-35.897792	-35.485363	71.383155	0.412428	107.280947	-2.260171	-2.260092	-2.257582	-0.634189	-0.423225	-0.119177	-0.522752	-0.348803	-0.097718	-0.011489	-2.988511
0.124600	-35.927795	-35.515363	71.443158	0.412431	107.370953	-2.238960	-2.238884	-2.236448	-0.645132	-0.430527	-0.121221	-0.509183	-0.339749	-0.095183	-0.011479	-2.988521
0.124800	-35.957797	-35.545363	71.503161	0.412434	107.460958	-2.217732	-2.217658	-2.215298	-0.655794	-0.437641	-0.123213	-0.495374	-0.330535	-0.092603	-0.011470	-2.988530
0.125000	-35.987800	-35.575363	71.563164	0.412437	107.550964	-2.196485	-2.196414	-2.194130	-0.666169	-0.444563	-0.125152	-0.481329	-0.321164	-0.089979	-0.011460	-2.988540
0.125200	-36.017803	-35.605363	71.623167	0.412440	107.640970	-2.175221	-2.175152	-2.172946	-0.676252	-0.451291	-0.127036	-0.467055	-0.311639	-0.087311	-0.011451	-2.988549
0.125400	-36.047806	-35.635363	71.683170	0.412443	107.730976	-2.153938	-2.153872	-2.151745	-0.686037	-0.457820	-0.128864	-0.452557	-0.301966	-0.084603	-0.011442	-2.988558
0.125600	-36.077809	-35.665363	71.743172	0.412446	107.820982	-2.132638	-2.132574	-2.130527	-0.695519	-0.464147	-0.130636	-0.437842	-0.292148	-0.081853	-0.011432	-2.988568
0.125800	-36.107812	-35.695363	71.803175	0.412449	107.910987	-2.111319	-2.111258	-2.109292	-0.704693	-0.470268	-0.132350	-0.422915	-0.282188	-0.079064	-0.011423	-2.988577
0.126000	-36.137815	-35.725363	71.863178	0.412451	108.000993	-2.089983	-2.089924	-2.088040	-0.713555	-0.476181	-0.134006	-0.407784	-0.272092	-0.076237	-0.011413	-2.988587
0.126200	-36.167818	-35.755363	71.923181	0.412454	108.090999	-2.068628	-2.068572	-2.066771	-0.722099	-0.481882	-0.135602	-0.392454	-0.261863	-0.073373	-0.011404	-2.988596
0.126400	-36.197821	-35.785363	71.983184	0.412457	108.181005	-2.047255	-2.047202	-2.045485	-0.730320	-0.487367	-0.137138	-0.376932	-0.251506	-0.070472	-0.011395	-2.988605
0.126600	-36.227823	-35.815363	72.043187	0.412460	108.271010	-2.025865	-2.025814	-2.024182	-0.738214	-0.492634	-0.138613	-0.361224	-0.241026	-0.067538	-0.011385	-2.988615
0.126800	-36.257826	-35.845363	72.103190	0.412463	108.361016	-2.004456	-2.004408	-2.002862	-0.745777	-0.497680	-0.140026	-0.345338	-0.230426	-0.064569	-0.011376	-2.988624
0.127000	-36.287829	-35.875363	72.163193	0.412466	108.451022	-1.983029	-1.982984	-1.981525	-0.753004	-0.502502	-0.141376	-0.329280	-0.219712	-0.061569	-0.011367	-2.988634
0.127200	-36.317832	-35.905363	72.223195	0.412469	108.541028	-1.961584	-1.961542	-1.960170	-0.759891	-0.507098	-0.142663	-0.313057	-0.208887	-0.058538	-0.011357	-2.988643
0.127400	-36.347835	-35.935363	72.283198	0.412472	108.631033	-1.940121	-1.940082	-1.938798	-0.766434	-0.511463	-0.143886	-0.296676	-0.197958	-0.055477	-0.011348	-2.988652
0.127600	-36.377838	-35.965363	72.343201	0.412474	108.721039	-1.918640	-1.918604	-1.917409	-0.772629	-0.515597	-0.145043	-0.280145	-0.186928	-0.052389	-0.011339	-2.988661
0.127800	-36.407841	-35.995363	72.403204	0.412477	108.811045	-1.897142	-1.897108	-1.896003	-0.778472	-0.519495	-0.146135	-0.263471	-0.175802	-0.049273	-0.011329	-2.988671
0.128000	-36.437843	-36.025363	72.463207	0.412480	108.901050	-1.875625	-1.875594	-1.874579	-0.783960	-0.523157	-0.147160	-0.246661	-0.164586	-0.046133	-0.011320	-2.988680
0.128200	-36.467846	-36.055363	72.523210	0.412483	108.991056	-1.854090	-1.854062	-1.853138	-0.789089	-0.526579	-0.148118	-0.229722	-0.153284	-0.042968	-0.011311	-2.988689
0.128400	-36.497849	-36.085363	72.583213	0.412486	109.081062	-1.832537	-1.832512	-1.831679	-0.793856	-0.529760	-0.149009	-0.212663	-0.141901	-0.039780	-0.011302	-2.988698
0.128600	-36.527852	-36.115363	72.643215	0.412489	109.171067	-1.810966	-1.810944	-1.810203	-0.798257	-0.532697	-0.149831	-0.195490	-0.130443	-0.036572	-0.011292	-2.988708
0.128800	-36.557855	-36.145363	72.703218	0.412491	109.261073	-1.789377	-1.789358	-1.788709	-0.802291	-0.535388	-0.150585	-0.178212	-0.118915	-0.033344	-0.011283	-2.988717
0.129000	-36.587858	-36.175363	72.763221	0.412494	109.351079	-1.767770	-1.767754	-1.767198	-0.805954	-0.537832	-0.151269	-0.160837	-0.107321	-0.030098	-0.011274	-2.988726
0.129200	-36.617860	-36.205363	72.823224	0.412497	109.441084	-1.746145	-1.746132	-1.745670	-0.809243	-0.540027	-0.151884	-0.143372	-0.095668	-0.026835	-0.011265	-2.988735
0.129400	-36.647863	-36.235363	72.883227	0.412500	109.531090	-1.724502	-1.724492	-1.724123	-0.812156	-0.541971	-0.152428	-0.125825	-0.083961	-0.023556	-0.011256	-2.988744
0.129600	-36.677866	-36.265363	72.943229	0.412503	109.621095	-1.702841	-1.702834	-1.702559	-0.814691	-0.543662	-0.152902	-0.108205	-0.072204	-0.020264	-0.011247	-2.988753
0.129800	-36.707869	-36.295363	73.003232	0.412505	109.711101	-1.681162	-1.681158	-1.680977	-0.816845	-0.545099	-0.153304	-0.090519	-0.060403	-0.016960	-0.011238	-2.988762
0.130000	-36.737872	-36.325363	73.063235	0.412508	109.801107	-1.659465	-1.659464	-1.659378	-0.818616	-0.546281	-0.153635	-0.072776	-0.048565	-0.013645	-0.011228	-2.988772
0.130200	-36.767874	-36.355363	73.123238	0.412511	109.891112	-1.637750	-1.637752	-1.637760	-0.820003	-0.547207	-0.153894	-0.054984	-0.036693	-0.010321	-0.011219	-2.988781
0.130400	-36.797877	-36.385363	73.183241	0.412514	109.981118	-1.616016	-1.616022	-1.616125	-0.821005	-0.547875	-0.154081	-0.037151	-0.024795	-0.006989	-0.011210	-2.988790
0.130600	-36.827880	-36.415363	73.243243	0.412517	110.071123	-1.594265	-1.594273	-1.594472	-0.821619	-0.548284	-0.154196	-0.019286	-0.012875	-0.003651	-0.011201	-2.988799
0.130800	-36.857883	-36.445363	73.303246	0.412519	110.161129	-1.572496	-1.572507	-1.572801	-0.821844	-0.548435	-0.154238	-0.001397	-0.000938	-0.000309	-0.011192	-2.988808
0.131000	-36.887885	-36.475363	73.363249	0.412522	110.251134	-1.550709	-1.550723	-1.551112	-0.821679	-0.548325	-0.154207	0.016507	0.011008	0.003036	-0.011183	-2.988817
0.131200	-36.917888	-36.505363	73.423252	0.412525	110.341140	-1.528904	-1.528921	-1.529405	-0.821124	-0.547955	-0.154104	0.034419	0.022959	0.006382	-0.011174	-2.988826
0.131400	-36.947891	-36.535363	73.483254	0.412528	110.431145	-1.507081	-1.507101	-1.507680	-0.820178	-0.547323	-0.153927	0.052329	0.034909	0.009728	-0.011165	-2.988835
0.131600	-36.977894	-36.565363	73.543257	0.412530	110.521151	-1.485240	-1.485263	-1.485936	-0.818840	-0.546430	-0.153677	0.070228	0.046852	0.013072	-0.011156	-2.988844
0.131800	-37.007897	-36.595363	73.603260	0.412533	110.611156	-1.463381	-1.463407	-1.464175	-0.817110	-0.545276	-0.153354	0.088109	0.058783	0.016413	-0.011147	-2.988853
0.132000	-37.037899	-36.625363	73.663263	0.412536	110.701162	-1.441504	-1.441533	-1.442395	-0.814988	-0.543860	-0.152957	0.105963	0.070695	0.019749	-0.011138	-2.988862
0.132200	-37.067902	-36.655363	73.723265	0.412539	110.791167	-1.419609	-1.419641	-1.420597	-0.812473	-0.542182	-0.152487	0.123780	0.082584	0.023077	-0.011129	-2.988871
0.132400	-37.097905	-36.685363	73.783268	0.412541	110.881173	-1.397696	-1.397731	-1.398781	-0.809566	-0.540243	-0.151944	0.141553	0.094442	0.026398	-0.011120	-2.988880
0.132600	-37.127907	-36.715363	73.843271	0.412544	110.971178	-1.375765	-1.375803	-1.376946	-0.806268	-0.538042	-0.151328	0.159272	0.106265	0.029708	-0.011111	-2.988889
0.132800	-37.157910	-36.745363	73.903274	0.412547	111.061184	-1.353816	-1.353857	-1.355093	-0.802579	-0.535580	-0.150639	0.176929	0.118046	0.033007	-0.011103	-2.988897
0.133000	-37.187913	-36.775363	73.963276	0.412550	111.151189	-1.331849	-1.331893	-1.333222	-0.798500	-0.532859	-0.149877	0.194516	0.129780	0.036292	-0.011094	-2.988906
0.133200	-37.217916	-36.805363	74.023279	0.412552	111.241195	-1.309864	-1.309911	-1.311332	-0.794032	-0.529877	-0.149042	0.212022	0.141461	0.039563	-0.011085	-2.988915
0.133400	-37.247918	-36.835363	74.083282	0.412555	111.331200	-1.287861	-1.287911	-1.289424	-0.789176	-0.526637	-0.148135	0.229441	0.153084	0.042817	-0.011076	-2.988924
0.133600	-37.277921	-36.865363	74.143284	0.412558	111.421206	-1.265840	-1.265893	-1.267497	-0.783933	-0.523139	-0.147156	0.246763	0.164641	0.046053	-0.011067	-2.988933
0.133800	-37.307924	-36.895363	74.203287	0.412560	111.511211	-1.243801	-1.243857	-1.245551	-0.778306	-0.519385	-0.146104	0.263979	0.176128	0.049269	-0.011058	-2.988942
0.134000	-37.337926	-36.925363	74.263290	0.412563	111.601216	-1.221744	-1.221802	-1.223587	-0.772295	-0.515374	-0.144981	0.281080	0.187539	0.052464	-0.011049	-2.988951
0.134200	-37.367929	-36.955363	74.323293	0.412566	111.691222	-1.199669	-1.199730	-1.201604	-0.765904	-0.511110	-0.143787	0.298059	0.198868	0.055636	-0.011041	-2.988959
0.134400	-37.397932	-36.985363	74.383295	0.412568	111.781227	-1.177577	-1.177640	-1.179602	-0.759134	-0.506593	-0.142523	0.314907	0.210109	0.058784	-0.011032	-2.988968
0.134600	-37.427935	-37.015363	74.443298	0.412571	111.871233	-1.155466	-1.155532	-1.157581	-0.751987	-0.501824	-0.141188	0.331614	0.221256	0.061905	-0.011023	-2.988977
0.134800	-37.457937	-37.045363	74.503301	0.412574	111.961238	-1.133337	-1.133406	-1.135542	-0.744466	-0.496806	-0.139783	0.348172	0.232305	0.064998	-0.011014	-2.988986
0.135000	-37.487940	-37.075363	74.563303	0.412577	112.051243	-1.111190	-1.111262	-1.113484	-0.736575	-0.491541	-0.138308	0.364574	0.243248	0.068062	-0.011006	-2.988994
0.135200	-37.517943	-37.105363	74.623306	0.412579	112.141249	-1.089025	-1.089100	-1.091406	-0.728315	-0.486030	-0.136765	0.380810	0.254081	0.071096	-0.010997	-2.989003
0.135400	-37.547945	-37.135363	74.683309	0.412582	112.231254	-1.066843	-1.066920	-1.069310	-0.719691	-0.480275	-0.135154	0.396871	0.264798	0.074096	-0.010988	-2.989012
0.135600	-37.577948	-37.165363	74.743311	0.412585	112.321259	-1.044642	-1.044722	-1.047195	-0.710704	-0.474279	-0.133476	0.412750	0.275393	0.077063	-0.010979	-2.989021
0.135800	-37.607951	-37.195363	74.803314	0.412587	112.411265	-1.022424	-1.022506	-1.025061	-0.701360	-0.468045	-0.131730	0.428439	0.285861	0.079993	-0.010971	-2.989029
0.136000	-37.637953	-37.225363	74.863317	0.412590	112.501270	-1.000187	-1.000272	-1.002907	-0.691662	-0.461574	-0.129918	0.443929	0.296196	0.082887	-0.010962	-2.989038
0.136200	-37.667956	-37.255363	74.923319	0.412593	112.591275	-0.977932	-0.978020	-0.980735	-0.681614	-0.454869	-0.128041	0.459211	0.306393	0.085742	-0.010953	-2.989047
0.136400	-37.697959	-37.285363	74.983322	0.412595	112.681281	-0.955660	-0.955750	-0.958543	-0.671219	-0.447933	-0.126099	0.474278	0.316446	0.088557	-0.010945	-2.989055
0.136600	-37.727961	-37.315363	75.043325	0.412598	112.771286	-0.933369	-0.933462	-0.936332	-0.660483	-0.440770	-0.124094	0.489122	0.326350	0.091330	-0.010936	-2.989064
0.136800	-37.757964	-37.345363	75.103327	0.412600	112.861291	-0.911061	-0.911156	-0.914102	-0.649409	-0.433381	-0.122025	0.503734	0.336100	0.094060	-0.010927	-2.989072
0.137000	-37.787966	-37.375363	75.163330	0.412603	112.951296	-0.888735	-0.888832	-0.891853	-0.638003	-0.425771	-0.119894	0.518108	0.345690	0.096745	-0.010919	-2.989081
0.137200	-37.817969	-37.405363	75.223333	0.412606	113.041302	-0.866390	-0.866490	-0.869584	-0.626270	-0.417942	-0.117702	0.532234	0.355116	0.099384	-0.010910	-2.989090
0.137400	-37.847972	-37.435363	75.283335	0.412608	113.131307	-0.844028	-0.844130	-0.847296	-0.614213	-0.409898	-0.115450	0.546106	0.364371	0.101975	-0.010902	-2.989098
0.137600	-37.877974	-37.465363	75.343338	0.412611	113.221312	-0.821648	-0.821752	-0.824988	-0.601840	-0.401642	-0.113139	0.559716	0.373452	0.104517	-0.010893	-2.989107
0.137800	-37.907977	-37.495363	75.403340	0.412614	113.311317	-0.799250	-0.799356	-0.802661	-0.589155	-0.393178	-0.110769	0.573056	0.382353	0.107009	-0.010885	-2.989115
0.138000	-37.937980	-37.525363	75.463343	0.412616	113.401323	-0.776834	-0.776942	-0.780314	-0.576164	-0.384510	-0.108342	0.586119	0.391069	0.109450	-0.010876	-2.989124
0.138200	-37.967982	-37.555363	75.523346	0.412619	113.491328	-0.754400	-0.754510	-0.757948	-0.562873	-0.375642	-0.105860	0.598897	0.399595	0.111837	-0.010868	-2.989132
0.138400	-37.997985	-37.585363	75.583348	0.412621	113.581333	-0.731948	-0.732060	-0.735562	-0.549287	-0.366577	-0.103322	0.611384	0.407927	0.114170	-0.010859	-2.989141
0.138600	-38.027987	-37.615363	75.643351	0.412624	113.671338	-0.709478	-0.709592	-0.713157	-0.535413	-0.357320	-0.100730	0.623573	0.416060	0.116447	-0.010851	-2.989149
0.138800	-38.057990	-37.645363	75.703353	0.412627	113.761343	-0.686990	-0.687106	-0.690732	-0.521257	-0.347875	-0.098086	0.635457	0.423989	0.118666	-0.010842	-2.989158
0.139000	-38.087993	-37.675363	75.763356	0.412629	113.851349	-0.664484	-0.664602	-0.668287	-0.506826	-0.338246	-0.095390	0.647028	0.431709	0.120828	-0.010834	-2.989166
0.139200	-38.117995	-37.705363	75.823359	0.412632	113.941354	-0.641960	-0.642080	-0.645823	-0.492127	-0.328438	-0.092644	0.658280	0.439217	0.122930	-0.010825	-2.989175
0.139400	-38.147998	-37.735363	75.883361	0.412634	114.031359	-0.619418	-0.619540	-0.623338	-0.477166	-0.318456	-0.089849	0.669207	0.446508	0.124971	-0.010817	-2.989183
0.139600	-38.178000	-37.765363	75.943364	0.412637	114.121364	-0.596859	-0.596982	-0.600834	-0.461950	-0.308303	-0.087007	0.679803	0.453578	0.126951	-0.010808	-2.989192
0.139800	-38.208003	-37.795363	76.003366	0.412640	114.211369	-0.574281	-0.574406	-0.578311	-0.446487	-0.297986	-0.084119	0.690060	0.460422	0.128867	-0.010800	-2.989200
0.140000	-38.238006	-37.825363	76.063369	0.412642	114.301375	-0.551686	-0.551812	-0.555767	-0.430783	-0.287508	-0.081185	0.699974	0.467036	0.130719	-0.010791	-2.989209
0.140200	-38.268008	-37.855363	76.123372	0.412645	114.391380	-0.529072	-0.529200	-0.533203	-0.414847	-0.276875	-0.078208	0.709538	0.473418	0.132505	-0.010783	-2.989217
0.140400	-38.298011	-37.885363	76.183374	0.412647	114.481385	-0.506441	-0.506570	-0.510620	-0.398685	-0.266091	-0.075189	0.718746	0.479562	0.134225	-0.010775	-2.989225
0.140600	-38.328013	-37.915363	76.243377	0.412650	114.571390	-0.483792	-0.483922	-0.488017	-0.382306	-0.255163	-0.072130	0.727593	0.485465	0.135878	-0.010766	-2.989234
0.140800	-38.358016	-37.945363	76.303379	0.412652	114.661395	-0.461124	-0.461256	-0.465393	-0.365718	-0.244095	-0.069031	0.736074	0.491123	0.137462	-0.010758	-2.989242
0.141000	-38.388018	-37.975363	76.363382	0.412655	114.751400	-0.438439	-0.438572	-0.442750	-0.348929	-0.232893	-0.065895	0.744183	0.496533	0.138977	-0.010750	-2.989250
0.141200	-38.418021	-38.005363	76.423384	0.412658	114.841405	-0.415736	-0.415870	-0.420086	-0.331946	-0.221561	-0.062723	0.751914	0.501692	0.140421	-0.010741	-2.989259
0.141400	-38.448023	-38.035363	76.483387	0.412660	114.931410	-0.393015	-0.393150	-0.397403	-0.314778	-0.210107	-0.059516	0.759264	0.506596	0.141794	-0.010733	-2.989267
0.141600	-38.478026	-38.065363	76.543389	0.412663	115.021415	-0.370276	-0.370412	-0.374700	-0.297435	-0.198534	-0.056276	0.766228	0.511242	0.143095	-0.010725	-2.989275
0.141800	-38.508029	-38.095363	76.603392	0.412665	115.111421	-0.347519	-0.347656	-0.351976	-0.279923	-0.186850	-0.053005	0.772800	0.515628	0.144323	-0.010716	-2.989284
0.142000	-38.538031	-38.125363	76.663395	0.412668	115.201426	-0.324744	-0.324882	-0.329232	-0.262253	-0.175060	-0.049705	0.778977	0.519749	0.145477	-0.010708	-2.989292
0.142200	-38.568034	-38.155363	76.723397	0.412670	115.291431	-0.301951	-0.302090	-0.306468	-0.244432	-0.163169	-0.046376	0.784754	0.523604	0.146556	-0.010700	-2.989300
0.142400	-38.598036	-38.185363	76.783400	0.412673	115.381436	-0.279141	-0.279280	-0.283684	-0.226470	-0.151185	-0.043021	0.790128	0.527189	0.147560	-0.010692	-2.989308
0.142600	-38.628039	-38.215363	76.843402	0.412675	115.471441	-0.256312	-0.256452	-0.260880	-0.208375	-0.139112	-0.039641	0.795094	0.530503	0.148487	-0.010683	-2.989317
0.142800	-38.658041	-38.245363	76.903405	0.412678	115.561446	-0.233466	-0.233606	-0.238056	-0.190158	-0.126957	-0.036238	0.799649	0.533542	0.149338	-0.010675	-2.989325
0.143000	-38.688044	-38.275363	76.963407	0.412680	115.651451	-0.210601	-0.210742	-0.215211	-0.171827	-0.114726	-0.032814	0.803791	0.536306	0.150112	-0.010667	-2.989333
0.143200	-38.718046	-38.305363	77.023410	0.412683	115.741456	-0.187719	-0.187860	-0.192346	-0.153392	-0.102425	-0.029370	0.807515	0.538790	0.150808	-0.010659	-2.989341
0.143400	-38.748049	-38.335363	77.083412	0.412685	115.831461	-0.164818	-0.164961	-0.169461	-0.134861	-0.090061	-0.025909	0.810818	0.540994	0.151425	-0.010650	-2.989350
0.143600	-38.778051	-38.365363	77.143415	0.412688	115.921466	-0.141900	-0.142043	-0.146556	-0.116245	-0.077640	-0.022432	0.813698	0.542916	0.151963	-0.010642	-2.989358
0.143800	-38.808054	-38.395363	77.203417	0.412690	116.011471	-0.118964	-0.119107	-0.123630	-0.097554	-0.065169	-0.018941	0.816153	0.544554	0.152421	-0.010634	-2.989366
0.144000	-38.838056	-38.425363	77.263420	0.412693	116.101476	-0.096010	-0.096153	-0.100685	-0.078796	-0.052653	-0.015437	0.818180	0.545907	0.152800	-0.010626	-2.989374
0.144200	-38.868059	-38.455363	77.323422	0.412695	116.191481	-0.073038	-0.073181	-0.077718	-0.059982	-0.040100	-0.011923	0.819777	0.546972	0.153098	-0.010618	-2.989382
0.144400	-38.898061	-38.485363	77.383425	0.412698	116.281486	-0.050048	-0.050191	-0.054732	-0.041121	-0.027515	-0.008400	0.820942	0.547749	0.153316	-0.010610	-2.989390
0.144600	-38.928064	-38.515363	77.443427	0.412700	116.371491	-0.027040	-0.027183	-0.031725	-0.022224	-0.014906	-0.004870	0.821674	0.548238	0.153453	-0.010602	-2.989398
0.144800	-38.958066	-38.545363	77.503430	0.412703	116.461496	-0.004014	-0.004157	-0.008698	-0.003300	-0.002280	-0.001335	0.821971	0.548436	0.153508	-0.010594	-2.989407
0.145000	-38.988069	-38.575363	77.563432	0.412705	116.551501	0.019029	0.018887	0.014349	0.015641	0.010358	0.002203	0.821831	0.548343	0.153482	-0.010585	-2.989415
0.145200	-39.018071	-38.605363	77.623435	0.412708	116.641506	0.042091	0.041948	0.037417	0.034588	0.023000	0.005742	0.821255	0.547958	0.153375	-0.010577	-2.989423
0.145400	-39.048074	-38.635363	77.683437	0.412710	116.731511	0.065170	0.065028	0.060505	0.053531	0.035639	0.009280	0.820241	0.547282	0.153185	-0.010569	-2.989431
0.145600	-39.078076	-38.665363	77.743439	0.412713	116.821516	0.088268	0.088126	0.083614	0.072461	0.048269	0.012816	0.818789	0.546313	0.152914	-0.010561	-2.989439
0.145800	-39.108079	-38.695363	77.803442	0.412715	116.911520	0.111383	0.111242	0.106742	0.091367	0.060884	0.016347	0.816898	0.545051	0.152561	-0.010553	-2.989447
0.146000	-39.138081	-38.725363	77.863444	0.412718	117.001525	0.134517	0.134376	0.129891	0.110239	0.073476	0.019872	0.814569	0.543497	0.152126	-0.010545	-2.989455
0.146200	-39.168083	-38.755363	77.923447	0.412720	117.091530	0.157668	0.157528	0.153061	0.129066	0.086038	0.023388	0.811802	0.541651	0.151609	-0.010537	-2.989463
0.146400	-39.198086	-38.785363	77.983449	0.412722	117.181535	0.180837	0.180698	0.176251	0.147839	0.098564	0.026895	0.808596	0.539512	0.151011	-0.010529	-2.989471
0.146600	-39.228088	-38.815363	78.043452	0.412725	117.271540	0.204024	0.203885	0.199461	0.166547	0.111046	0.030389	0.804954	0.537082	0.150330	-0.010521	-2.989479
0.146800	-39.258091	-38.845363	78.103454	0.412727	117.361545	0.227229	0.227091	0.222691	0.185180	0.123479	0.033869	0.800876	0.534361	0.149569	-0.010513	-2.989487
0.147000	-39.288093	-38.875363	78.163457	0.412730	117.451550	0.250452	0.250315	0.245942	0.203728	0.135854	0.037334	0.796363	0.531349	0.148726	-0.010505	-2.989495
0.147200	-39.318096	-38.905363	78.223459	0.412732	117.541555	0.273693	0.273557	0.269213	0.222180	0.148166	0.040780	0.791416	0.528049	0.147802	-0.010497	-2.989503
0.147400	-39.348098	-38.935363	78.283462	0.412735	117.631560	0.296951	0.296817	0.292504	0.240527	0.160407	0.044207	0.786037	0.524460	0.146797	-0.010489	-2.989511
0.147600	-39.378101	-38.965363	78.343464	0.412737	117.721564	0.320228	0.320095	0.315816	0.258757	0.172571	0.047612	0.780229	0.520584	0.145713	-0.010481	-2.989519
0.147800	-39.408103	-38.995363	78.403466	0.412740	117.811569	0.343523	0.343390	0.339147	0.276861	0.184650	0.050993	0.773993	0.516423	0.144548	-0.010473	-2.989527
0.148000	-39.438105	-39.025363	78.463469	0.412742	117.901574	0.366835	0.366704	0.362499	0.294829	0.196639	0.054349	0.767331	0.511979	0.143304	-0.010466	-2.989534
0.148200	-39.468108	-39.055363	78.523471	0.412744	117.991579	0.390166	0.390036	0.385872	0.312650	0.208530	0.057678	0.760247	0.507252	0.141981	-0.010458	-2.989542
0.148400	-39.498110	-39.085363	78.583474	0.412747	118.081584	0.413514	0.413386	0.409264	0.330315	0.220316	0.060977	0.752743	0.502245	0.140579	-0.010450	-2.989550
0.148600	-39.528113	-39.115363	78.643476	0.412749	118.171589	0.436880	0.436754	0.432677	0.347813	0.231991	0.064245	0.744822	0.496960	0.139100	-0.010442	-2.989558
0.148800	-39.558115	-39.145363	78.703478	0.412752	118.261593	0.460265	0.460139	0.456110	0.365135	0.243549	0.067481	0.736488	0.491400	0.137543	-0.010434	-2.989566
0.149000	-39.588117	-39.175363	78.763481	0.412754	118.351598	0.483667	0.483543	0.479563	0.382270	0.254982	0.070681	0.727745	0.485566	0.135910	-0.010426	-2.989574
0.149200	-39.618120	-39.205363	78.823483	0.412756	118.441603	0.507087	0.506965	0.503036	0.399209	0.266283	0.073845	0.718595	0.479461	0.134202	-0.010418	-2.989582
0.149400	-39.648122	-39.235363	78.883486	0.412759	118.531608	0.530525	0.530405	0.526530	0.415941	0.277448	0.076970	0.709044	0.473089	0.132418	-0.010411	-2.989589
0.149600	-39.678125	-39.265363	78.943488	0.412761	118.621613	0.553981	0.553862	0.550043	0.432458	0.288468	0.080055	0.699096	0.466451	0.130560	-0.010403	-2.989597
0.149800	-39.708127	-39.295363	79.003490	0.412764	118.711617	0.577455	0.577338	0.573577	0.448749	0.299338	0.083097	0.688755	0.459551	0.128628	-0.010395	-2.989605
0.150000	-39.738129	-39.325363	79.063493	0.412766	118.801622	0.600946	0.600832	0.597131	0.464805	0.310051	0.086096	0.678026	0.452392	0.126625	-0.010387	-2.989613
0.150200	-39.768132	-39.355363	79.123495	0.412768	118.891627	0.624456	0.624344	0.620704	0.480617	0.320601	0.089049	0.666914	0.444978	0.124549	-0.010379	-2.989621
0.150400	-39.798134	-39.385363	79.183498	0.412771	118.981632	0.647984	0.647873	0.644298	0.496175	0.330982	0.091955	0.655425	0.437312	0.122403	-0.010372	-2.989628
0.150600	-39.828137	-39.415363	79.243500	0.412773	119.071636	0.671529	0.671421	0.667911	0.511470	0.341187	0.094812	0.643563	0.429398	0.120188	-0.010364	-2.989636
0.150800	-39.858139	-39.445363	79.303502	0.412775	119.161641	0.695093	0.694987	0.691545	0.526492	0.351210	0.097617	0.631335	0.421239	0.117904	-0.010356	-2.989644
0.151000	-39.888141	-39.475363	79.363505	0.412778	119.251646	0.718674	0.718571	0.715198	0.541234	0.361046	0.100371	0.618747	0.412840	0.115553	-0.010348	-2.989652
0.151200	-39.918144	-39.505363	79.423507	0.412780	119.341651	0.742274	0.742172	0.738872	0.555685	0.370688	0.103070	0.605805	0.404205	0.113136	-0.010341	-2.989659
0.151400	-39.948146	-39.535363	79.483509	0.412783	119.431655	0.765891	0.765792	0.762565	0.569838	0.380131	0.105713	0.592515	0.395337	0.110654	-0.010333	-2.989667
0.151600	-39.978148	-39.565363	79.543512	0.412785	119.521660	0.789526	0.789430	0.786278	0.583683	0.389369	0.108299	0.578884	0.386242	0.108108	-0.010325	-2.989675
0.151800	-40.008151	-39.595363	79.603514	0.412787	119.611665	0.813180	0.813085	0.810010	0.597213	0.398396	0.110826	0.564919	0.376924	0.105500	-0.010318	-2.989682
0.152000	-40.038153	-39.625363	79.663516	0.412790	119.701669	0.836851	0.836759	0.833763	0.610418	0.407207	0.113292	0.550626	0.367388	0.102831	-0.010310	-2.989690
0.152200	-40.068155	-39.655363	79.723519	0.412792	119.791674	0.860540	0.860451	0.857535	0.623291	0.415796	0.115696	0.536014	0.357639	0.100102	-0.010302	-2.989698
0.152400	-40.098158	-39.685363	79.783521	0.412794	119.881679	0.884247	0.884160	0.881327	0.635823	0.424158	0.118037	0.521090	0.347681	0.097315	-0.010295	-2.989705
0.152600	-40.128160	-39.715363	79.843523	0.412797	119.971684	0.907972	0.907888	0.905138	0.648007	0.432288	0.120312	0.505861	0.337520	0.094471	-0.010287	-2.989713
0.152800	-40.158162	-39.745363	79.903526	0.412799	120.061688	0.931715	0.931634	0.928969	0.659835	0.440180	0.122521	0.490335	0.327160	0.091571	-0.010279	-2.989721
0.153000	-40.188165	-39.775363	79.963528	0.412801	120.151693	0.955476	0.955398	0.952819	0.671300	0.447829	0.124663	0.474521	0.316609	0.088618	-0.010272	-2.989728
0.153200	-40.218167	-39.805363	80.023530	0.412804	120.241698	0.979255	0.979179	0.976689	0.682394	0.455232	0.126734	0.458426	0.305870	0.085612	-0.010264	-2.989736
0.153400	-40.248169	-39.835363	80.083533	0.412806	120.331702	1.003051	1.002979	1.000578	0.693111	0.462382	0.128736	0.442060	0.294950	0.082555	-0.010257	-2.989744
0.153600	-40.278172	-39.865363	80.143535	0.412808	120.421707	1.026866	1.026797	1.024487	0.703442	0.469275	0.130665	0.425431	0.283855	0.079450	-0.010249	-2.989751
0.153800	-40.308174	-39.895363	80.203537	0.412811	120.511711	1.050699	1.050632	1.048415	0.713382	0.475907	0.132522	0.408547	0.272590	0.076297	-0.010241	-2.989759
0.154000	-40.338176	-39.925363	80.263540	0.412813	120.601716	1.074550	1.074486	1.072362	0.722923	0.482273	0.134304	0.391419	0.261161	0.073098	-0.010234	-2.989766
0.154200	-40.368179	-39.955363	80.323542	0.412815	120.691721	1.098418	1.098358	1.096328	0.732060	0.488370	0.136010	0.374054	0.249575	0.069855	-0.010226	-2.989774
0.154400	-40.398181	-39.985363	80.383544	0.412818	120.781725	1.122305	1.122247	1.120314	0.740786	0.494192	0.137640	0.356463	0.237838	0.066570	-0.010219	-2.989781
0.154600	-40.428183	-40.015363	80.443547	0.412820	120.871730	1.146209	1.146155	1.144319	0.749096	0.499737	0.139192	0.338656	0.225957	0.063244	-0.010211	-2.989789
0.154800	-40.458186	-40.045363	80.503549	0.412822	120.961735	1.170132	1.170080	1.168342	0.756984	0.504999	0.140665	0.320641	0.213937	0.059879	-0.010204	-2.989796
0.155000	-40.488188	-40.075363	80.563551	0.412824	121.051739	1.194072	1.194024	1.192385	0.764443	0.509977	0.142058	0.302428	0.201785	0.056478	-0.010196	-2.989804
0.155200	-40.518190	-40.105363	80.623554	0.412827	121.141744	1.218031	1.217986	1.216447	0.771470	0.514665	0.143370	0.284029	0.189508	0.053042	-0.010189	-2.989811
0.155400	-40.548192	-40.135363	80.683556	0.412829	121.231748	1.242007	1.241965	1.240527	0.778058	0.519061	0.144601	0.265452	0.177114	0.049573	-0.010181	-2.989819
0.155600	-40.578195	-40.165363	80.743558	0.412831	121.321753	1.266002	1.265963	1.264627	0.784204	0.523161	0.145748	0.246709	0.164607	0.046072	-0.010174	-2.989826
0.155800	-40.608197	-40.195363	80.803560	0.412834	121.411757	1.290014	1.289979	1.288745	0.789902	0.526963	0.146813	0.227809	0.151997	0.042543	-0.010166	-2.989834
0.156000	-40.638199	-40.225363	80.863563	0.412836	121.501762	1.314044	1.314012	1.312882	0.795149	0.530464	0.147792	0.208764	0.139290	0.038986	-0.010159	-2.989841
0.156200	-40.668202	-40.255363	80.923565	0.412838	121.591767	1.338093	1.338064	1.337038	0.799940	0.533660	0.148687	0.189583	0.126492	0.035404	-0.010151	-2.989849
0.156400	-40.698204	-40.285363	80.983567	0.412840	121.681771	1.362159	1.362134	1.361212	0.804271	0.536550	0.149496	0.170279	0.113612	0.031799	-0.010144	-2.989856
0.156600	-40.728206	-40.315363	81.043570	0.412843	121.771776	1.386243	1.386221	1.385405	0.808139	0.539131	0.150218	0.150861	0.100656	0.028173	-0.010137	-2.989863
0.156800	-40.758208	-40.345363	81.103572	0.412845	121.861780	1.410346	1.410327	1.409616	0.811540	0.541401	0.150854	0.131341	0.087632	0.024527	-0.010129	-2.989871
0.157000	-40.788211	-40.375363	81.163574	0.412847	121.951785	1.434466	1.434450	1.433846	0.814472	0.543357	0.151401	0.111730	0.074547	0.020865	-0.010122	-2.989878
0.157200	-40.818213	-40.405363	81.223576	0.412849	122.041789	1.458604	1.458592	1.458094	0.816932	0.544998	0.151860	0.092040	0.061409	0.017188	-0.010114	-2.989886
0.157400	-40.848215	-40.435363	81.283579	0.412852	122.131794	1.482760	1.482752	1.482360	0.818917	0.546323	0.152231	0.072281	0.048225	0.013498	-0.010107	-2.989893
0.157600	-40.878217	-40.465363	81.343581	0.412854	122.221798	1.506935	1.506929	1.506645	0.820425	0.547329	0.152513	0.052465	0.035004	0.009797	-0.010100	-2.989900
0.157800	-40.908220	-40.495363	81.403583	0.412856	122.311803	1.531127	1.531125	1.530948	0.821454	0.548015	0.152705	0.032604	0.021752	0.006088	-0.010092	-2.989908
0.158000	-40.938222	-40.525363	81.463585	0.412858	122.401807	1.555337	1.555338	1.555269	0.822003	0.548381	0.152807	0.012708	0.008477	0.002373	-0.010085	-2.989915
0.158200	-40.968224	-40.555363	81.523588	0.412861	122.491812	1.579565	1.579570	1.579608	0.822069	0.548426	0.152820	-0.007209	-0.004812	-0.001347	-0.010078	-2.989922
0.158400	-40.998226	-40.585363	81.583590	0.412863	122.581816	1.603812	1.603820	1.603965	0.821653	0.548148	0.152742	-0.027137	-0.018108	-0.005068	-0.010070	-2.989930
0.158600	-41.028229	-40.615363	81.643592	0.412865	122.671821	1.628076	1.628087	1.628339	0.820753	0.547547	0.152574	-0.047064	-0.031404	-0.008789	-0.010063	-2.989937
0.158800	-41.058231	-40.645363	81.703594	0.412867	122.761825	1.652358	1.652373	1.652732	0.819368	0.546623	0.152315	-0.066978	-0.044691	-0.012508	-0.010056	-2.989944
0.159000	-41.088233	-40.675363	81.763597	0.412870	122.851830	1.676658	1.676676	1.677143	0.817498	0.545376	0.151966	-0.086867	-0.057961	-0.016222	-0.010048	-2.989952
0.159200	-41.118235	-40.705363	81.823599	0.412872	122.941834	1.700977	1.700998	1.701571	0.815144	0.543805	0.151527	-0.106719	-0.071207	-0.019930	-0.010041	-2.989959
0.159400	-41.148238	-40.735363	81.883601	0.412874	123.031838	1.725313	1.725338	1.726017	0.812305	0.541911	0.150996	-0.126523	-0.084421	-0.023628	-0.010034	-2.989966
0.159600	-41.178240	-40.765363	81.943603	0.412876	123.121843	1.749667	1.749695	1.750481	0.808983	0.539694	0.150376	-0.146267	-0.097594	-0.027315	-0.010027	-2.989973
0.159800	-41.208242	-40.795363	82.003605	0.412879	123.211847	1.774039	1.774071	1.774962	0.805177	0.537155	0.149665	-0.165938	-0.110719	-0.030988	-0.010019	-2.989981
0.160000	-41.238244	-40.825363	82.063608	0.412881	123.301852	1.798430	1.798464	1.799461	0.800890	0.534295	0.148865	-0.185525	-0.123788	-0.034646	-0.010012	-2.989988
0.160200	-41.268246	-40.855363	82.123610	0.412883	123.391856	1.822838	1.822876	1.823977	0.796123	0.531114	0.147974	-0.205016	-0.136793	-0.038286	-0.010005	-2.989995
0.160400	-41.298249	-40.885363	82.183612	0.412885	123.481861	1.847264	1.847306	1.848510	0.790877	0.527614	0.146995	-0.224399	-0.149726	-0.041905	-0.009998	-2.990002
0.160600	-41.328251	-40.915363	82.243614	0.412887	123.571865	1.871709	1.871753	1.873061	0.785156	0.523796	0.145926	-0.243662	-0.162579	-0.045503	-0.009990	-2.990010
0.160800	-41.358253	-40.945363	82.303616	0.412890	123.661869	1.896171	1.896219	1.897629	0.778960	0.519662	0.144769	-0.262794	-0.175344	-0.049075	-0.009983	-2.990017
0.161000	-41.388255	-40.975363	82.363619	0.412892	123.751874	1.920652	1.920702	1.922214	0.772293	0.515214	0.143524	-0.281782	-0.188013	-0.052621	-0.009976	-2.990024
0.161200	-41.418257	-41.005363	82.423621	0.412894	123.841878	1.945150	1.945204	1.946816	0.765158	0.510453	0.142192	-0.300615	-0.200579	-0.056138	-0.009969	-2.990031
0.161400	-41.448260	-41.035363	82.483623	0.412896	123.931883	1.969667	1.969724	1.971435	0.757557	0.505382	0.140773	-0.319282	-0.213033	-0.059624	-0.009962	-2.990038
0.161600	-41.478262	-41.065363	82.543625	0.412898	124.021887	1.994201	1.994261	1.996071	0.749496	0.500003	0.139267	-0.337770	-0.225369	-0.063076	-0.009955	-2.990045
0.161800	-41.508264	-41.095363	82.603627	0.412901	124.111891	2.018754	2.018817	2.020725	0.740976	0.494319	0.137676	-0.356067	-0.237578	-0.066493	-0.009947	-2.990053
0.162000	-41.538266	-41.125363	82.663630	0.412903	124.201896	2.043324	2.043390	2.045394	0.732003	0.488332	0.136001	-0.374164	-0.249652	-0.069872	-0.009940	-2.990060
0.162200	-41.568268	-41.155363	82.723632	0.412905	124.291900	2.067913	2.067982	2.070081	0.722582	0.482046	0.134241	-0.392047	-0.261584	-0.073212	-0.009933	-2.990067
0.162400	-41.598270	-41.185363	82.783634	0.412907	124.381904	2.092520	2.092592	2.094785	0.712716	0.475463	0.132399	-0.409706	-0.273366	-0.076509	-0.009926	-2.990074
0.162600	-41.628273	-41.215363	82.843636	0.412909	124.471909	2.117144	2.117219	2.119505	0.702410	0.468587	0.130474	-0.427130	-0.284992	-0.079763	-0.009919	-2.990081
0.162800	-41.658275	-41.245363	82.903638	0.412911	124.561913	2.141787	2.141865	2.144242	0.691671	0.461421	0.128469	-0.444307	-0.296453	-0.082970	-0.009912	-2.990088
0.163000	-41.688277	-41.275363	82.963640	0.412914	124.651917	2.166448	2.166528	2.168995	0.680504	0.453970	0.126384	-0.461226	-0.307742	-0.086130	-0.009905	-2.990095
0.163200	-41.718279	-41.305363	83.023643	0.412916	124.741922	2.191127	2.191210	2.193765	0.668913	0.446237	0.124219	-0.477877	-0.318852	-0.089239	-0.009898	-2.990102
0.163400	-41.748281	-41.335363	83.083645	0.412918	124.831926	2.215824	2.215910	2.218551	0.656907	0.438226	0.121977	-0.494249	-0.329775	-0.092296	-0.009891	-2.990109
0.163600	-41.778283	-41.365363	83.143647	0.412920	124.921930	2.240539	2.240627	2.243354	0.644491	0.429942	0.119659	-0.510331	-0.340505	-0.095299	-0.009884	-2.990116
0.163800	-41.808286	-41.395363	83.203649	0.412922	125.011935	2.265272	2.265363	2.268173	0.631672	0.421389	0.117265	-0.526112	-0.351035	-0.098246	-0.009877	-2.990123
0.164000	-41.838288	-41.425363	83.263651	0.412924	125.101939	2.290023	2.290117	2.293008	0.618456	0.412571	0.114797	-0.541582	-0.361357	-0.101135	-0.009870	-2.990130
0.164200	-41.868290	-41.455363	83.323653	0.412926	125.191943	2.314792	2.314888	2.317860	0.604852	0.403494	0.112257	-0.556732	-0.371465	-0.103964	-0.009862	-2.990137
0.164400	-41.898292	-41.485363	83.383656	0.412929	125.281948	2.339579	2.339678	2.342727	0.590866	0.394162	0.109645	-0.571551	-0.381352	-0.106731	-0.009856	-2.990145
0.164600	-41.928294	-41.515363	83.443658	0.412931	125.371952	2.364385	2.364485	2.367611	0.576507	0.384582	0.106964	-0.586028	-0.391012	-0.109434	-0.009849	-2.990152
0.164800	-41.958296	-41.545363	83.503660	0.412933	125.461956	2.389208	2.389311	2.392511	0.561782	0.374757	0.104214	-0.600156	-0.400438	-0.112072	-0.009842	-2.990159
0.165000	-41.988298	-41.575363	83.563662	0.412935	125.551960	2.414049	2.414155	2.417427	0.546700	0.364694	0.101398	-0.613923	-0.409624	-0.114643	-0.009835	-2.990165
0.165200	-42.018301	-41.605363	83.623664	0.412937	125.641965	2.438909	2.439016	2.442359	0.531269	0.354398	0.098516	-0.627321	-0.418563	-0.117145	-0.009828	-2.990172
0.165400	-42.048303	-41.635363	83.683666	0.412939	125.731969	2.463787	2.463896	2.467306	0.515499	0.343876	0.095572	-0.640340	-0.427250	-0.119576	-0.009821	-2.990179
0.165600	-42.078305	-41.665363	83.743668	0.412941	125.821973	2.488682	2.488794	2.492270	0.499398	0.333133	0.092565	-0.652972	-0.435678	-0.121935	-0.009814	-2.990186
0.165800	-42.108307	-41.695363	83.803670	0.412944	125.911977	2.513596	2.513709	2.517250	0.482975	0.322175	0.089498	-0.665208	-0.443842	-0.124219	-0.009807	-2.990193
0.166000	-42.138309	-41.725363	83.863673	0.412946	126.001982	2.538528	2.538643	2.542245	0.466240	0.311010	0.086374	-0.677039	-0.451736	-0.126429	-0.009800	-2.990200
0.166200	-42.168311	-41.755363	83.923675	0.412948	126.091986	2.563478	2.563595	2.567256	0.449204	0.299642	0.083192	-0.688458	-0.459355	-0.128561	-0.009793	-2.990207
0.166400	-42.198313	-41.785363	83.983677	0.412950	126.181990	2.588445	2.588564	2.592282	0.431875	0.288080	0.079956	-0.699456	-0.466693	-0.130614	-0.009786	-2.990214
0.166600	-42.228315	-41.815363	84.043679	0.412952	126.271994	2.613431	2.613552	2.617325	0.414264	0.276330	0.076668	-0.710025	-0.473745	-0.132588	-0.009779	-2.990221
0.166800	-42.258318	-41.845363	84.103681	0.412954	126.361999	2.638436	2.638558	2.642383	0.396381	0.264398	0.073329	-0.720158	-0.480506	-0.134480	-0.009772	-2.990228
0.167000	-42.288320	-41.875363	84.163683	0.412956	126.452003	2.663458	2.663581	2.667456	0.378238	0.252293	0.069941	-0.729847	-0.486971	-0.136289	-0.009765	-2.990235
0.167200	-42.318322	-41.905363	84.223685	0.412958	126.542007	2.688498	2.688623	2.692546	0.359845	0.240020	0.066506	-0.739086	-0.493135	-0.138014	-0.009758	-2.990242
0.167400	-42.348324	-41.935363	84.283687	0.412960	126.632011	2.713556	2.713683	2.717650	0.341212	0.227588	0.063027	-0.747868	-0.498995	-0.139654	-0.009752	-2.990248
0.167600	-42.378326	-41.965363	84.343689	0.412963	126.722015	2.738633	2.738760	2.742770	0.322352	0.215004	0.059505	-0.756186	-0.504544	-0.141207	-0.009745	-2.990255
0.167800	-42.408328	-41.995363	84.403691	0.412965	126.812020	2.763727	2.763856	2.767906	0.303275	0.202276	0.055943	-0.764034	-0.509781	-0.142672	-0.009738	-2.990262
0.168000	-42.438330	-42.025363	84.463694	0.412967	126.902024	2.788840	2.788970	2.793057	0.283994	0.189411	0.052343	-0.771405	-0.514699	-0.144049	-0.009731	-2.990269
0.168200	-42.468332	-42.055363	84.523696	0.412969	126.992028	2.813971	2.814101	2.818223	0.264519	0.176417	0.048707	-0.778295	-0.519296	-0.145335	-0.009724	-2.990276
0.168400	-42.498334	-42.085363	84.583698	0.412971	127.082032	2.839119	2.839251	2.843405	0.244864	0.163303	0.045036	-0.784698	-0.523568	-0.146531	-0.009717	-2.990283
0.168600	-42.528336	-42.115363	84.643700	0.412973	127.172036	2.864286	2.864419	2.868602	0.225039	0.150076	0.041335	-0.790608	-0.527512	-0.147634	-0.009711	-2.990289
0.168800	-42.558338	-42.145363	84.703702	0.412975	127.262040	2.889471	2.889605	2.893815	0.205058	0.136744	0.037604	-0.796022	-0.531124	-0.148645	-0.009704	-2.990296
0.169000	-42.588341	-42.175363	84.763704	0.412977	127.352045	2.914674	2.914808	2.919043	0.184932	0.123315	0.033846	-0.800934	-0.534401	-0.149562	-0.009697	-2.990303
0.169200	-42.618343	-42.205363	84.823706	0.412979	127.442049	2.939895	2.940030	2.944286	0.164674	0.109799	0.030063	-0.805340	-0.537341	-0.150385	-0.009690	-2.990310
0.169400	-42.648345	-42.235363	84.883708	0.412981	127.532053	2.965135	2.965270	2.969544	0.144297	0.096203	0.026258	-0.809236	-0.539941	-0.151112	-0.009683	-2.990317
0.169600	-42.678347	-42.265363	84.943710	0.412983	127.622057	2.990392	2.990527	2.994818	0.123814	0.082536	0.022434	-0.812619	-0.542198	-0.151744	-0.009677	-2.990323
0.169800	-42.708349	-42.295363	85.003712	0.412985	127.712061	3.015667	3.015803	3.020106	0.103237	0.068807	0.018591	-0.815486	-0.544110	-0.152279	-0.009670	-2.990330
0.170000	-42.738351	-42.325363	85.063714	0.412987	127.802065	3.040961	3.041097	3.045410	0.082579	0.055024	0.014734	-0.817833	-0.545676	-0.152717	-0.009663	-2.990337
0.170200	-42.768353	-42.355363	85.123716	0.412990	127.892069	3.066272	3.066409	3.070730	0.061854	0.041195	0.010864	-0.819658	-0.546894	-0.153058	-0.009656	-2.990344
0.170400	-42.798355	-42.385363	85.183718	0.412992	127.982073	3.091602	3.091738	3.096064	0.041074	0.027331	0.006984	-0.820958	-0.547762	-0.153301	-0.009650	-2.990350
0.170600	-42.828357	-42.415363	85.243720	0.412994	128.072078	3.116950	3.117086	3.121414	0.020254	0.013439	0.003097	-0.821733	-0.548279	-0.153445	-0.009643	-2.990357
0.170800	-42.858359	-42.445363	85.303723	0.412996	128.162082	-3.140869	-3.140733	-3.136407	-0.000594	-0.000471	-0.000796	-0.821979	-0.548443	-0.153491	-0.009636	-2.990364
0.171000	-42.888361	-42.475363	85.363725	0.412998	128.252086	-3.115485	-3.115350	-3.111027	-0.021457	-0.014391	-0.004691	-0.821696	-0.548254	-0.153438	-0.009630	-2.990370
0.171200	-42.918363	-42.505363	85.423727	0.413000	128.342090	-3.090083	-3.089948	-3.085632	-0.042321	-0.028312	-0.008587	-0.820883	-0.547712	-0.153287	-0.009623	-2.990377
0.171400	-42.948365	-42.535363	85.483729	0.413002	128.432094	-3.064663	-3.064528	-3.060222	-0.063171	-0.042224	-0.012480	-0.819539	-0.546815	-0.153036	-0.009616	-2.990384
0.171600	-42.978367	-42.565363	85.543731	0.413004	128.522098	-3.039225	-3.039090	-3.034796	-0.083996	-0.056118	-0.016369	-0.817664	-0.545564	-0.152685	-0.009610	-2.990390
0.171800	-43.008369	-42.595363	85.603733	0.413006	128.612102	-3.013769	-3.013634	-3.009355	-0.104781	-0.069986	-0.020249	-0.815258	-0.543959	-0.152236	-0.009603	-2.990397
0.172000	-43.038371	-42.625363	85.663735	0.413008	128.702106	-2.988294	-2.988161	-2.983900	-0.125513	-0.083819	-0.024120	-0.812322	-0.541999	-0.151688	-0.009596	-2.990404
0.172200	-43.068373	-42.655363	85.723737	0.413010	128.792110	-2.962801	-2.962669	-2.958429	-0.146177	-0.097607	-0.027979	-0.808856	-0.539687	-0.151041	-0.009590	-2.990410
0.172400	-43.098375	-42.685363	85.783739	0.413012	128.882114	-2.937291	-2.937159	-2.932942	-0.166761	-0.111341	-0.031822	-0.804861	-0.537021	-0.150295	-0.009583	-2.990417
0.172600	-43.128377	-42.715363	85.843741	0.413014	128.972118	-2.911762	-2.911631	-2.907441	-0.187251	-0.125012	-0.035648	-0.800339	-0.534004	-0.149450	-0.009576	-2.990424
0.172800	-43.158379	-42.745363	85.903743	0.413016	129.062122	-2.886215	-2.886085	-2.881924	-0.207633	-0.138611	-0.039454	-0.795292	-0.530637	-0.148508	-0.009570	-2.990430
0.173000	-43.188381	-42.775363	85.963745	0.413018	129.152126	-2.860650	-2.860521	-2.856392	-0.227894	-0.152129	-0.043237	-0.789722	-0.526920	-0.147468	-0.009563	-2.990437
0.173200	-43.218383	-42.805363	86.023747	0.413020	129.242130	-2.835067	-2.834940	-2.830845	-0.248020	-0.165558	-0.046994	-0.783631	-0.522856	-0.146330	-0.009557	-2.990443
0.173400	-43.248385	-42.835363	86.083749	0.413022	129.332134	-2.809466	-2.809340	-2.805283	-0.267997	-0.178887	-0.050724	-0.777022	-0.518447	-0.145097	-0.009550	-2.990450
0.173600	-43.278387	-42.865363	86.143751	0.413024	129.422138	-2.783847	-2.783722	-2.779705	-0.287813	-0.192108	-0.054424	-0.769900	-0.513695	-0.143767	-0.009543	-2.990457
0.173800	-43.308389	-42.895363	86.203753	0.413026	129.512142	-2.758210	-2.758086	-2.754112	-0.307453	-0.205213	-0.058091	-0.762266	-0.508601	-0.142341	-0.009537	-2.990463
0.174000	-43.338391	-42.925363	86.263755	0.413028	129.602146	-2.732554	-2.732432	-2.728504	-0.326905	-0.218191	-0.061723	-0.754126	-0.503170	-0.140821	-0.009530	-2.990470
0.174200	-43.368393	-42.955363	86.323757	0.413030	129.692150	-2.706881	-2.706760	-2.702880	-0.346155	-0.231035	-0.065317	-0.745483	-0.497403	-0.139207	-0.009524	-2.990476
0.174400	-43.398395	-42.985363	86.383759	0.413032	129.782154	-2.681189	-2.681070	-2.677241	-0.365190	-0.243736	-0.068871	-0.736342	-0.491304	-0.137501	-0.009517	-2.990483
0.174600	-43.428397	-43.015363	86.443761	0.413034	129.872158	-2.655479	-2.655362	-2.651586	-0.383997	-0.256284	-0.072383	-0.726708	-0.484877	-0.135702	-0.009511	-2.990489
0.174800	-43.458399	-43.045363	86.503763	0.413036	129.962162	-2.629752	-2.629637	-2.625916	-0.402563	-0.268672	-0.075849	-0.716587	-0.478124	-0.133812	-0.009504	-2.990496
0.175000	-43.488401	-43.075363	86.563765	0.413038	130.052166	-2.604006	-2.603893	-2.600231	-0.420875	-0.280890	-0.079269	-0.705984	-0.471049	-0.131832	-0.009498	-2.990502
0.175200	-43.518403	-43.105363	86.623767	0.413040	130.142170	-2.578242	-2.578131	-2.574530	-0.438921	-0.292931	-0.082638	-0.694906	-0.463657	-0.129764	-0.009491	-2.990509
0.175400	-43.548405	-43.135363	86.683769	0.413042	130.232174	-2.552460	-2.552351	-2.548813	-0.456688	-0.304785	-0.085955	-0.683358	-0.455952	-0.127608	-0.009485	-2.990515
0.175600	-43.578407	-43.165363	86.743771	0.413044	130.322178	-2.526660	-2.526553	-2.523081	-0.474163	-0.316445	-0.089218	-0.671347	-0.447938	-0.125365	-0.009478	-2.990522
0.175800	-43.608409	-43.195363	86.803773	0.413046	130.412182	-2.500842	-2.500737	-2.497334	-0.491335	-0.327902	-0.092424	-0.658880	-0.439621	-0.123038	-0.009472	-2.990528
0.176000	-43.638411	-43.225363	86.863775	0.413048	130.502186	-2.475005	-2.474903	-2.471570	-0.508191	-0.339148	-0.095571	-0.645966	-0.431004	-0.120626	-0.009465	-2.990535
0.176200	-43.668413	-43.255363	86.923777	0.413050	130.592190	-2.449151	-2.449051	-2.445791	-0.524718	-0.350176	-0.098657	-0.632611	-0.422093	-0.118133	-0.009459	-2.990541
0.176400	-43.698415	-43.285363	86.983779	0.413052	130.682194	-2.423279	-2.423181	-2.419996	-0.540907	-0.360977	-0.101679	-0.618823	-0.412894	-0.115558	-0.009452	-2.990548
0.176600	-43.728417	-43.315363	87.043781	0.413054	130.772198	-2.397388	-2.397293	-2.394186	-0.556744	-0.371544	-0.104636	-0.604611	-0.403411	-0.112905	-0.009446	-2.990554
0.176800	-43.758419	-43.345363	87.103783	0.413056	130.862202	-2.371480	-2.371387	-2.368359	-0.572218	-0.381869	-0.107525	-0.589984	-0.393652	-0.110174	-0.009439	-2.990561
0.177000	-43.788421	-43.375363	87.163785	0.413058	130.952206	-2.345553	-2.345463	-2.342517	-0.587319	-0.391944	-0.110345	-0.574950	-0.383621	-0.107367	-0.009433	-2.990567
0.177200	-43.818423	-43.405363	87.223787	0.413060	131.042210	-2.319608	-2.319521	-2.316659	-0.602035	-0.401763	-0.113092	-0.559519	-0.373325	-0.104486	-0.009427	-2.990573
0.177400	-43.848425	-43.435363	87.283789	0.413062	131.132214	-2.293645	-2.293561	-2.290784	-0.616356	-0.411318	-0.115766	-0.543700	-0.362771	-0.101532	-0.009420	-2.990580
0.177600	-43.878427	-43.465363	87.343791	0.413064	131.222218	-2.267665	-2.267583	-2.264894	-0.630270	-0.420602	-0.118364	-0.527504	-0.351964	-0.098508	-0.009414	-2.990586
0.177800	-43.908429	-43.495363	87.403792	0.413066	131.312222	-2.241666	-2.241587	-2.238987	-0.643769	-0.429608	-0.120884	-0.510940	-0.340912	-0.095416	-0.009407	-2.990593
0.178000	-43.938431	-43.525363	87.463794	0.413068	131.402225	-2.215649	-2.215573	-2.213065	-0.656841	-0.438330	-0.123325	-0.494019	-0.329622	-0.092256	-0.009401	-2.990599
0.178200	-43.968433	-43.555363	87.523796	0.413069	131.492229	-2.189614	-2.189541	-2.187126	-0.669477	-0.446762	-0.125684	-0.476752	-0.318101	-0.089032	-0.009395	-2.990605
0.178400	-43.998435	-43.585363	87.583798	0.413071	131.582233	-2.163561	-2.163491	-2.161171	-0.681668	-0.454896	-0.127960	-0.459149	-0.306357	-0.085746	-0.009388	-2.990612
0.178600	-44.028437	-43.615363	87.643800	0.413073	131.672237	-2.137490	-2.137423	-2.135200	-0.693404	-0.462726	-0.130151	-0.441222	-0.294396	-0.082399	-0.009382	-2.990618
0.178800	-44.058439	-43.645363	87.703802	0.413075	131.762241	-2.111400	-2.111337	-2.109212	-0.704677	-0.470247	-0.132256	-0.422983	-0.282226	-0.078994	-0.009376	-2.990624
0.179000	-44.088441	-43.675363	87.763804	0.413077	131.852245	-2.085293	-2.085233	-2.083208	-0.715477	-0.477453	-0.134272	-0.404443	-0.269856	-0.075532	-0.009369	-2.990631
0.179200	-44.118443	-43.705363	87.823806	0.413079	131.942249	-2.059168	-2.059111	-2.057187	-0.725797	-0.484339	-0.136199	-0.385615	-0.257293	-0.072017	-0.009363	-2.990637
0.179400	-44.148445	-43.735363	87.883808	0.413081	132.032253	-2.033024	-2.032971	-2.031149	-0.735628	-0.490898	-0.138034	-0.366510	-0.244546	-0.068450	-0.009357	-2.990643
0.179600	-44.178446	-43.765363	87.943810	0.413083	132.122256	-2.006863	-2.006813	-2.005095	-0.744962	-0.497126	-0.139777	-0.347141	-0.231623	-0.064834	-0.009350	-2.990650
0.179800	-44.208448	-43.795363	88.003812	0.413085	132.212260	-1.980684	-1.980637	-1.979025	-0.753793	-0.503018	-0.141426	-0.327521	-0.218532	-0.061170	-0.009344	-2.990656
0.180000	-44.238450	-43.825363	88.063814	0.413087	132.302264	-1.954486	-1.954443	-1.952937	-0.762112	-0.508569	-0.142979	-0.307663	-0.205283	-0.057463	-0.009338	-2.990662
0.180200	-44.268452	-43.855363	88.123816	0.413089	132.392268	-1.928271	-1.928231	-1.926833	-0.769914	-0.513775	-0.144436	-0.287580	-0.191883	-0.053713	-0.009331	-2.990669
0.180400	-44.298454	-43.885363	88.183818	0.413091	132.482272	-1.902037	-1.902001	-1.900711	-0.777192	-0.518630	-0.145794	-0.267285	-0.178342	-0.049924	-0.009325	-2.990675
0.180600	-44.328456	-43.915363	88.243820	0.413093	132.572276	-1.875786	-1.875753	-1.874573	-0.783939	-0.523132	-0.147054	-0.246793	-0.164669	-0.046098	-0.009319	-2.990681
0.180800	-44.358458	-43.945363	88.303821	0.413095	132.662279	-1.849516	-1.849487	-1.848418	-0.790150	-0.527276	-0.148214	-0.226116	-0.150873	-0.042238	-0.009313	-2.990687
0.181000	-44.388460	-43.975363	88.363823	0.413096	132.752283	-1.823228	-1.823203	-1.822245	-0.795820	-0.531059	-0.149272	-0.205269	-0.136964	-0.038346	-0.009306	-2.990694
0.181200	-44.418462	-44.005363	88.423825	0.413098	132.842287	-1.796923	-1.796901	-1.796055	-0.800943	-0.534477	-0.150229	-0.184266	-0.122950	-0.034425	-0.009300	-2.990700
0.181400	-44.448464	-44.035363	88.483827	0.413100	132.932291	-1.770599	-1.770581	-1.769848	-0.805515	-0.537528	-0.151082	-0.163120	-0.108842	-0.030477	-0.009294	-2.990706
0.181600	-44.478466	-44.065363	88.543829	0.413102	133.022295	-1.744257	-1.744243	-1.743624	-0.809531	-0.540208	-0.151832	-0.141848	-0.094648	-0.026505	-0.009288	-2.990712
0.181800	-44.508468	-44.095363	88.603831	0.413104	133.112298	-1.717898	-1.717886	-1.717382	-0.812988	-0.542514	-0.152478	-0.120462	-0.080379	-0.022513	-0.009281	-2.990718
0.182000	-44.538469	-44.125363	88.663833	0.413106	133.202302	-1.691520	-1.691512	-1.691123	-0.815882	-0.544445	-0.153018	-0.098977	-0.066044	-0.018501	-0.009275	-2.990725
0.182200	-44.568471	-44.155363	88.723835	0.413108	133.292306	-1.665124	-1.665120	-1.664846	-0.818210	-0.545998	-0.153452	-0.077410	-0.051654	-0.014475	-0.009269	-2.990731
0.182400	-44.598473	-44.185363	88.783837	0.413110	133.382310	-1.638710	-1.638710	-1.638551	-0.819969	-0.547172	-0.153781	-0.055773	-0.037218	-0.010435	-0.009263	-2.990737
0.182600	-44.628475	-44.215363	88.843839	0.413112	133.472314	-1.612279	-1.612282	-1.612239	-0.821157	-0.547964	-0.154003	-0.034083	-0.022746	-0.006386	-0.009257	-2.990743
0.182800	-44.658477	-44.245363	88.903840	0.413114	133.562317	-1.585829	-1.585836	-1.585908	-0.821771	-0.548374	-0.154117	-0.012354	-0.008248	-0.002329	-0.009251	-2.990749
0.183000	-44.688479	-44.275363	88.963842	0.413115	133.652321	-1.559361	-1.559372	-1.559560	-0.821810	-0.548400	-0.154125	0.009398	0.006265	0.001732	-0.009244	-2.990756
0.183200	-44.718481	-44.305363	89.023844	0.413117	133.742325	-1.532875	-1.532890	-1.533194	-0.821273	-0.548042	-0.154024	0.031159	0.020784	0.005794	-0.009238	-2.990762
0.183400	-44.748483	-44.335363	89.083846	0.413119	133.832329	-1.506371	-1.506390	-1.506810	-0.820159	-0.547299	-0.153816	0.052912	0.035299	0.009856	-0.009232	-2.990768
0.183600	-44.778484	-44.365363	89.143848	0.413121	133.922332	-1.479850	-1.479872	-1.480407	-0.818468	-0.546171	-0.153501	0.074643	0.049798	0.013913	-0.009226	-2.990774
0.183800	-44.808486	-44.395363	89.203850	0.413123	134.012336	-1.453310	-1.453335	-1.453987	-0.816200	-0.544657	-0.153077	0.096336	0.064272	0.017963	-0.009220	-2.990780
0.184000	-44.838488	-44.425363	89.263852	0.413125	134.102340	-1.426752	-1.426781	-1.427548	-0.813354	-0.542758	-0.152546	0.117976	0.078710	0.022003	-0.009214	-2.990786
0.184200	-44.868490	-44.455363	89.323854	0.413127	134.192344	-1.400176	-1.400209	-1.401090	-0.809933	-0.540476	-0.151907	0.139547	0.093103	0.026030	-0.009208	-2.990793
0.184400	-44.898492	-44.485363	89.383855	0.413129	134.282347	-1.373583	-1.373619	-1.374614	-0.805936	-0.537809	-0.151161	0.161035	0.107440	0.030041	-0.009201	-2.990799
0.184600	-44.928494	-44.515363	89.443857	0.413130	134.372351	-1.346971	-1.347011	-1.348120	-0.801367	-0.534760	-0.150308	0.182423	0.121710	0.034034	-0.009195	-2.990805
0.184800	-44.958496	-44.545363	89.503859	0.413132	134.462355	-1.320341	-1.320385	-1.321607	-0.796226	-0.531331	-0.149348	0.203696	0.135904	0.038006	-0.009189	-2.990811
0.185000	-44.988498	-44.575363	89.563861	0.413134	134.552359	-1.293694	-1.293741	-1.295075	-0.790517	-0.527521	-0.148283	0.224839	0.150011	0.041953	-0.009183	-2.990817
0.185200	-45.018499	-44.605363	89.623863	0.413136	134.642362	-1.267028	-1.267079	-1.268525	-0.784243	-0.523335	-0.147111	0.245836	0.164021	0.045873	-0.009177	-2.990823
0.185400	-45.048501	-44.635363	89.683865	0.413138	134.732366	-1.240344	-1.240398	-1.241955	-0.777405	-0.518773	-0.145835	0.266673	0.177923	0.049763	-0.009171	-2.990829
0.185600	-45.078503	-44.665363	89.743867	0.413140	134.822370	-1.213643	-1.213700	-1.215367	-0.770010	-0.513838	-0.144454	0.287334	0.191708	0.053620	-0.009165	-2.990835
0.185800	-45.108505	-44.695363	89.803868	0.413142	134.912373	-1.186923	-1.186984	-1.188760	-0.762060	-0.508534	-0.142970	0.307804	0.205366	0.057442	-0.009159	-2.990841
0.186000	-45.138507	-44.725363	89.863870	0.413143	135.002377	-1.160186	-1.160250	-1.162133	-0.753560	-0.502863	-0.141383	0.328067	0.218886	0.061225	-0.009153	-2.990847
0.186200	-45.168509	-44.755363	89.923872	0.413145	135.092381	-1.133431	-1.133498	-1.135487	-0.744515	-0.496828	-0.139694	0.348110	0.232259	0.064967	-0.009147	-2.990853
0.186400	-45.198511	-44.785363	89.983874	0.413147	135.182384	-1.106657	-1.106728	-1.108822	-0.734930	-0.490433	-0.137905	0.367917	0.245474	0.068664	-0.009141	-2.990859
0.186600	-45.228512	-44.815363	90.043876	0.413149	135.272388	-1.079866	-1.079940	-1.082138	-0.724812	-0.483682	-0.136016	0.387473	0.258523	0.072315	-0.009135	-2.990865
0.186800	-45.258514	-44.845363	90.103878	0.413151	135.362392	-1.053057	-1.053134	-1.055434	-0.714167	-0.476579	-0.134029	0.406764	0.271394	0.075917	-0.009129	-2.990871
0.187000	-45.288516	-44.875363	90.163879	0.413153	135.452395	-1.026229	-1.026310	-1.028711	-0.703000	-0.469129	-0.131944	0.425775	0.284078	0.079466	-0.009123	-2.990877
0.187200	-45.318518	-44.905363	90.223881	0.413154	135.542399	-0.999384	-0.999467	-1.001968	-0.691320	-0.461335	-0.129764	0.444493	0.296567	0.082960	-0.009117	-2.990883
0.187400	-45.348520	-44.935363	90.283883	0.413156	135.632403	-0.972521	-0.972607	-0.975206	-0.679133	-0.453204	-0.127489	0.462902	0.308850	0.086397	-0.009111	-2.990889
0.187600	-45.378522	-44.965363	90.343885	0.413158	135.722406	-0.945640	-0.945729	-0.948423	-0.666447	-0.444740	-0.125121	0.480990	0.320918	0.089774	-0.009105	-2.990895
0.187800	-45.408523	-44.995363	90.403887	0.413160	135.812410	-0.918741	-0.918833	-0.921621	-0.653271	-0.435949	-0.122661	0.498742	0.332763	0.093088	-0.009099	-2.990901
0.188000	-45.438525	-45.025363	90.463889	0.413162	135.902414	-0.891824	-0.891919	-0.894800	-0.639613	-0.426836	-0.120111	0.516144	0.344374	0.096337	-0.009093	-2.990907
0.188200	-45.468527	-45.055363	90.523890	0.413164	135.992417	-0.864889	-0.864987	-0.867958	-0.625482	-0.417408	-0.117473	0.533184	0.355743	0.099518	-0.009087	-2.990913
0.188400	-45.498529	-45.085363	90.583892	0.413165	136.082421	-0.837936	-0.838037	-0.841096	-0.610888	-0.407670	-0.114749	0.549849	0.366862	0.102629	-0.009081	-2.990919
0.188600	-45.528531	-45.115363	90.643894	0.413167	136.172425	-0.810966	-0.811069	-0.814214	-0.595839	-0.397629	-0.111939	0.566124	0.377721	0.105667	-0.009075	-2.990925
0.188800	-45.558532	-45.145363	90.703896	0.413169	136.262428	-0.783977	-0.784083	-0.787312	-0.580347	-0.387293	-0.109047	0.581999	0.388313	0.108631	-0.009069	-2.990931
0.189000	-45.588534	-45.175363	90.763898	0.413171	136.352432	-0.756970	-0.757078	-0.760390	-0.564421	-0.376667	-0.106074	0.597460	0.398629	0.111517	-0.009063	-2.990937
0.189200	-45.618536	-45.205363	90.823899	0.413173	136.442436	-0.729946	-0.730056	-0.733447	-0.548073	-0.365759	-0.103022	0.612495	0.408660	0.114324	-0.009057	-2.990943
0.189400	-45.648538	-45.235363	90.883901	0.413174	136.532439	-0.702903	-0.703016	-0.706485	-0.531313	-0.354576	-0.099893	0.627092	0.418400	0.117049	-0.009051	-2.990949
0.189600	-45.678540	-45.265363	90.943903	0.413176	136.622443	-0.675843	-0.675958	-0.679501	-0.514153	-0.343127	-0.096690	0.641241	0.427840	0.119690	-0.009045	-2.990955
0.189800	-45.708541	-45.295363	91.003905	0.413178	136.712446	-0.648765	-0.648882	-0.652498	-0.496604	-0.331418	-0.093414	0.654928	0.436973	0.122245	-0.009039	-2.990961
0.190000	-45.738543	-45.325363	91.063907	0.413180	136.802450	-0.621669	-0.621788	-0.625474	-0.478680	-0.319459	-0.090068	0.668145	0.445791	0.124713	-0.009034	-2.990967
0.190200	-45.768545	-45.355363	91.123908	0.413182	136.892454	-0.594555	-0.594676	-0.598429	-0.460391	-0.307257	-0.086654	0.680879	0.454287	0.127090	-0.009028	-2.990972
0.190400	-45.798547	-45.385363	91.183910	0.413183	136.982457	-0.567423	-0.567546	-0.571364	-0.441752	-0.294820	-0.083174	0.693120	0.462455	0.129375	-0.009022	-2.990978
0.190600	-45.828549	-45.415363	91.243912	0.413185	137.072461	-0.540273	-0.540398	-0.544278	-0.422775	-0.282158	-0.079632	0.704859	0.470287	0.131567	-0.009016	-2.990984
0.190800	-45.858550	-45.445363	91.303914	0.413187	137.162464	-0.513105	-0.513232	-0.517171	-0.403473	-0.269280	-0.076029	0.716086	0.477778	0.133662	-0.009010	-2.990990
0.191000	-45.888552	-45.475363	91.363916	0.413189	137.252468	-0.485919	-0.486048	-0.490043	-0.383861	-0.256194	-0.072367	0.726792	0.484921	0.135661	-0.009004	-2.990996
0.191200	-45.918554	-45.505363	91.423917	0.413191	137.342471	-0.458716	-0.458846	-0.462895	-0.363951	-0.242910	-0.068651	0.736967	0.491710	0.137560	-0.008998	-2.991002
0.191400	-45.948556	-45.535363	91.483919	0.413192	137.432475	-0.431494	-0.431626	-0.435726	-0.343759	-0.229438	-0.064881	0.746603	0.498139	0.139359	-0.008992	-2.991007
0.191600	-45.978558	-45.565363	91.543921	0.413194	137.522479	-0.404255	-0.404388	-0.408536	-0.323298	-0.215786	-0.061062	0.755691	0.504203	0.141056	-0.008987	-2.991013
0.191800	-46.008559	-45.595363	91.603923	0.413196	137.612482	-0.376997	-0.377132	-0.381325	-0.302583	-0.201965	-0.057195	0.764224	0.509896	0.142649	-0.008981	-2.991019
0.192000	-46.038561	-45.625363	91.663925	0.413198	137.702486	-0.349722	-0.349858	-0.354093	-0.281630	-0.187985	-0.053284	0.772195	0.515215	0.144137	-0.008975	-2.991025
0.192200	-46.068563	-45.655363	91.723926	0.413199	137.792489	-0.322429	-0.322565	-0.326840	-0.260453	-0.173855	-0.049330	0.779596	0.520153	0.145519	-0.008969	-2.991031
0.192400	-46.098565	-45.685363	91.783928	0.413201	137.882493	-0.295118	-0.295255	-0.299565	-0.239068	-0.159587	-0.045338	0.786421	0.524706	0.146793	-0.008963	-2.991037
0.192600	-46.128566	-45.715363	91.843930	0.413203	137.972496	-0.267789	-0.267927	-0.272270	-0.217491	-0.145190	-0.041310	0.792663	0.528871	0.147958	-0.008958	-2.991042
0.192800	-46.158568	-45.745363	91.903932	0.413205	138.062500	-0.240443	-0.240581	-0.244954	-0.195736	-0.130675	-0.037249	0.798317	0.532643	0.149013	-0.008952	-2.991048
0.193000	-46.188570	-45.775363	91.963933	0.413206	138.152503	-0.213078	-0.213217	-0.217616	-0.173820	-0.116053	-0.033158	0.803377	0.536019	0.149958	-0.008946	-2.991054
0.193200	-46.218572	-45.805363	92.023935	0.413208	138.242507	-0.185695	-0.185835	-0.190258	-0.151760	-0.101334	-0.029040	0.807838	0.538996	0.150791	-0.008940	-2.991060
0.193400	-46.248573	-45.835363	92.083937	0.413210	138.332510	-0.158295	-0.158435	-0.162878	-0.129571	-0.086529	-0.024898	0.811696	0.541570	0.151511	-0.008935	-2.991065
0.193600	-46.278575	-45.865363	92.143939	0.413212	138.422514	-0.130876	-0.131017	-0.135476	-0.107270	-0.071650	-0.020735	0.814946	0.543739	0.152118	-0.008929	-2.991071
0.193800	-46.308577	-45.895363	92.203940	0.413213	138.512517	-0.103440	-0.103581	-0.108054	-0.084874	-0.056707	-0.016555	0.817586	0.545500	0.152611	-0.008923	-2.991077
0.194000	-46.338579	-45.925363	92.263942	0.413215	138.602521	-0.075986	-0.076128	-0.080610	-0.062399	-0.041711	-0.012359	0.819611	0.546851	0.152989	-0.008917	-2.991083
0.194200	-46.368580	-45.955363	92.323944	0.413217	138.692524	-0.048514	-0.048656	-0.053145	-0.039862	-0.026674	-0.008152	0.821019	0.547791	0.153252	-0.008912	-2.991088
0.194400	-46.398582	-45.985363	92.383946	0.413219	138.782528	-0.021024	-0.021166	-0.025659	-0.017280	-0.011607	-0.003937	0.821808	0.548317	0.153399	-0.008906	-2.991094
0.194600	-46.428584	-46.015363	92.443947	0.413220	138.872531	0.006484	0.006342	0.001849	0.005329	0.003478	0.000284	0.821976	0.548429	0.153430	-0.008900	-2.991100
0.194800	-46.458586	-46.045363	92.503949	0.413222	138.962535	0.034009	0.033868	0.029377	0.027950	0.018571	0.004506	0.821521	0.548126	0.153346	-0.008894	-2.991106
0.195000	-46.488587	-46.075363	92.563951	0.413224	139.052538	0.061553	0.061412	0.056928	0.050564	0.033660	0.008728	0.820443	0.547406	0.153144	-0.008889	-2.991111
0.195200	-46.518589	-46.105363	92.623953	0.413226	139.142542	0.089114	0.088974	0.084499	0.073155	0.048733	0.012945	0.818742	0.546271	0.152827	-0.008883	-2.991117
0.195400	-46.548591	-46.135363	92.683954	0.413227	139.232545	0.116694	0.116554	0.112092	0.095705	0.063778	0.017154	0.816416	0.544720	0.152393	-0.008877	-2.991123
0.195600	-46.578593	-46.165363	92.743956	0.413229	139.322549	0.144291	0.144152	0.139706	0.118197	0.078785	0.021352	0.813468	0.542752	0.151843	-0.008872	-2.991128
0.195800	-46.608594	-46.195363	92.803958	0.413231	139.412552	0.171906	0.171768	0.167342	0.140614	0.093742	0.025537	0.809897	0.540370	0.151176	-0.008866	-2.991134
0.196000	-46.638596	-46.225363	92.863960	0.413233	139.502556	0.199539	0.199402	0.194999	0.162938	0.108637	0.029704	0.805707	0.537574	0.150394	-0.008860	-2.991140
0.196200	-46.668598	-46.255363	92.923961	0.413234	139.592559	0.227190	0.227054	0.222677	0.185152	0.123458	0.033851	0.800897	0.534365	0.149496	-0.008855	-2.991145
0.196400	-46.698600	-46.285363	92.983963	0.413236	139.682563	0.254859	0.254724	0.250376	0.207239	0.138195	0.037974	0.795471	0.530745	0.148483	-0.008849	-2.991151
0.196600	-46.728601	-46.315363	93.043965	0.413238	139.772566	0.282545	0.282411	0.278097	0.229182	0.152835	0.042070	0.789433	0.526716	0.147356	-0.008843	-2.991157
0.196800	-46.758603	-46.345363	93.103966	0.413240	139.862569	0.310250	0.310117	0.305839	0.250963	0.167368	0.046135	0.782784	0.522280	0.146115	-0.008838	-2.991162
0.197000	-46.788605	-46.375363	93.163968	0.413241	139.952573	0.337972	0.337841	0.333602	0.272566	0.181782	0.050168	0.775530	0.517440	0.144761	-0.008832	-2.991168
0.197200	-46.818606	-46.405363	93.223970	0.413243	140.042576	0.365713	0.365583	0.361387	0.293973	0.196065	0.054164	0.767675	0.512198	0.143295	-0.008826	-2.991174
0.197400	-46.848608	-46.435363	93.283972	0.413245	140.132580	0.393471	0.393343	0.389193	0.315167	0.210206	0.058120	0.759223	0.506559	0.141717	-0.008821	-2.991179
0.197600	-46.878610	-46.465363	93.343973	0.413246	140.222583	0.421247	0.421121	0.417019	0.336132	0.224194	0.062033	0.750180	0.500526	0.140029	-0.008815	-2.991185
0.197800	-46.908612	-46.495363	93.403975	0.413248	140.312587	0.449041	0.448916	0.444867	0.356852	0.238018	0.065901	0.740552	0.494102	0.138232	-0.008810	-2.991190
0.198000	-46.938613	-46.525363	93.463977	0.413250	140.402590	0.476853	0.476730	0.472736	0.377309	0.251667	0.069719	0.730344	0.487291	0.136327	-0.008804	-2.991196
0.198200	-46.968615	-46.555363	93.523978	0.413252	140.492593	0.504683	0.504562	0.500626	0.397487	0.265131	0.073486	0.719565	0.480099	0.134315	-0.008798	-2.991202
0.198400	-46.998617	-46.585363	93.583980	0.413253	140.582597	0.532530	0.532412	0.528538	0.417370	0.278397	0.077197	0.708221	0.472530	0.132198	-0.008793	-2.991207
0.198600	-47.028618	-46.615363	93.643982	0.413255	140.672600	0.560396	0.560280	0.556470	0.436942	0.291455	0.080851	0.696320	0.464590	0.129976	-0.008787	-2.991213
0.198800	-47.058620	-46.645363	93.703984	0.413257	140.762604	0.588280	0.588165	0.584423	0.456187	0.304296	0.084443	0.683870	0.456283	0.127652	-0.008782	-2.991218
0.199000	-47.088622	-46.675363	93.763985	0.413258	140.852607	0.616181	0.616069	0.612397	0.475089	0.316908	0.087971	0.670879	0.447615	0.125227	-0.008776	-2.991224
0.199200	-47.118623	-46.705363	93.823987	0.413260	140.942610	0.644100	0.643991	0.640392	0.493634	0.329281	0.091433	0.657358	0.438594	0.122704	-0.008771	-2.991229
0.199400	-47.148625	-46.735363	93.883989	0.413262	141.032614	0.672038	0.671931	0.668407	0.511805	0.341405	0.094825	0.643314	0.429224	0.120082	-0.008765	-2.991235
0.199600	-47.178627	-46.765363	93.943990	0.413263	141.122617	0.699993	0.699889	0.696444	0.529589	0.353271	0.098144	0.628759	0.419512	0.117366	-0.008760	-2.991240
0.199800	-47.208629	-46.795363	94.003992	0.413265	141.212621	0.727966	0.727864	0.724501	0.546969	0.364867	0.101388	0.613703	0.409467	0.114555	-0.008754	-2.991246
0.200000	-47.238630	-46.825363	94.063994	0.413267	141.302624	0.755957	0.755858	0.752578	0.563933	0.376185	0.104555	0.598156	0.399094	0.111653	-0.008748	-2.991252
