#model:pLinear_up	end_point_b=0.20
#t	l_1	l_2	l_3	l_2-l_1	l_3-l_1	phase_1	phase_2	phase_3	RePsi_1	RePsi_2	RePsi_3	ImPsi_1	ImPsi_2	ImPsi_3
0.100200	-249.242606	-190.002362	439.244968	59.240244	688.487574	1.589805	1.592464	1.676816	0.821904	0.548316	0.152233	-0.015625	-0.011883	-0.016201	-0.237681	-2.762319
0.100400	-249.318964	-190.032755	439.351720	59.286209	688.670684	1.608829	1.614147	1.782687	0.821392	0.547927	0.150027	-0.031255	-0.023768	-0.032274	-0.237793	-2.762207
0.100600	-249.395305	-190.063147	439.458452	59.332158	688.853757	1.627867	1.635841	1.888244	0.820538	0.547278	0.146368	-0.046879	-0.035648	-0.048091	-0.237904	-2.762096
0.100800	-249.471628	-190.093539	439.565167	59.378089	689.036794	1.646915	1.657544	1.993329	0.819342	0.546370	0.141285	-0.062488	-0.047515	-0.063524	-0.238015	-2.761985
0.101000	-249.547933	-190.123929	439.671862	59.424004	689.219795	1.665972	1.679252	2.097798	0.817805	0.545202	0.134816	-0.078071	-0.059363	-0.078449	-0.238127	-2.761873
0.101200	-249.624220	-190.154319	439.778539	59.469901	689.402759	1.685035	1.700962	2.201515	0.815929	0.543777	0.127012	-0.093618	-0.071184	-0.092746	-0.238238	-2.761762
0.101400	-249.700490	-190.184708	439.885198	59.515781	689.585688	1.704102	1.722671	2.304365	0.813716	0.542096	0.117932	-0.109120	-0.082970	-0.106300	-0.238349	-2.761651
0.101600	-249.776741	-190.215096	439.991838	59.561645	689.768579	1.723171	1.744376	2.406246	0.811167	0.540159	0.107646	-0.124567	-0.094714	-0.119000	-0.238460	-2.761540
0.101800	-249.852976	-190.245484	440.098460	59.607492	689.951435	1.742240	1.766075	2.507075	0.808286	0.537969	0.096234	-0.139949	-0.106410	-0.130743	-0.238570	-2.761430
0.102000	-249.929192	-190.275871	440.205063	59.653321	690.134255	1.761306	1.787763	2.606786	0.805075	0.535529	0.083784	-0.155257	-0.118050	-0.141433	-0.238681	-2.761319
0.102200	-250.005391	-190.306257	440.311647	59.699134	690.317038	1.780368	1.809439	2.705330	0.801538	0.532840	0.070391	-0.170483	-0.129629	-0.150982	-0.238791	-2.761209
0.102400	-250.081572	-190.336642	440.418214	59.744930	690.499785	1.799424	1.831100	2.802676	0.797679	0.529905	0.056160	-0.185617	-0.141139	-0.159311	-0.238902	-2.761098
0.102600	-250.157735	-190.367026	440.524761	59.790709	690.682496	1.818473	1.852743	2.898804	0.793503	0.526728	0.041201	-0.200652	-0.152574	-0.166351	-0.239012	-2.760988
0.102800	-250.233881	-190.397410	440.631291	59.836471	690.865172	1.837511	1.874365	2.993711	0.789014	0.523313	0.025629	-0.215578	-0.163928	-0.172041	-0.239122	-2.760878
0.103000	-250.310009	-190.427793	440.737802	59.882216	691.047811	1.856539	1.895965	3.087402	0.784216	0.519661	0.009565	-0.230389	-0.175196	-0.176331	-0.239232	-2.760768
0.103200	-250.386119	-190.458175	440.844294	59.927944	691.230414	1.875555	1.917540	-3.103289	0.779116	0.515778	-0.006867	-0.245077	-0.186372	-0.179184	-0.239342	-2.760658
0.103400	-250.462212	-190.488557	440.950769	59.973655	691.412981	1.894557	1.939088	-3.011969	0.773718	0.511666	-0.023538	-0.259636	-0.197451	-0.180571	-0.239452	-2.760548
0.103600	-250.538287	-190.518937	441.057225	60.019350	691.595512	1.913545	1.960606	-2.921791	0.768029	0.507331	-0.040320	-0.274058	-0.208428	-0.180476	-0.239562	-2.760438
0.103800	-250.614345	-190.549317	441.163662	60.065027	691.778007	1.932518	1.982094	-2.832718	0.762053	0.502775	-0.057083	-0.288338	-0.219298	-0.178894	-0.239671	-2.760329
0.104000	-250.690385	-190.579696	441.270081	60.110688	691.960466	1.951474	2.003549	-2.744709	0.755798	0.498004	-0.073695	-0.302470	-0.230057	-0.175831	-0.239781	-2.760219
0.104200	-250.766407	-190.610075	441.376482	60.156332	692.142889	1.970415	2.024971	-2.657720	0.749268	0.493022	-0.090028	-0.316448	-0.240700	-0.171304	-0.239890	-2.760110
0.104400	-250.842412	-190.640453	441.482865	60.201959	692.325277	1.989338	2.046357	-2.571706	0.742471	0.487833	-0.105953	-0.330269	-0.251225	-0.165343	-0.239999	-2.760001
0.104600	-250.918399	-190.670830	441.589229	60.247570	692.507629	2.008244	2.067707	-2.486618	0.735411	0.482442	-0.121348	-0.343927	-0.261627	-0.157988	-0.240108	-2.759892
0.104800	-250.994369	-190.701206	441.695575	60.293163	692.689944	2.027133	2.089020	-2.402410	0.728097	0.476852	-0.136092	-0.357418	-0.271903	-0.149290	-0.240217	-2.759783
0.105000	-251.070322	-190.731581	441.801903	60.338740	692.872225	2.046005	2.110294	-2.319033	0.720532	0.471069	-0.150068	-0.370739	-0.282051	-0.139309	-0.240326	-2.759674
0.105200	-251.146256	-190.761956	441.908212	60.384300	693.054469	2.064860	2.131530	-2.236439	0.712724	0.465096	-0.163168	-0.383887	-0.292067	-0.128117	-0.240435	-2.759565
0.105400	-251.222174	-190.792330	442.014504	60.429844	693.236677	2.083700	2.152727	-2.154583	0.704678	0.458939	-0.175288	-0.396858	-0.301950	-0.115794	-0.240543	-2.759457
0.105600	-251.298074	-190.822703	442.120777	60.475370	693.418850	2.102524	2.173884	-2.073417	0.696400	0.452600	-0.186332	-0.409651	-0.311696	-0.102429	-0.240652	-2.759348
0.105800	-251.373956	-190.853076	442.227032	60.520880	693.600988	2.121334	2.195002	-1.992897	0.687896	0.446085	-0.196213	-0.422262	-0.321305	-0.088118	-0.240760	-2.759240
0.106000	-251.449821	-190.883448	442.333269	60.566373	693.783089	2.140131	2.216081	-1.912979	0.679172	0.439397	-0.204853	-0.434690	-0.330774	-0.072967	-0.240869	-2.759131
0.106200	-251.525668	-190.913819	442.439487	60.611849	693.965155	2.158916	2.237121	-1.833620	0.670231	0.432540	-0.212182	-0.446934	-0.340102	-0.057087	-0.240977	-2.759023
0.106400	-251.601498	-190.944189	442.545688	60.657309	694.147186	2.177691	2.258123	-1.754780	0.661080	0.425518	-0.218139	-0.458992	-0.349287	-0.040593	-0.241085	-2.758915
0.106600	-251.677311	-190.974559	442.651870	60.702752	694.329181	2.196457	2.279087	-1.676417	0.651722	0.418335	-0.222678	-0.470863	-0.358329	-0.023607	-0.241193	-2.758807
0.106800	-251.753106	-191.004928	442.758034	60.748178	694.511140	2.215216	2.300014	-1.598495	0.642164	0.410993	-0.225758	-0.482545	-0.367226	-0.006255	-0.241301	-2.758699
0.107000	-251.828884	-191.035296	442.864180	60.793587	694.693064	2.233971	2.320905	-1.520975	0.632407	0.403496	-0.227354	-0.494040	-0.375977	0.011337	-0.241408	-2.758592
0.107200	-251.904644	-191.065664	442.970308	60.838980	694.874952	2.252723	2.341762	-1.443821	0.622458	0.395846	-0.227448	-0.505344	-0.384582	0.029037	-0.241516	-2.758484
0.107400	-251.980387	-191.096031	443.076418	60.884356	695.056805	2.271475	2.362585	-1.366997	0.612318	0.388048	-0.226038	-0.516459	-0.393040	0.046715	-0.241623	-2.758377
0.107600	-252.056113	-191.126397	443.182510	60.929716	695.238622	2.290228	2.383377	-1.290470	0.601992	0.380102	-0.223129	-0.527383	-0.401349	0.064240	-0.241731	-2.758269
0.107800	-252.131821	-191.156762	443.288583	60.975059	695.420404	2.308987	2.404138	-1.214207	0.591482	0.372013	-0.218740	-0.538117	-0.409510	0.081484	-0.241838	-2.758162
0.108000	-252.207512	-191.187127	443.394639	61.020385	695.602151	2.327753	2.424871	-1.138175	0.580792	0.363780	-0.212901	-0.548659	-0.417522	0.098317	-0.241945	-2.758055
0.108200	-252.283186	-191.217491	443.500677	61.065695	695.783863	2.346529	2.445577	-1.062342	0.569922	0.355408	-0.205653	-0.559010	-0.425384	0.114617	-0.242052	-2.757948
0.108400	-252.358842	-191.247854	443.606696	61.110988	695.965539	2.365318	2.466258	-0.986678	0.558877	0.346898	-0.197046	-0.569168	-0.433095	0.130261	-0.242159	-2.757841
0.108600	-252.434481	-191.278217	443.712698	61.156264	696.147179	2.384123	2.486917	-0.911151	0.547657	0.338250	-0.187143	-0.579134	-0.440654	0.145136	-0.242266	-2.757734
0.108800	-252.510103	-191.308579	443.818682	61.201524	696.328785	2.402947	2.507555	-0.835733	0.536263	0.329468	-0.176014	-0.588906	-0.448062	0.159131	-0.242373	-2.757627
0.109000	-252.585707	-191.338940	443.924647	61.246767	696.510355	2.421793	2.528174	-0.760393	0.524699	0.320551	-0.163742	-0.598483	-0.455315	0.172142	-0.242479	-2.757521
0.109200	-252.661295	-191.369301	444.030595	61.291994	696.691890	2.440664	2.548777	-0.685102	0.512963	0.311501	-0.150415	-0.607865	-0.462415	0.184076	-0.242586	-2.757414
0.109400	-252.736865	-191.399660	444.136525	61.337204	696.873390	2.459563	2.569367	-0.609831	0.501059	0.302320	-0.136131	-0.617049	-0.469358	0.194844	-0.242692	-2.757308
0.109600	-252.812417	-191.430020	444.242437	61.382398	697.054854	2.478494	2.589944	-0.534550	0.488985	0.293008	-0.120995	-0.626035	-0.476145	0.204368	-0.242798	-2.757202
0.109800	-252.887953	-191.460378	444.348331	61.427575	697.236284	2.497459	2.610513	-0.459230	0.476743	0.283566	-0.105118	-0.634821	-0.482773	0.212578	-0.242904	-2.757096
0.110000	-252.963471	-191.490736	444.454207	61.472735	697.417678	2.516463	2.631074	-0.383841	0.464333	0.273994	-0.088616	-0.643404	-0.489241	0.219416	-0.243010	-2.756990
0.110200	-253.038972	-191.521093	444.560065	61.517879	697.599037	2.535506	2.651631	-0.308355	0.451756	0.264294	-0.071613	-0.651782	-0.495546	0.224833	-0.243116	-2.756884
0.110400	-253.114456	-191.551449	444.665906	61.563007	697.780362	2.554594	2.672186	-0.232740	0.439012	0.254466	-0.054232	-0.659953	-0.501687	0.228792	-0.243222	-2.756778
0.110600	-253.189923	-191.581805	444.771728	61.608118	697.961651	2.573728	2.692740	-0.156966	0.426102	0.244510	-0.036602	-0.667913	-0.507661	0.231265	-0.243328	-2.756672
0.110800	-253.265372	-191.612160	444.877533	61.653212	698.142905	2.592912	2.713296	-0.081001	0.413025	0.234428	-0.018853	-0.675660	-0.513466	0.232238	-0.243433	-2.756567
0.111000	-253.340805	-191.642515	444.983319	61.698290	698.324124	2.612148	2.733857	-0.004814	0.399782	0.224220	-0.001115	-0.683189	-0.519099	0.231705	-0.243539	-2.756461
0.111200	-253.416220	-191.672868	445.089088	61.743352	698.505308	2.631439	2.754424	0.071628	0.386374	0.213887	0.016479	-0.690496	-0.524557	0.229675	-0.243644	-2.756356
0.111400	-253.491618	-191.703221	445.194840	61.788397	698.686458	2.650788	2.774999	0.148360	0.372801	0.203430	0.033802	-0.697578	-0.529836	0.226167	-0.243749	-2.756251
0.111600	-253.566999	-191.733574	445.300573	61.833425	698.867572	2.670196	2.795585	0.225416	0.359064	0.192850	0.050726	-0.704429	-0.534934	0.221210	-0.243854	-2.756146
0.111800	-253.642363	-191.763926	445.406289	61.878438	699.048652	2.689667	2.816182	0.302832	0.345164	0.182147	0.067127	-0.711045	-0.539847	0.214846	-0.243959	-2.756041
0.112000	-253.717710	-191.794277	445.511986	61.923433	699.229696	2.709202	2.836793	0.380646	0.331102	0.171324	0.082884	-0.717421	-0.544570	0.207126	-0.244064	-2.755936
0.112200	-253.793040	-191.824627	445.617667	61.968413	699.410706	2.728804	2.857419	0.458895	0.316879	0.160381	0.097882	-0.723550	-0.549100	0.198112	-0.244169	-2.755831
0.112400	-253.868352	-191.854977	445.723329	62.013376	699.591681	2.748474	2.878061	0.537622	0.302498	0.149320	0.112013	-0.729428	-0.553434	0.187877	-0.244274	-2.755726
0.112600	-253.943648	-191.885326	445.828974	62.058322	699.772621	2.768214	2.898722	0.616866	0.287959	0.138143	0.125173	-0.735048	-0.557565	0.176502	-0.244378	-2.755622
0.112800	-254.018926	-191.915674	445.934601	62.103252	699.953527	2.788025	2.919401	0.696671	0.273266	0.126853	0.137268	-0.740404	-0.561491	0.164076	-0.244483	-2.755517
0.113000	-254.094188	-191.946022	446.040210	62.148166	700.134398	2.807908	2.940101	0.777082	0.258422	0.115451	0.148211	-0.745490	-0.565206	0.150697	-0.244587	-2.755413
0.113200	-254.169432	-191.976369	446.145801	62.193063	700.315234	2.827866	2.960821	0.858145	0.243428	0.103941	0.157924	-0.750299	-0.568706	0.136470	-0.244691	-2.755309
0.113400	-254.244660	-192.006716	446.251375	62.237944	700.496035	2.847897	2.981563	0.939910	0.228290	0.092324	0.166339	-0.754824	-0.571986	0.121507	-0.244795	-2.755205
0.113600	-254.319870	-192.037061	446.356932	62.282809	700.676802	2.868005	3.002327	1.022424	0.213011	0.080605	0.173398	-0.759059	-0.575041	0.105923	-0.244899	-2.755101
0.113800	-254.395064	-192.067406	446.462470	62.327657	700.857534	2.888188	3.023113	1.105739	0.197595	0.068788	0.179052	-0.762996	-0.577867	0.089842	-0.245003	-2.754997
0.114000	-254.470240	-192.097751	446.567991	62.372489	701.038232	2.908447	3.043922	1.189908	0.182047	0.056875	0.183265	-0.766630	-0.580458	0.073387	-0.245107	-2.754893
0.114200	-254.545400	-192.128095	446.673495	62.417305	701.218895	2.928782	3.064754	1.274983	0.166373	0.044871	0.186011	-0.769952	-0.582810	0.056688	-0.245211	-2.754789
0.114400	-254.620542	-192.158438	446.778981	62.462104	701.399523	2.949194	3.085608	1.361018	0.150579	0.032781	0.187274	-0.772956	-0.584917	0.039873	-0.245314	-2.754686
0.114600	-254.695668	-192.188781	446.884449	62.506887	701.580117	2.969681	3.106484	1.448068	0.134670	0.020609	0.187053	-0.775636	-0.586776	0.023073	-0.245418	-2.754582
0.114800	-254.770777	-192.219123	446.989899	62.551654	701.760676	2.990244	3.127382	1.536185	0.118654	0.008362	0.185354	-0.777985	-0.588382	0.006418	-0.245521	-2.754479
0.115000	-254.845869	-192.249464	447.095333	62.596405	701.941201	3.010882	-3.134884	1.625422	0.102538	-0.003957	0.182199	-0.779996	-0.589729	-0.009963	-0.245625	-2.754375
0.115200	-254.920944	-192.279805	447.200748	62.641139	702.121692	3.031595	-3.113944	1.715827	0.086330	-0.016340	0.177617	-0.781663	-0.590815	-0.025942	-0.245728	-2.754272
0.115400	-254.996002	-192.310145	447.306146	62.685857	702.302148	3.052380	-3.092984	1.807447	0.070038	-0.028781	0.171651	-0.782981	-0.591633	-0.041397	-0.245831	-2.754169
0.115600	-255.071043	-192.340484	447.411527	62.730559	702.482570	3.073237	-3.072006	1.900325	0.053671	-0.041275	0.164352	-0.783942	-0.592182	-0.056208	-0.245934	-2.754066
0.115800	-255.146067	-192.370823	447.516890	62.775244	702.662957	3.094165	-3.051010	1.994494	0.037237	-0.053813	0.155784	-0.784543	-0.592456	-0.070261	-0.246036	-2.753964
0.116000	-255.221074	-192.401161	447.622235	62.819913	702.843310	3.115161	-3.029998	2.089981	0.020747	-0.066390	0.146020	-0.784778	-0.592453	-0.083448	-0.246139	-2.753861
0.116200	-255.296065	-192.431498	447.727563	62.864566	703.023628	3.136226	-3.008971	2.186804	0.004211	-0.078998	0.135141	-0.784642	-0.592169	-0.095666	-0.246242	-2.753758
0.116400	-255.371039	-192.461835	447.832874	62.909203	703.203913	-3.125829	-2.987932	2.284968	-0.012362	-0.091628	0.123237	-0.784131	-0.591601	-0.106822	-0.246344	-2.753656
0.116600	-255.445996	-192.492172	447.938167	62.953824	703.384163	-3.104635	-2.966880	2.384463	-0.028960	-0.104274	0.110406	-0.783241	-0.590747	-0.116831	-0.246447	-2.753553
0.116800	-255.520936	-192.522507	448.043443	62.998428	703.564379	-3.083379	-2.945819	2.485263	-0.045573	-0.116927	0.096754	-0.781970	-0.589605	-0.125616	-0.246549	-2.753451
0.117000	-255.595859	-192.552842	448.148701	63.043017	703.744560	-3.062063	-2.924749	2.587325	-0.062189	-0.129579	0.082393	-0.780313	-0.588172	-0.133109	-0.246651	-2.753349
0.117200	-255.670766	-192.583177	448.253942	63.087589	703.924708	-3.040689	-2.903673	2.690587	-0.078798	-0.142221	0.067440	-0.778270	-0.586447	-0.139253	-0.246753	-2.753247
0.117400	-255.745655	-192.613511	448.359166	63.132145	704.104821	-3.019261	-2.882593	2.794963	-0.095386	-0.154845	0.052016	-0.775838	-0.584430	-0.144002	-0.246855	-2.753145
0.117600	-255.820528	-192.643844	448.464372	63.176685	704.284900	-2.997779	-2.861511	2.900349	-0.111943	-0.167442	0.036246	-0.773016	-0.582118	-0.147320	-0.246957	-2.753043
0.117800	-255.895384	-192.674176	448.569561	63.221208	704.464945	-2.976247	-2.840429	3.006619	-0.128456	-0.180003	0.020259	-0.769803	-0.579513	-0.149182	-0.247059	-2.752941
0.118000	-255.970224	-192.704508	448.674732	63.265716	704.644956	-2.954668	-2.819349	3.113627	-0.144914	-0.192520	0.004184	-0.766200	-0.576614	-0.149576	-0.247160	-2.752840
0.118200	-256.045047	-192.734840	448.779886	63.310207	704.824933	-2.933043	-2.798274	-3.061973	-0.161303	-0.204984	-0.011848	-0.762207	-0.573421	-0.148498	-0.247262	-2.752738
0.118400	-256.119853	-192.765170	448.885023	63.354682	705.004876	-2.911376	-2.777205	-2.953988	-0.177613	-0.217385	-0.027709	-0.757825	-0.569936	-0.145960	-0.247363	-2.752637
0.118600	-256.194642	-192.795500	448.990142	63.399142	705.184785	-2.889669	-2.756145	-2.845789	-0.193831	-0.229716	-0.043268	-0.753055	-0.566160	-0.141981	-0.247465	-2.752535
0.118800	-256.269415	-192.825830	449.095245	63.443585	705.364659	-2.867924	-2.735096	-2.737570	-0.209945	-0.241966	-0.058400	-0.747902	-0.562094	-0.136594	-0.247566	-2.752434
0.119000	-256.344171	-192.856159	449.200330	63.488012	705.544500	-2.846146	-2.714060	-2.629522	-0.225943	-0.254128	-0.072982	-0.742366	-0.557742	-0.129842	-0.247667	-2.752333
0.119200	-256.418910	-192.886487	449.305397	63.532423	705.724307	-2.824335	-2.693040	-2.521833	-0.241813	-0.266194	-0.086894	-0.736453	-0.553104	-0.121778	-0.247768	-2.752232
0.119400	-256.493633	-192.916815	449.410447	63.576818	705.904080	-2.802496	-2.672037	-2.414684	-0.257544	-0.278153	-0.100025	-0.730165	-0.548186	-0.112468	-0.247869	-2.752131
0.119600	-256.568339	-192.947142	449.515481	63.621196	706.083819	-2.780630	-2.651055	-2.308240	-0.273125	-0.289999	-0.112265	-0.723507	-0.542989	-0.101983	-0.247970	-2.752030
0.119800	-256.643028	-192.977469	449.620496	63.665559	706.263524	-2.758741	-2.630094	-2.202652	-0.288545	-0.301723	-0.123515	-0.716485	-0.537517	-0.090408	-0.248070	-2.751930
0.120000	-256.717701	-193.007795	449.725495	63.709906	706.443196	-2.736831	-2.609158	-2.098049	-0.303793	-0.313317	-0.133681	-0.709104	-0.531775	-0.077833	-0.248171	-2.751829
0.120200	-256.792357	-193.038120	449.830477	63.754237	706.622833	-2.714902	-2.588249	-1.994542	-0.318858	-0.324775	-0.142678	-0.701371	-0.525767	-0.064358	-0.248272	-2.751728
0.120400	-256.866996	-193.068445	449.935441	63.798552	706.802437	-2.692957	-2.567367	-1.892221	-0.333732	-0.336087	-0.150432	-0.693291	-0.519498	-0.050090	-0.248372	-2.751628
0.120600	-256.941619	-193.098769	450.040388	63.842850	706.982007	-2.670999	-2.546516	-1.791154	-0.348403	-0.347248	-0.156876	-0.684871	-0.512972	-0.035139	-0.248472	-2.751528
0.120800	-257.016225	-193.129092	450.145318	63.887133	707.161543	-2.649030	-2.525697	-1.691388	-0.362863	-0.358251	-0.161953	-0.676120	-0.506196	-0.019625	-0.248572	-2.751428
0.121000	-257.090815	-193.159415	450.250230	63.931400	707.341046	-2.627052	-2.504911	-1.592955	-0.377104	-0.369088	-0.165620	-0.667045	-0.499174	-0.003670	-0.248672	-2.751328
0.121200	-257.165388	-193.189738	450.355126	63.975651	707.520514	-2.605067	-2.484161	-1.495867	-0.391117	-0.379755	-0.167841	-0.657653	-0.491912	0.012600	-0.248772	-2.751228
0.121400	-257.239945	-193.220060	450.460005	64.019886	707.699950	-2.583077	-2.463448	-1.400123	-0.404894	-0.390245	-0.168592	-0.647952	-0.484417	0.029057	-0.248872	-2.751128
0.121600	-257.314485	-193.250381	450.564866	64.064104	707.879351	-2.561085	-2.442774	-1.305708	-0.418429	-0.400552	-0.167863	-0.637952	-0.476694	0.045571	-0.248972	-2.751028
0.121800	-257.389009	-193.280701	450.669710	64.108307	708.058719	-2.539092	-2.422138	-1.212600	-0.431714	-0.410673	-0.165652	-0.627661	-0.468749	0.062011	-0.249072	-2.750928
0.122000	-257.463516	-193.311021	450.774537	64.152494	708.238053	-2.517100	-2.401544	-1.120764	-0.444744	-0.420601	-0.161971	-0.617088	-0.460590	0.078247	-0.249171	-2.750829
0.122200	-257.538007	-193.341341	450.879347	64.196666	708.417354	-2.495110	-2.380991	-1.030162	-0.457512	-0.430333	-0.156841	-0.606241	-0.452222	0.094150	-0.249271	-2.750729
0.122400	-257.612481	-193.371660	450.984141	64.240821	708.596621	-2.473123	-2.360481	-0.940748	-0.470013	-0.439865	-0.150297	-0.595130	-0.443652	0.109595	-0.249370	-2.750630
0.122600	-257.686938	-193.401978	451.088916	64.284960	708.775855	-2.451141	-2.340014	-0.852473	-0.482244	-0.449192	-0.142382	-0.583763	-0.434886	0.124457	-0.249469	-2.750531
0.122800	-257.761379	-193.432296	451.193675	64.329084	708.955055	-2.429166	-2.319591	-0.765288	-0.494198	-0.458313	-0.133152	-0.572150	-0.425932	0.138618	-0.249568	-2.750432
0.123000	-257.835804	-193.462613	451.298417	64.373191	709.134222	-2.407197	-2.299212	-0.679138	-0.505874	-0.467223	-0.122672	-0.560299	-0.416795	0.151966	-0.249667	-2.750333
0.123200	-257.910213	-193.492930	451.403142	64.417283	709.313355	-2.385236	-2.278878	-0.593971	-0.517267	-0.475920	-0.111017	-0.548219	-0.407482	0.164392	-0.249766	-2.750234
0.123400	-257.984604	-193.523246	451.507850	64.461359	709.492455	-2.363282	-2.258588	-0.509735	-0.528376	-0.484402	-0.098272	-0.535919	-0.397999	0.175796	-0.249865	-2.750135
0.123600	-258.058980	-193.553561	451.612541	64.505418	709.671521	-2.341337	-2.238342	-0.426375	-0.539196	-0.492666	-0.084528	-0.523408	-0.388353	0.186087	-0.249964	-2.750036
0.123800	-258.133339	-193.583876	451.717215	64.549463	709.850554	-2.319401	-2.218141	-0.343840	-0.549728	-0.500712	-0.069886	-0.510694	-0.378550	0.195179	-0.250062	-2.749938
0.124000	-258.207681	-193.614191	451.821872	64.593491	710.029554	-2.297473	-2.197982	-0.262079	-0.559968	-0.508538	-0.054454	-0.497784	-0.368595	0.202997	-0.250161	-2.749839
0.124200	-258.282008	-193.644504	451.926512	64.637503	710.208520	-2.275554	-2.177867	-0.181044	-0.569917	-0.516142	-0.038344	-0.484688	-0.358495	0.209477	-0.250259	-2.749741
0.124400	-258.356318	-193.674818	452.031135	64.681500	710.387453	-2.253643	-2.157794	-0.100685	-0.579573	-0.523523	-0.021677	-0.471412	-0.348256	0.214563	-0.250358	-2.749642
0.124600	-258.430611	-193.705130	452.135742	64.725481	710.566353	-2.231739	-2.137762	-0.020959	-0.588935	-0.530681	-0.004574	-0.457965	-0.337883	0.218211	-0.250456	-2.749544
0.124800	-258.504888	-193.735442	452.240331	64.769446	710.745219	-2.209841	-2.117770	0.058181	-0.598003	-0.537616	0.012837	-0.444352	-0.327380	0.220386	-0.250554	-2.749446
0.125000	-258.579149	-193.765754	452.344903	64.813395	710.924052	-2.187950	-2.097816	0.136777	-0.606777	-0.544326	0.030427	-0.430581	-0.316755	0.221066	-0.250652	-2.749348
0.125200	-258.653394	-193.796065	452.449459	64.857329	711.102852	-2.166063	-2.077899	0.214870	-0.615258	-0.550812	0.048065	-0.416659	-0.306010	0.220241	-0.250750	-2.749250
0.125400	-258.727622	-193.826376	452.553997	64.901246	711.281619	-2.144179	-2.058018	0.292499	-0.623445	-0.557074	0.065621	-0.402591	-0.295151	0.217910	-0.250848	-2.749152
0.125600	-258.801834	-193.856685	452.658519	64.945148	711.460353	-2.122297	-2.038170	0.369703	-0.631340	-0.563111	0.082963	-0.388383	-0.284183	0.214086	-0.250945	-2.749055
0.125800	-258.876029	-193.886995	452.763024	64.989035	711.639053	-2.100416	-2.018353	0.446518	-0.638941	-0.568923	0.099962	-0.374040	-0.273109	0.208791	-0.251043	-2.748957
0.126000	-258.950209	-193.917304	452.867512	65.032905	711.817721	-2.078533	-1.998566	0.522980	-0.646251	-0.574511	0.116493	-0.359568	-0.261933	0.202060	-0.251141	-2.748859
0.126200	-259.024372	-193.947612	452.971984	65.076760	711.996355	-2.056647	-1.978806	0.599122	-0.653268	-0.579875	0.132430	-0.344972	-0.250660	0.193938	-0.251238	-2.748762
0.126400	-259.098518	-193.977920	453.076438	65.120599	712.174957	-2.034756	-1.959070	0.674977	-0.659995	-0.585014	0.147657	-0.330255	-0.239293	0.184482	-0.251335	-2.748665
0.126600	-259.172649	-194.008227	453.180876	65.164422	712.353525	-2.012857	-1.939356	0.750577	-0.666431	-0.589929	0.162058	-0.315422	-0.227835	0.173757	-0.251432	-2.748568
0.126800	-259.246763	-194.038533	453.285297	65.208230	712.532060	-1.990948	-1.919662	0.825953	-0.672576	-0.594619	0.175528	-0.300477	-0.216289	0.161839	-0.251530	-2.748470
0.127000	-259.320861	-194.068839	453.389701	65.252022	712.710562	-1.969027	-1.899985	0.901135	-0.678431	-0.599085	0.187966	-0.285423	-0.204658	0.148813	-0.251627	-2.748373
0.127200	-259.394943	-194.099145	453.494088	65.295798	712.889031	-1.947092	-1.880321	0.976152	-0.683996	-0.603327	0.199279	-0.270263	-0.192946	0.134773	-0.251723	-2.748277
0.127400	-259.469009	-194.129450	453.598459	65.339559	713.067468	-1.925140	-1.860668	1.051034	-0.689271	-0.607343	0.209383	-0.255001	-0.181154	0.119819	-0.251820	-2.748180
0.127600	-259.543058	-194.159754	453.702813	65.383304	713.245871	-1.903167	-1.841024	1.125808	-0.694254	-0.611134	0.218205	-0.239640	-0.169286	0.104059	-0.251917	-2.748083
0.127800	-259.617092	-194.190058	453.807150	65.427033	713.424242	-1.881173	-1.821384	1.200503	-0.698946	-0.614698	0.225677	-0.224182	-0.157343	0.087608	-0.252014	-2.747986
0.128000	-259.691109	-194.220362	453.911471	65.470747	713.602579	-1.859154	-1.801746	1.275146	-0.703346	-0.618036	0.231747	-0.208630	-0.145328	0.070585	-0.252110	-2.747890
0.128200	-259.765110	-194.250665	454.015774	65.514445	713.780884	-1.837107	-1.782107	1.349764	-0.707452	-0.621146	0.236369	-0.192986	-0.133244	0.053113	-0.252206	-2.747794
0.128400	-259.839094	-194.280967	454.120061	65.558127	713.959156	-1.815030	-1.762463	1.424386	-0.711264	-0.624027	0.239510	-0.177253	-0.121092	0.035320	-0.252303	-2.747697
0.128600	-259.913063	-194.311269	454.224332	65.601794	714.137395	-1.792920	-1.742812	1.499037	-0.714778	-0.626677	0.241149	-0.161433	-0.108874	0.017334	-0.252399	-2.747601
0.128800	-259.987016	-194.341570	454.328586	65.645446	714.315601	-1.770774	-1.723150	1.573747	-0.717994	-0.629096	0.241273	-0.145528	-0.096593	-0.000712	-0.252495	-2.747505
0.129000	-260.060952	-194.371871	454.432823	65.689081	714.493775	-1.748591	-1.703474	1.648543	-0.720909	-0.631281	0.239886	-0.129541	-0.084252	-0.018688	-0.252591	-2.747409
0.129200	-260.134872	-194.402171	454.537043	65.732701	714.671916	-1.726366	-1.683781	1.723453	-0.723520	-0.633231	0.236998	-0.113475	-0.071852	-0.036463	-0.252687	-2.747313
0.129400	-260.208777	-194.432471	454.641247	65.776306	714.850024	-1.704099	-1.664069	1.798505	-0.725825	-0.634943	0.232633	-0.097331	-0.059395	-0.053908	-0.252783	-2.747217
0.129600	-260.282665	-194.462770	454.745435	65.819895	715.028100	-1.681786	-1.644334	1.873731	-0.727820	-0.636415	0.226827	-0.081114	-0.046885	-0.070896	-0.252879	-2.747121
0.129800	-260.356537	-194.493069	454.849605	65.863468	715.206142	-1.659425	-1.624573	1.949158	-0.729501	-0.637645	0.219625	-0.064824	-0.034323	-0.087304	-0.252974	-2.747026
0.130000	-260.430393	-194.523367	454.953760	65.907026	715.384153	-1.637014	-1.604784	2.024819	-0.730865	-0.638629	0.211083	-0.048467	-0.021714	-0.103014	-0.253070	-2.746930
0.130200	-260.504233	-194.553664	455.057897	65.950569	715.562130	-1.614551	-1.584963	2.100745	-0.731908	-0.639366	0.201268	-0.032045	-0.009058	-0.117912	-0.253165	-2.746835
0.130400	-260.578057	-194.583961	455.162018	65.994095	715.740075	-1.592034	-1.565108	2.176970	-0.732626	-0.639852	0.190256	-0.015562	0.003640	-0.131893	-0.253260	-2.746740
0.130600	-260.651865	-194.614258	455.266123	66.037607	715.917987	-1.569462	-1.545218	2.253527	-0.733014	-0.640084	0.178132	0.000978	0.016376	-0.144855	-0.253356	-2.746644
0.130800	-260.725657	-194.644554	455.370211	66.081103	716.095867	-1.546832	-1.525288	2.330452	-0.733067	-0.640059	0.164990	0.017571	0.029148	-0.156707	-0.253451	-2.746549
0.131000	-260.799433	-194.674850	455.474282	66.124583	716.273715	-1.524143	-1.505317	2.407782	-0.732781	-0.639774	0.150931	0.034211	0.041952	-0.167365	-0.253546	-2.746454
0.131200	-260.873192	-194.705145	455.578337	66.168048	716.451529	-1.501395	-1.485304	2.485555	-0.732151	-0.639225	0.136062	0.050894	0.054782	-0.176756	-0.253641	-2.746359
0.131400	-260.946936	-194.735439	455.682375	66.211497	716.629312	-1.478585	-1.465245	2.563813	-0.731171	-0.638409	0.120499	0.067614	0.067636	-0.184815	-0.253735	-2.746265
0.131600	-261.020664	-194.765733	455.786397	66.254931	716.807062	-1.455713	-1.445140	2.642596	-0.729838	-0.637322	0.104361	0.084365	0.080508	-0.191488	-0.253830	-2.746170
0.131800	-261.094376	-194.796027	455.890403	66.298350	716.984779	-1.432778	-1.424986	2.721950	-0.728145	-0.635961	0.087770	0.101140	0.093392	-0.196730	-0.253925	-2.746075
0.132000	-261.168072	-194.826320	455.994392	66.341753	717.162464	-1.409780	-1.404782	2.801919	-0.726088	-0.634324	0.070854	0.117933	0.106285	-0.200511	-0.254019	-2.745981
0.132200	-261.241752	-194.856612	456.098365	66.385140	717.340117	-1.386718	-1.384527	2.882553	-0.723662	-0.632405	0.053743	0.134736	0.119179	-0.202808	-0.254114	-2.745886
0.132400	-261.315417	-194.886904	456.202321	66.428512	717.517737	-1.363592	-1.364220	2.963900	-0.720862	-0.630203	0.036566	0.151541	0.132069	-0.203611	-0.254208	-2.745792
0.132600	-261.389065	-194.917196	456.306260	66.471869	717.695325	-1.340403	-1.343858	3.046014	-0.717684	-0.627715	0.019454	0.168339	0.144949	-0.202922	-0.254302	-2.745698
0.132800	-261.462697	-194.947487	456.410184	66.515211	717.872881	-1.317150	-1.323443	3.128949	-0.714123	-0.624936	0.002538	0.185122	0.157812	-0.200754	-0.254397	-2.745603
0.133000	-261.536314	-194.977777	456.514091	66.558537	718.050404	-1.293833	-1.302973	-3.070425	-0.710174	-0.621865	-0.014053	0.201881	0.170650	-0.197132	-0.254491	-2.745509
0.133200	-261.609914	-195.008067	456.617981	66.601847	718.227895	-1.270455	-1.282447	-2.985679	-0.705835	-0.618500	-0.030195	0.218605	0.183457	-0.192090	-0.254585	-2.745415
0.133400	-261.683499	-195.038357	456.721855	66.645142	718.405354	-1.247014	-1.261865	-2.899938	-0.701101	-0.614837	-0.045764	0.235284	0.196225	-0.185677	-0.254678	-2.745322
0.133600	-261.757068	-195.068646	456.825713	66.688422	718.582781	-1.223513	-1.241228	-2.813144	-0.695970	-0.610874	-0.060643	0.251908	0.208945	-0.177947	-0.254772	-2.745228
0.133800	-261.830621	-195.098934	456.929555	66.731687	718.760175	-1.199953	-1.220534	-2.725234	-0.690438	-0.606611	-0.074720	0.268466	0.221610	-0.168969	-0.254866	-2.745134
0.134000	-261.904158	-195.129222	457.033380	66.774936	718.937538	-1.176334	-1.199785	-2.636149	-0.684503	-0.602046	-0.087889	0.284945	0.234212	-0.158819	-0.254959	-2.745041
0.134200	-261.977679	-195.159509	457.137189	66.818170	719.114868	-1.152660	-1.178981	-2.545828	-0.678163	-0.597177	-0.100051	0.301335	0.246741	-0.147582	-0.255053	-2.744947
0.134400	-262.051185	-195.189797	457.240981	66.861388	719.292166	-1.128930	-1.158121	-2.454216	-0.671418	-0.592003	-0.111116	0.317622	0.259188	-0.135353	-0.255146	-2.744854
0.134600	-262.124674	-195.220083	457.344757	66.904591	719.469432	-1.105148	-1.137207	-2.361258	-0.664265	-0.586526	-0.121001	0.333796	0.271545	-0.122233	-0.255240	-2.744760
0.134800	-262.198148	-195.250369	457.448517	66.947779	719.646665	-1.081315	-1.116239	-2.266908	-0.656706	-0.580744	-0.129634	0.349842	0.283803	-0.108331	-0.255333	-2.744667
0.135000	-262.271606	-195.280655	457.552261	66.990952	719.823867	-1.057434	-1.095219	-2.171125	-0.648740	-0.574659	-0.136951	0.365747	0.295951	-0.093759	-0.255426	-2.744574
0.135200	-262.345049	-195.310940	457.655988	67.034109	720.001037	-1.033507	-1.074147	-2.073878	-0.640368	-0.568270	-0.142899	0.381500	0.307980	-0.078639	-0.255519	-2.744481
0.135400	-262.418475	-195.341224	457.759699	67.077251	720.178175	-1.009536	-1.053024	-1.975148	-0.631592	-0.561580	-0.147437	0.397086	0.319881	-0.063093	-0.255612	-2.744388
0.135600	-262.491886	-195.371508	457.863394	67.120378	720.355280	-0.985524	-1.031852	-1.874931	-0.622414	-0.554591	-0.150533	0.412493	0.331643	-0.047248	-0.255705	-2.744295
0.135800	-262.565281	-195.401792	457.967073	67.163489	720.532354	-0.961474	-1.010632	-1.773241	-0.612837	-0.547304	-0.152167	0.427706	0.343258	-0.031233	-0.255797	-2.744203
0.136000	-262.638660	-195.432075	458.070735	67.206585	720.709396	-0.937388	-0.989365	-1.670110	-0.602865	-0.539724	-0.152331	0.442712	0.354715	-0.015179	-0.255890	-2.744110
0.136200	-262.712024	-195.462358	458.174382	67.249666	720.886406	-0.913270	-0.968053	-1.565594	-0.592502	-0.531851	-0.151028	0.457499	0.366005	0.000786	-0.255982	-2.744018
0.136400	-262.785372	-195.492640	458.278012	67.292732	721.063384	-0.889123	-0.946698	-1.459773	-0.581753	-0.523692	-0.148273	0.472053	0.377118	0.016530	-0.256075	-2.743925
0.136600	-262.858704	-195.522921	458.381626	67.335783	721.240330	-0.864950	-0.925301	-1.352750	-0.570623	-0.515250	-0.144090	0.486361	0.388045	0.031926	-0.256167	-2.743833
0.136800	-262.932021	-195.553203	458.485223	67.378818	721.417244	-0.840753	-0.903864	-1.244657	-0.559120	-0.506529	-0.138517	0.500409	0.398776	0.046849	-0.256259	-2.743741
0.137000	-263.005322	-195.583483	458.588805	67.421838	721.594126	-0.816537	-0.882389	-1.135649	-0.547249	-0.497534	-0.131602	0.514186	0.409303	0.061177	-0.256352	-2.743648
0.137200	-263.078607	-195.613764	458.692370	67.464843	721.770977	-0.792304	-0.860878	-1.025902	-0.535018	-0.488273	-0.123403	0.527679	0.419615	0.074795	-0.256444	-2.743556
0.137400	-263.151876	-195.644043	458.795920	67.507833	721.947796	-0.768058	-0.839331	-0.915615	-0.522436	-0.478749	-0.113989	0.540876	0.429706	0.087590	-0.256536	-2.743464
0.137600	-263.225130	-195.674323	458.899453	67.550807	722.124583	-0.743802	-0.817753	-0.804998	-0.509511	-0.468970	-0.103436	0.553766	0.439565	0.099459	-0.256627	-2.743373
0.137800	-263.298368	-195.704602	459.002970	67.593767	722.301338	-0.719539	-0.796143	-0.694274	-0.496253	-0.458944	-0.091833	0.566336	0.449185	0.110303	-0.256719	-2.743281
0.138000	-263.371591	-195.734880	459.106471	67.636711	722.478062	-0.695273	-0.774505	-0.583665	-0.482672	-0.448675	-0.079273	0.578576	0.458558	0.120034	-0.256811	-2.743189
0.138200	-263.444798	-195.765158	459.209956	67.679640	722.654754	-0.671007	-0.752840	-0.473393	-0.468777	-0.438174	-0.065859	0.590477	0.467677	0.128570	-0.256903	-2.743097
0.138400	-263.517989	-195.795435	459.313425	67.722554	722.831414	-0.646745	-0.731150	-0.363671	-0.454580	-0.427447	-0.051701	0.602027	0.476534	0.135841	-0.256994	-2.743006
0.138600	-263.591165	-195.825712	459.416877	67.765453	723.008042	-0.622490	-0.709437	-0.254693	-0.440091	-0.416502	-0.036913	0.613219	0.485122	0.141784	-0.257085	-2.742915
0.138800	-263.664325	-195.855989	459.520314	67.808337	723.184639	-0.598244	-0.687703	-0.146639	-0.425324	-0.405349	-0.021616	0.624042	0.493436	0.146348	-0.257177	-2.742823
0.139000	-263.737470	-195.886265	459.623735	67.851205	723.361205	-0.574012	-0.665949	-0.039663	-0.410289	-0.393995	-0.005932	0.634489	0.501469	0.149494	-0.257268	-2.742732
0.139200	-263.810599	-195.916540	459.727139	67.894059	723.537738	-0.549796	-0.644178	0.066104	-0.394998	-0.382450	0.010009	0.644553	0.509215	0.151190	-0.257359	-2.742641
0.139400	-263.883713	-195.946815	459.830528	67.936897	723.714241	-0.525600	-0.622390	0.170558	-0.379466	-0.370723	0.026079	0.654227	0.516671	0.151420	-0.257450	-2.742550
0.139600	-263.956811	-195.977090	459.933901	67.979720	723.890711	-0.501426	-0.600588	0.273620	-0.363703	-0.358824	0.042148	0.663504	0.523830	0.150177	-0.257541	-2.742459
0.139800	-264.029893	-196.007364	460.037257	68.022529	724.067150	-0.477277	-0.578774	0.375233	-0.347724	-0.346761	0.058086	0.672379	0.530689	0.147465	-0.257632	-2.742368
0.140000	-264.102960	-196.037638	460.140598	68.065322	724.243558	-0.453157	-0.556947	0.475365	-0.331542	-0.334545	0.073761	0.680847	0.537245	0.143300	-0.257723	-2.742277
0.140200	-264.176011	-196.067911	460.243923	68.108100	724.419934	-0.429067	-0.535111	0.574003	-0.315168	-0.322184	0.089048	0.688904	0.543493	0.137711	-0.257813	-2.742187
0.140400	-264.249047	-196.098184	460.347231	68.150863	724.596279	-0.405011	-0.513266	0.671150	-0.298617	-0.309689	0.103820	0.696545	0.549431	0.130735	-0.257904	-2.742096
0.140600	-264.322068	-196.128456	460.450524	68.193611	724.772592	-0.380990	-0.491413	0.766825	-0.281903	-0.297069	0.117957	0.703769	0.555057	0.122422	-0.257994	-2.742006
0.140800	-264.395073	-196.158728	460.553801	68.236344	724.948874	-0.357008	-0.469554	0.861058	-0.265037	-0.284334	0.131343	0.710573	0.560369	0.112833	-0.258085	-2.741915
0.141000	-264.468062	-196.189000	460.657062	68.279062	725.125124	-0.333065	-0.447688	0.953891	-0.248033	-0.271493	0.143866	0.716954	0.565366	0.102037	-0.258175	-2.741825
0.141200	-264.541036	-196.219271	460.760307	68.321766	725.301343	-0.309165	-0.425818	1.045369	-0.230904	-0.258555	0.155424	0.722913	0.570046	0.090113	-0.258265	-2.741735
0.141400	-264.613995	-196.249541	460.863536	68.364454	725.477531	-0.285309	-0.403943	1.135547	-0.213662	-0.245531	0.165919	0.728448	0.574409	0.077150	-0.258355	-2.741645
0.141600	-264.686938	-196.279811	460.966750	68.407127	725.653688	-0.261498	-0.382064	1.224480	-0.196320	-0.232428	0.175262	0.733559	0.578455	0.063245	-0.258445	-2.741555
0.141800	-264.759866	-196.310081	461.069947	68.449785	725.829813	-0.237735	-0.360182	1.312228	-0.178890	-0.219256	0.183374	0.738248	0.582183	0.048500	-0.258535	-2.741465
0.142000	-264.832778	-196.340350	461.173128	68.492428	726.005907	-0.214020	-0.338296	1.398851	-0.161384	-0.206025	0.190185	0.742514	0.585595	0.033027	-0.258625	-2.741375
0.142200	-264.905675	-196.370619	461.276294	68.535056	726.181969	-0.190354	-0.316407	1.484409	-0.143814	-0.192741	0.195633	0.746360	0.588691	0.016942	-0.258715	-2.741285
0.142400	-264.978557	-196.400887	461.379444	68.577669	726.358001	-0.166739	-0.294514	1.568962	-0.126190	-0.179414	0.199668	0.749787	0.591472	0.000366	-0.258805	-2.741195
0.142600	-265.051423	-196.431155	461.482578	68.620268	726.534001	-0.143175	-0.272616	1.652568	-0.108524	-0.166052	0.202252	0.752797	0.593940	-0.016576	-0.258894	-2.741106
0.142800	-265.124274	-196.461423	461.585696	68.662851	726.709970	-0.119663	-0.250715	1.735286	-0.090826	-0.152662	0.203357	0.755394	0.596096	-0.033755	-0.258984	-2.741016
0.143000	-265.197109	-196.491690	461.688799	68.705419	726.885908	-0.096202	-0.228808	1.817170	-0.073106	-0.139253	0.202964	0.757581	0.597943	-0.051042	-0.259073	-2.740927
0.143200	-265.269929	-196.521956	461.791885	68.747973	727.061814	-0.072793	-0.206895	1.898275	-0.055374	-0.125830	0.201069	0.759360	0.599482	-0.068305	-0.259162	-2.740838
0.143400	-265.342734	-196.552222	461.894956	68.790511	727.237690	-0.049436	-0.184975	1.978652	-0.037639	-0.112402	0.197678	0.760734	0.600716	-0.085413	-0.259252	-2.740748
0.143600	-265.415523	-196.582488	461.998011	68.833035	727.413534	-0.026131	-0.163046	2.058351	-0.019909	-0.098975	0.192808	0.761709	0.601648	-0.102237	-0.259341	-2.740659
0.143800	-265.488297	-196.612753	462.101050	68.875544	727.589348	-0.002877	-0.141108	2.137418	-0.002193	-0.085555	0.186488	0.762287	0.602279	-0.118646	-0.259430	-2.740570
0.144000	-265.561056	-196.643018	462.204074	68.918038	727.765130	0.020327	-0.119158	2.215900	0.015501	-0.072148	0.178759	0.762472	0.602612	-0.134517	-0.259519	-2.740481
0.144200	-265.633800	-196.673282	462.307082	68.960517	727.940881	0.043482	-0.097196	2.293839	0.033166	-0.058760	0.169670	0.762269	0.602650	-0.149728	-0.259607	-2.740393
0.144400	-265.706528	-196.703546	462.410074	69.002981	728.116602	0.066589	-0.075219	2.371277	0.050795	-0.045397	0.159284	0.761680	0.602396	-0.164163	-0.259696	-2.740304
0.144600	-265.779241	-196.733810	462.513050	69.045431	728.292291	0.089649	-0.053224	2.448252	0.068380	-0.032064	0.147671	0.760711	0.601853	-0.177710	-0.259785	-2.740215
0.144800	-265.851938	-196.764073	462.616011	69.087865	728.467949	0.112663	-0.031211	2.524804	0.085916	-0.018765	0.134913	0.759365	0.601022	-0.190267	-0.259873	-2.740127
0.145000	-265.924621	-196.794335	462.718956	69.130285	728.643577	0.135634	-0.009176	2.600967	0.103398	-0.005505	0.121098	0.757646	0.599908	-0.201735	-0.259962	-2.740038
0.145200	-265.997288	-196.824598	462.821885	69.172690	728.819173	0.158564	0.012882	2.676777	0.120818	0.007711	0.106324	0.755558	0.598511	-0.212028	-0.260050	-2.739950
0.145400	-266.069940	-196.854859	462.924799	69.215080	728.994739	0.181454	0.034967	2.752266	0.138173	0.020878	0.090696	0.753103	0.596836	-0.221065	-0.260139	-2.739861
0.145600	-266.142576	-196.885121	463.027697	69.257455	729.170273	0.204306	0.057082	2.827467	0.155457	0.033994	0.074325	0.750286	0.594883	-0.228776	-0.260227	-2.739773
0.145800	-266.215198	-196.915382	463.130579	69.299816	729.345777	0.227124	0.079228	2.902410	0.172665	0.047054	0.057329	0.747109	0.592656	-0.235100	-0.260315	-2.739685
0.146000	-266.287804	-196.945642	463.233446	69.342162	729.521250	0.249909	0.101410	2.977125	0.189794	0.060054	0.039830	0.743576	0.590157	-0.239989	-0.260403	-2.739597
0.146200	-266.360395	-196.975902	463.336297	69.384493	729.696692	0.272664	0.123629	3.051641	0.206838	0.072990	0.021954	0.739689	0.587387	-0.243404	-0.260491	-2.739509
0.146400	-266.432971	-197.006162	463.439133	69.426809	729.872104	0.295392	0.145890	3.125985	0.223793	0.085860	0.003829	0.735451	0.584348	-0.245316	-0.260579	-2.739421
0.146600	-266.505532	-197.036421	463.541953	69.469110	730.047484	0.318096	0.168195	-3.083000	0.240657	0.098660	-0.014413	0.730863	0.581041	-0.245709	-0.260667	-2.739333
0.146800	-266.578077	-197.066680	463.644757	69.511397	730.222834	0.340778	0.190547	-3.008917	0.257423	0.111387	-0.032642	0.725928	0.577470	-0.244579	-0.260754	-2.739246
0.147000	-266.650607	-197.096938	463.747546	69.553669	730.398153	0.363443	0.212951	-2.934924	0.274089	0.124036	-0.050724	0.720646	0.573633	-0.241932	-0.260842	-2.739158
0.147200	-266.723123	-197.127196	463.850319	69.595926	730.573442	0.386092	0.235408	-2.860996	0.290651	0.136605	-0.068530	0.715020	0.569533	-0.237787	-0.260929	-2.739071
0.147400	-266.795623	-197.157454	463.953077	69.638169	730.748699	0.408729	0.257923	-2.787107	0.307105	0.149091	-0.085932	0.709051	0.565171	-0.232172	-0.261017	-2.738983
0.147600	-266.868108	-197.187711	464.055819	69.680397	730.923926	0.431357	0.280498	-2.713232	0.323446	0.161490	-0.102803	0.702738	0.560546	-0.225129	-0.261104	-2.738896
0.147800	-266.940578	-197.217968	464.158545	69.722610	731.099123	0.453980	0.303138	-2.639343	0.339670	0.173798	-0.119022	0.696083	0.555660	-0.216708	-0.261192	-2.738808
0.148000	-267.013032	-197.248224	464.261256	69.764808	731.274289	0.476600	0.325845	-2.565417	0.355773	0.186012	-0.134473	0.689086	0.550514	-0.206972	-0.261279	-2.738721
0.148200	-267.085472	-197.278480	464.363952	69.806992	731.449424	0.499221	0.348622	-2.491427	0.371750	0.198128	-0.149046	0.681746	0.545106	-0.195993	-0.261366	-2.738634
0.148400	-267.157897	-197.308735	464.466632	69.849161	731.624528	0.521846	0.371473	-2.417346	0.387597	0.210143	-0.162636	0.674064	0.539439	-0.183850	-0.261453	-2.738547
0.148600	-267.230306	-197.338990	464.569296	69.891316	731.799602	0.544477	0.394401	-2.343148	0.403309	0.222052	-0.175147	0.666040	0.533510	-0.170635	-0.261540	-2.738460
0.148800	-267.302700	-197.369245	464.671945	69.933455	731.974646	0.567119	0.417408	-2.268806	0.418879	0.233850	-0.186490	0.657672	0.527322	-0.156445	-0.261626	-2.738374
0.149000	-267.375080	-197.399499	464.774579	69.975581	732.149659	0.589774	0.440498	-2.194291	0.434303	0.245534	-0.196588	0.648961	0.520872	-0.141386	-0.261713	-2.738287
0.149200	-267.447444	-197.429753	464.877197	70.017691	732.324641	0.612445	0.463674	-2.119575	0.449574	0.257098	-0.205369	0.639904	0.514162	-0.125568	-0.261800	-2.738200
0.149400	-267.519793	-197.460006	464.979800	70.059787	732.499593	0.635134	0.486938	-2.044628	0.464686	0.268538	-0.212774	0.630503	0.507191	-0.109110	-0.261886	-2.738114
0.149600	-267.592128	-197.490259	465.082387	70.101868	732.674515	0.657845	0.510293	-1.969419	0.479632	0.279848	-0.218755	0.620756	0.499959	-0.092133	-0.261973	-2.738027
0.149800	-267.664447	-197.520512	465.184959	70.143935	732.849406	0.680580	0.533741	-1.893917	0.494405	0.291024	-0.223271	0.610661	0.492465	-0.074764	-0.262059	-2.737941
0.150000	-267.736751	-197.550764	465.287515	70.185987	733.024267	0.703342	0.557284	-1.818088	0.508997	0.302058	-0.226297	0.600220	0.484711	-0.057131	-0.262146	-2.737854
0.150200	-267.809040	-197.581016	465.390057	70.228024	733.199097	0.726132	0.580925	-1.741897	0.523400	0.312946	-0.227817	0.589431	0.476695	-0.039365	-0.262232	-2.737768
0.150400	-267.881315	-197.611267	465.492582	70.270047	733.373897	0.748953	0.604666	-1.665309	0.537607	0.323681	-0.227826	0.578293	0.468418	-0.021597	-0.262318	-2.737682
0.150600	-267.953574	-197.641518	465.595093	70.312056	733.548667	0.771808	0.628507	-1.588284	0.551607	0.334255	-0.226332	0.566808	0.459881	-0.003958	-0.262404	-2.737596
0.150800	-268.025818	-197.671769	465.697587	70.354049	733.723406	0.794697	0.652452	-1.510782	0.565392	0.344664	-0.223352	0.554974	0.451083	0.013420	-0.262490	-2.737510
0.151000	-268.098048	-197.702019	465.800067	70.396029	733.898115	0.817623	0.676501	-1.432762	0.578953	0.354898	-0.218918	0.542793	0.442026	0.030412	-0.262576	-2.737424
0.151200	-268.170262	-197.732269	465.902531	70.437993	734.072793	0.840587	0.700655	-1.354179	0.592279	0.364952	-0.213070	0.530264	0.432710	0.046890	-0.262661	-2.737339
0.151400	-268.242462	-197.762518	466.004980	70.479943	734.247442	0.863590	0.724916	-1.274987	0.605360	0.374817	-0.205860	0.517390	0.423138	0.062736	-0.262747	-2.737253
0.151600	-268.314646	-197.792767	466.107414	70.521879	734.422060	0.886634	0.749284	-1.195135	0.618185	0.384485	-0.197351	0.504172	0.413309	0.077833	-0.262833	-2.737167
0.151800	-268.386816	-197.823016	466.209832	70.563800	734.596648	0.909720	0.773760	-1.114572	0.630743	0.393949	-0.187613	0.490611	0.403227	0.092072	-0.262918	-2.737082
0.152000	-268.458971	-197.853264	466.312235	70.605707	734.771206	0.932848	0.798344	-1.033243	0.643023	0.403200	-0.176729	0.476711	0.392894	0.105350	-0.263004	-2.736996
0.152200	-268.531111	-197.883512	466.414623	70.647599	734.945733	0.956019	0.823036	-0.951091	0.655013	0.412231	-0.164788	0.462475	0.382312	0.117570	-0.263089	-2.736911
0.152400	-268.603236	-197.913759	466.516995	70.689476	735.120231	0.979233	0.847836	-0.868056	0.666703	0.421031	-0.151889	0.447905	0.371484	0.128648	-0.263174	-2.736826
0.152600	-268.675346	-197.944006	466.619352	70.731339	735.294698	1.002491	0.872745	-0.784075	0.678079	0.429594	-0.138137	0.433007	0.360413	0.138503	-0.263260	-2.736740
0.152800	-268.747441	-197.974253	466.721694	70.773188	735.469135	1.025793	0.897761	-0.699082	0.689129	0.437910	-0.123643	0.417785	0.349105	0.147068	-0.263345	-2.736655
0.153000	-268.819522	-198.004499	466.824021	70.815022	735.643542	1.049138	0.922884	-0.613010	0.699843	0.445971	-0.108525	0.402245	0.337562	0.154284	-0.263430	-2.736570
0.153200	-268.891587	-198.034745	466.926332	70.856842	735.817919	1.072527	0.948114	-0.525789	0.710206	0.453767	-0.092904	0.386393	0.325789	0.160104	-0.263515	-2.736485
0.153400	-268.963638	-198.064991	467.028628	70.898647	735.992266	1.095958	0.973448	-0.437348	0.720208	0.461290	-0.076906	0.370235	0.313793	0.164490	-0.263599	-2.736401
0.153600	-269.035674	-198.095236	467.130909	70.940438	736.166583	1.119432	0.998886	-0.347617	0.729836	0.468532	-0.060660	0.353780	0.301578	0.167416	-0.263684	-2.736316
0.153800	-269.107695	-198.125480	467.233175	70.982215	736.340870	1.142947	1.024426	-0.256523	0.739078	0.475483	-0.044294	0.337035	0.289152	0.168868	-0.263769	-2.736231
0.154000	-269.179701	-198.155725	467.335426	71.023977	736.515127	1.166502	1.050067	-0.163999	0.747922	0.482135	-0.027941	0.320009	0.276520	0.168843	-0.263853	-2.736147
0.154200	-269.251693	-198.185968	467.437661	71.065724	736.689354	1.190096	1.075806	-0.069978	0.756357	0.488481	-0.011730	0.302713	0.263690	0.167349	-0.263938	-2.736062
0.154400	-269.323669	-198.216212	467.539881	71.107457	736.863551	1.213729	1.101642	0.025599	0.764371	0.494511	0.004210	0.285155	0.250669	0.164407	-0.264022	-2.735978
0.154600	-269.395631	-198.246455	467.642086	71.149176	737.037718	1.237398	1.127573	0.122785	0.771953	0.500219	0.019751	0.267348	0.237466	0.160047	-0.264107	-2.735893
0.154800	-269.467579	-198.276698	467.744276	71.190881	737.211855	1.261102	1.153596	0.221620	0.779092	0.505595	0.034770	0.249302	0.224089	0.154313	-0.264191	-2.735809
0.155000	-269.539511	-198.306940	467.846451	71.232571	737.385962	1.284839	1.179709	0.322131	0.785778	0.510634	0.049147	0.231031	0.210548	0.147256	-0.264275	-2.735725
0.155200	-269.611429	-198.337182	467.948611	71.274246	737.560039	1.308608	1.205908	0.424330	0.792002	0.515328	0.062769	0.212546	0.196852	0.138939	-0.264359	-2.735641
0.155400	-269.683332	-198.367424	468.050755	71.315908	737.734087	1.332407	1.232192	0.528204	0.797753	0.519670	0.075528	0.193862	0.183011	0.129437	-0.264443	-2.735557
0.155600	-269.755220	-198.397665	468.152885	71.357555	737.908105	1.356234	1.258557	0.633718	0.803023	0.523654	0.087321	0.174992	0.169034	0.118832	-0.264527	-2.735473
0.155800	-269.827093	-198.427906	468.254999	71.399188	738.082093	1.380086	1.285001	0.740809	0.807804	0.527274	0.098055	0.155952	0.154934	0.107213	-0.264611	-2.735389
0.156000	-269.898952	-198.458146	468.357098	71.440806	738.256051	1.403962	1.311519	0.849384	0.812088	0.530526	0.107644	0.136756	0.140721	0.094681	-0.264695	-2.735305
0.156200	-269.970796	-198.488386	468.459183	71.482410	738.429979	1.427859	1.338109	0.959316	0.815868	0.533403	0.116014	0.117419	0.126405	0.081340	-0.264778	-2.735222
0.156400	-270.042626	-198.518626	468.561252	71.524000	738.603878	1.451775	1.364768	1.070447	0.819138	0.535902	0.123096	0.097958	0.112000	0.067303	-0.264862	-2.735138
0.156600	-270.114440	-198.548865	468.663306	71.565575	738.777746	1.475708	1.391492	1.182589	0.821893	0.538018	0.128834	0.078389	0.097516	0.052688	-0.264945	-2.735055
0.156800	-270.186241	-198.579104	468.765345	71.607136	738.951586	1.499656	1.418277	1.295524	0.824128	0.539749	0.133183	0.058728	0.082967	0.037617	-0.265029	-2.734971
0.157000	-270.258026	-198.609343	468.867369	71.648683	739.125395	1.523615	1.445119	1.409010	0.825838	0.541091	0.136107	0.038993	0.068363	0.022214	-0.265112	-2.734888
0.157200	-270.329797	-198.639581	468.969378	71.690216	739.299175	1.547585	1.472016	1.522789	0.827021	0.542042	0.137582	0.019200	0.053718	0.006610	-0.265195	-2.734805
0.157400	-270.401553	-198.669819	469.071372	71.731734	739.472925	1.571561	1.498963	1.636595	0.827674	0.542601	0.137597	-0.000633	0.039044	-0.009067	-0.265279	-2.734721
0.157600	-270.473294	-198.700057	469.173351	71.773238	739.646645	1.595542	1.525956	1.750159	0.827795	0.542767	0.136150	-0.020489	0.024354	-0.024685	-0.265362	-2.734638
0.157800	-270.545021	-198.730294	469.275315	71.814728	739.820336	1.619526	1.552992	1.863220	0.827385	0.542538	0.133251	-0.040350	0.009660	-0.040116	-0.265445	-2.734555
0.158000	-270.616734	-198.760530	469.377264	71.856203	739.993998	1.643510	1.580067	1.975533	0.826442	0.541916	0.128924	-0.060199	-0.005024	-0.055229	-0.265528	-2.734472
0.158200	-270.688431	-198.790767	469.479198	71.897665	740.167630	1.667491	1.607177	2.086876	0.824968	0.540899	0.123200	-0.080020	-0.019687	-0.069900	-0.265610	-2.734390
0.158400	-270.760114	-198.821003	469.581117	71.939112	740.341232	1.691468	1.634318	2.197051	0.822965	0.539491	0.116125	-0.099793	-0.034315	-0.084004	-0.265693	-2.734307
0.158600	-270.831783	-198.851238	469.683021	71.980545	740.514804	1.715437	1.661486	2.305895	0.820435	0.537692	0.107753	-0.119503	-0.048897	-0.097424	-0.265776	-2.734224
0.158800	-270.903437	-198.881474	469.784911	72.021963	740.688348	1.739398	1.688678	2.413274	0.817380	0.535505	0.098150	-0.139132	-0.063420	-0.110046	-0.265858	-2.734142
0.159000	-270.975076	-198.911709	469.886785	72.063368	740.861861	1.763347	1.715889	2.519087	0.813806	0.532933	0.087389	-0.158665	-0.077872	-0.121763	-0.265941	-2.734059
0.159200	-271.046701	-198.941943	469.988644	72.104758	741.035346	1.787283	1.743116	2.623266	0.809717	0.529979	0.075556	-0.178084	-0.092240	-0.132476	-0.266023	-2.733977
0.159400	-271.118312	-198.972177	470.090489	72.146134	741.208801	1.811203	1.770355	2.725768	0.805118	0.526646	0.062743	-0.197373	-0.106515	-0.142091	-0.266106	-2.733894
0.159600	-271.189907	-199.002411	470.192319	72.187496	741.382226	1.835106	1.797603	2.826578	0.800016	0.522940	0.049051	-0.216518	-0.120683	-0.150524	-0.266188	-2.733812
0.159800	-271.261489	-199.032645	470.294133	72.228844	741.555622	1.858990	1.824855	2.925701	0.794417	0.518865	0.034586	-0.235503	-0.134734	-0.157702	-0.266270	-2.733730
0.160000	-271.333055	-199.062878	470.395933	72.270178	741.728989	1.882854	1.852109	3.023160	0.788328	0.514426	0.019462	-0.254313	-0.148657	-0.163559	-0.266352	-2.733648
0.160200	-271.404608	-199.093110	470.497718	72.311497	741.902326	1.906695	1.879361	3.118995	0.781758	0.509629	0.003798	-0.272935	-0.162442	-0.168039	-0.266434	-2.733566
0.160400	-271.476145	-199.123343	470.599488	72.352803	742.075634	1.930513	1.906608	-3.069931	0.774715	0.504480	-0.012282	-0.291354	-0.176079	-0.171100	-0.266516	-2.733484
0.160600	-271.547669	-199.153575	470.701244	72.394094	742.248912	1.954305	1.933846	-2.977189	0.767207	0.498985	-0.028652	-0.309558	-0.189558	-0.172708	-0.266598	-2.733402
0.160800	-271.619178	-199.183807	470.802984	72.435371	742.422162	1.978072	1.961072	-2.885900	0.759244	0.493151	-0.045183	-0.327535	-0.202871	-0.172840	-0.266680	-2.733320
0.161000	-271.690672	-199.214038	470.904710	72.476634	742.595382	2.001811	1.988283	-2.795996	0.750836	0.486984	-0.061743	-0.345272	-0.216007	-0.171487	-0.266762	-2.733238
0.161200	-271.762152	-199.244269	471.006421	72.517883	742.768572	2.025523	2.015477	-2.707406	0.741992	0.480492	-0.078202	-0.362758	-0.228960	-0.168649	-0.266843	-2.733157
0.161400	-271.833617	-199.274499	471.108117	72.559118	742.941734	2.049206	2.042651	-2.620061	0.732723	0.473683	-0.094429	-0.379984	-0.241721	-0.164340	-0.266925	-2.733075
0.161600	-271.905068	-199.304730	471.209798	72.600339	743.114866	2.072860	2.069802	-2.533888	0.723040	0.466563	-0.110295	-0.396938	-0.254282	-0.158582	-0.267006	-2.732994
0.161800	-271.976505	-199.334960	471.311464	72.641545	743.287969	2.096485	2.096927	-2.448819	0.712952	0.459140	-0.125673	-0.413612	-0.266637	-0.151411	-0.267088	-2.732912
0.162000	-272.047927	-199.365189	471.413116	72.682738	743.461043	2.120080	2.124025	-2.364786	0.702471	0.451423	-0.140440	-0.429997	-0.278779	-0.142874	-0.267169	-2.732831
0.162200	-272.119335	-199.395418	471.514753	72.723917	743.634088	2.143646	2.151094	-2.281724	0.691608	0.443418	-0.154478	-0.446085	-0.290702	-0.133027	-0.267250	-2.732750
0.162400	-272.190728	-199.425647	471.616375	72.765081	743.807104	2.167183	2.178131	-2.199568	0.680373	0.435134	-0.167673	-0.461868	-0.302400	-0.121938	-0.267331	-2.732669
0.162600	-272.262107	-199.455876	471.717983	72.806232	743.980090	2.190691	2.205135	-2.118261	0.668777	0.426578	-0.179919	-0.477340	-0.313868	-0.109683	-0.267412	-2.732588
0.162800	-272.333472	-199.486104	471.819576	72.847368	744.153047	2.214172	2.232104	-2.037743	0.656832	0.417759	-0.191116	-0.492495	-0.325101	-0.096347	-0.267493	-2.732507
0.163000	-272.404822	-199.516332	471.921154	72.888491	744.325976	2.237625	2.259037	-1.957960	0.644547	0.408684	-0.201171	-0.507326	-0.336095	-0.082026	-0.267574	-2.732426
0.163200	-272.476158	-199.546559	472.022717	72.929599	744.498875	2.261051	2.285933	-1.878861	0.631933	0.399361	-0.210002	-0.521828	-0.346844	-0.066822	-0.267655	-2.732345
0.163400	-272.547480	-199.576786	472.124266	72.970693	744.671745	2.284453	2.312790	-1.800396	0.619001	0.389797	-0.217534	-0.535997	-0.357347	-0.050842	-0.267736	-2.732264
0.163600	-272.618787	-199.607013	472.225800	73.011774	744.844586	2.307831	2.339608	-1.722518	0.605761	0.380000	-0.223704	-0.549829	-0.367598	-0.034204	-0.267816	-2.732184
0.163800	-272.690080	-199.637239	472.327319	73.052840	745.017398	2.331188	2.366386	-1.645183	0.592223	0.369976	-0.228456	-0.563320	-0.377596	-0.017026	-0.267897	-2.732103
0.164000	-272.761358	-199.667465	472.428823	73.093893	745.190182	2.354524	2.393125	-1.568350	0.578395	0.359735	-0.231748	-0.576466	-0.387337	0.000567	-0.267977	-2.732023
0.164200	-272.832622	-199.697691	472.530313	73.134931	745.362936	2.377841	2.419822	-1.491979	0.564289	0.349281	-0.233547	-0.589264	-0.396818	0.018446	-0.268058	-2.731942
0.164400	-272.903872	-199.727916	472.631789	73.175956	745.535661	2.401143	2.446480	-1.416032	0.549913	0.338622	-0.233832	-0.601712	-0.406037	0.036481	-0.268138	-2.731862
0.164600	-272.975108	-199.758141	472.733249	73.216967	745.708357	2.424431	2.473097	-1.340473	0.535275	0.327765	-0.232594	-0.613806	-0.414992	0.054540	-0.268218	-2.731782
0.164800	-273.046329	-199.788366	472.834696	73.257963	745.881025	2.447708	2.499673	-1.265268	0.520384	0.316715	-0.229836	-0.625546	-0.423681	0.072491	-0.268299	-2.731701
0.165000	-273.117536	-199.818590	472.936127	73.298946	746.053663	2.470977	2.526211	-1.190385	0.505248	0.305479	-0.225570	-0.636928	-0.432102	0.090203	-0.268379	-2.731621
0.165200	-273.188729	-199.848814	473.037544	73.339915	746.226273	2.494239	2.552709	-1.115792	0.489875	0.294063	-0.219821	-0.647951	-0.440253	0.107546	-0.268459	-2.731541
0.165400	-273.259908	-199.879038	473.138946	73.380870	746.398854	2.517499	2.579169	-1.041459	0.474272	0.282472	-0.212627	-0.658612	-0.448132	0.124392	-0.268539	-2.731461
0.165600	-273.331072	-199.909262	473.240334	73.421811	746.571406	2.540759	2.605592	-0.967359	0.458446	0.270712	-0.204033	-0.668911	-0.455739	0.140619	-0.268619	-2.731381
0.165800	-273.402222	-199.939485	473.341707	73.462738	746.743929	2.564022	2.631978	-0.893463	0.442404	0.258788	-0.194099	-0.678844	-0.463070	0.156106	-0.268698	-2.731302
0.166000	-273.473358	-199.969707	473.443065	73.503651	746.916424	2.587292	2.658330	-0.819744	0.426153	0.246705	-0.182892	-0.688412	-0.470125	0.170742	-0.268778	-2.731222
0.166200	-273.544480	-199.999929	473.544409	73.544550	747.088889	2.610572	2.684648	-0.746177	0.409699	0.234468	-0.170490	-0.697610	-0.476901	0.184417	-0.268858	-2.731142
0.166400	-273.615587	-200.030151	473.645739	73.585436	747.261326	2.633865	2.710934	-0.672736	0.393047	0.222082	-0.156980	-0.706438	-0.483398	0.197034	-0.268937	-2.731063
0.166600	-273.686681	-200.060373	473.747054	73.626307	747.433734	2.657176	2.737189	-0.599397	0.376204	0.209551	-0.142457	-0.714893	-0.489613	0.208499	-0.269017	-2.730983
0.166800	-273.757760	-200.090594	473.848354	73.667165	747.606114	2.680507	2.763416	-0.526135	0.359174	0.196880	-0.127024	-0.722974	-0.495544	0.218729	-0.269096	-2.730904
0.167000	-273.828825	-200.120815	473.949640	73.708009	747.778465	2.703863	2.789615	-0.452926	0.341964	0.184072	-0.110791	-0.730676	-0.501190	0.227651	-0.269175	-2.730825
0.167200	-273.899875	-200.151036	474.050911	73.748839	747.950787	2.727247	2.815789	-0.379746	0.324577	0.171133	-0.093872	-0.737999	-0.506547	0.235200	-0.269255	-2.730745
0.167400	-273.970912	-200.181256	474.152168	73.789655	748.123080	2.750662	2.841939	-0.306572	0.307021	0.158066	-0.076391	-0.744938	-0.511614	0.241322	-0.269334	-2.730666
0.167600	-274.041934	-200.211476	474.253411	73.830458	748.295345	2.774113	2.868068	-0.233380	0.289298	0.144876	-0.058471	-0.751490	-0.516389	0.245974	-0.269413	-2.730587
0.167800	-274.112942	-200.241696	474.354639	73.871246	748.467581	2.797603	2.894177	-0.160146	0.271416	0.131566	-0.040241	-0.757653	-0.520868	0.249125	-0.269492	-2.730508
0.168000	-274.183937	-200.271915	474.455852	73.912021	748.639789	2.821136	2.920269	-0.086846	0.253377	0.118141	-0.021832	-0.763422	-0.525048	0.250754	-0.269571	-2.730429
0.168200	-274.254917	-200.302134	474.557051	73.952782	748.811968	2.844714	2.946344	-0.013456	0.235188	0.104605	-0.003376	-0.768792	-0.528928	0.250852	-0.269650	-2.730350
0.168400	-274.325882	-200.332353	474.658236	73.993529	748.984118	2.868343	2.972406	0.060049	0.216854	0.090962	0.014995	-0.773761	-0.532502	0.249420	-0.269729	-2.730271
0.168600	-274.396834	-200.362571	474.759406	74.034263	749.156240	2.892025	2.998456	0.133694	0.198380	0.077216	0.033150	-0.778322	-0.535769	0.246474	-0.269807	-2.730193
0.168800	-274.467772	-200.392790	474.860561	74.074982	749.328333	2.915763	3.024495	0.207505	0.179772	0.063373	0.050958	-0.782472	-0.538725	0.242039	-0.269886	-2.730114
0.169000	-274.538696	-200.423007	474.961703	74.115688	749.500398	2.939561	3.050527	0.281510	0.161035	0.049436	0.068292	-0.786204	-0.541365	0.236151	-0.269964	-2.730036
0.169200	-274.609605	-200.453225	475.062830	74.156380	749.672435	2.963423	3.076552	0.355734	0.142175	0.035412	0.085030	-0.789514	-0.543686	0.228857	-0.270043	-2.729957
0.169400	-274.680501	-200.483442	475.163942	74.197059	749.844443	2.987350	3.102573	0.430209	0.123200	0.021303	0.101052	-0.792395	-0.545683	0.220218	-0.270121	-2.729879
0.169600	-274.751382	-200.513658	475.265040	74.237724	750.016422	3.011346	3.128590	0.504962	0.104115	0.007117	0.116246	-0.794843	-0.547354	0.210299	-0.270200	-2.729800
0.169800	-274.822249	-200.543875	475.366124	74.278374	750.188373	3.035415	-3.128579	0.580027	0.084927	-0.007141	0.130504	-0.796849	-0.548693	0.199180	-0.270278	-2.729722
0.170000	-274.893103	-200.574091	475.467193	74.319012	750.360296	3.059557	-3.102563	0.655434	0.065645	-0.021465	0.143728	-0.798410	-0.549695	0.186947	-0.270356	-2.729644
0.170200	-274.963942	-200.604307	475.568249	74.359635	750.532190	3.083776	-3.076545	0.731220	0.046277	-0.035850	0.155826	-0.799517	-0.550358	0.173696	-0.270434	-2.729566
0.170400	-275.034767	-200.634522	475.669289	74.400245	750.704056	3.108074	-3.050525	0.807420	0.026830	-0.050288	0.166715	-0.800165	-0.550676	0.159530	-0.270512	-2.729488
0.170600	-275.105578	-200.664737	475.770316	74.440841	750.875894	3.132454	-3.024501	0.884072	0.007314	-0.064772	0.176323	-0.800347	-0.550644	0.144558	-0.270590	-2.729410
0.170800	-275.176376	-200.694952	475.871328	74.481424	751.047703	-3.126269	-2.998472	0.961217	-0.012261	-0.079296	0.184586	-0.800057	-0.550259	0.128895	-0.270668	-2.729332
0.171000	-275.247159	-200.725167	475.972325	74.521992	751.219484	-3.101722	-2.972437	1.038898	-0.031885	-0.093851	0.191450	-0.799288	-0.549516	0.112663	-0.270746	-2.729254
0.171200	-275.317928	-200.755381	476.073309	74.562547	751.391237	-3.077088	-2.946396	1.117160	-0.051548	-0.108429	0.196874	-0.798034	-0.548411	0.095986	-0.270823	-2.729177
0.171400	-275.388683	-200.785595	476.174278	74.603089	751.562961	-3.052367	-2.920347	1.196051	-0.071239	-0.123022	0.200827	-0.796290	-0.546939	0.078992	-0.270901	-2.729099
0.171600	-275.459425	-200.815808	476.275233	74.643617	751.734657	-3.027557	-2.894291	1.275623	-0.090944	-0.137621	0.203289	-0.794048	-0.545097	0.061811	-0.270979	-2.729021
0.171800	-275.530152	-200.846021	476.376173	74.684131	751.906325	-3.002657	-2.868226	1.355930	-0.110653	-0.152216	0.204252	-0.791304	-0.542880	0.044575	-0.271056	-2.728944
0.172000	-275.600865	-200.876234	476.477100	74.724631	752.077965	-2.977667	-2.842154	1.437029	-0.130351	-0.166798	0.203718	-0.788051	-0.540286	0.027415	-0.271134	-2.728866
0.172200	-275.671565	-200.906447	476.578012	74.765118	752.249577	-2.952586	-2.816073	1.518980	-0.150026	-0.181357	0.201703	-0.784286	-0.537312	0.010461	-0.271211	-2.728789
0.172400	-275.742250	-200.936659	476.678910	74.805591	752.421160	-2.927413	-2.789984	1.601850	-0.169663	-0.195882	0.198234	-0.780003	-0.533953	-0.006158	-0.271288	-2.728712
0.172600	-275.812922	-200.966871	476.779793	74.846051	752.592715	-2.902149	-2.763887	1.685704	-0.189247	-0.210362	0.193347	-0.775199	-0.530207	-0.022315	-0.271365	-2.728635
0.172800	-275.883580	-200.997083	476.880662	74.886497	752.764242	-2.876794	-2.737782	1.770615	-0.208762	-0.224787	0.187090	-0.769869	-0.526073	-0.037890	-0.271442	-2.728558
0.173000	-275.954224	-201.027294	476.981518	74.926929	752.935741	-2.851348	-2.711670	1.856657	-0.228195	-0.239144	0.179524	-0.764011	-0.521548	-0.052764	-0.271519	-2.728481
0.173200	-276.024853	-201.057505	477.082359	74.967348	753.107212	-2.825810	-2.685551	1.943907	-0.247527	-0.253422	0.170716	-0.757622	-0.516630	-0.066826	-0.271596	-2.728404
0.173400	-276.095469	-201.087716	477.183185	75.007754	753.278655	-2.800183	-2.659426	2.032446	-0.266742	-0.267608	0.160745	-0.750701	-0.511320	-0.079971	-0.271673	-2.728327
0.173600	-276.166072	-201.117926	477.283998	75.048145	753.450069	-2.774466	-2.633297	2.122356	-0.285823	-0.281691	0.149698	-0.743246	-0.505616	-0.092102	-0.271750	-2.728250
0.173800	-276.236660	-201.148136	477.384796	75.088523	753.621456	-2.748662	-2.607163	2.213718	-0.304754	-0.295657	0.137671	-0.735258	-0.499519	-0.103128	-0.271827	-2.728173
0.174000	-276.307234	-201.178346	477.485580	75.128888	753.792815	-2.722770	-2.581027	2.306616	-0.323515	-0.309493	0.124766	-0.726736	-0.493029	-0.112970	-0.271903	-2.728097
0.174200	-276.377795	-201.208556	477.586350	75.169239	753.964145	-2.696792	-2.554888	2.401128	-0.342090	-0.323187	0.111094	-0.717682	-0.486148	-0.121555	-0.271980	-2.728020
0.174400	-276.448342	-201.238765	477.687106	75.209577	754.135448	-2.670730	-2.528750	2.497330	-0.360459	-0.336726	0.096770	-0.708098	-0.478876	-0.128822	-0.272057	-2.727943
0.174600	-276.518874	-201.268974	477.787848	75.249901	754.306723	-2.644585	-2.502613	2.595289	-0.378605	-0.350095	0.081914	-0.697987	-0.471217	-0.134720	-0.272133	-2.727867
0.174800	-276.589393	-201.299182	477.888576	75.290211	754.477969	-2.618359	-2.476478	2.695064	-0.396509	-0.363283	0.066651	-0.687353	-0.463174	-0.139209	-0.272209	-2.727791
0.175000	-276.659899	-201.329391	477.989289	75.330508	754.649188	-2.592054	-2.450348	2.796698	-0.414153	-0.376274	0.051108	-0.676201	-0.454750	-0.142260	-0.272286	-2.727714
0.175200	-276.730390	-201.359599	478.089989	75.370792	754.820379	-2.565673	-2.424224	2.900214	-0.431518	-0.389057	0.035414	-0.664535	-0.445950	-0.143856	-0.272362	-2.727638
0.175400	-276.800868	-201.389806	478.190674	75.411062	754.991542	-2.539216	-2.398108	3.005617	-0.448586	-0.401618	0.019701	-0.652363	-0.436778	-0.143989	-0.272438	-2.727562
0.175600	-276.871332	-201.420014	478.291345	75.451318	755.162677	-2.512687	-2.372001	3.112878	-0.465338	-0.413943	0.004098	-0.639693	-0.427241	-0.142666	-0.272514	-2.727486
0.175800	-276.941782	-201.450221	478.392002	75.491561	755.333784	-2.486088	-2.345906	-3.061245	-0.481757	-0.426020	-0.011265	-0.626532	-0.417343	-0.139903	-0.272590	-2.727410
0.176000	-277.012218	-201.480427	478.492645	75.531791	755.504863	-2.459421	-2.319825	-2.950475	-0.497825	-0.437836	-0.026260	-0.612889	-0.407093	-0.135728	-0.272666	-2.727334
0.176200	-277.082641	-201.510634	478.593274	75.572007	755.675915	-2.432689	-2.293759	-2.838132	-0.513525	-0.449379	-0.040764	-0.598776	-0.396497	-0.130181	-0.272742	-2.727258
0.176400	-277.153049	-201.540840	478.693889	75.612209	755.846939	-2.405894	-2.267711	-2.724387	-0.528839	-0.460635	-0.054655	-0.584202	-0.385565	-0.123311	-0.272818	-2.727182
0.176600	-277.223444	-201.571046	478.794490	75.652399	756.017935	-2.379040	-2.241683	-2.609455	-0.543750	-0.471594	-0.067817	-0.569180	-0.374303	-0.115180	-0.272893	-2.727107
0.176800	-277.293826	-201.601251	478.895077	75.692574	756.188903	-2.352129	-2.215676	-2.493583	-0.558244	-0.482243	-0.080142	-0.553723	-0.362722	-0.105859	-0.272969	-2.727031
0.177000	-277.364193	-201.631457	478.995650	75.732737	756.359843	-2.325163	-2.189693	-2.377051	-0.572303	-0.492572	-0.091526	-0.537843	-0.350832	-0.095426	-0.273044	-2.726956
0.177200	-277.434547	-201.661662	479.096209	75.772886	756.530756	-2.298147	-2.163737	-2.260159	-0.585914	-0.502569	-0.101873	-0.521556	-0.338643	-0.083970	-0.273120	-2.726880
0.177400	-277.504887	-201.691866	479.196754	75.813021	756.701641	-2.271082	-2.137808	-2.143223	-0.599062	-0.512225	-0.111096	-0.504875	-0.326165	-0.071590	-0.273195	-2.726805
0.177600	-277.575214	-201.722071	479.297285	75.853143	756.872499	-2.243971	-2.111910	-2.026556	-0.611733	-0.521529	-0.119116	-0.487818	-0.313410	-0.058388	-0.273271	-2.726729
0.177800	-277.645527	-201.752275	479.397801	75.893252	757.043328	-2.216818	-2.086044	-1.910465	-0.623915	-0.530472	-0.125864	-0.470399	-0.300390	-0.044476	-0.273346	-2.726654
0.178000	-277.715826	-201.782479	479.498304	75.933347	757.214130	-2.189626	-2.060213	-1.795237	-0.635596	-0.539046	-0.131281	-0.452635	-0.287117	-0.029970	-0.273421	-2.726579
0.178200	-277.786111	-201.812682	479.598793	75.973429	757.384905	-2.162397	-2.034418	-1.681129	-0.646763	-0.547242	-0.135319	-0.434544	-0.273603	-0.014991	-0.273496	-2.726504
0.178400	-277.856383	-201.842885	479.699268	76.013498	757.555651	-2.135134	-2.008661	-1.568365	-0.657407	-0.555053	-0.137939	-0.416144	-0.259862	0.000335	-0.273571	-2.726429
0.178600	-277.926641	-201.873088	479.799729	76.053553	757.726370	-2.107840	-1.982945	-1.457130	-0.667519	-0.562472	-0.139116	-0.397453	-0.245906	0.015881	-0.273646	-2.726354
0.178800	-277.996886	-201.903291	479.900176	76.093595	757.897062	-2.080519	-1.957271	-1.347568	-0.677089	-0.569491	-0.138834	-0.378489	-0.231749	0.031517	-0.273721	-2.726279
0.179000	-278.067116	-201.933493	480.000609	76.133623	758.067726	-2.053172	-1.931641	-1.239785	-0.686110	-0.576107	-0.137090	-0.359271	-0.217404	0.047112	-0.273796	-2.726204
0.179200	-278.137334	-201.963695	480.101029	76.173639	758.238362	-2.025803	-1.906057	-1.133849	-0.694575	-0.582313	-0.133892	-0.339818	-0.202886	0.062535	-0.273871	-2.726129
0.179400	-278.207537	-201.993897	480.201434	76.213641	758.408971	-1.998415	-1.880520	-1.029795	-0.702478	-0.588106	-0.129259	-0.320149	-0.188207	0.077658	-0.273945	-2.726055
0.179600	-278.277727	-202.024098	480.301825	76.253629	758.579553	-1.971010	-1.855032	-0.927628	-0.709814	-0.593481	-0.123222	-0.300284	-0.173383	0.092352	-0.274020	-2.725980
0.179800	-278.347904	-202.054299	480.402203	76.293604	758.750107	-1.943591	-1.829594	-0.827331	-0.716579	-0.598435	-0.115822	-0.280241	-0.158427	0.106494	-0.274094	-2.725906
0.180000	-278.418066	-202.084500	480.502567	76.333566	758.920633	-1.916160	-1.804208	-0.728865	-0.722769	-0.602967	-0.107113	-0.260041	-0.143352	0.119965	-0.274169	-2.725831
0.180200	-278.488216	-202.114701	480.602916	76.373515	759.091132	-1.888720	-1.778875	-0.632176	-0.728383	-0.607073	-0.097158	-0.239702	-0.128174	0.132648	-0.274243	-2.725757
0.180400	-278.558351	-202.144901	480.703252	76.413450	759.261604	-1.861274	-1.753595	-0.537200	-0.733419	-0.610753	-0.086030	-0.219243	-0.112906	0.144435	-0.274318	-2.725682
0.180600	-278.628473	-202.175101	480.803574	76.453372	759.432048	-1.833822	-1.728371	-0.443862	-0.737876	-0.614006	-0.073811	-0.198683	-0.097561	0.155225	-0.274392	-2.725608
0.180800	-278.698582	-202.205301	480.903883	76.493281	759.602465	-1.806368	-1.703202	-0.352086	-0.741754	-0.616833	-0.060591	-0.178042	-0.082153	0.164922	-0.274466	-2.725534
0.181000	-278.768677	-202.235500	481.004177	76.533177	759.772854	-1.778913	-1.678090	-0.261790	-0.745055	-0.619233	-0.046471	-0.157337	-0.066696	0.173440	-0.274540	-2.725460
0.181200	-278.838758	-202.265699	481.104458	76.573059	759.943216	-1.751460	-1.653035	-0.172891	-0.747780	-0.621207	-0.031557	-0.136586	-0.051203	0.180702	-0.274614	-2.725386
0.181400	-278.908826	-202.295898	481.204724	76.612928	760.113551	-1.724010	-1.628037	-0.085308	-0.749932	-0.622758	-0.015961	-0.115807	-0.035686	0.186641	-0.274688	-2.725312
0.181600	-278.978880	-202.326097	481.304977	76.652784	760.283858	-1.696565	-1.603096	0.001039	-0.751513	-0.623888	0.000199	-0.095018	-0.020159	0.191199	-0.274762	-2.725238
0.181800	-279.048921	-202.356295	481.405217	76.692626	760.454138	-1.669125	-1.578214	0.086228	-0.752528	-0.624598	0.016798	-0.074235	-0.004633	0.194330	-0.274836	-2.725164
0.182000	-279.118949	-202.386493	481.505442	76.732455	760.624391	-1.641693	-1.553388	0.170334	-0.752981	-0.624892	0.033711	-0.053474	0.010879	0.195997	-0.274910	-2.725090
0.182200	-279.188963	-202.416691	481.605653	76.772272	760.794616	-1.614270	-1.528620	0.253429	-0.752877	-0.624773	0.050809	-0.032751	0.026366	0.196175	-0.274983	-2.725017
0.182400	-279.258963	-202.446888	481.705851	76.812074	760.964814	-1.586856	-1.503908	0.335581	-0.752222	-0.624245	0.067959	-0.012081	0.041817	0.194852	-0.275057	-2.724943
0.182600	-279.328950	-202.477086	481.806035	76.851864	761.134985	-1.559452	-1.479253	0.416854	-0.751020	-0.623312	0.085030	0.008520	0.057220	0.192027	-0.275130	-2.724870
0.182800	-279.398923	-202.507282	481.906206	76.891641	761.305129	-1.532060	-1.454653	0.497311	-0.749279	-0.621977	0.101891	0.029039	0.072565	0.187708	-0.275204	-2.724796
0.183000	-279.468883	-202.537479	482.006362	76.931404	761.475245	-1.504679	-1.430107	0.577009	-0.747005	-0.620247	0.118411	0.049462	0.087842	0.181918	-0.275277	-2.724723
0.183200	-279.538830	-202.567675	482.106505	76.971154	761.645335	-1.477309	-1.405615	0.656002	-0.744204	-0.618124	0.134462	0.069777	0.103042	0.174690	-0.275350	-2.724650
0.183400	-279.608763	-202.597871	482.206634	77.010891	761.815397	-1.449952	-1.381174	0.734342	-0.740884	-0.615615	0.149919	0.089970	0.118154	0.166066	-0.275424	-2.724576
0.183600	-279.678682	-202.628067	482.306750	77.050615	761.985432	-1.422607	-1.356783	0.812076	-0.737052	-0.612725	0.164662	0.110030	0.133171	0.156103	-0.275497	-2.724503
0.183800	-279.748588	-202.658263	482.406851	77.090326	762.155440	-1.395273	-1.332440	0.889251	-0.732715	-0.609458	0.178576	0.129946	0.148083	0.144865	-0.275570	-2.724430
0.184000	-279.818481	-202.688458	482.506939	77.130023	762.325420	-1.367950	-1.308145	0.965908	-0.727881	-0.605819	0.191552	0.149707	0.162882	0.132427	-0.275643	-2.724357
0.184200	-279.888361	-202.718653	482.607014	77.169708	762.495374	-1.340638	-1.283893	1.042088	-0.722558	-0.601815	0.203487	0.169303	0.177561	0.118873	-0.275716	-2.724284
0.184400	-279.958227	-202.748848	482.707074	77.209379	762.665301	-1.313336	-1.259684	1.117829	-0.716752	-0.597450	0.214286	0.188723	0.192113	0.104297	-0.275789	-2.724211
0.184600	-280.028079	-202.779042	482.807121	77.249037	762.835200	-1.286044	-1.235514	1.193167	-0.710471	-0.592730	0.223865	0.207960	0.206529	0.088800	-0.275862	-2.724138
0.184800	-280.097918	-202.809236	482.907154	77.288682	763.005073	-1.258759	-1.211382	1.268136	-0.703723	-0.587659	0.232145	0.227004	0.220804	0.072488	-0.275935	-2.724065
0.185000	-280.167744	-202.839430	483.007174	77.328314	763.174918	-1.231481	-1.187284	1.342768	-0.696514	-0.582244	0.239060	0.245846	0.234930	0.055477	-0.276007	-2.723993
0.185200	-280.237557	-202.869624	483.107180	77.367933	763.344737	-1.204209	-1.163218	1.417092	-0.688852	-0.576489	0.244553	0.264479	0.248902	0.037888	-0.276080	-2.723920
0.185400	-280.307356	-202.899817	483.207172	77.407539	763.514528	-1.176941	-1.139180	1.491139	-0.680744	-0.570399	0.248577	0.282896	0.262714	0.019843	-0.276152	-2.723848
0.185600	-280.377141	-202.930010	483.307151	77.447131	763.684293	-1.149675	-1.115167	1.564936	-0.672196	-0.563979	0.251097	0.301088	0.276359	0.001472	-0.276225	-2.723775
0.185800	-280.446914	-202.960203	483.407116	77.486711	763.854030	-1.122411	-1.091177	1.638509	-0.663214	-0.557234	0.252089	0.319050	0.289833	-0.017096	-0.276297	-2.723703
0.186000	-280.516673	-202.990395	483.507068	77.526278	764.023741	-1.095145	-1.067204	1.711885	-0.653805	-0.550169	0.251541	0.336773	0.303130	-0.035727	-0.276370	-2.723630
0.186200	-280.586418	-203.020587	483.607006	77.565831	764.193424	-1.067876	-1.043247	1.785087	-0.643975	-0.542787	0.249452	0.354251	0.316244	-0.054289	-0.276442	-2.723558
0.186400	-280.656151	-203.050779	483.706930	77.605372	764.363081	-1.040602	-1.019302	1.858139	-0.633730	-0.535094	0.245832	0.371479	0.329170	-0.072649	-0.276514	-2.723486
0.186600	-280.725870	-203.080971	483.806841	77.644899	764.532711	-1.013321	-0.995363	1.931065	-0.623075	-0.527093	0.240704	0.388449	0.341904	-0.090676	-0.276586	-2.723414
0.186800	-280.795576	-203.111162	483.906738	77.684413	764.702314	-0.986030	-0.971429	2.003887	-0.612014	-0.518788	0.234102	0.405154	0.354440	-0.108241	-0.276658	-2.723342
0.187000	-280.865268	-203.141354	484.006622	77.723915	764.871890	-0.958729	-0.947495	2.076627	-0.600554	-0.510183	0.226069	0.421590	0.366773	-0.125219	-0.276730	-2.723270
0.187200	-280.934948	-203.171544	484.106492	77.763403	765.041440	-0.931413	-0.923557	2.149307	-0.588699	-0.501282	0.216663	0.437748	0.378898	-0.141490	-0.276802	-2.723198
0.187400	-281.004613	-203.201735	484.206349	77.802878	765.210962	-0.904081	-0.899611	2.221948	-0.576453	-0.492089	0.205948	0.453623	0.390810	-0.156937	-0.276874	-2.723126
0.187600	-281.074266	-203.231925	484.306192	77.842341	765.380458	-0.876731	-0.875653	2.294572	-0.563821	-0.482607	0.194000	0.469208	0.402504	-0.171451	-0.276946	-2.723054
0.187800	-281.143906	-203.262116	484.406021	77.881790	765.549927	-0.849360	-0.851679	2.367199	-0.550807	-0.472838	0.180904	0.484496	0.413974	-0.184930	-0.277018	-2.722982
0.188000	-281.213532	-203.292305	484.505837	77.921226	765.719369	-0.821967	-0.827686	2.439852	-0.537414	-0.462788	0.166754	0.499480	0.425214	-0.197279	-0.277089	-2.722911
0.188200	-281.283145	-203.322495	484.605640	77.960650	765.888784	-0.794548	-0.803668	2.512551	-0.523648	-0.452458	0.151651	0.514152	0.436220	-0.208412	-0.277161	-2.722839
0.188400	-281.352744	-203.352684	484.705429	78.000060	766.058173	-0.767101	-0.779623	2.585317	-0.509511	-0.441853	0.135704	0.528506	0.446985	-0.218253	-0.277232	-2.722768
0.188600	-281.422331	-203.382873	484.805204	78.039458	766.227535	-0.739625	-0.755547	2.658174	-0.495008	-0.430974	0.119027	0.542533	0.457504	-0.226733	-0.277304	-2.722696
0.188800	-281.491904	-203.413062	484.904966	78.078842	766.396870	-0.712117	-0.731435	2.731144	-0.480143	-0.419826	0.101740	0.556226	0.467771	-0.233797	-0.277375	-2.722625
0.189000	-281.561464	-203.443250	485.004715	78.118214	766.566179	-0.684575	-0.707284	2.804249	-0.464919	-0.408412	0.083969	0.569575	0.477778	-0.239398	-0.277446	-2.722554
0.189200	-281.631011	-203.473439	485.104450	78.157572	766.735461	-0.656997	-0.683089	2.877513	-0.449341	-0.396736	0.065841	0.582573	0.487520	-0.243501	-0.277518	-2.722482
0.189400	-281.700545	-203.503627	485.204172	78.196918	766.904716	-0.629381	-0.658848	2.950962	-0.433412	-0.384799	0.047488	0.595209	0.496989	-0.246083	-0.277589	-2.722411
0.189600	-281.770065	-203.533814	485.303880	78.236251	767.073945	-0.601726	-0.634557	3.024619	-0.417137	-0.372608	0.029040	0.607475	0.506179	-0.247131	-0.277660	-2.722340
0.189800	-281.839573	-203.564002	485.403575	78.275571	767.243147	-0.574030	-0.610213	3.098512	-0.400521	-0.360165	0.010632	0.619360	0.515083	-0.246645	-0.277731	-2.722269
0.190000	-281.909067	-203.594189	485.503256	78.314878	767.412323	-0.546291	-0.585811	-3.110517	-0.383569	-0.347474	-0.007605	0.630855	0.523693	-0.244636	-0.277802	-2.722198
0.190200	-281.978548	-203.624376	485.602924	78.354172	767.581472	-0.518509	-0.561350	-3.036068	-0.366285	-0.334539	-0.025540	0.641949	0.532001	-0.241127	-0.277873	-2.722127
0.190400	-282.048016	-203.654563	485.702578	78.393453	767.750594	-0.490681	-0.536825	-2.961297	-0.348677	-0.321366	-0.043044	0.652631	0.540000	-0.236151	-0.277944	-2.722056
0.190600	-282.117470	-203.684749	485.802219	78.432721	767.919690	-0.462807	-0.512234	-2.886170	-0.330749	-0.307959	-0.059995	0.662891	0.547682	-0.229753	-0.278014	-2.721986
0.190800	-282.186912	-203.714935	485.901847	78.471977	768.088759	-0.434885	-0.487575	-2.810654	-0.312509	-0.294324	-0.076270	0.672717	0.555038	-0.221989	-0.278085	-2.721915
0.191000	-282.256340	-203.745121	486.001462	78.511219	768.257802	-0.406916	-0.462844	-2.734713	-0.293963	-0.280466	-0.091755	0.682097	0.562060	-0.212925	-0.278156	-2.721844
0.191200	-282.325756	-203.775307	486.101063	78.550449	768.426818	-0.378898	-0.438039	-2.658307	-0.275120	-0.266391	-0.106343	0.691020	0.568741	-0.202637	-0.278226	-2.721774
0.191400	-282.395158	-203.805492	486.200650	78.589666	768.595808	-0.350831	-0.413158	-2.581397	-0.255987	-0.252105	-0.119930	0.699474	0.575070	-0.191209	-0.278297	-2.721703
0.191600	-282.464547	-203.835677	486.300225	78.628870	768.764772	-0.322715	-0.388198	-2.503939	-0.236574	-0.237616	-0.132425	0.707447	0.581040	-0.178735	-0.278367	-2.721633
0.191800	-282.533923	-203.865862	486.399785	78.668061	768.933709	-0.294549	-0.363158	-2.425886	-0.216890	-0.222932	-0.143742	0.714926	0.586643	-0.165315	-0.278438	-2.721562
0.192000	-282.603286	-203.896047	486.499333	78.707239	769.102619	-0.266335	-0.338036	-2.347189	-0.196946	-0.208059	-0.153805	0.721901	0.591869	-0.151059	-0.278508	-2.721492
0.192200	-282.672636	-203.926231	486.598867	78.746405	769.271503	-0.238071	-0.312831	-2.267794	-0.176753	-0.193007	-0.162548	0.728357	0.596710	-0.136080	-0.278578	-2.721422
0.192400	-282.741973	-203.956415	486.698388	78.785558	769.440361	-0.209759	-0.287540	-2.187645	-0.156322	-0.177784	-0.169917	0.734285	0.601157	-0.120498	-0.278648	-2.721352
0.192600	-282.811297	-203.986599	486.797896	78.824697	769.609193	-0.181399	-0.262163	-2.106681	-0.135667	-0.162399	-0.175865	0.739672	0.605203	-0.104437	-0.278718	-2.721282
0.192800	-282.880607	-204.016783	486.897390	78.863825	769.777998	-0.152993	-0.236698	-2.024837	-0.114801	-0.146864	-0.180360	0.744505	0.608839	-0.088025	-0.278788	-2.721212
0.193000	-282.949905	-204.046966	486.996871	78.902939	769.946776	-0.124540	-0.211145	-1.942043	-0.093737	-0.131188	-0.183380	0.748775	0.612058	-0.071389	-0.278858	-2.721142
0.193200	-283.019190	-204.077149	487.096339	78.942040	770.115529	-0.096042	-0.185502	-1.858227	-0.072492	-0.115383	-0.184912	0.752469	0.614850	-0.054663	-0.278928	-2.721072
0.193400	-283.088461	-204.107332	487.195794	78.981129	770.284255	-0.067501	-0.159770	-1.773310	-0.051080	-0.099459	-0.184959	0.755578	0.617210	-0.037977	-0.278998	-2.721002
0.193600	-283.157720	-204.137515	487.295235	79.020205	770.452955	-0.038917	-0.133947	-1.687210	-0.029518	-0.083430	-0.183532	0.758091	0.619130	-0.021463	-0.279068	-2.720932
0.193800	-283.226966	-204.167697	487.394663	79.059268	770.621628	-0.010293	-0.108034	-1.599839	-0.007823	-0.067308	-0.180655	0.759998	0.620603	-0.005248	-0.279138	-2.720862
0.194000	-283.296198	-204.197879	487.494078	79.098319	770.790276	0.018369	-0.082030	-1.511105	0.013986	-0.051106	-0.176363	0.761291	0.621622	0.010540	-0.279207	-2.720793
0.194200	-283.365418	-204.228061	487.593479	79.137357	770.958897	0.047069	-0.055935	-1.420916	0.035891	-0.034838	-0.170702	0.761960	0.622183	0.025778	-0.279277	-2.720723
0.194400	-283.434624	-204.258243	487.692867	79.176382	771.127492	0.075803	-0.029750	-1.329173	0.057873	-0.018518	-0.163728	0.761998	0.622279	0.040349	-0.279346	-2.720654
0.194600	-283.503818	-204.288424	487.792242	79.215394	771.296060	0.104570	-0.003475	-1.235779	0.079911	-0.002161	-0.155509	0.761398	0.621907	0.054139	-0.279416	-2.720584
0.194800	-283.572999	-204.318605	487.891604	79.254394	771.464603	0.133367	0.022890	-1.140636	0.101985	0.014218	-0.146121	0.760154	0.621061	0.067043	-0.279485	-2.720515
0.195000	-283.642167	-204.348786	487.990953	79.293380	771.633119	0.162192	0.049344	-1.043650	0.124074	0.030605	-0.135649	0.758260	0.619738	0.078960	-0.279554	-2.720446
0.195200	-283.711321	-204.378967	488.090288	79.332355	771.801610	0.191043	0.075886	-0.944731	0.146156	0.046983	-0.124188	0.755712	0.617935	0.089801	-0.279624	-2.720376
0.195400	-283.780463	-204.409147	488.189610	79.371316	771.970074	0.219916	0.102516	-0.843801	0.168209	0.063336	-0.111838	0.752506	0.615649	0.099482	-0.279693	-2.720307
0.195600	-283.849592	-204.439327	488.288919	79.410265	772.138512	0.248810	0.129233	-0.740796	0.190211	0.079648	-0.098708	0.748640	0.612880	0.107931	-0.279762	-2.720238
0.195800	-283.918708	-204.469507	488.388215	79.449201	772.306923	0.277721	0.156035	-0.635671	0.212138	0.095902	-0.084913	0.744112	0.609625	0.115084	-0.279831	-2.720169
0.196000	-283.987811	-204.499687	488.487498	79.488124	772.475309	0.306646	0.182921	-0.528405	0.233968	0.112082	-0.070572	0.738921	0.605886	0.120888	-0.279900	-2.720100
0.196200	-284.056901	-204.529866	488.586768	79.527035	772.643669	0.335583	0.209891	-0.419011	0.255676	0.128171	-0.055808	0.733069	0.601662	0.125302	-0.279969	-2.720031
0.196400	-284.125979	-204.560045	488.686024	79.565933	772.812003	0.364529	0.236943	-0.307540	0.277241	0.144152	-0.040748	0.726556	0.596954	0.128294	-0.280038	-2.719962
0.196600	-284.195043	-204.590224	488.785267	79.604819	772.980310	0.393480	0.264075	-0.194087	0.298638	0.160007	-0.025522	0.719385	0.591766	0.129844	-0.280106	-2.719894
0.196800	-284.264094	-204.620403	488.884498	79.643691	773.148592	0.422434	0.291286	-0.078793	0.319843	0.175721	-0.010260	0.711561	0.586100	0.129945	-0.280175	-2.719825
0.197000	-284.333133	-204.650582	488.983715	79.682552	773.316848	0.451387	0.318575	0.038147	0.340834	0.191275	0.004908	0.703088	0.579959	0.128600	-0.280244	-2.719756
0.197200	-284.402159	-204.680760	489.082919	79.721399	773.485077	0.480337	0.345939	0.156489	0.361586	0.206654	0.019852	0.693971	0.573348	0.125824	-0.280312	-2.719688
0.197400	-284.471172	-204.710938	489.182109	79.760234	773.653281	0.509279	0.373378	0.275941	0.382077	0.221840	0.034445	0.684220	0.566272	0.121644	-0.280381	-2.719619
0.197600	-284.540172	-204.741115	489.281287	79.799056	773.821459	0.538212	0.400890	0.396170	0.402284	0.236817	0.048561	0.673841	0.558738	0.116096	-0.280449	-2.719551
0.197800	-284.609159	-204.771293	489.380452	79.837866	773.989611	0.567131	0.428472	0.516815	0.422184	0.251569	0.062080	0.662843	0.550752	0.109230	-0.280518	-2.719482
0.198000	-284.678133	-204.801470	489.479603	79.876663	774.157737	0.596035	0.456124	0.637499	0.441756	0.266079	0.074884	0.651239	0.542321	0.101104	-0.280586	-2.719414
0.198200	-284.747095	-204.831647	489.578742	79.915448	774.325837	0.624919	0.483843	0.757840	0.460977	0.280333	0.086864	0.639038	0.533455	0.091788	-0.280654	-2.719346
0.198400	-284.816043	-204.861824	489.677867	79.954220	774.493911	0.653781	0.511628	0.877474	0.479827	0.294315	0.097915	0.626253	0.524161	0.081361	-0.280722	-2.719278
0.198600	-284.884979	-204.892000	489.776980	79.992979	774.661959	0.682617	0.539477	0.996061	0.498285	0.308011	0.107940	0.612898	0.514450	0.069909	-0.280790	-2.719210
0.198800	-284.953902	-204.922177	489.876079	80.031726	774.829981	0.711425	0.567388	1.113299	0.516332	0.321406	0.116850	0.598987	0.504332	0.057529	-0.280859	-2.719142
0.199000	-285.022813	-204.952353	489.975165	80.070460	774.997978	0.740202	0.595359	1.228934	0.533948	0.334486	0.124566	0.584534	0.493818	0.044325	-0.280926	-2.719074
0.199200	-285.091710	-204.982529	490.074239	80.109182	775.165949	0.768944	0.623389	1.342760	0.551116	0.347238	0.131018	0.569557	0.482920	0.030406	-0.280994	-2.719006
0.199400	-285.160595	-205.012704	490.173299	80.147891	775.333894	0.797650	0.651476	1.454625	0.567817	0.359649	0.136144	0.554072	0.471649	0.015888	-0.281062	-2.718938
0.199600	-285.229467	-205.042879	490.272346	80.186587	775.501813	0.826316	0.679619	1.564424	0.584036	0.371709	0.139895	0.538095	0.460018	0.000891	-0.281130	-2.718870
0.199800	-285.298326	-205.073055	490.371381	80.225271	775.669707	0.854940	0.707815	1.672098	0.599757	0.383404	0.142232	0.521646	0.448040	-0.014458	-0.281198	-2.718802
0.200000	-285.367172	-205.103229	490.470402	80.263943	775.837574	0.883519	0.736064	1.777626	0.614964	0.394725	0.143127	0.504743	0.435728	-0.030032	-0.281266	-2.718734
