#model:pLinear_up	end_point_b=0.20
#t	l_1	l_2	l_3	l_2-l_1	l_3-l_1	phase_1	phase_2	phase_3	RePsi_1	RePsi_2	RePsi_3	ImPsi_1	ImPsi_2	ImPsi_3
0.100200	-71.185665	-47.562680	118.748345	23.622985	189.934010	1.589805	1.590071	1.598509	0.821924	0.548344	0.152924	-0.015626	-0.010571	-0.004239	-0.331850	-2.668150
0.100400	-71.224175	-47.592684	118.816859	23.631492	190.041034	1.608832	1.609364	1.626234	0.821471	0.548038	0.152785	-0.031261	-0.021147	-0.008479	-0.331790	-2.668210
0.100600	-71.262676	-47.622687	118.885364	23.639989	190.148040	1.627878	1.628675	1.653969	0.820716	0.547527	0.152552	-0.046898	-0.031726	-0.012717	-0.331730	-2.668270
0.100800	-71.301169	-47.652691	118.953860	23.648478	190.255029	1.646941	1.648004	1.681709	0.819657	0.546810	0.152226	-0.062534	-0.042302	-0.016953	-0.331670	-2.668330
0.101000	-71.339653	-47.682694	119.022347	23.656959	190.362000	1.666023	1.667350	1.709449	0.818295	0.545889	0.151806	-0.078160	-0.052872	-0.021184	-0.331610	-2.668390
0.101200	-71.378128	-47.712698	119.090825	23.665430	190.468953	1.685123	1.686715	1.737184	0.816629	0.544762	0.151293	-0.093771	-0.063432	-0.025408	-0.331550	-2.668450
0.101400	-71.416594	-47.742701	119.159295	23.673893	190.575889	1.704241	1.706097	1.764912	0.814658	0.543429	0.150687	-0.109362	-0.073978	-0.029624	-0.331490	-2.668510
0.101600	-71.455052	-47.772704	119.227756	23.682347	190.682808	1.723378	1.725498	1.792626	0.812383	0.541890	0.149988	-0.124926	-0.084506	-0.033828	-0.331430	-2.668570
0.101800	-71.493500	-47.802708	119.296208	23.690792	190.789709	1.742534	1.744916	1.820323	0.809804	0.540145	0.149195	-0.140457	-0.095012	-0.038021	-0.331370	-2.668630
0.102000	-71.531940	-47.832711	119.364652	23.699229	190.896592	1.761708	1.764351	1.847999	0.806921	0.538195	0.148309	-0.155950	-0.105491	-0.042198	-0.331310	-2.668690
0.102200	-71.570372	-47.862715	119.433087	23.707657	191.003458	1.780901	1.783805	1.875649	0.803733	0.536039	0.147331	-0.171397	-0.115940	-0.046359	-0.331250	-2.668750
0.102400	-71.608794	-47.892718	119.501513	23.716076	191.110307	1.800112	1.803276	1.903269	0.800242	0.533678	0.146260	-0.186794	-0.126354	-0.050502	-0.331189	-2.668811
0.102600	-71.647208	-47.922722	119.569930	23.724487	191.217139	1.819343	1.822765	1.930856	0.796448	0.531112	0.145096	-0.202134	-0.136729	-0.054625	-0.331129	-2.668871
0.102800	-71.685614	-47.952725	119.638339	23.732889	191.323953	1.838592	1.842272	1.958405	0.792352	0.528341	0.143841	-0.217411	-0.147062	-0.058725	-0.331069	-2.668931
0.103000	-71.724011	-47.982729	119.706739	23.741282	191.430750	1.857861	1.861796	1.985913	0.787954	0.525367	0.142493	-0.232618	-0.157348	-0.062801	-0.331009	-2.668991
0.103200	-71.762399	-48.012732	119.775131	23.749667	191.537529	1.877148	1.881338	2.013375	0.783255	0.522189	0.141055	-0.247751	-0.167583	-0.066851	-0.330949	-2.669051
0.103400	-71.800778	-48.042735	119.843514	23.758043	191.644292	1.896454	1.900897	2.040787	0.778257	0.518808	0.139525	-0.262802	-0.177763	-0.070872	-0.330888	-2.669112
0.103600	-71.839149	-48.072739	119.911888	23.766410	191.751037	1.915780	1.920474	2.068148	0.772959	0.515225	0.137905	-0.277766	-0.187884	-0.074864	-0.330828	-2.669172
0.103800	-71.877511	-48.102742	119.980254	23.774769	191.857765	1.935125	1.940068	2.095452	0.767364	0.511441	0.136195	-0.292637	-0.197941	-0.078824	-0.330768	-2.669232
0.104000	-71.915865	-48.132746	120.048611	23.783119	191.964476	1.954490	1.959680	2.122697	0.761474	0.507457	0.134396	-0.307408	-0.207931	-0.082751	-0.330708	-2.669292
0.104200	-71.954210	-48.162749	120.116959	23.791461	192.071170	1.973874	1.979310	2.149879	0.755288	0.503274	0.132508	-0.322074	-0.217850	-0.086641	-0.330647	-2.669353
0.104400	-71.992547	-48.192752	120.185299	23.799794	192.177846	1.993277	1.998957	2.176996	0.748810	0.498893	0.130531	-0.336628	-0.227693	-0.090494	-0.330587	-2.669413
0.104600	-72.030875	-48.222756	120.253631	23.808119	192.284506	2.012700	2.018621	2.204044	0.742040	0.494314	0.128467	-0.351065	-0.237456	-0.094308	-0.330527	-2.669473
0.104800	-72.069195	-48.252759	120.321954	23.816435	192.391148	2.032142	2.038303	2.231021	0.734981	0.489541	0.126316	-0.365378	-0.247136	-0.098080	-0.330466	-2.669534
0.105000	-72.107506	-48.282763	120.390268	23.824743	192.497774	2.051605	2.058002	2.257923	0.727634	0.484572	0.124080	-0.379562	-0.256729	-0.101809	-0.330406	-2.669594
0.105200	-72.145808	-48.312766	120.458574	23.833042	192.604383	2.071087	2.077719	2.284749	0.720003	0.479411	0.121757	-0.393611	-0.266229	-0.105493	-0.330345	-2.669655
0.105400	-72.184103	-48.342769	120.526872	23.841333	192.710974	2.090589	2.097453	2.311495	0.712088	0.474059	0.119350	-0.407518	-0.275634	-0.109131	-0.330285	-2.669715
0.105600	-72.222388	-48.372773	120.595161	23.849616	192.817549	2.110111	2.117204	2.338160	0.703892	0.468517	0.116860	-0.421278	-0.284940	-0.112719	-0.330225	-2.669775
0.105800	-72.260666	-48.402776	120.663441	23.857890	192.924107	2.129653	2.136973	2.364742	0.695419	0.462787	0.114287	-0.434885	-0.294141	-0.116257	-0.330164	-2.669836
0.106000	-72.298934	-48.432779	120.731714	23.866155	193.030648	2.149215	2.156759	2.391237	0.686669	0.456870	0.111631	-0.448333	-0.303236	-0.119743	-0.330104	-2.669896
0.106200	-72.337195	-48.462783	120.799977	23.874412	193.137172	2.168797	2.176562	2.417646	0.677647	0.450769	0.108895	-0.461617	-0.312219	-0.123174	-0.330043	-2.669957
0.106400	-72.375447	-48.492786	120.868233	23.882661	193.243680	2.188399	2.196383	2.443965	0.668356	0.444486	0.106080	-0.474730	-0.321086	-0.126550	-0.329983	-2.670017
0.106600	-72.413690	-48.522789	120.936480	23.890901	193.350170	2.208022	2.216220	2.470193	0.658797	0.438022	0.103185	-0.487668	-0.329835	-0.129868	-0.329922	-2.670078
0.106800	-72.451926	-48.552793	121.004718	23.899133	193.456644	2.227665	2.236075	2.496329	0.648974	0.431380	0.100212	-0.500423	-0.338460	-0.133127	-0.329862	-2.670138
0.107000	-72.490153	-48.582796	121.072949	23.907357	193.563101	2.247329	2.255948	2.522371	0.638890	0.424562	0.097163	-0.512992	-0.346959	-0.136325	-0.329801	-2.670199
0.107200	-72.528371	-48.612799	121.141170	23.915572	193.669542	2.267013	2.275837	2.548318	0.628550	0.417570	0.094039	-0.525368	-0.355327	-0.139460	-0.329741	-2.670259
0.107400	-72.566581	-48.642802	121.209384	23.923779	193.775965	2.286718	2.295744	2.574169	0.617955	0.410406	0.090840	-0.537545	-0.363562	-0.142530	-0.329680	-2.670320
0.107600	-72.604783	-48.672806	121.277589	23.931978	193.882373	2.306443	2.315667	2.599923	0.607110	0.403073	0.087569	-0.549519	-0.371658	-0.145535	-0.329620	-2.670380
0.107800	-72.642977	-48.702809	121.345786	23.940168	193.988763	2.326189	2.335608	2.625579	0.596019	0.395574	0.084225	-0.561283	-0.379613	-0.148472	-0.329559	-2.670441
0.108000	-72.681162	-48.732812	121.413975	23.948350	194.095137	2.345956	2.355566	2.651136	0.584685	0.387910	0.080811	-0.572834	-0.387423	-0.151339	-0.329499	-2.670501
0.108200	-72.719339	-48.762816	121.482155	23.956524	194.201494	2.365744	2.375541	2.676594	0.573112	0.380085	0.077329	-0.584164	-0.395084	-0.154136	-0.329438	-2.670562
0.108400	-72.757508	-48.792819	121.550327	23.964689	194.307835	2.385553	2.395534	2.701952	0.561305	0.372102	0.073778	-0.595270	-0.402594	-0.156860	-0.329378	-2.670622
0.108600	-72.795669	-48.822822	121.618491	23.972847	194.414160	2.405383	2.415543	2.727210	0.549267	0.363963	0.070161	-0.606146	-0.409948	-0.159510	-0.329317	-2.670683
0.108800	-72.833821	-48.852825	121.686646	23.980996	194.520468	2.425234	2.435570	2.752367	0.537003	0.355671	0.066479	-0.616788	-0.417142	-0.162085	-0.329256	-2.670744
0.109000	-72.871965	-48.882829	121.754794	23.989137	194.626759	2.445107	2.455613	2.777423	0.524517	0.347229	0.062734	-0.627189	-0.424175	-0.164583	-0.329196	-2.670804
0.109200	-72.910101	-48.912832	121.822933	23.997269	194.733034	2.465000	2.475674	2.802378	0.511814	0.338641	0.058927	-0.637345	-0.431042	-0.167002	-0.329135	-2.670865
0.109400	-72.948229	-48.942835	121.891064	24.005394	194.839293	2.484915	2.495752	2.827232	0.498898	0.329909	0.055060	-0.647252	-0.437741	-0.169342	-0.329074	-2.670926
0.109600	-72.986348	-48.972838	121.959187	24.013510	194.945535	2.504852	2.515847	2.851985	0.485775	0.321036	0.051134	-0.656905	-0.444267	-0.171600	-0.329014	-2.670986
0.109800	-73.024460	-49.002841	122.027301	24.021618	195.051761	2.524810	2.535959	2.876637	0.472448	0.312026	0.047151	-0.666299	-0.450618	-0.173776	-0.328953	-2.671047
0.110000	-73.062563	-49.032845	122.095408	24.029718	195.157971	2.544789	2.556088	2.901189	0.458923	0.302882	0.043113	-0.675429	-0.456791	-0.175868	-0.328892	-2.671108
0.110200	-73.100658	-49.062848	122.163506	24.037810	195.264164	2.564790	2.576234	2.925640	0.445206	0.293608	0.039021	-0.684292	-0.462783	-0.177875	-0.328832	-2.671168
0.110400	-73.138745	-49.092851	122.231596	24.045894	195.370341	2.584813	2.596397	2.949991	0.431300	0.284207	0.034877	-0.692882	-0.468591	-0.179795	-0.328771	-2.671229
0.110600	-73.176824	-49.122854	122.299678	24.053969	195.476502	2.604858	2.616577	2.974242	0.417212	0.274683	0.030682	-0.701196	-0.474212	-0.181627	-0.328710	-2.671290
0.110800	-73.214894	-49.152857	122.367752	24.062037	195.582646	2.624924	2.636774	2.998394	0.402947	0.265039	0.026439	-0.709230	-0.479643	-0.183371	-0.328649	-2.671351
0.111000	-73.252957	-49.182861	122.435818	24.070096	195.688775	2.645012	2.656989	3.022447	0.388509	0.255279	0.022150	-0.716978	-0.484882	-0.185024	-0.328589	-2.671411
0.111200	-73.291012	-49.212864	122.503876	24.078148	195.794887	2.665123	2.677220	3.046403	0.373906	0.245407	0.017815	-0.724438	-0.489926	-0.186586	-0.328528	-2.671472
0.111400	-73.329058	-49.242867	122.571925	24.086191	195.900983	2.685255	2.697468	3.070261	0.359142	0.235426	0.013437	-0.731606	-0.494771	-0.188056	-0.328467	-2.671533
0.111600	-73.367097	-49.272870	122.639967	24.094226	196.007063	2.705409	2.717734	3.094022	0.344224	0.225341	0.009018	-0.738477	-0.499417	-0.189432	-0.328406	-2.671594
0.111800	-73.405127	-49.302873	122.708000	24.102254	196.113127	2.725586	2.738017	3.117687	0.329156	0.215155	0.004560	-0.745049	-0.503859	-0.190714	-0.328346	-2.671654
0.112000	-73.443149	-49.332877	122.776026	24.110273	196.219175	2.745785	2.758316	3.141256	0.313945	0.204873	0.000065	-0.751317	-0.508097	-0.191901	-0.328285	-2.671715
0.112200	-73.481164	-49.362880	122.844043	24.118284	196.325207	2.766006	2.778633	-3.118454	0.298598	0.194498	-0.004466	-0.757278	-0.512127	-0.192991	-0.328224	-2.671776
0.112400	-73.519170	-49.392883	122.912053	24.126287	196.431223	2.786250	2.798967	-3.095072	0.283119	0.184035	-0.009031	-0.762929	-0.515948	-0.193984	-0.328163	-2.671837
0.112600	-73.557169	-49.422886	122.980055	24.134283	196.537223	2.806516	2.819318	-3.071783	0.267516	0.173488	-0.013627	-0.768267	-0.519557	-0.194878	-0.328102	-2.671898
0.112800	-73.595159	-49.452889	123.048048	24.142270	196.643207	2.826804	2.839686	-3.048585	0.251795	0.162861	-0.018252	-0.773289	-0.522952	-0.195674	-0.328042	-2.671958
0.113000	-73.633141	-49.482892	123.116034	24.150249	196.749175	2.847115	2.860072	-3.025479	0.235961	0.152158	-0.022904	-0.777992	-0.526131	-0.196370	-0.327981	-2.672019
0.113200	-73.671116	-49.512895	123.184011	24.158221	196.855127	2.867449	2.880474	-3.002462	0.220022	0.141384	-0.027582	-0.782372	-0.529092	-0.196966	-0.327920	-2.672080
0.113400	-73.709083	-49.542898	123.251981	24.166184	196.961064	2.887806	2.900894	-2.979534	0.203984	0.130543	-0.032283	-0.786428	-0.531834	-0.197460	-0.327859	-2.672141
0.113600	-73.747041	-49.572902	123.319943	24.174140	197.066984	2.908185	2.921331	-2.956694	0.187853	0.119639	-0.037005	-0.790157	-0.534355	-0.197852	-0.327798	-2.672202
0.113800	-73.784992	-49.602905	123.387897	24.182087	197.172889	2.928587	2.941785	-2.933941	0.171636	0.108678	-0.041746	-0.793556	-0.536653	-0.198142	-0.327737	-2.672263
0.114000	-73.822935	-49.632908	123.455843	24.190027	197.278778	2.949012	2.962256	-2.911273	0.155340	0.097663	-0.046504	-0.796623	-0.538727	-0.198328	-0.327676	-2.672324
0.114200	-73.860870	-49.662911	123.523781	24.197959	197.384651	2.969460	2.982744	-2.888690	0.138971	0.086599	-0.051277	-0.799356	-0.540575	-0.198412	-0.327615	-2.672385
0.114400	-73.898797	-49.692914	123.591711	24.205883	197.490508	2.989930	3.003250	-2.866191	0.122537	0.075491	-0.056062	-0.801753	-0.542196	-0.198390	-0.327554	-2.672446
0.114600	-73.936716	-49.722917	123.659633	24.213799	197.596350	3.010424	3.023773	-2.843774	0.106044	0.064343	-0.060857	-0.803812	-0.543588	-0.198265	-0.327494	-2.672506
0.114800	-73.974628	-49.752920	123.727548	24.221708	197.702176	3.030941	3.044314	-2.821438	0.089499	0.053161	-0.065660	-0.805532	-0.544751	-0.198034	-0.327433	-2.672567
0.115000	-74.012531	-49.782923	123.795455	24.229608	197.807986	3.051482	3.064872	-2.799183	0.072909	0.041948	-0.070470	-0.806910	-0.545683	-0.197698	-0.327372	-2.672628
0.115200	-74.050427	-49.812926	123.863353	24.237501	197.913781	3.072045	3.085447	-2.777007	0.056281	0.030710	-0.075283	-0.807946	-0.546384	-0.197257	-0.327311	-2.672689
0.115400	-74.088315	-49.842929	123.931244	24.245386	198.019560	3.092632	3.106039	-2.754908	0.039623	0.019451	-0.080097	-0.808638	-0.546852	-0.196709	-0.327250	-2.672750
0.115600	-74.126195	-49.872932	123.999128	24.253263	198.125323	3.113242	3.126649	-2.732887	0.022941	0.008176	-0.084910	-0.808984	-0.547087	-0.196056	-0.327189	-2.672811
0.115800	-74.164068	-49.902935	124.067003	24.261132	198.231071	3.133875	-3.135909	-2.710941	0.006243	-0.003110	-0.089721	-0.808985	-0.547088	-0.195296	-0.327128	-2.672872
0.116000	-74.201932	-49.932938	124.134871	24.268994	198.336803	-3.128653	-3.115264	-2.689070	-0.010464	-0.014401	-0.094526	-0.808638	-0.546854	-0.194429	-0.327067	-2.672933
0.116200	-74.239789	-49.962941	124.202731	24.276848	198.442520	-3.107973	-3.094601	-2.667272	-0.027173	-0.025694	-0.099323	-0.807944	-0.546386	-0.193457	-0.327006	-2.672994
0.116400	-74.277638	-49.992945	124.270583	24.284694	198.548221	-3.087269	-3.073921	-2.645547	-0.043877	-0.036983	-0.104111	-0.806902	-0.545682	-0.192377	-0.326945	-2.673055
0.116600	-74.315480	-50.022948	124.338427	24.292532	198.653907	-3.066541	-3.053224	-2.623892	-0.060568	-0.048264	-0.108886	-0.805511	-0.544743	-0.191191	-0.326884	-2.673116
0.116800	-74.353313	-50.052951	124.406264	24.300363	198.759578	-3.045790	-3.032508	-2.602308	-0.077240	-0.059531	-0.113647	-0.803771	-0.543567	-0.189899	-0.326823	-2.673177
0.117000	-74.391139	-50.082954	124.474093	24.308186	198.865233	-3.025015	-3.011776	-2.580793	-0.093884	-0.070779	-0.118391	-0.801682	-0.542157	-0.188501	-0.326762	-2.673238
0.117200	-74.428958	-50.112957	124.541914	24.316001	198.970872	-3.004217	-2.991025	-2.559345	-0.110493	-0.082004	-0.123115	-0.799244	-0.540510	-0.186996	-0.326701	-2.673299
0.117400	-74.466768	-50.142960	124.609728	24.323809	199.076496	-2.983395	-2.970256	-2.537965	-0.127060	-0.093200	-0.127819	-0.796457	-0.538628	-0.185385	-0.326640	-2.673360
0.117600	-74.504571	-50.172963	124.677534	24.331609	199.182105	-2.962548	-2.949470	-2.516650	-0.143577	-0.104363	-0.132499	-0.793323	-0.536510	-0.183669	-0.326579	-2.673421
0.117800	-74.542367	-50.202966	124.745332	24.339401	199.287699	-2.941678	-2.928666	-2.495399	-0.160038	-0.115487	-0.137152	-0.789840	-0.534157	-0.181848	-0.326518	-2.673482
0.118000	-74.580154	-50.232969	124.813123	24.347186	199.393277	-2.920785	-2.907844	-2.474212	-0.176434	-0.126567	-0.141778	-0.786010	-0.531570	-0.179921	-0.326457	-2.673543
0.118200	-74.617934	-50.262972	124.880906	24.354963	199.498840	-2.899867	-2.887004	-2.453087	-0.192759	-0.137599	-0.146373	-0.781835	-0.528749	-0.177890	-0.326396	-2.673604
0.118400	-74.655707	-50.292975	124.948681	24.362732	199.604388	-2.878925	-2.866146	-2.432024	-0.209004	-0.148577	-0.150935	-0.777313	-0.525695	-0.175755	-0.326334	-2.673665
0.118600	-74.693471	-50.322978	125.016449	24.370494	199.709920	-2.857959	-2.845270	-2.411020	-0.225163	-0.159497	-0.155462	-0.772448	-0.522408	-0.173516	-0.326273	-2.673727
0.118800	-74.731229	-50.352981	125.084209	24.378248	199.815438	-2.836969	-2.824376	-2.390076	-0.241227	-0.170353	-0.159951	-0.767240	-0.518890	-0.171174	-0.326212	-2.673788
0.119000	-74.768978	-50.382983	125.151962	24.385995	199.920940	-2.815956	-2.803464	-2.369190	-0.257191	-0.181140	-0.164401	-0.761691	-0.515141	-0.168730	-0.326151	-2.673849
0.119200	-74.806720	-50.412986	125.219707	24.393734	200.026427	-2.794918	-2.782534	-2.348361	-0.273045	-0.191854	-0.168809	-0.755803	-0.511163	-0.166184	-0.326090	-2.673910
0.119400	-74.844455	-50.442989	125.287444	24.401465	200.131899	-2.773855	-2.761585	-2.327588	-0.288783	-0.202489	-0.173172	-0.749576	-0.506956	-0.163537	-0.326029	-2.673971
0.119600	-74.882182	-50.472992	125.355174	24.409189	200.237356	-2.752769	-2.740618	-2.306870	-0.304398	-0.213041	-0.177489	-0.743014	-0.502523	-0.160790	-0.325968	-2.674032
0.119800	-74.919901	-50.502995	125.422896	24.416906	200.342797	-2.731659	-2.719633	-2.286206	-0.319882	-0.223504	-0.181758	-0.736118	-0.497865	-0.157944	-0.325907	-2.674093
0.120000	-74.957613	-50.532998	125.490611	24.424615	200.448224	-2.710524	-2.698629	-2.265595	-0.335228	-0.233874	-0.185975	-0.728891	-0.492982	-0.154998	-0.325846	-2.674154
0.120200	-74.995317	-50.563001	125.558318	24.432316	200.553635	-2.689365	-2.677606	-2.245036	-0.350429	-0.244145	-0.190140	-0.721335	-0.487878	-0.151955	-0.325785	-2.674215
0.120400	-75.033014	-50.593004	125.626018	24.440010	200.659032	-2.668181	-2.656566	-2.224528	-0.365477	-0.254314	-0.194249	-0.713453	-0.482553	-0.148816	-0.325723	-2.674277
0.120600	-75.070703	-50.623007	125.693710	24.447696	200.764414	-2.646974	-2.635506	-2.204071	-0.380365	-0.264374	-0.198300	-0.705247	-0.477009	-0.145581	-0.325662	-2.674338
0.120800	-75.108385	-50.653010	125.761395	24.455375	200.869780	-2.625742	-2.614428	-2.183662	-0.395087	-0.274321	-0.202292	-0.696721	-0.471250	-0.142251	-0.325601	-2.674399
0.121000	-75.146060	-50.683013	125.829072	24.463047	200.975132	-2.604486	-2.593331	-2.163302	-0.409634	-0.284151	-0.206223	-0.687878	-0.465276	-0.138827	-0.325540	-2.674460
0.121200	-75.183727	-50.713016	125.896742	24.470711	201.080469	-2.583205	-2.572215	-2.142989	-0.424000	-0.293859	-0.210089	-0.678720	-0.459089	-0.135311	-0.325479	-2.674521
0.121400	-75.221386	-50.743019	125.964405	24.478367	201.185791	-2.561900	-2.551081	-2.122722	-0.438179	-0.303439	-0.213890	-0.669252	-0.452693	-0.131704	-0.325418	-2.674582
0.121600	-75.259038	-50.773022	126.032060	24.486017	201.291098	-2.540571	-2.529927	-2.102501	-0.452162	-0.312888	-0.217622	-0.659477	-0.446089	-0.128007	-0.325356	-2.674644
0.121800	-75.296683	-50.803024	126.099707	24.493658	201.396390	-2.519217	-2.508754	-2.082325	-0.465944	-0.322200	-0.221284	-0.649398	-0.439281	-0.124222	-0.325295	-2.674705
0.122000	-75.334320	-50.833027	126.167347	24.501293	201.501667	-2.497839	-2.487563	-2.062193	-0.479517	-0.331371	-0.224874	-0.639020	-0.432270	-0.120349	-0.325234	-2.674766
0.122200	-75.371950	-50.863030	126.234980	24.508920	201.606930	-2.476436	-2.466352	-2.042103	-0.492875	-0.340397	-0.228390	-0.628346	-0.425060	-0.116390	-0.325173	-2.674827
0.122400	-75.409572	-50.893033	126.302606	24.516539	201.712178	-2.455009	-2.445121	-2.022055	-0.506011	-0.349273	-0.231830	-0.617381	-0.417653	-0.112347	-0.325112	-2.674888
0.122600	-75.447187	-50.923036	126.370223	24.524151	201.817411	-2.433557	-2.423872	-2.002049	-0.518919	-0.357994	-0.235192	-0.606130	-0.410053	-0.108221	-0.325051	-2.674949
0.122800	-75.484795	-50.953039	126.437834	24.531756	201.922629	-2.412081	-2.402603	-1.982083	-0.531591	-0.366556	-0.238474	-0.594596	-0.402262	-0.104013	-0.324989	-2.675011
0.123000	-75.522396	-50.983042	126.505437	24.539354	202.027833	-2.390581	-2.381314	-1.962156	-0.544022	-0.374956	-0.241674	-0.582784	-0.394283	-0.099726	-0.324928	-2.675072
0.123200	-75.559989	-51.013045	126.573033	24.546944	202.133022	-2.369056	-2.360006	-1.942269	-0.556206	-0.383187	-0.244790	-0.570700	-0.386120	-0.095360	-0.324867	-2.675133
0.123400	-75.597574	-51.043047	126.640622	24.554527	202.238196	-2.347506	-2.338679	-1.922419	-0.568135	-0.391248	-0.247820	-0.558348	-0.377776	-0.090917	-0.324806	-2.675194
0.123600	-75.635153	-51.073050	126.708203	24.562103	202.343356	-2.325932	-2.317331	-1.902606	-0.579804	-0.399132	-0.250763	-0.545733	-0.369255	-0.086400	-0.324745	-2.675255
0.123800	-75.672724	-51.103053	126.775777	24.569671	202.448501	-2.304334	-2.295964	-1.882830	-0.591207	-0.406837	-0.253617	-0.532860	-0.360560	-0.081810	-0.324683	-2.675317
0.124000	-75.710288	-51.133056	126.843344	24.577232	202.553631	-2.282711	-2.274577	-1.863090	-0.602338	-0.414357	-0.256380	-0.519736	-0.351695	-0.077148	-0.324622	-2.675378
0.124200	-75.747844	-51.163059	126.910903	24.584785	202.658747	-2.261064	-2.253170	-1.843384	-0.613191	-0.421690	-0.259051	-0.506365	-0.342663	-0.072417	-0.324561	-2.675439
0.124400	-75.785394	-51.193062	126.978455	24.592332	202.763849	-2.239392	-2.231743	-1.823713	-0.623760	-0.428831	-0.261627	-0.492753	-0.333469	-0.067618	-0.324500	-2.675500
0.124600	-75.822936	-51.223064	127.046000	24.599871	202.868935	-2.217696	-2.210296	-1.804075	-0.634040	-0.435777	-0.264107	-0.478906	-0.324116	-0.062753	-0.324438	-2.675562
0.124800	-75.860470	-51.253067	127.113538	24.607403	202.974008	-2.195976	-2.188828	-1.784470	-0.644025	-0.442523	-0.266490	-0.464829	-0.314608	-0.057825	-0.324377	-2.675623
0.125000	-75.897998	-51.283070	127.181068	24.614928	203.079066	-2.174231	-2.167340	-1.764897	-0.653710	-0.449067	-0.268774	-0.450530	-0.304950	-0.052834	-0.324316	-2.675684
0.125200	-75.935518	-51.313073	127.248591	24.622445	203.184109	-2.152461	-2.145832	-1.745355	-0.663089	-0.455404	-0.270957	-0.436014	-0.295146	-0.047784	-0.324255	-2.675745
0.125400	-75.973031	-51.343076	127.316107	24.629955	203.289138	-2.130667	-2.124303	-1.725844	-0.672158	-0.461531	-0.273038	-0.421288	-0.285199	-0.042676	-0.324193	-2.675807
0.125600	-76.010537	-51.373079	127.383616	24.637459	203.394153	-2.108849	-2.102754	-1.706363	-0.680911	-0.467445	-0.275016	-0.406358	-0.275115	-0.037513	-0.324132	-2.675868
0.125800	-76.048036	-51.403081	127.451117	24.644954	203.499153	-2.087007	-2.081184	-1.686911	-0.689343	-0.473143	-0.276889	-0.391230	-0.264897	-0.032296	-0.324071	-2.675929
0.126000	-76.085527	-51.433084	127.518611	24.652443	203.604139	-2.065140	-2.059593	-1.667488	-0.697450	-0.478620	-0.278656	-0.375912	-0.254551	-0.027028	-0.324010	-2.675990
0.126200	-76.123012	-51.463087	127.586098	24.659925	203.709110	-2.043249	-2.037982	-1.648093	-0.705227	-0.483875	-0.280315	-0.360410	-0.244081	-0.021711	-0.323948	-2.676052
0.126400	-76.160489	-51.493090	127.653578	24.667399	203.814067	-2.021334	-2.016349	-1.628726	-0.712670	-0.488904	-0.281866	-0.344731	-0.233492	-0.016347	-0.323887	-2.676113
0.126600	-76.197959	-51.523092	127.721051	24.674866	203.919010	-1.999394	-1.994695	-1.609385	-0.719775	-0.493705	-0.283306	-0.328883	-0.222788	-0.010938	-0.323826	-2.676174
0.126800	-76.235422	-51.553095	127.788517	24.682326	204.023939	-1.977430	-1.973020	-1.590071	-0.726536	-0.498273	-0.284636	-0.312872	-0.211974	-0.005487	-0.323765	-2.676235
0.127000	-76.272877	-51.583098	127.855975	24.689779	204.128853	-1.955442	-1.951324	-1.570782	-0.732950	-0.502607	-0.285853	-0.296705	-0.201056	0.000004	-0.323703	-2.676297
0.127200	-76.310326	-51.613101	127.923427	24.697225	204.233753	-1.933430	-1.929607	-1.551518	-0.739014	-0.506705	-0.286958	-0.280391	-0.190037	0.005533	-0.323642	-2.676358
0.127400	-76.347768	-51.643104	127.990871	24.704664	204.338639	-1.911394	-1.907868	-1.532278	-0.744723	-0.510563	-0.287948	-0.263937	-0.178925	0.011097	-0.323581	-2.676419
0.127600	-76.385202	-51.673106	128.058308	24.712096	204.443511	-1.889333	-1.886108	-1.513062	-0.750074	-0.514179	-0.288822	-0.247349	-0.167722	0.016693	-0.323519	-2.676481
0.127800	-76.422629	-51.703109	128.125739	24.719520	204.548368	-1.867249	-1.864326	-1.493869	-0.755063	-0.517551	-0.289581	-0.230637	-0.156435	0.022321	-0.323458	-2.676542
0.128000	-76.460050	-51.733112	128.193162	24.726938	204.653211	-1.845140	-1.842522	-1.474700	-0.759688	-0.520676	-0.290223	-0.213807	-0.145069	0.027976	-0.323397	-2.676603
0.128200	-76.497463	-51.763115	128.260578	24.734349	204.758041	-1.823008	-1.820697	-1.455552	-0.763945	-0.523553	-0.290747	-0.196868	-0.133629	0.033656	-0.323336	-2.676664
0.128400	-76.534869	-51.793117	128.327987	24.741752	204.862856	-1.800852	-1.798849	-1.436426	-0.767831	-0.526180	-0.291152	-0.179827	-0.122121	0.039359	-0.323274	-2.676726
0.128600	-76.572268	-51.823120	128.395388	24.749148	204.967657	-1.778672	-1.776980	-1.417321	-0.771344	-0.528554	-0.291438	-0.162693	-0.110550	0.045083	-0.323213	-2.676787
0.128800	-76.609661	-51.853123	128.462783	24.756538	205.072444	-1.756467	-1.755088	-1.398236	-0.774480	-0.530675	-0.291604	-0.145474	-0.098921	0.050825	-0.323152	-2.676848
0.129000	-76.647046	-51.883125	128.530171	24.763920	205.177217	-1.734240	-1.733175	-1.379172	-0.777239	-0.532539	-0.291650	-0.128178	-0.087241	0.056582	-0.323090	-2.676910
0.129200	-76.684424	-51.913128	128.597552	24.771296	205.281976	-1.711988	-1.711238	-1.360127	-0.779616	-0.534147	-0.291575	-0.110813	-0.075514	0.062351	-0.323029	-2.676971
0.129400	-76.721795	-51.943131	128.664926	24.778664	205.386721	-1.689713	-1.689280	-1.341101	-0.781611	-0.535496	-0.291378	-0.093387	-0.063746	0.068131	-0.322968	-2.677032
0.129600	-76.759159	-51.973134	128.732293	24.786025	205.491452	-1.667414	-1.667299	-1.322093	-0.783221	-0.536586	-0.291060	-0.075909	-0.051943	0.073918	-0.322906	-2.677094
0.129800	-76.796516	-52.003136	128.799652	24.793380	205.596169	-1.645092	-1.645296	-1.303104	-0.784445	-0.537415	-0.290619	-0.058388	-0.040111	0.079710	-0.322845	-2.677155
0.130000	-76.833866	-52.033139	128.867005	24.800727	205.700872	-1.622746	-1.623269	-1.284132	-0.785281	-0.537982	-0.290056	-0.040832	-0.028256	0.085504	-0.322784	-2.677216
0.130200	-76.871210	-52.063142	128.934351	24.808068	205.805561	-1.600376	-1.601220	-1.265177	-0.785728	-0.538286	-0.289369	-0.023249	-0.016382	0.091297	-0.322722	-2.677278
0.130400	-76.908546	-52.093144	129.001690	24.815402	205.910236	-1.577984	-1.579149	-1.246238	-0.785786	-0.538327	-0.288560	-0.005648	-0.004496	0.097088	-0.322661	-2.677339
0.130600	-76.945875	-52.123147	129.069022	24.822728	206.014898	-1.555567	-1.557054	-1.227316	-0.785452	-0.538104	-0.287628	0.011963	0.007395	0.102872	-0.322600	-2.677400
0.130800	-76.983198	-52.153150	129.136348	24.830048	206.119545	-1.533128	-1.534936	-1.208409	-0.784726	-0.537616	-0.286572	0.029573	0.019287	0.108648	-0.322539	-2.677461
0.131000	-77.020513	-52.183152	129.203666	24.837361	206.224179	-1.510665	-1.512795	-1.189518	-0.783608	-0.536863	-0.285393	0.047176	0.031174	0.114413	-0.322477	-2.677523
0.131200	-77.057822	-52.213155	129.270977	24.844667	206.328799	-1.488180	-1.490630	-1.170642	-0.782097	-0.535845	-0.284091	0.064762	0.043049	0.120164	-0.322416	-2.677584
0.131400	-77.095124	-52.243158	129.338282	24.851966	206.433405	-1.465671	-1.468443	-1.151779	-0.780193	-0.534562	-0.282666	0.082322	0.054906	0.125898	-0.322355	-2.677645
0.131600	-77.132419	-52.273160	129.405579	24.859258	206.537998	-1.443139	-1.446232	-1.132931	-0.777896	-0.533014	-0.281118	0.099847	0.066740	0.131613	-0.322293	-2.677707
0.131800	-77.169707	-52.303163	129.472870	24.866544	206.642576	-1.420584	-1.423997	-1.114096	-0.775207	-0.531201	-0.279448	0.117329	0.078545	0.137305	-0.322232	-2.677768
0.132000	-77.206988	-52.333166	129.540154	24.873822	206.747141	-1.398007	-1.401739	-1.095274	-0.772126	-0.529123	-0.277654	0.134759	0.090314	0.142973	-0.322171	-2.677829
0.132200	-77.244262	-52.363168	129.607430	24.881094	206.851693	-1.375407	-1.379457	-1.076465	-0.768654	-0.526780	-0.275739	0.152128	0.102042	0.148614	-0.322109	-2.677891
0.132400	-77.281530	-52.393171	129.674701	24.888359	206.956230	-1.352784	-1.357151	-1.057668	-0.764791	-0.524175	-0.273702	0.169427	0.113723	0.154224	-0.322048	-2.677952
0.132600	-77.318790	-52.423174	129.741964	24.895617	207.060754	-1.330138	-1.334821	-1.038883	-0.760538	-0.521306	-0.271544	0.186647	0.125350	0.159801	-0.321987	-2.678013
0.132800	-77.356044	-52.453176	129.809220	24.902868	207.165264	-1.307470	-1.312468	-1.020110	-0.755897	-0.518174	-0.269266	0.203780	0.136919	0.165343	-0.321925	-2.678075
0.133000	-77.393291	-52.483179	129.876470	24.910112	207.269761	-1.284779	-1.290090	-1.001347	-0.750869	-0.514782	-0.266867	0.220816	0.148422	0.170846	-0.321864	-2.678136
0.133200	-77.430531	-52.513182	129.943713	24.917350	207.374244	-1.262066	-1.267688	-0.982595	-0.745456	-0.511130	-0.264349	0.237747	0.159854	0.176309	-0.321803	-2.678197
0.133400	-77.467765	-52.543184	130.010949	24.924581	207.478714	-1.239331	-1.245262	-0.963853	-0.739660	-0.507219	-0.261712	0.254564	0.171208	0.181727	-0.321741	-2.678259
0.133600	-77.504991	-52.573187	130.078178	24.931805	207.583170	-1.216573	-1.222811	-0.945121	-0.733482	-0.503050	-0.258958	0.271257	0.182480	0.187100	-0.321680	-2.678320
0.133800	-77.542211	-52.603189	130.145401	24.939022	207.687612	-1.193794	-1.200336	-0.926399	-0.726925	-0.498626	-0.256086	0.287820	0.193663	0.192423	-0.321619	-2.678381
0.134000	-77.579424	-52.633192	130.212616	24.946232	207.792041	-1.170992	-1.177837	-0.907686	-0.719992	-0.493948	-0.253098	0.304242	0.204750	0.197695	-0.321557	-2.678443
0.134200	-77.616631	-52.663195	130.279825	24.953436	207.896456	-1.148169	-1.155313	-0.888982	-0.712685	-0.489017	-0.249995	0.320514	0.215737	0.202912	-0.321496	-2.678504
0.134400	-77.653831	-52.693197	130.347028	24.960633	208.000858	-1.125323	-1.132765	-0.870286	-0.705007	-0.483835	-0.246777	0.336630	0.226618	0.208073	-0.321435	-2.678565
0.134600	-77.691023	-52.723200	130.414223	24.967824	208.105247	-1.102456	-1.110191	-0.851598	-0.696961	-0.478406	-0.243447	0.352578	0.237386	0.213174	-0.321373	-2.678627
0.134800	-77.728210	-52.753202	130.481412	24.975007	208.209622	-1.079567	-1.087593	-0.832918	-0.688550	-0.472730	-0.240004	0.368352	0.248036	0.218214	-0.321312	-2.678688
0.135000	-77.765389	-52.783205	130.548594	24.982184	208.313983	-1.056657	-1.064970	-0.814245	-0.679778	-0.466811	-0.236451	0.383943	0.258562	0.223188	-0.321251	-2.678749
0.135200	-77.802562	-52.813208	130.615770	24.989354	208.418332	-1.033725	-1.042323	-0.795579	-0.670649	-0.460650	-0.232788	0.399342	0.268959	0.228096	-0.321189	-2.678811
0.135400	-77.839728	-52.843210	130.682938	24.996518	208.522667	-1.010772	-1.019650	-0.776920	-0.661166	-0.454251	-0.229017	0.414541	0.279221	0.232934	-0.321128	-2.678872
0.135600	-77.876888	-52.873213	130.750100	25.003675	208.626988	-0.987797	-0.996952	-0.758267	-0.651334	-0.447615	-0.225140	0.429531	0.289341	0.237700	-0.321067	-2.678933
0.135800	-77.914040	-52.903215	130.817256	25.010825	208.731296	-0.964801	-0.974229	-0.739620	-0.641156	-0.440747	-0.221156	0.444305	0.299316	0.242391	-0.321005	-2.678995
0.136000	-77.951187	-52.933218	130.884405	25.017969	208.835591	-0.941785	-0.951481	-0.720979	-0.630638	-0.433649	-0.217069	0.458854	0.309138	0.247006	-0.320944	-2.679056
0.136200	-77.988326	-52.963220	130.951547	25.025106	208.939873	-0.918747	-0.928707	-0.702344	-0.619784	-0.426324	-0.212880	0.473170	0.318804	0.251541	-0.320883	-2.679117
0.136400	-78.025459	-52.993223	131.018682	25.032236	209.044141	-0.895688	-0.905908	-0.683713	-0.608598	-0.418776	-0.208590	0.487245	0.328306	0.255994	-0.320821	-2.679179
0.136600	-78.062585	-53.023226	131.085811	25.039360	209.148396	-0.872609	-0.883084	-0.665087	-0.597086	-0.411007	-0.204200	0.501072	0.337641	0.260364	-0.320760	-2.679240
0.136800	-78.099705	-53.053228	131.152933	25.046477	209.252638	-0.849509	-0.860235	-0.646465	-0.585254	-0.403022	-0.199713	0.514642	0.346803	0.264647	-0.320699	-2.679301
0.137000	-78.136818	-53.083231	131.220049	25.053587	209.356867	-0.826388	-0.837360	-0.627848	-0.573105	-0.394824	-0.195131	0.527948	0.355786	0.268841	-0.320637	-2.679363
0.137200	-78.173924	-53.113233	131.287158	25.060691	209.461082	-0.803247	-0.814459	-0.609234	-0.560647	-0.386417	-0.190455	0.540982	0.364586	0.272945	-0.320576	-2.679424
0.137400	-78.211024	-53.143236	131.354260	25.067788	209.565284	-0.780086	-0.791533	-0.590624	-0.547885	-0.377804	-0.185687	0.553738	0.373197	0.276955	-0.320515	-2.679485
0.137600	-78.248118	-53.173238	131.421356	25.074879	209.669473	-0.756904	-0.768581	-0.572016	-0.534825	-0.368991	-0.180829	0.566207	0.381615	0.280870	-0.320453	-2.679547
0.137800	-78.285204	-53.203241	131.488445	25.081963	209.773649	-0.733702	-0.745604	-0.553412	-0.521473	-0.359981	-0.175883	0.578382	0.389835	0.284689	-0.320392	-2.679608
0.138000	-78.322284	-53.233243	131.555528	25.089041	209.877812	-0.710480	-0.722601	-0.534810	-0.507836	-0.350778	-0.170852	0.590257	0.397851	0.288407	-0.320331	-2.679669
0.138200	-78.359358	-53.263246	131.622604	25.096112	209.981962	-0.687238	-0.699572	-0.516211	-0.493919	-0.341386	-0.165736	0.601824	0.405660	0.292024	-0.320269	-2.679731
0.138400	-78.396425	-53.293248	131.689674	25.103177	210.086099	-0.663977	-0.676518	-0.497613	-0.479731	-0.331811	-0.160539	0.613077	0.413257	0.295538	-0.320208	-2.679792
0.138600	-78.433486	-53.323251	131.756737	25.110235	210.190222	-0.640696	-0.653437	-0.479017	-0.465276	-0.322058	-0.155262	0.624008	0.420637	0.298947	-0.320147	-2.679853
0.138800	-78.470540	-53.353253	131.823793	25.117286	210.294333	-0.617395	-0.630331	-0.460422	-0.450564	-0.312129	-0.149908	0.634612	0.427796	0.302248	-0.320086	-2.679914
0.139000	-78.507587	-53.383256	131.890843	25.124331	210.398430	-0.594074	-0.607199	-0.441829	-0.435600	-0.302032	-0.144478	0.644882	0.434729	0.305440	-0.320024	-2.679976
0.139200	-78.544628	-53.413258	131.957887	25.131370	210.502515	-0.570735	-0.584042	-0.423236	-0.420393	-0.291769	-0.138977	0.654811	0.441432	0.308522	-0.319963	-2.680037
0.139400	-78.581663	-53.443261	132.024924	25.138402	210.606587	-0.547376	-0.560858	-0.404644	-0.404949	-0.281348	-0.133404	0.664395	0.447902	0.311490	-0.319902	-2.680098
0.139600	-78.618691	-53.473263	132.091954	25.145427	210.710645	-0.523997	-0.537649	-0.386052	-0.389276	-0.270772	-0.127764	0.673626	0.454134	0.314345	-0.319840	-2.680160
0.139800	-78.655712	-53.503266	132.158978	25.152446	210.814691	-0.500600	-0.514413	-0.367460	-0.373383	-0.260047	-0.122059	0.682499	0.460125	0.317083	-0.319779	-2.680221
0.140000	-78.692728	-53.533268	132.225996	25.159459	210.918724	-0.477184	-0.491152	-0.348867	-0.357277	-0.249179	-0.116291	0.691009	0.465870	0.319704	-0.319718	-2.680282
0.140200	-78.729736	-53.563271	132.293007	25.166465	211.022743	-0.453749	-0.467865	-0.330274	-0.340967	-0.238173	-0.110462	0.699150	0.471366	0.322206	-0.319656	-2.680344
0.140400	-78.766739	-53.593273	132.360012	25.173465	211.126750	-0.430296	-0.444552	-0.311680	-0.324460	-0.227035	-0.104576	0.706917	0.476609	0.324587	-0.319595	-2.680405
0.140600	-78.803734	-53.623276	132.427010	25.180458	211.230745	-0.406823	-0.421214	-0.293085	-0.307765	-0.215769	-0.098634	0.714305	0.481597	0.326846	-0.319534	-2.680466
0.140800	-78.840724	-53.653278	132.494002	25.187445	211.334726	-0.383333	-0.397849	-0.274488	-0.290891	-0.204383	-0.092640	0.721309	0.486325	0.328982	-0.319473	-2.680527
0.141000	-78.877707	-53.683281	132.560988	25.194426	211.438694	-0.359824	-0.374458	-0.255889	-0.273846	-0.192882	-0.086596	0.727924	0.490792	0.330993	-0.319411	-2.680589
0.141200	-78.914683	-53.713283	132.627967	25.201400	211.542650	-0.336296	-0.351042	-0.237289	-0.256639	-0.181271	-0.080505	0.734146	0.494992	0.332878	-0.319350	-2.680650
0.141400	-78.951654	-53.743286	132.694939	25.208368	211.646593	-0.312751	-0.327600	-0.218686	-0.239280	-0.169557	-0.074369	0.739971	0.498925	0.334636	-0.319289	-2.680711
0.141600	-78.988617	-53.773288	132.761906	25.215329	211.750523	-0.289188	-0.304132	-0.200081	-0.221776	-0.157747	-0.068193	0.745395	0.502587	0.336265	-0.319227	-2.680773
0.141800	-79.025575	-53.803291	132.828865	25.222284	211.854440	-0.265606	-0.280638	-0.181472	-0.204138	-0.145845	-0.061977	0.750413	0.505975	0.337766	-0.319166	-2.680834
0.142000	-79.062526	-53.833293	132.895819	25.229233	211.958345	-0.242007	-0.257119	-0.162861	-0.186373	-0.133859	-0.055726	0.755022	0.509087	0.339136	-0.319105	-2.680895
0.142200	-79.099471	-53.863296	132.962766	25.236175	212.062237	-0.218390	-0.233574	-0.144246	-0.168493	-0.121794	-0.049441	0.759219	0.511921	0.340374	-0.319044	-2.680956
0.142400	-79.136409	-53.893298	133.029707	25.243111	212.166116	-0.194756	-0.210003	-0.125628	-0.150506	-0.109658	-0.043127	0.763000	0.514475	0.341481	-0.318982	-2.681018
0.142600	-79.173341	-53.923300	133.096641	25.250041	212.269982	-0.171104	-0.186406	-0.107006	-0.132423	-0.097456	-0.036785	0.766363	0.516746	0.342454	-0.318921	-2.681079
0.142800	-79.210267	-53.953303	133.163570	25.256964	212.373836	-0.147435	-0.162784	-0.088379	-0.114251	-0.085195	-0.030419	0.769304	0.518732	0.343294	-0.318860	-2.681140
0.143000	-79.247186	-53.983305	133.230491	25.263881	212.477678	-0.123748	-0.139137	-0.069748	-0.096002	-0.072882	-0.024032	0.771822	0.520433	0.343999	-0.318798	-2.681202
0.143200	-79.284099	-54.013308	133.297407	25.270792	212.581506	-0.100045	-0.115464	-0.051113	-0.077685	-0.060524	-0.017627	0.773912	0.521845	0.344570	-0.318737	-2.681263
0.143400	-79.321006	-54.043310	133.364316	25.277696	212.685322	-0.076324	-0.091766	-0.032472	-0.059310	-0.048126	-0.011207	0.775575	0.522969	0.345005	-0.318676	-2.681324
0.143600	-79.357907	-54.073313	133.431219	25.284594	212.789126	-0.052586	-0.068042	-0.013826	-0.040887	-0.035696	-0.004774	0.776807	0.523802	0.345303	-0.318615	-2.681385
0.143800	-79.394801	-54.103315	133.498116	25.291486	212.892916	-0.028832	-0.044293	0.004825	-0.022426	-0.023240	0.001667	0.777606	0.524343	0.345466	-0.318553	-2.681447
0.144000	-79.431689	-54.133317	133.565006	25.298371	212.996695	-0.005061	-0.020519	0.023483	-0.003937	-0.010766	0.008115	0.777973	0.524592	0.345491	-0.318492	-2.681508
0.144200	-79.468570	-54.163320	133.631890	25.305251	213.100461	0.018727	0.003280	0.042146	0.014569	0.001720	0.014565	0.777904	0.524548	0.345380	-0.318431	-2.681569
0.144400	-79.505446	-54.193322	133.698768	25.312124	213.204214	0.042531	0.027104	0.060815	0.033084	0.014212	0.021015	0.777400	0.524209	0.345131	-0.318370	-2.681630
0.144600	-79.542315	-54.223325	133.765640	25.318990	213.307955	0.066352	0.050953	0.079492	0.051595	0.026701	0.027462	0.776460	0.523576	0.344745	-0.318308	-2.681692
0.144800	-79.579178	-54.253327	133.832505	25.325851	213.411683	0.090189	0.074827	0.098175	0.070094	0.039181	0.033903	0.775082	0.522648	0.344222	-0.318247	-2.681753
0.145000	-79.616035	-54.283329	133.899364	25.332705	213.515399	0.114042	0.098725	0.116865	0.088569	0.051646	0.040334	0.773267	0.521426	0.343561	-0.318186	-2.681814
0.145200	-79.652885	-54.313332	133.966217	25.339553	213.619102	0.137911	0.122648	0.135562	0.107011	0.064088	0.046753	0.771015	0.519908	0.342763	-0.318125	-2.681875
0.145400	-79.689730	-54.343334	134.033064	25.346395	213.722793	0.161796	0.146596	0.154268	0.125408	0.076500	0.053155	0.768327	0.518095	0.341828	-0.318064	-2.681936
0.145600	-79.726568	-54.373337	134.099904	25.353231	213.826472	0.185697	0.170568	0.172981	0.143752	0.088875	0.059539	0.765201	0.515988	0.340756	-0.318002	-2.681998
0.145800	-79.763400	-54.403339	134.166738	25.360061	213.930138	0.209614	0.194564	0.191703	0.162030	0.101206	0.065901	0.761640	0.513587	0.339547	-0.317941	-2.682059
0.146000	-79.800225	-54.433341	134.233567	25.366884	214.033792	0.233546	0.218585	0.210433	0.180234	0.113487	0.072238	0.757645	0.510893	0.338203	-0.317880	-2.682120
0.146200	-79.837045	-54.463344	134.300388	25.373701	214.137433	0.257494	0.242630	0.229171	0.198352	0.125710	0.078547	0.753215	0.507906	0.336722	-0.317819	-2.682181
0.146400	-79.873858	-54.493346	134.367204	25.380512	214.241062	0.281457	0.266698	0.247919	0.216374	0.137868	0.084824	0.748354	0.504628	0.335107	-0.317757	-2.682243
0.146600	-79.910665	-54.523348	134.434014	25.387317	214.344679	0.305436	0.290791	0.266676	0.234290	0.149954	0.091067	0.743062	0.501060	0.333356	-0.317696	-2.682304
0.146800	-79.947467	-54.553351	134.500817	25.394116	214.448284	0.329430	0.314906	0.285443	0.252089	0.161962	0.097273	0.737342	0.497202	0.331472	-0.317635	-2.682365
0.147000	-79.984262	-54.583353	134.567615	25.400908	214.551876	0.353440	0.339046	0.304220	0.269761	0.173883	0.103438	0.731196	0.493057	0.329455	-0.317574	-2.682426
0.147200	-80.021050	-54.613355	134.634406	25.407695	214.655456	0.377464	0.363209	0.323007	0.287297	0.185712	0.109559	0.724627	0.488626	0.327306	-0.317513	-2.682487
0.147400	-80.057833	-54.643358	134.701191	25.414475	214.759024	0.401504	0.387395	0.341804	0.304684	0.197442	0.115634	0.717636	0.483911	0.325025	-0.317451	-2.682549
0.147600	-80.094610	-54.673360	134.767970	25.421250	214.862580	0.425558	0.411604	0.360612	0.321915	0.209065	0.121658	0.710227	0.478915	0.322614	-0.317390	-2.682610
0.147800	-80.131380	-54.703362	134.834743	25.428018	214.966123	0.449627	0.435836	0.379431	0.338977	0.220575	0.127630	0.702404	0.473638	0.320073	-0.317329	-2.682671
0.148000	-80.168145	-54.733365	134.901509	25.434780	215.069654	0.473711	0.460091	0.398262	0.355862	0.231965	0.133546	0.694170	0.468085	0.317404	-0.317268	-2.682732
0.148200	-80.204903	-54.763367	134.968270	25.441536	215.173173	0.497810	0.484368	0.417104	0.372558	0.243228	0.139404	0.685528	0.462256	0.314608	-0.317207	-2.682793
0.148400	-80.241655	-54.793369	135.035025	25.448286	215.276680	0.521923	0.508668	0.435958	0.389057	0.254357	0.145200	0.676482	0.456155	0.311686	-0.317146	-2.682854
0.148600	-80.278401	-54.823372	135.101773	25.455030	215.380175	0.546051	0.532990	0.454825	0.405348	0.265346	0.150931	0.667037	0.449785	0.308640	-0.317084	-2.682916
0.148800	-80.315142	-54.853374	135.168516	25.461768	215.483657	0.570193	0.557333	0.473703	0.421422	0.276188	0.156595	0.657198	0.443148	0.305471	-0.317023	-2.682977
0.149000	-80.351876	-54.883376	135.235252	25.468499	215.587128	0.594349	0.581699	0.492595	0.437268	0.286877	0.162188	0.646968	0.436249	0.302180	-0.316962	-2.683038
0.149200	-80.388604	-54.913379	135.301982	25.475225	215.690586	0.618520	0.606087	0.511500	0.452878	0.297406	0.167708	0.636353	0.429089	0.298769	-0.316901	-2.683099
0.149400	-80.425326	-54.943381	135.368707	25.481945	215.794033	0.642705	0.630496	0.530418	0.468241	0.307769	0.173152	0.625358	0.421674	0.295239	-0.316840	-2.683160
0.149600	-80.462042	-54.973383	135.435425	25.488658	215.897467	0.666904	0.654926	0.549350	0.483348	0.317959	0.178517	0.613988	0.414005	0.291593	-0.316779	-2.683221
0.149800	-80.498752	-55.003386	135.502137	25.495366	216.000889	0.691117	0.679377	0.568297	0.498190	0.327969	0.183800	0.602250	0.406088	0.287832	-0.316718	-2.683282
0.150000	-80.535456	-55.033388	135.568844	25.502068	216.104299	0.715344	0.703849	0.587257	0.512758	0.337795	0.189000	0.590149	0.397926	0.283958	-0.316656	-2.683344
0.150200	-80.572154	-55.063390	135.635544	25.508764	216.207698	0.739584	0.728342	0.606232	0.527043	0.347430	0.194112	0.577690	0.389523	0.279972	-0.316595	-2.683405
0.150400	-80.608846	-55.093393	135.702238	25.515453	216.311084	0.763839	0.752855	0.625223	0.541035	0.356867	0.199135	0.564881	0.380884	0.275877	-0.316534	-2.683466
0.150600	-80.645532	-55.123395	135.768927	25.522137	216.414458	0.788107	0.777389	0.644229	0.554726	0.366101	0.204065	0.551729	0.372013	0.271675	-0.316473	-2.683527
0.150800	-80.682212	-55.153397	135.835609	25.528815	216.517821	0.812389	0.801943	0.663250	0.568108	0.375127	0.208901	0.538239	0.362915	0.267368	-0.316412	-2.683588
0.151000	-80.718886	-55.183399	135.902285	25.535487	216.621171	0.836685	0.826516	0.682288	0.581171	0.383937	0.213640	0.524419	0.353594	0.262957	-0.316351	-2.683649
0.151200	-80.755554	-55.213402	135.968956	25.542152	216.724510	0.860994	0.851109	0.701342	0.593908	0.392527	0.218279	0.510276	0.344056	0.258446	-0.316290	-2.683710
0.151400	-80.792216	-55.243404	136.035620	25.548812	216.827836	0.885317	0.875721	0.720413	0.606309	0.400891	0.222817	0.495818	0.334305	0.253836	-0.316229	-2.683771
0.151600	-80.828873	-55.273406	136.102279	25.555466	216.931151	0.909653	0.900353	0.739501	0.618368	0.409024	0.227249	0.481053	0.324346	0.249129	-0.316168	-2.683832
0.151800	-80.865523	-55.303408	136.168931	25.562114	217.034454	0.934002	0.925003	0.758606	0.630077	0.416920	0.231576	0.465988	0.314186	0.244329	-0.316106	-2.683894
0.152000	-80.902167	-55.333411	136.235578	25.568757	217.137745	0.958365	0.949672	0.777729	0.641427	0.424574	0.235793	0.450631	0.303828	0.239438	-0.316045	-2.683955
0.152200	-80.938806	-55.363413	136.302219	25.575393	217.241024	0.982741	0.974360	0.796871	0.652411	0.431982	0.239899	0.434991	0.293280	0.234457	-0.315984	-2.684016
0.152400	-80.975438	-55.393415	136.368854	25.582023	217.344292	1.007130	0.999066	0.816031	0.663022	0.439137	0.243893	0.419076	0.282547	0.229390	-0.315923	-2.684077
0.152600	-81.012065	-55.423418	136.435483	25.588648	217.447548	1.031532	1.023789	0.835210	0.673253	0.446036	0.247771	0.402895	0.271634	0.224239	-0.315862	-2.684138
0.152800	-81.048686	-55.453420	136.502106	25.595266	217.550791	1.055947	1.048531	0.854409	0.683096	0.452674	0.251531	0.386456	0.260547	0.219007	-0.315801	-2.684199
0.153000	-81.085301	-55.483422	136.568723	25.601879	217.654024	1.080376	1.073290	0.873627	0.692546	0.459046	0.255173	0.369770	0.249294	0.213697	-0.315740	-2.684260
0.153200	-81.121910	-55.513424	136.635334	25.608486	217.757244	1.104817	1.098066	0.892866	0.701595	0.465148	0.258693	0.352845	0.237879	0.208311	-0.315679	-2.684321
0.153400	-81.158513	-55.543426	136.701940	25.615087	217.860453	1.129271	1.122859	0.912125	0.710237	0.470976	0.262091	0.335690	0.226310	0.202853	-0.315618	-2.684382
0.153600	-81.195110	-55.573429	136.768539	25.621682	217.963650	1.153738	1.147669	0.931405	0.718467	0.476525	0.265364	0.318316	0.214593	0.197324	-0.315557	-2.684443
0.153800	-81.231702	-55.603431	136.835133	25.628271	218.066835	1.178218	1.172495	0.950706	0.726278	0.481791	0.268510	0.300731	0.202734	0.191729	-0.315496	-2.684504
0.154000	-81.268288	-55.633433	136.901721	25.634854	218.170008	1.202711	1.197338	0.970029	0.733664	0.486772	0.271529	0.282946	0.190740	0.186069	-0.315435	-2.684565
0.154200	-81.304867	-55.663435	136.968303	25.641432	218.273170	1.227217	1.222196	0.989375	0.740621	0.491462	0.274418	0.264972	0.178618	0.180348	-0.315374	-2.684626
0.154400	-81.341442	-55.693438	137.034879	25.648004	218.376321	1.251735	1.247071	1.008744	0.747143	0.495859	0.277177	0.246817	0.166375	0.174569	-0.315313	-2.684687
0.154600	-81.378010	-55.723440	137.101450	25.654570	218.479459	1.276266	1.271960	1.028135	0.753226	0.499959	0.279802	0.228493	0.154018	0.168736	-0.315252	-2.684748
0.154800	-81.414572	-55.753442	137.168014	25.661130	218.582586	1.300810	1.296865	1.047550	0.758863	0.503760	0.282295	0.210011	0.141554	0.162850	-0.315191	-2.684809
0.155000	-81.451129	-55.783444	137.234573	25.667684	218.685702	1.325366	1.321785	1.066990	0.764052	0.507258	0.284652	0.191380	0.128990	0.156916	-0.315130	-2.684870
0.155200	-81.487680	-55.813446	137.301126	25.674233	218.788806	1.349935	1.346720	1.086454	0.768788	0.510450	0.286873	0.172611	0.116333	0.150936	-0.315069	-2.684931
0.155400	-81.524225	-55.843449	137.367673	25.680776	218.891898	1.374516	1.371669	1.105943	0.773067	0.513334	0.288957	0.153717	0.103592	0.144914	-0.315008	-2.684992
0.155600	-81.560764	-55.873451	137.434215	25.687313	218.994979	1.399110	1.396632	1.125457	0.776885	0.515907	0.290902	0.134706	0.090772	0.138853	-0.314947	-2.685053
0.155800	-81.597298	-55.903453	137.500751	25.693844	219.098048	1.423717	1.421609	1.144998	0.780239	0.518167	0.292708	0.115592	0.077882	0.132756	-0.314886	-2.685114
0.156000	-81.633825	-55.933455	137.567281	25.700370	219.201106	1.448336	1.446600	1.164566	0.783126	0.520112	0.294374	0.096384	0.064930	0.126627	-0.314825	-2.685175
0.156200	-81.670347	-55.963457	137.633805	25.706890	219.304152	1.472967	1.471605	1.184160	0.785543	0.521740	0.295899	0.077095	0.051923	0.120469	-0.314764	-2.685236
0.156400	-81.706864	-55.993460	137.700323	25.713404	219.407187	1.497611	1.496622	1.203783	0.787488	0.523049	0.297283	0.057736	0.038868	0.114285	-0.314703	-2.685297
0.156600	-81.743374	-56.023462	137.766836	25.719912	219.510210	1.522267	1.521652	1.223433	0.788957	0.524038	0.298524	0.038317	0.025774	0.108079	-0.314642	-2.685358
0.156800	-81.779879	-56.053464	137.833343	25.726415	219.613222	1.546936	1.546695	1.243113	0.789950	0.524706	0.299622	0.018852	0.012648	0.101853	-0.314581	-2.685419
0.157000	-81.816378	-56.083466	137.899844	25.732912	219.716223	1.571617	1.571751	1.262821	0.790464	0.525050	0.300577	-0.000649	-0.000501	0.095612	-0.314520	-2.685480
0.157200	-81.852872	-56.113468	137.966340	25.739403	219.819212	1.596310	1.596818	1.282560	0.790498	0.525071	0.301389	-0.020173	-0.013666	0.089360	-0.314459	-2.685541
0.157400	-81.889359	-56.143471	138.032830	25.745889	219.922189	1.621016	1.621898	1.302330	0.790050	0.524767	0.302056	-0.039709	-0.026840	0.083098	-0.314398	-2.685602
0.157600	-81.925841	-56.173473	138.099314	25.752369	220.025155	1.645734	1.646989	1.322130	0.789121	0.524138	0.302579	-0.059246	-0.040013	0.076831	-0.314338	-2.685662
0.157800	-81.962318	-56.203475	138.165793	25.758843	220.128110	1.670464	1.672091	1.341963	0.787708	0.523183	0.302958	-0.078770	-0.053178	0.070563	-0.314277	-2.685723
0.158000	-81.998788	-56.233477	138.232265	25.765311	220.231054	1.695207	1.697205	1.361828	0.785813	0.521903	0.303192	-0.098271	-0.066327	0.064296	-0.314216	-2.685784
0.158200	-82.035253	-56.263479	138.298733	25.771774	220.333986	1.719962	1.722329	1.381726	0.783434	0.520297	0.303282	-0.117736	-0.079451	0.058035	-0.314155	-2.685845
0.158400	-82.071713	-56.293481	138.365194	25.778231	220.436907	1.744729	1.747464	1.401659	0.780573	0.518365	0.303227	-0.137153	-0.092543	0.051782	-0.314094	-2.685906
0.158600	-82.108166	-56.323484	138.431650	25.784683	220.539816	1.769508	1.772610	1.421625	0.777230	0.516108	0.303029	-0.156510	-0.105595	0.045541	-0.314033	-2.685967
0.158800	-82.144615	-56.353486	138.498100	25.791129	220.642715	1.794300	1.797766	1.441627	0.773405	0.513527	0.302686	-0.175796	-0.118599	0.039317	-0.313972	-2.686028
0.159000	-82.181057	-56.383488	138.564545	25.797569	220.745602	1.819104	1.822932	1.461665	0.769101	0.510622	0.302200	-0.194998	-0.131545	0.033111	-0.313911	-2.686089
0.159200	-82.217494	-56.413490	138.630984	25.804004	220.848478	1.843920	1.848107	1.481740	0.764317	0.507394	0.301572	-0.214104	-0.144427	0.026928	-0.313851	-2.686149
0.159400	-82.253925	-56.443492	138.697417	25.810433	220.951342	1.868749	1.873292	1.501852	0.759058	0.503845	0.300800	-0.233102	-0.157236	0.020771	-0.313790	-2.686210
0.159600	-82.290351	-56.473494	138.763845	25.816856	221.054195	1.893590	1.898486	1.522003	0.753323	0.499975	0.299887	-0.251981	-0.169965	0.014644	-0.313729	-2.686271
0.159800	-82.326771	-56.503496	138.830267	25.823274	221.157037	1.918443	1.923690	1.542193	0.747116	0.495788	0.298833	-0.270728	-0.182604	0.008550	-0.313668	-2.686332
0.160000	-82.363185	-56.533499	138.896683	25.829686	221.259868	1.943308	1.948902	1.562423	0.740440	0.491283	0.297639	-0.289331	-0.195146	0.002492	-0.313607	-2.686393
0.160200	-82.399594	-56.563501	138.963094	25.836093	221.362688	1.968186	1.974123	1.582693	0.733297	0.486464	0.296305	-0.307779	-0.207584	-0.003525	-0.313546	-2.686454
0.160400	-82.435997	-56.593503	139.029500	25.842494	221.465497	1.993075	1.999352	1.603005	0.725691	0.481333	0.294833	-0.326059	-0.219908	-0.009500	-0.313486	-2.686514
0.160600	-82.472395	-56.623505	139.095900	25.848890	221.568294	2.017978	2.024589	1.623360	0.717625	0.475892	0.293224	-0.344161	-0.232112	-0.015427	-0.313425	-2.686575
0.160800	-82.508787	-56.653507	139.162294	25.855280	221.671080	2.042892	2.049834	1.643759	0.709104	0.470143	0.291478	-0.362072	-0.244187	-0.021305	-0.313364	-2.686636
0.161000	-82.545173	-56.683509	139.228682	25.861664	221.773856	2.067819	2.075087	1.664202	0.700131	0.464091	0.289598	-0.379781	-0.256126	-0.027129	-0.313303	-2.686697
0.161200	-82.581554	-56.713511	139.295065	25.868043	221.876620	2.092758	2.100348	1.684690	0.690711	0.457737	0.287584	-0.397276	-0.267920	-0.032896	-0.313242	-2.686758
0.161400	-82.617930	-56.743513	139.361443	25.874416	221.979373	2.117709	2.125616	1.705225	0.680849	0.451084	0.285438	-0.414545	-0.279562	-0.038604	-0.313182	-2.686818
0.161600	-82.654300	-56.773516	139.427815	25.880784	222.082115	2.142673	2.150891	1.725807	0.670550	0.444137	0.283160	-0.431579	-0.291045	-0.044248	-0.313121	-2.686879
0.161800	-82.690664	-56.803518	139.494182	25.887146	222.184845	2.167649	2.176174	1.746438	0.659819	0.436899	0.280754	-0.448364	-0.302361	-0.049825	-0.313060	-2.686940
0.162000	-82.727023	-56.833520	139.560542	25.893503	222.287565	2.192637	2.201463	1.767118	0.648662	0.429374	0.278220	-0.464891	-0.313502	-0.055333	-0.312999	-2.687001
0.162200	-82.763376	-56.863522	139.626898	25.899854	222.390274	2.217638	2.226758	1.787849	0.637085	0.421566	0.275561	-0.481148	-0.324460	-0.060769	-0.312939	-2.687061
0.162400	-82.799724	-56.893524	139.693248	25.906200	222.492972	2.242651	2.252061	1.808632	0.625095	0.413479	0.272777	-0.497124	-0.335230	-0.066128	-0.312878	-2.687122
0.162600	-82.836066	-56.923526	139.759592	25.912540	222.595659	2.267676	2.277369	1.829468	0.612697	0.405117	0.269872	-0.512808	-0.345803	-0.071408	-0.312817	-2.687183
0.162800	-82.872403	-56.953528	139.825931	25.918875	222.698335	2.292714	2.302684	1.850359	0.599899	0.396486	0.266846	-0.528191	-0.356172	-0.076606	-0.312756	-2.687244
0.163000	-82.908735	-56.983530	139.892265	25.925204	222.800999	2.317765	2.328005	1.871305	0.586708	0.387589	0.263703	-0.543262	-0.366331	-0.081720	-0.312696	-2.687304
0.163200	-82.945061	-57.013532	139.958593	25.931528	222.903653	2.342827	2.353331	1.892308	0.573131	0.378432	0.260443	-0.558010	-0.376271	-0.086745	-0.312635	-2.687365
0.163400	-82.981381	-57.043534	140.024915	25.937847	223.006296	2.367903	2.378664	1.913369	0.559175	0.369021	0.257070	-0.572425	-0.385988	-0.091680	-0.312574	-2.687426
0.163600	-83.017696	-57.073536	140.091232	25.944160	223.108928	2.392990	2.404001	1.934490	0.544850	0.359359	0.253585	-0.586497	-0.395473	-0.096521	-0.312514	-2.687486
0.163800	-83.054006	-57.103538	140.157544	25.950467	223.211550	2.418091	2.429345	1.955671	0.530162	0.349454	0.249991	-0.600218	-0.404721	-0.101265	-0.312453	-2.687547
0.164000	-83.090310	-57.133541	140.223850	25.956769	223.314160	2.443203	2.454693	1.976916	0.515121	0.339310	0.246290	-0.613576	-0.413724	-0.105911	-0.312392	-2.687608
0.164200	-83.126608	-57.163543	140.290151	25.963066	223.416759	2.468329	2.480047	1.998224	0.499734	0.328934	0.242486	-0.626563	-0.422478	-0.110455	-0.312332	-2.687668
0.164400	-83.162902	-57.193545	140.356446	25.969357	223.519348	2.493467	2.505406	2.019598	0.484012	0.318332	0.238579	-0.639170	-0.430974	-0.114894	-0.312271	-2.687729
0.164600	-83.199189	-57.223547	140.422736	25.975643	223.621926	2.518617	2.530770	2.041038	0.467963	0.307509	0.234574	-0.651387	-0.439208	-0.119227	-0.312210	-2.687790
0.164800	-83.235472	-57.253549	140.489021	25.981923	223.724493	2.543781	2.556139	2.062548	0.451597	0.296473	0.230472	-0.663206	-0.447174	-0.123450	-0.312150	-2.687850
0.165000	-83.271749	-57.283551	140.555300	25.988198	223.827049	2.568956	2.581512	2.084128	0.434923	0.285229	0.226277	-0.674619	-0.454865	-0.127562	-0.312089	-2.687911
0.165200	-83.308021	-57.313553	140.621573	25.994468	223.929594	2.594145	2.606890	2.105780	0.417951	0.273784	0.221991	-0.685617	-0.462277	-0.131559	-0.312028	-2.687972
0.165400	-83.344287	-57.343555	140.687842	26.000732	224.032128	2.619346	2.632273	2.127507	0.400692	0.262146	0.217618	-0.696192	-0.469403	-0.135440	-0.311968	-2.688032
0.165600	-83.380548	-57.373557	140.754105	26.006991	224.134652	2.644560	2.657660	2.149309	0.383156	0.250321	0.213159	-0.706337	-0.476240	-0.139203	-0.311907	-2.688093
0.165800	-83.416803	-57.403559	140.820362	26.013244	224.237165	2.669787	2.683051	2.171190	0.365354	0.238316	0.208619	-0.716044	-0.482780	-0.142844	-0.311847	-2.688153
0.166000	-83.453053	-57.433561	140.886614	26.019492	224.339667	2.695027	2.708447	2.193150	0.347295	0.226140	0.204000	-0.725305	-0.489021	-0.146364	-0.311786	-2.688214
0.166200	-83.489298	-57.463563	140.952861	26.025735	224.442159	2.720279	2.733847	2.215192	0.328992	0.213798	0.199305	-0.734114	-0.494956	-0.149758	-0.311725	-2.688275
0.166400	-83.525537	-57.493565	141.019102	26.031972	224.544640	2.745545	2.759251	2.237319	0.310456	0.201299	0.194538	-0.742464	-0.500582	-0.153026	-0.311665	-2.688335
0.166600	-83.561771	-57.523567	141.085339	26.038204	224.647110	2.770823	2.784660	2.259531	0.291697	0.188650	0.189702	-0.750348	-0.505893	-0.156165	-0.311604	-2.688396
0.166800	-83.598000	-57.553569	141.151569	26.044431	224.749569	2.796114	2.810072	2.281833	0.272728	0.175860	0.184800	-0.757760	-0.510887	-0.159174	-0.311544	-2.688456
0.167000	-83.634223	-57.583571	141.217795	26.050652	224.852018	2.821418	2.835489	2.304225	0.253560	0.162935	0.179835	-0.764695	-0.515558	-0.162051	-0.311483	-2.688517
0.167200	-83.670442	-57.613573	141.284015	26.056868	224.954456	2.846735	2.860910	2.326711	0.234205	0.149885	0.174811	-0.771146	-0.519904	-0.164795	-0.311423	-2.688577
0.167400	-83.706654	-57.643575	141.350230	26.063079	225.056884	2.872066	2.886334	2.349293	0.214676	0.136717	0.169731	-0.777109	-0.523920	-0.167404	-0.311362	-2.688638
0.167600	-83.742862	-57.673577	141.416439	26.069284	225.159301	2.897409	2.911763	2.371973	0.194984	0.123440	0.164599	-0.782578	-0.527603	-0.169877	-0.311302	-2.688698
0.167800	-83.779064	-57.703579	141.482643	26.075485	225.261707	2.922765	2.937195	2.394755	0.175142	0.110062	0.159418	-0.787548	-0.530951	-0.172212	-0.311241	-2.688759
0.168000	-83.815261	-57.733581	141.548842	26.081679	225.364103	2.948135	2.962632	2.417640	0.155162	0.096591	0.154192	-0.792016	-0.533959	-0.174408	-0.311181	-2.688819
0.168200	-83.851452	-57.763583	141.615036	26.087869	225.466488	2.973517	2.988072	2.440633	0.135058	0.083036	0.148924	-0.795977	-0.536625	-0.176465	-0.311120	-2.688880
0.168400	-83.887639	-57.793585	141.681224	26.094053	225.568862	2.998913	3.013517	2.463736	0.114842	0.069406	0.143618	-0.799428	-0.538947	-0.178380	-0.311060	-2.688940
0.168600	-83.923820	-57.823587	141.747407	26.100232	225.671226	3.024323	3.038965	2.486952	0.094527	0.055709	0.138277	-0.802364	-0.540923	-0.180153	-0.310999	-2.689001
0.168800	-83.959995	-57.853589	141.813585	26.106406	225.773580	3.049745	3.064418	2.510284	0.074126	0.041955	0.132905	-0.804783	-0.542550	-0.181783	-0.310939	-2.689061
0.169000	-83.996166	-57.883591	141.879757	26.112574	225.875923	3.075181	3.089874	2.533736	0.053652	0.028151	0.127507	-0.806682	-0.543826	-0.183270	-0.310878	-2.689122
0.169200	-84.032331	-57.913593	141.945924	26.118738	225.978255	3.100630	3.115334	2.557312	0.033119	0.014308	0.122085	-0.808059	-0.544750	-0.184612	-0.310818	-2.689182
0.169400	-84.068491	-57.943595	142.012086	26.124896	226.080577	3.126092	3.140799	2.581013	0.012539	0.000433	0.116643	-0.808911	-0.545321	-0.185810	-0.310757	-2.689243
0.169600	-84.104646	-57.973597	142.078243	26.131048	226.182889	-3.131617	-3.116918	2.604846	-0.008073	-0.013464	0.111186	-0.809237	-0.545536	-0.186862	-0.310697	-2.689303
0.169800	-84.140795	-58.003599	142.144395	26.137196	226.285190	-3.106127	-3.091446	2.628812	-0.028705	-0.027373	0.105716	-0.809035	-0.545396	-0.187768	-0.310636	-2.689364
0.170000	-84.176940	-58.033601	142.210541	26.143338	226.387480	-3.080624	-3.065969	2.652917	-0.049342	-0.041286	0.100238	-0.808304	-0.544899	-0.188529	-0.310576	-2.689424
0.170200	-84.213079	-58.063603	142.276682	26.149475	226.489760	-3.055108	-3.040488	2.677164	-0.069972	-0.055194	0.094756	-0.807043	-0.544046	-0.189143	-0.310516	-2.689484
0.170400	-84.249212	-58.093605	142.342818	26.155607	226.592030	-3.029578	-3.015002	2.701558	-0.090580	-0.069087	0.089273	-0.805252	-0.542834	-0.189610	-0.310455	-2.689545
0.170600	-84.285341	-58.123607	142.408948	26.161734	226.694289	-3.004034	-2.989513	2.726103	-0.111152	-0.082956	0.083793	-0.802932	-0.541266	-0.189932	-0.310395	-2.689605
0.170800	-84.321465	-58.153609	142.475074	26.167855	226.796538	-2.978476	-2.964018	2.750803	-0.131676	-0.096792	0.078320	-0.800081	-0.539340	-0.190107	-0.310334	-2.689666
0.171000	-84.357583	-58.183611	142.541194	26.173972	226.898777	-2.952905	-2.938520	2.775664	-0.152138	-0.110586	0.072857	-0.796702	-0.537058	-0.190136	-0.310274	-2.689726
0.171200	-84.393696	-58.213613	142.607309	26.180083	227.001005	-2.927320	-2.913016	2.800690	-0.172523	-0.124329	0.067410	-0.792794	-0.534420	-0.190019	-0.310214	-2.689786
0.171400	-84.429804	-58.243615	142.673419	26.186189	227.103223	-2.901721	-2.887508	2.825887	-0.192817	-0.138010	0.061980	-0.788360	-0.531427	-0.189757	-0.310153	-2.689847
0.171600	-84.465907	-58.273617	142.739524	26.192290	227.205430	-2.876108	-2.861995	2.851259	-0.213009	-0.151621	0.056573	-0.783400	-0.528080	-0.189350	-0.310093	-2.689907
0.171800	-84.502004	-58.303619	142.805623	26.198385	227.307628	-2.850482	-2.836478	2.876812	-0.233082	-0.165153	0.051192	-0.777918	-0.524380	-0.188799	-0.310033	-2.689967
0.172000	-84.538097	-58.333621	142.871718	26.204476	227.409814	-2.824841	-2.810955	2.902552	-0.253025	-0.178597	0.045841	-0.771916	-0.520330	-0.188104	-0.309972	-2.690028
0.172200	-84.574184	-58.363623	142.937807	26.210561	227.511991	-2.799187	-2.785427	2.928485	-0.272822	-0.191943	0.040523	-0.765396	-0.515931	-0.187267	-0.309912	-2.690088
0.172400	-84.610266	-58.393625	143.003891	26.216641	227.614157	-2.773518	-2.759893	2.954616	-0.292462	-0.205182	0.035243	-0.758361	-0.511185	-0.186288	-0.309852	-2.690148
0.172600	-84.646343	-58.423627	143.069970	26.222716	227.716313	-2.747836	-2.734355	2.980952	-0.311929	-0.218304	0.030004	-0.750816	-0.506095	-0.185168	-0.309791	-2.690209
0.172800	-84.682415	-58.453629	143.136044	26.228786	227.818459	-2.722139	-2.708811	3.007499	-0.331211	-0.231302	0.024810	-0.742763	-0.500663	-0.183908	-0.309731	-2.690269
0.173000	-84.718482	-58.483631	143.202113	26.234851	227.920595	-2.696428	-2.683261	3.034265	-0.350295	-0.244166	0.019664	-0.734208	-0.494892	-0.182509	-0.309671	-2.690329
0.173200	-84.754544	-58.513633	143.268176	26.240911	228.022720	-2.670703	-2.657705	3.061255	-0.369166	-0.256887	0.014570	-0.725155	-0.488786	-0.180974	-0.309611	-2.690389
0.173400	-84.790600	-58.543635	143.334235	26.246966	228.124835	-2.644964	-2.632144	3.088477	-0.387812	-0.269456	0.009533	-0.715609	-0.482347	-0.179302	-0.309550	-2.690450
0.173600	-84.826652	-58.573636	143.400288	26.253015	228.226940	-2.619210	-2.606576	3.115939	-0.406221	-0.281864	0.004555	-0.705575	-0.475579	-0.177496	-0.309490	-2.690510
0.173800	-84.862698	-58.603638	143.466337	26.259060	228.329035	-2.593442	-2.581002	-3.139538	-0.424377	-0.294103	-0.000361	-0.695059	-0.468487	-0.175558	-0.309430	-2.690570
0.174000	-84.898739	-58.633640	143.532380	26.265099	228.431119	-2.567660	-2.555421	-3.111575	-0.442270	-0.306164	-0.005209	-0.684066	-0.461073	-0.173488	-0.309370	-2.690630
0.174200	-84.934776	-58.663642	143.598418	26.271133	228.533194	-2.541863	-2.529834	-3.083349	-0.459886	-0.318038	-0.009988	-0.672604	-0.453343	-0.171289	-0.309309	-2.690690
0.174400	-84.970807	-58.693644	143.664451	26.277163	228.635258	-2.516052	-2.504240	-3.054852	-0.477213	-0.329717	-0.014693	-0.660679	-0.445301	-0.168962	-0.309249	-2.690751
0.174600	-85.006833	-58.723646	143.730479	26.283187	228.737312	-2.490226	-2.478640	-3.026075	-0.494238	-0.341193	-0.019321	-0.648298	-0.436952	-0.166510	-0.309189	-2.690811
0.174800	-85.042854	-58.753648	143.796502	26.289206	228.839356	-2.464386	-2.453032	-2.997010	-0.510949	-0.352457	-0.023869	-0.635468	-0.428300	-0.163935	-0.309129	-2.690871
0.175000	-85.078870	-58.783650	143.862520	26.295220	228.941390	-2.438531	-2.427416	-2.967649	-0.527335	-0.363501	-0.028333	-0.622197	-0.419352	-0.161238	-0.309069	-2.690931
0.175200	-85.114881	-58.813652	143.928533	26.301229	229.043414	-2.412661	-2.401794	-2.937980	-0.543382	-0.374317	-0.032710	-0.608493	-0.410111	-0.158423	-0.309009	-2.690991
0.175400	-85.150887	-58.843654	143.994541	26.307233	229.145427	-2.386776	-2.376163	-2.907997	-0.559080	-0.384898	-0.036997	-0.594365	-0.400585	-0.155490	-0.308948	-2.691052
0.175600	-85.186888	-58.873656	144.060543	26.313232	229.247431	-2.360877	-2.350525	-2.877688	-0.574416	-0.395235	-0.041191	-0.579821	-0.390778	-0.152444	-0.308888	-2.691112
0.175800	-85.222884	-58.903658	144.126541	26.319226	229.349425	-2.334963	-2.324878	-2.847045	-0.589380	-0.405320	-0.045289	-0.564871	-0.380697	-0.149285	-0.308828	-2.691172
0.176000	-85.258874	-58.933659	144.192534	26.325215	229.451408	-2.309035	-2.299223	-2.816057	-0.603961	-0.415148	-0.049287	-0.549522	-0.370349	-0.146018	-0.308768	-2.691232
0.176200	-85.294860	-58.963661	144.258522	26.331199	229.553382	-2.283091	-2.273560	-2.784715	-0.618147	-0.424709	-0.053184	-0.533787	-0.359739	-0.142644	-0.308708	-2.691292
0.176400	-85.330841	-58.993663	144.324504	26.337178	229.655345	-2.257132	-2.247887	-2.753009	-0.631929	-0.433998	-0.056974	-0.517673	-0.348874	-0.139166	-0.308648	-2.691352
0.176600	-85.366817	-59.023665	144.390482	26.343152	229.757299	-2.231158	-2.222206	-2.720928	-0.645295	-0.443007	-0.060657	-0.501191	-0.337762	-0.135587	-0.308588	-2.691412
0.176800	-85.402788	-59.053667	144.456455	26.349121	229.859242	-2.205170	-2.196516	-2.688463	-0.658236	-0.451728	-0.064230	-0.484353	-0.326409	-0.131910	-0.308528	-2.691472
0.177000	-85.438754	-59.083669	144.522422	26.355085	229.961176	-2.179166	-2.170816	-2.655604	-0.670742	-0.460157	-0.067689	-0.467168	-0.314823	-0.128138	-0.308468	-2.691532
0.177200	-85.474714	-59.113671	144.588385	26.361044	230.063100	-2.153147	-2.145106	-2.622340	-0.682803	-0.468285	-0.071031	-0.449648	-0.303011	-0.124274	-0.308408	-2.691593
0.177400	-85.510670	-59.143673	144.654343	26.366998	230.165013	-2.127112	-2.119386	-2.588662	-0.694410	-0.476108	-0.074256	-0.431804	-0.290981	-0.120321	-0.308347	-2.691653
0.177600	-85.546621	-59.173675	144.720296	26.372947	230.266917	-2.101063	-2.093657	-2.554561	-0.705553	-0.483618	-0.077359	-0.413648	-0.278741	-0.116283	-0.308287	-2.691713
0.177800	-85.582567	-59.203676	144.786244	26.378891	230.368811	-2.074998	-2.067916	-2.520027	-0.716225	-0.490810	-0.080339	-0.395192	-0.266298	-0.112162	-0.308227	-2.691773
0.178000	-85.618508	-59.233678	144.852187	26.384830	230.470695	-2.048918	-2.042165	-2.485052	-0.726417	-0.497679	-0.083194	-0.376448	-0.253662	-0.107963	-0.308167	-2.691833
0.178200	-85.654444	-59.263680	144.918125	26.390764	230.572569	-2.022822	-2.016404	-2.449626	-0.736120	-0.504218	-0.085920	-0.357428	-0.240839	-0.103687	-0.308107	-2.691893
0.178400	-85.690376	-59.293682	144.984058	26.396694	230.674433	-1.996711	-1.990631	-2.413743	-0.745327	-0.510423	-0.088517	-0.338144	-0.227839	-0.099340	-0.308047	-2.691953
0.178600	-85.726302	-59.323684	145.049986	26.402618	230.776288	-1.970584	-1.964846	-2.377394	-0.754031	-0.516288	-0.090982	-0.318610	-0.214671	-0.094924	-0.307987	-2.692013
0.178800	-85.762223	-59.353686	145.115909	26.408537	230.878132	-1.944442	-1.939050	-2.340574	-0.762223	-0.521809	-0.093313	-0.298840	-0.201343	-0.090443	-0.307927	-2.692073
0.179000	-85.798140	-59.383688	145.181827	26.414452	230.979967	-1.918284	-1.913242	-2.303277	-0.769898	-0.526981	-0.095509	-0.278845	-0.187864	-0.085900	-0.307867	-2.692133
0.179200	-85.834051	-59.413689	145.247741	26.420362	231.081792	-1.892110	-1.887421	-2.265499	-0.777049	-0.531800	-0.097567	-0.258639	-0.174243	-0.081300	-0.307807	-2.692193
0.179400	-85.869958	-59.443691	145.313649	26.426266	231.183607	-1.865921	-1.861588	-2.227236	-0.783669	-0.536261	-0.099487	-0.238237	-0.160490	-0.076646	-0.307748	-2.692252
0.179600	-85.905859	-59.473693	145.379552	26.432166	231.285412	-1.839716	-1.835742	-2.188487	-0.789754	-0.540361	-0.101265	-0.217652	-0.146613	-0.071942	-0.307688	-2.692312
0.179800	-85.941756	-59.503695	145.445451	26.438061	231.387207	-1.813495	-1.809884	-2.149251	-0.795297	-0.544097	-0.102902	-0.196898	-0.132623	-0.067191	-0.307628	-2.692372
0.180000	-85.977648	-59.533697	145.511345	26.443951	231.488993	-1.787258	-1.784011	-2.109529	-0.800294	-0.547464	-0.104396	-0.175990	-0.118529	-0.062398	-0.307568	-2.692432
0.180200	-86.013535	-59.563699	145.577234	26.449836	231.590769	-1.761005	-1.758126	-2.069324	-0.804739	-0.550459	-0.105746	-0.154941	-0.104340	-0.057567	-0.307508	-2.692492
0.180400	-86.049417	-59.593701	145.643118	26.455717	231.692535	-1.734736	-1.732226	-2.028642	-0.808629	-0.553080	-0.106949	-0.133767	-0.090067	-0.052701	-0.307448	-2.692552
0.180600	-86.085294	-59.623702	145.708997	26.461592	231.794291	-1.708450	-1.706312	-1.987489	-0.811960	-0.555324	-0.108007	-0.112481	-0.075719	-0.047805	-0.307388	-2.692612
0.180800	-86.121167	-59.653704	145.774871	26.467463	231.896038	-1.682149	-1.680383	-1.945873	-0.814728	-0.557189	-0.108916	-0.091099	-0.061306	-0.042882	-0.307328	-2.692672
0.181000	-86.157034	-59.683706	145.840741	26.473328	231.997775	-1.655832	-1.654440	-1.903807	-0.816930	-0.558672	-0.109678	-0.069636	-0.046839	-0.037937	-0.307268	-2.692732
0.181200	-86.192897	-59.713708	145.906605	26.479189	232.099502	-1.629498	-1.628481	-1.861305	-0.818563	-0.559772	-0.110290	-0.048106	-0.032326	-0.032973	-0.307208	-2.692792
0.181400	-86.228755	-59.743710	145.972465	26.485045	232.201220	-1.603148	-1.602508	-1.818382	-0.819624	-0.560487	-0.110753	-0.026525	-0.017780	-0.027995	-0.307149	-2.692851
0.181600	-86.264608	-59.773712	146.038320	26.490897	232.302928	-1.576781	-1.576518	-1.775057	-0.820113	-0.560816	-0.111066	-0.004908	-0.003209	-0.023007	-0.307089	-2.692911
0.181800	-86.300456	-59.803713	146.104170	26.496743	232.404626	-1.550398	-1.550513	-1.731353	-0.820027	-0.560758	-0.111229	0.016730	0.011376	-0.018013	-0.307029	-2.692971
0.182000	-86.336300	-59.833715	146.170015	26.502585	232.506315	-1.523998	-1.524491	-1.687291	-0.819366	-0.560312	-0.111240	0.038373	0.025964	-0.013018	-0.306969	-2.693031
0.182200	-86.372138	-59.863717	146.235855	26.508421	232.607994	-1.497582	-1.498452	-1.642899	-0.818128	-0.559477	-0.111102	0.060006	0.040546	-0.008025	-0.306909	-2.693091
0.182400	-86.407972	-59.893719	146.301691	26.514253	232.709663	-1.471149	-1.472397	-1.598206	-0.816313	-0.558253	-0.110812	0.081614	0.055110	-0.003038	-0.306850	-2.693150
0.182600	-86.443801	-59.923721	146.367522	26.520080	232.811323	-1.444699	-1.446324	-1.553242	-0.813921	-0.556641	-0.110372	0.103180	0.069646	0.001938	-0.306790	-2.693210
0.182800	-86.479625	-59.953723	146.433348	26.525903	232.912973	-1.418233	-1.420234	-1.508040	-0.810954	-0.554641	-0.109781	0.124691	0.084145	0.006899	-0.306730	-2.693270
0.183000	-86.515445	-59.983724	146.499169	26.531720	233.014614	-1.391750	-1.394126	-1.462635	-0.807411	-0.552253	-0.109040	0.146129	0.098594	0.011840	-0.306670	-2.693330
0.183200	-86.551259	-60.013726	146.564985	26.537533	233.116245	-1.365249	-1.368000	-1.417063	-0.803294	-0.549478	-0.108150	0.167480	0.112985	0.016758	-0.306611	-2.693389
0.183400	-86.587069	-60.043728	146.630797	26.543341	233.217866	-1.338732	-1.341856	-1.371363	-0.798605	-0.546318	-0.107110	0.188728	0.127306	0.021649	-0.306551	-2.693449
0.183600	-86.622874	-60.073730	146.696604	26.549144	233.319478	-1.312198	-1.315693	-1.325573	-0.793346	-0.542774	-0.105922	0.209857	0.141548	0.026508	-0.306491	-2.693509
0.183800	-86.658675	-60.103732	146.762406	26.554943	233.421081	-1.285646	-1.289510	-1.279732	-0.787520	-0.538848	-0.104586	0.230853	0.155698	0.031331	-0.306431	-2.693569
0.184000	-86.694470	-60.133733	146.828203	26.560737	233.522673	-1.259077	-1.263309	-1.233881	-0.781130	-0.534541	-0.103104	0.251699	0.169749	0.036114	-0.306372	-2.693628
0.184200	-86.730261	-60.163735	146.893996	26.566526	233.624257	-1.232491	-1.237087	-1.188059	-0.774179	-0.529857	-0.101475	0.272380	0.183688	0.040853	-0.306312	-2.693688
0.184400	-86.766047	-60.193737	146.959784	26.572310	233.725831	-1.205888	-1.210846	-1.142306	-0.766671	-0.524797	-0.099702	0.292882	0.197505	0.045543	-0.306252	-2.693748
0.184600	-86.801828	-60.223739	147.025567	26.578089	233.827395	-1.179267	-1.184584	-1.096661	-0.758611	-0.519366	-0.097786	0.313188	0.211192	0.050182	-0.306193	-2.693807
0.184800	-86.837605	-60.253740	147.091345	26.583864	233.928950	-1.152628	-1.158302	-1.051162	-0.750003	-0.513565	-0.095727	0.333284	0.224736	0.054763	-0.306133	-2.693867
0.185000	-86.873377	-60.283742	147.157119	26.589634	234.030496	-1.125972	-1.131999	-1.005845	-0.740852	-0.507398	-0.093528	0.353155	0.238128	0.059284	-0.306073	-2.693927
0.185200	-86.909144	-60.313744	147.222888	26.595400	234.132032	-1.099299	-1.105674	-0.960745	-0.731164	-0.500870	-0.091190	0.372785	0.251359	0.063741	-0.306014	-2.693986
0.185400	-86.944906	-60.343746	147.288652	26.601160	234.233558	-1.072607	-1.079328	-0.915895	-0.720945	-0.493984	-0.088714	0.392161	0.264417	0.068130	-0.305954	-2.694046
0.185600	-86.980664	-60.373748	147.354411	26.606916	234.335075	-1.045898	-1.052960	-0.871327	-0.710201	-0.486744	-0.086103	0.411266	0.277294	0.072446	-0.305895	-2.694105
0.185800	-87.016417	-60.403749	147.420166	26.612667	234.436583	-1.019171	-1.026570	-0.827068	-0.698940	-0.479155	-0.083359	0.430088	0.289980	0.076686	-0.305835	-2.694165
0.186000	-87.052165	-60.433751	147.485916	26.618414	234.538081	-0.992426	-1.000157	-0.783146	-0.687167	-0.471223	-0.080482	0.448612	0.302464	0.080846	-0.305775	-2.694225
0.186200	-87.087909	-60.463753	147.551662	26.624156	234.639570	-0.965662	-0.973721	-0.739585	-0.674892	-0.462951	-0.077477	0.466823	0.314738	0.084922	-0.305716	-2.694284
0.186400	-87.123648	-60.493755	147.617402	26.629893	234.741050	-0.938881	-0.947263	-0.696406	-0.662121	-0.454346	-0.074344	0.484707	0.326791	0.088911	-0.305656	-2.694344
0.186600	-87.159382	-60.523756	147.683138	26.635625	234.842520	-0.912081	-0.920780	-0.653628	-0.648864	-0.445412	-0.071086	0.502252	0.338616	0.092808	-0.305597	-2.694403
0.186800	-87.195111	-60.553758	147.748870	26.641353	234.943981	-0.885263	-0.894274	-0.611267	-0.635128	-0.436157	-0.067706	0.519442	0.350202	0.096611	-0.305537	-2.694463
0.187000	-87.230836	-60.583760	147.814596	26.647076	235.045433	-0.858427	-0.867745	-0.569337	-0.620924	-0.426586	-0.064205	0.536266	0.361540	0.100316	-0.305478	-2.694522
0.187200	-87.266557	-60.613762	147.880318	26.652795	235.146875	-0.831572	-0.841190	-0.527851	-0.606261	-0.416706	-0.060588	0.552709	0.372622	0.103919	-0.305418	-2.694582
0.187400	-87.302272	-60.643764	147.946036	26.658509	235.248308	-0.804698	-0.814611	-0.486816	-0.591148	-0.406523	-0.056856	0.568759	0.383439	0.107416	-0.305359	-2.694641
0.187600	-87.337983	-60.673765	148.011748	26.664218	235.349732	-0.777806	-0.788007	-0.446241	-0.575596	-0.396044	-0.053012	0.584403	0.393983	0.110806	-0.305299	-2.694701
0.187800	-87.373689	-60.703767	148.077456	26.669922	235.451146	-0.750895	-0.761378	-0.406130	-0.559616	-0.385277	-0.049060	0.599629	0.404245	0.114083	-0.305240	-2.694760
0.188000	-87.409391	-60.733769	148.143160	26.675622	235.552551	-0.723965	-0.734723	-0.366486	-0.543218	-0.374229	-0.045002	0.614425	0.414217	0.117246	-0.305180	-2.694820
0.188200	-87.445088	-60.763771	148.208859	26.681318	235.653947	-0.697016	-0.708043	-0.327311	-0.526415	-0.362907	-0.040841	0.628780	0.423892	0.120291	-0.305121	-2.694879
0.188400	-87.480781	-60.793772	148.274553	26.687008	235.755333	-0.670049	-0.681336	-0.288604	-0.509217	-0.351319	-0.036581	0.642680	0.433261	0.123214	-0.305061	-2.694939
0.188600	-87.516468	-60.823774	148.340242	26.692694	235.856711	-0.643062	-0.654602	-0.250364	-0.491637	-0.339474	-0.032225	0.656116	0.442316	0.126014	-0.305002	-2.694998
0.188800	-87.552152	-60.853776	148.405927	26.698376	235.958079	-0.616055	-0.627843	-0.212587	-0.473687	-0.327380	-0.027777	0.669077	0.451051	0.128687	-0.304943	-2.695057
0.189000	-87.587830	-60.883777	148.471608	26.704053	236.059438	-0.589030	-0.601056	-0.175268	-0.455379	-0.315045	-0.023239	0.681551	0.459459	0.131230	-0.304883	-2.695117
0.189200	-87.623504	-60.913779	148.537283	26.709725	236.160787	-0.561985	-0.574241	-0.138404	-0.436728	-0.302479	-0.018615	0.693529	0.467532	0.133641	-0.304824	-2.695176
0.189400	-87.659173	-60.943781	148.602954	26.715393	236.262128	-0.534921	-0.547399	-0.101986	-0.417745	-0.289689	-0.013910	0.705001	0.475264	0.135917	-0.304764	-2.695236
0.189600	-87.694838	-60.973783	148.668621	26.721056	236.363459	-0.507836	-0.520530	-0.066009	-0.398445	-0.276686	-0.009126	0.715956	0.482649	0.138056	-0.304705	-2.695295
0.189800	-87.730498	-61.003784	148.734283	26.726714	236.464781	-0.480733	-0.493632	-0.030464	-0.378842	-0.263478	-0.004268	0.726387	0.489680	0.140056	-0.304646	-2.695354
0.190000	-87.766154	-61.033786	148.799940	26.732368	236.566094	-0.453609	-0.466705	0.004657	-0.358949	-0.250075	0.000661	0.736284	0.496351	0.141913	-0.304586	-2.695414
0.190200	-87.801805	-61.063788	148.865593	26.738017	236.667398	-0.426465	-0.439750	0.039363	-0.338781	-0.236488	0.005656	0.745639	0.502656	0.143626	-0.304527	-2.695473
0.190400	-87.837452	-61.093790	148.931241	26.743662	236.768693	-0.399302	-0.412767	0.073663	-0.318353	-0.222724	0.010715	0.754443	0.508591	0.145193	-0.304468	-2.695532
0.190600	-87.873094	-61.123791	148.996885	26.749302	236.869978	-0.372118	-0.385754	0.107566	-0.297679	-0.208796	0.015832	0.762690	0.514150	0.146612	-0.304408	-2.695592
0.190800	-87.908731	-61.153793	149.062524	26.754938	236.971255	-0.344914	-0.358711	0.141084	-0.276775	-0.194713	0.021003	0.770371	0.519328	0.147881	-0.304349	-2.695651
0.191000	-87.944364	-61.183795	149.128159	26.760569	237.072522	-0.317690	-0.331639	0.174224	-0.255657	-0.180485	0.026225	0.777479	0.524121	0.148999	-0.304290	-2.695710
0.191200	-87.979992	-61.213796	149.193789	26.766196	237.173781	-0.290445	-0.304537	0.206998	-0.234339	-0.166122	0.031493	0.784010	0.528523	0.149963	-0.304230	-2.695770
0.191400	-88.015616	-61.243798	149.259414	26.771818	237.275030	-0.263180	-0.277404	0.239415	-0.212837	-0.151637	0.036803	0.789955	0.532532	0.150772	-0.304171	-2.695829
0.191600	-88.051235	-61.273800	149.325035	26.777435	237.376270	-0.235894	-0.250242	0.271486	-0.191168	-0.137038	0.042150	0.795311	0.536144	0.151425	-0.304112	-2.695888
0.191800	-88.086850	-61.303802	149.390651	26.783048	237.477501	-0.208587	-0.223048	0.303220	-0.169348	-0.122338	0.047531	0.800071	0.539354	0.151920	-0.304053	-2.695947
0.192000	-88.122460	-61.333803	149.456263	26.788657	237.578723	-0.181259	-0.195824	0.334627	-0.147392	-0.107546	0.052940	0.804231	0.542160	0.152257	-0.303994	-2.696006
0.192200	-88.158066	-61.363805	149.521871	26.794261	237.679936	-0.153911	-0.168569	0.365717	-0.125318	-0.092675	0.058374	0.807787	0.544558	0.152434	-0.303934	-2.696066
0.192400	-88.193667	-61.393807	149.587473	26.799860	237.781140	-0.126541	-0.141282	0.396500	-0.103142	-0.077735	0.063827	0.810734	0.546547	0.152451	-0.303875	-2.696125
0.192600	-88.229263	-61.423808	149.653072	26.805455	237.882335	-0.099150	-0.113964	0.426986	-0.080881	-0.062738	0.069296	0.813070	0.548124	0.152306	-0.303816	-2.696184
0.192800	-88.264856	-61.453810	149.718666	26.811045	237.983521	-0.071738	-0.086614	0.457183	-0.058552	-0.047695	0.074775	0.814791	0.549288	0.152000	-0.303757	-2.696243
0.193000	-88.300443	-61.483812	149.784255	26.816631	238.084698	-0.044304	-0.059233	0.487101	-0.036171	-0.032618	0.080261	0.815896	0.550035	0.151530	-0.303698	-2.696302
0.193200	-88.336026	-61.513813	149.849840	26.822213	238.185866	-0.016849	-0.031819	0.516748	-0.013757	-0.017518	0.085748	0.816381	0.550366	0.150898	-0.303638	-2.696362
0.193400	-88.371605	-61.543815	149.915420	26.827790	238.287025	0.010628	-0.004372	0.546134	0.008675	-0.002406	0.091232	0.816247	0.550278	0.150103	-0.303579	-2.696421
0.193600	-88.407179	-61.573817	149.980996	26.833363	238.388176	0.038127	0.023106	0.575267	0.031107	0.012705	0.096709	0.815490	0.549773	0.149144	-0.303520	-2.696480
0.193800	-88.442749	-61.603819	150.046568	26.838931	238.489317	0.065647	0.050617	0.604155	0.053521	0.027805	0.102173	0.814112	0.548848	0.148022	-0.303461	-2.696539
0.194000	-88.478314	-61.633820	150.112135	26.844494	238.590449	0.093190	0.078162	0.632806	0.075900	0.042881	0.107620	0.812112	0.547504	0.146737	-0.303402	-2.696598
0.194200	-88.513875	-61.663822	150.177697	26.850053	238.691573	0.120754	0.105739	0.661229	0.098227	0.057922	0.113046	0.809490	0.545741	0.145289	-0.303343	-2.696657
0.194400	-88.549432	-61.693824	150.243255	26.855608	238.792687	0.148341	0.133349	0.689430	0.120485	0.072916	0.118445	0.806248	0.543561	0.143678	-0.303284	-2.696716
0.194600	-88.584984	-61.723825	150.308809	26.861158	238.893793	0.175951	0.160992	0.717418	0.142656	0.087851	0.123814	0.802386	0.540963	0.141905	-0.303225	-2.696775
0.194800	-88.620531	-61.753827	150.374358	26.866704	238.994889	0.203583	0.188669	0.745198	0.164722	0.102716	0.129146	0.797907	0.537950	0.139971	-0.303166	-2.696834
0.195000	-88.656074	-61.783829	150.439903	26.872246	239.095977	0.231237	0.216380	0.772779	0.186667	0.117499	0.134439	0.792813	0.534522	0.137876	-0.303107	-2.696893
0.195200	-88.691613	-61.813830	150.505443	26.877783	239.197056	0.258914	0.244124	0.800167	0.208472	0.132189	0.139687	0.787107	0.530682	0.135621	-0.303048	-2.696952
0.195400	-88.727147	-61.843832	150.570979	26.883315	239.298126	0.286614	0.271902	0.827368	0.230122	0.146773	0.144886	0.780792	0.526431	0.133207	-0.302989	-2.697011
0.195600	-88.762677	-61.873834	150.636511	26.888843	239.399188	0.314337	0.299714	0.854389	0.251598	0.161240	0.150030	0.773872	0.521774	0.130636	-0.302930	-2.697070
0.195800	-88.798202	-61.903835	150.702038	26.894367	239.500240	0.342083	0.327559	0.881236	0.272884	0.175579	0.155116	0.766351	0.516712	0.127909	-0.302871	-2.697129
0.196000	-88.833723	-61.933837	150.767560	26.899887	239.601284	0.369852	0.355439	0.907914	0.293962	0.189778	0.160140	0.758235	0.511248	0.125026	-0.302812	-2.697188
0.196200	-88.869240	-61.963839	150.833079	26.905401	239.702319	0.397645	0.383353	0.934430	0.314816	0.203826	0.165095	0.749528	0.505387	0.121991	-0.302753	-2.697247
0.196400	-88.904752	-61.993840	150.898592	26.910912	239.803345	0.425461	0.411301	0.960788	0.335429	0.217711	0.169979	0.740236	0.499132	0.118803	-0.302694	-2.697306
0.196600	-88.940260	-62.023842	150.964102	26.916418	239.904362	0.453300	0.439284	0.986995	0.355784	0.231423	0.174786	0.730366	0.492488	0.115466	-0.302635	-2.697365
0.196800	-88.975763	-62.053844	151.029607	26.921920	240.005371	0.481163	0.467301	1.013055	0.375865	0.244950	0.179513	0.719924	0.485458	0.111981	-0.302576	-2.697424
0.197000	-89.011263	-62.083845	151.095108	26.927417	240.106370	0.509050	0.495352	1.038973	0.395656	0.258281	0.184154	0.708918	0.478048	0.108351	-0.302517	-2.697483
0.197200	-89.046757	-62.113847	151.160604	26.932910	240.207361	0.536961	0.523438	1.064754	0.415140	0.271406	0.188707	0.697355	0.470264	0.104576	-0.302458	-2.697542
0.197400	-89.082248	-62.143848	151.226096	26.938399	240.308344	0.564896	0.551558	1.090403	0.434301	0.284313	0.193165	0.685243	0.462109	0.100661	-0.302399	-2.697601
0.197600	-89.117734	-62.173850	151.291584	26.943883	240.409317	0.592855	0.579713	1.115923	0.453124	0.296993	0.197527	0.672592	0.453592	0.096606	-0.302340	-2.697660
0.197800	-89.153215	-62.203852	151.357067	26.949363	240.510282	0.620838	0.607902	1.141321	0.471593	0.309434	0.201786	0.659409	0.444716	0.092415	-0.302281	-2.697719
0.198000	-89.188692	-62.233853	151.422546	26.954839	240.611238	0.648846	0.636126	1.166598	0.489693	0.321626	0.205940	0.645705	0.435490	0.088091	-0.302223	-2.697777
0.198200	-89.224165	-62.263855	151.488020	26.960310	240.712186	0.676878	0.664384	1.191761	0.507409	0.333560	0.209984	0.631490	0.425919	0.083635	-0.302164	-2.697836
0.198400	-89.259634	-62.293857	151.553491	26.965777	240.813124	0.704935	0.692677	1.216811	0.524726	0.345225	0.213914	0.616773	0.416011	0.079052	-0.302105	-2.697895
0.198600	-89.295098	-62.323858	151.618956	26.971240	240.914055	0.733016	0.721004	1.241754	0.541629	0.356611	0.217727	0.601567	0.405772	0.074344	-0.302046	-2.697954
0.198800	-89.330558	-62.353860	151.684418	26.976698	241.014976	0.761123	0.749365	1.266593	0.558105	0.367710	0.221419	0.585882	0.395212	0.069514	-0.301987	-2.698013
0.199000	-89.366014	-62.383862	151.749875	26.982152	241.115889	0.789254	0.777761	1.291331	0.574140	0.378511	0.224986	0.569729	0.384336	0.064566	-0.301929	-2.698071
0.199200	-89.401465	-62.413863	151.815328	26.987602	241.216793	0.817410	0.806192	1.315971	0.589719	0.389005	0.228425	0.553122	0.373155	0.059502	-0.301870	-2.698130
0.199400	-89.436912	-62.443865	151.880777	26.993047	241.317689	0.845592	0.834656	1.340518	0.604830	0.399184	0.231733	0.536072	0.361675	0.054327	-0.301811	-2.698189
0.199600	-89.472355	-62.473866	151.946221	26.998488	241.418575	0.873798	0.863155	1.364973	0.619459	0.409039	0.234905	0.518592	0.349906	0.049043	-0.301752	-2.698248
0.199800	-89.507793	-62.503868	152.011661	27.003925	241.519454	0.902030	0.891688	1.389341	0.633595	0.418560	0.237938	0.500697	0.337857	0.043655	-0.301694	-2.698306
0.200000	-89.543227	-62.533870	152.077097	27.009357	241.620323	0.930288	0.920255	1.413624	0.647224	0.427741	0.240831	0.482398	0.325537	0.038167	-0.301635	-2.698365
