#model:pLinear_up	end_point_b=0.20
#t	l_1	l_2	l_3	l_2-l_1	l_3-l_1	phase_1	phase_2	phase_3	RePsi_1	RePsi_2	RePsi_3	ImPsi_1	ImPsi_2	ImPsi_3
0.100200	-1686.916774	-1575.134579	3262.051352	111.782195	4948.968126	1.589752	1.616347	2.457949	0.821715	0.547873	0.097345	-0.015578	-0.024973	-0.119485	-0.066264	-2.933736
0.100400	-1686.992207	-1575.195017	3262.187224	111.797190	4949.179431	1.608451	1.661640	-2.949362	0.820745	0.546232	-0.029950	-0.030919	-0.049759	-0.153880	-0.066270	-2.933730
0.100600	-1687.067662	-1575.255429	3262.323090	111.812233	4949.390752	1.626802	1.706565	-2.087736	0.819420	0.543698	-0.138320	-0.045940	-0.074274	-0.078636	-0.066276	-2.933724
0.100800	-1687.143138	-1575.315814	3262.458952	111.827325	4949.602090	1.644964	1.751243	-1.233916	0.817956	0.540423	-0.150643	-0.060777	-0.098590	0.052760	-0.066282	-2.933718
0.101000	-1687.218637	-1575.376172	3262.594808	111.842465	4949.813445	1.663234	1.795934	-0.376964	0.816380	0.536427	-0.058143	-0.075680	-0.122853	0.146864	-0.066288	-2.933712
0.101200	-1687.294157	-1575.436503	3262.730659	111.857654	4950.024816	1.681847	1.840864	0.492305	0.814507	0.531587	0.073359	-0.090825	-0.147160	0.136773	-0.066294	-2.933706
0.101400	-1687.369698	-1575.496807	3262.866505	111.872891	4950.236204	1.700808	1.886065	1.375488	0.812075	0.525728	0.150289	-0.106178	-0.171464	0.029732	-0.066300	-2.933700
0.101600	-1687.445261	-1575.557085	3263.002346	111.888176	4950.447608	1.719894	1.931347	2.264333	0.808931	0.518749	0.117913	-0.121511	-0.195585	-0.098021	-0.066306	-2.933694
0.101800	-1687.520846	-1575.617336	3263.138182	111.903510	4950.659028	1.738801	1.976414	-3.136980	0.805143	0.510703	-0.000717	-0.136555	-0.219312	-0.155506	-0.066312	-2.933688
0.102000	-1687.596452	-1575.677560	3263.274013	111.918892	4950.870465	1.757351	2.021044	-2.269337	0.800950	0.501764	-0.121163	-0.151179	-0.242533	-0.101752	-0.066319	-2.933681
0.102200	-1687.672080	-1575.737758	3263.409838	111.934322	4951.081919	1.775614	2.065223	-1.413255	0.796601	0.492109	-0.157691	-0.165479	-0.265290	0.025050	-0.066325	-2.933675
0.102400	-1687.747730	-1575.797929	3263.545659	111.949801	4951.293389	1.793861	2.109147	-0.559051	0.792172	0.481800	-0.084287	-0.179696	-0.287726	0.134724	-0.066331	-2.933669
0.102600	-1687.823401	-1575.858073	3263.681474	111.965328	4951.504875	1.812377	2.153087	0.303989	0.787520	0.470749	0.046832	-0.194039	-0.309963	0.149282	-0.066337	-2.933663
0.102800	-1687.899093	-1575.918191	3263.817284	111.980903	4951.716378	1.831267	2.197203	1.181398	0.782386	0.458787	0.142379	-0.208526	-0.331990	0.058426	-0.066343	-2.933657
0.103000	-1687.974807	-1575.978282	3263.953089	111.996526	4951.927897	1.850381	2.241439	2.069169	0.776582	0.445797	0.134381	-0.222960	-0.353651	-0.073129	-0.066350	-2.933650
0.103200	-1688.050543	-1576.038346	3264.088889	112.012197	4952.139432	1.869415	2.285550	2.955478	0.770127	0.431804	0.028564	-0.237063	-0.374731	-0.151698	-0.066356	-2.933644
0.103400	-1688.126300	-1576.098384	3264.224684	112.027916	4952.350984	1.888117	2.329256	-2.453468	0.763242	0.416973	-0.099742	-0.250663	-0.395092	-0.121313	-0.066362	-2.933638
0.103600	-1688.202079	-1576.158395	3264.360474	112.043684	4952.562552	1.906458	2.372420	-1.593028	0.756195	0.401501	-0.159196	-0.263809	-0.414746	-0.003540	-0.066369	-2.933631
0.103800	-1688.277879	-1576.218380	3264.496258	112.059499	4952.774137	1.924654	2.415124	-0.739226	0.749113	0.385492	-0.107454	-0.276727	-0.433831	0.117865	-0.066375	-2.933625
0.104000	-1688.353700	-1576.278338	3264.632038	112.075362	4952.985737	1.943017	2.457616	0.118841	0.741900	0.368894	0.018694	-0.289652	-0.452486	0.156557	-0.066381	-2.933619
0.104200	-1688.429543	-1576.338269	3264.767812	112.091274	4953.197355	1.961744	2.500143	0.989704	0.734306	0.351550	0.129518	-0.302654	-0.470742	0.085058	-0.066388	-2.933612
0.104400	-1688.505407	-1576.398174	3264.903581	112.107233	4953.408988	1.980777	2.542782	1.873794	0.726114	0.333329	0.146184	-0.315575	-0.488471	-0.045701	-0.066394	-2.933606
0.104600	-1688.581293	-1576.458053	3265.039345	112.123240	4953.620638	1.999841	2.585396	2.762129	0.717298	0.314229	0.056873	-0.328139	-0.505465	-0.142612	-0.066401	-2.933599
0.104800	-1688.657200	-1576.517904	3265.175104	112.139295	4953.832304	2.018629	2.627718	-2.640694	0.708049	0.294400	-0.074816	-0.340137	-0.521564	-0.136658	-0.066407	-2.933593
0.105000	-1688.733128	-1576.577730	3265.310858	112.155398	4954.043986	2.037013	2.669520	-1.774395	0.698645	0.274052	-0.155124	-0.351569	-0.536751	-0.032027	-0.066414	-2.933586
0.105200	-1688.809078	-1576.637529	3265.446607	112.171549	4954.255684	2.055129	2.710762	-0.918607	0.689260	0.253323	-0.126846	-0.362640	-0.551150	0.096868	-0.066421	-2.933579
0.105400	-1688.885049	-1576.697302	3265.582350	112.187747	4954.467399	2.073288	2.751611	-0.063479	0.679847	0.232202	-0.010065	-0.373604	-0.564922	0.158340	-0.066427	-2.933573
0.105600	-1688.961041	-1576.757048	3265.718089	112.203993	4954.679130	2.091762	2.792331	0.801124	0.670178	0.210551	0.112160	-0.384578	-0.578132	0.108687	-0.066434	-2.933566
0.105800	-1689.037055	-1576.816767	3265.853822	112.220287	4954.890877	2.110596	2.833111	1.679674	0.660013	0.188226	0.152896	-0.395452	-0.590690	-0.016713	-0.066440	-2.933560
0.106000	-1689.113090	-1576.876461	3265.989550	112.236629	4955.102640	2.129574	2.873941	2.567268	0.649279	0.165198	0.083200	-0.405961	-0.602402	-0.128577	-0.066447	-2.933553
0.106200	-1689.189146	-1576.936128	3266.125274	112.253018	4955.314420	2.148362	2.914620	-2.830994	0.638129	0.141595	-0.047267	-0.415865	-0.613090	-0.147256	-0.066454	-2.933546
0.106400	-1689.265223	-1576.995768	3266.260992	112.269455	4955.526215	2.166734	2.954891	-1.958260	0.626844	0.117631	-0.145609	-0.425119	-0.622712	-0.059422	-0.066461	-2.933539
0.106600	-1689.341322	-1577.055382	3266.396705	112.285940	4955.738027	2.184730	2.994606	-1.098387	0.615638	0.093478	-0.141784	-0.433896	-0.631374	0.072452	-0.066467	-2.933533
0.106800	-1689.417442	-1577.114970	3266.532412	112.302472	4955.949855	2.202628	3.033822	-0.243888	0.604516	0.069160	-0.038459	-0.442460	-0.639251	0.154551	-0.066474	-2.933526
0.107000	-1689.493583	-1577.174532	3266.668115	112.319052	4956.161698	2.220755	3.072762	0.615692	0.593278	0.044566	0.090889	-0.450974	-0.646444	0.128479	-0.066481	-2.933519
0.107200	-1689.569746	-1577.234067	3266.803813	112.335679	4956.373558	2.239262	3.111671	1.487889	0.581670	0.019542	0.154272	-0.459379	-0.652905	0.012820	-0.066488	-2.933512
0.107400	-1689.645929	-1577.293576	3266.939505	112.352353	4956.585435	2.258016	-3.132529	2.372133	0.569572	-0.005968	0.106636	-0.467432	-0.658459	-0.110091	-0.066495	-2.933505
0.107600	-1689.722134	-1577.353059	3267.075193	112.369075	4956.797327	2.276685	-3.093564	-3.023923	0.557097	-0.031864	-0.018058	-0.474872	-0.662920	-0.152755	-0.066502	-2.933498
0.107800	-1689.798360	-1577.412515	3267.210875	112.385845	4957.009235	2.294964	-3.054852	-2.145189	0.544516	-0.057934	-0.131009	-0.481607	-0.666220	-0.084787	-0.066508	-2.933492
0.108000	-1689.874607	-1577.471945	3267.346552	112.402662	4957.221159	2.312782	-3.016608	-1.279744	0.532074	-0.083983	-0.151775	-0.487772	-0.668445	0.045466	-0.066515	-2.933485
0.108200	-1689.950875	-1577.531349	3267.482224	112.419526	4957.433099	2.330351	-2.978889	-0.423501	0.519831	-0.109947	-0.065508	-0.493634	-0.669777	0.145323	-0.066522	-2.933478
0.108400	-1690.027164	-1577.590727	3267.617891	112.436437	4957.645055	2.348027	-2.941555	0.433065	0.507622	-0.135914	0.066454	-0.499397	-0.670353	0.143736	-0.066529	-2.933471
0.108600	-1690.103475	-1577.650079	3267.753553	112.453396	4957.857028	2.366062	-2.904359	1.299170	0.495186	-0.162037	0.150263	-0.505056	-0.670167	0.041850	-0.066536	-2.933464
0.108800	-1690.179806	-1577.709404	3267.889210	112.470402	4958.069016	2.384425	-2.867112	2.178214	0.482363	-0.188402	0.126336	-0.510396	-0.669070	-0.087814	-0.066543	-2.933457
0.109000	-1690.256158	-1577.768703	3268.024862	112.487455	4958.281020	2.402823	-2.829797	3.064841	0.469215	-0.214940	0.011763	-0.515147	-0.666877	-0.152966	-0.066551	-2.933449
0.109200	-1690.332532	-1577.827976	3268.160508	112.504556	4958.493040	2.420888	-2.792579	-2.335132	0.455996	-0.241452	-0.111848	-0.519171	-0.663492	-0.107233	-0.066558	-2.933442
0.109400	-1690.408926	-1577.887223	3268.296150	112.521703	4958.705076	2.438434	-2.755693	-1.463557	0.442977	-0.267725	-0.156467	-0.522561	-0.658983	0.016844	-0.066565	-2.933435
0.109600	-1690.485342	-1577.946444	3268.431786	112.538898	4958.917128	2.455581	-2.719285	-0.603516	0.430266	-0.293659	-0.090277	-0.525578	-0.653530	0.130967	-0.066572	-2.933428
0.109800	-1690.561778	-1578.005639	3268.567417	112.556140	4959.129196	2.472680	-2.683317	0.252319	0.417739	-0.319315	0.039682	-0.528458	-0.647301	0.153919	-0.066579	-2.933421
0.110000	-1690.638236	-1578.064808	3268.703044	112.573428	4959.341279	2.490067	-2.647592	1.113549	0.405140	-0.344844	0.140983	-0.531252	-0.640333	0.069367	-0.066586	-2.933414
0.110200	-1690.714714	-1578.123950	3268.838665	112.590764	4959.553379	2.507836	-2.611879	1.986585	0.392270	-0.370357	0.141602	-0.533785	-0.632513	-0.062522	-0.066594	-2.933406
0.110400	-1690.791214	-1578.183067	3268.974281	112.608147	4959.765494	2.525757	-2.576064	2.870168	0.379142	-0.395821	0.041157	-0.535782	-0.623657	-0.147890	-0.066601	-2.933399
0.110600	-1690.867734	-1578.242157	3269.109892	112.625577	4959.977626	2.543432	-2.540222	-2.527617	0.365979	-0.421058	-0.088805	-0.537067	-0.613652	-0.125990	-0.066608	-2.933392
0.110800	-1690.944276	-1578.301222	3269.245497	112.643054	4960.189773	2.560562	-2.504557	-1.650363	0.353068	-0.445845	-0.155729	-0.537688	-0.602537	-0.012417	-0.066615	-2.933385
0.111000	-1691.020838	-1578.360260	3269.381098	112.660577	4960.401936	2.577150	-2.469271	-0.785104	0.340565	-0.470053	-0.111927	-0.537884	-0.590489	0.111992	-0.066623	-2.933377
0.111200	-1691.097421	-1578.419273	3269.516694	112.678148	4960.614114	2.593505	-2.434426	0.072317	0.328390	-0.493709	0.011495	-0.537924	-0.577699	0.158681	-0.066630	-2.933370
0.111400	-1691.174025	-1578.478259	3269.652284	112.695765	4960.826309	2.610031	-2.399903	0.930646	0.316300	-0.516962	0.126757	-0.537910	-0.564250	0.094406	-0.066638	-2.933362
0.111600	-1691.250650	-1578.537220	3269.787870	112.713429	4961.038519	2.626944	-2.365478	1.797943	0.304064	-0.539944	0.151890	-0.537711	-0.550063	-0.035107	-0.066645	-2.933355
0.111800	-1691.327295	-1578.596155	3269.923450	112.731140	4961.250745	2.644114	-2.330969	2.676706	0.291642	-0.562661	0.069066	-0.537061	-0.534967	-0.137706	-0.066652	-2.933348
0.112000	-1691.403962	-1578.655064	3270.059025	112.748898	4961.462987	2.661147	-2.296352	-2.721500	0.279220	-0.584963	-0.062712	-0.535749	-0.518830	-0.140394	-0.066660	-2.933340
0.112200	-1691.480649	-1578.713946	3270.194595	112.766702	4961.675244	2.677638	-2.261772	-1.840074	0.267092	-0.606626	-0.149599	-0.533773	-0.501666	-0.041287	-0.066667	-2.933333
0.112400	-1691.557357	-1578.772804	3270.330160	112.784553	4961.887517	2.693455	-2.227443	-0.969108	0.255452	-0.627494	-0.129707	-0.531351	-0.483638	0.089059	-0.066675	-2.933325
0.112600	-1691.634086	-1578.831635	3270.465720	112.802451	4962.099806	2.708831	-2.193504	-0.108134	0.244272	-0.647568	-0.017136	-0.528765	-0.464957	0.157850	-0.066683	-2.933317
0.112800	-1691.710835	-1578.890440	3270.601275	112.820396	4962.312111	2.724204	-2.159930	0.749526	0.233326	-0.666981	0.108054	-0.526168	-0.445744	0.116098	-0.066690	-2.933310
0.113000	-1691.787606	-1578.949219	3270.736825	112.838386	4962.524431	2.739913	-2.126541	1.612296	0.222362	-0.685888	0.156819	-0.523483	-0.425962	-0.006512	-0.066698	-2.933302
0.113200	-1691.864397	-1579.007973	3270.872370	112.856424	4962.736767	2.755958	-2.093124	2.485498	0.211285	-0.704336	0.094508	-0.520455	-0.405456	-0.122759	-0.066705	-2.933295
0.113400	-1691.941209	-1579.066701	3271.007910	112.874508	4962.949118	2.771976	-2.059571	-2.915543	0.200239	-0.722205	-0.034485	-0.516849	-0.384080	-0.149947	-0.066713	-2.933287
0.113600	-1692.018041	-1579.125403	3271.143444	112.892638	4963.161485	2.787485	-2.025944	-2.032168	0.189509	-0.739284	-0.138309	-0.512616	-0.361820	-0.068762	-0.066721	-2.933279
0.113800	-1692.094894	-1579.184079	3271.278974	112.910815	4963.373868	2.802203	-1.992431	-1.156014	0.179327	-0.755395	-0.143026	-0.507936	-0.338821	0.062978	-0.066728	-2.933272
0.114000	-1692.171768	-1579.242730	3271.414498	112.929039	4963.586266	2.816245	-1.959221	-0.290184	0.169713	-0.770507	-0.045233	-0.503100	-0.315303	0.151477	-0.066736	-2.933264
0.114200	-1692.248663	-1579.301355	3271.550017	112.947308	4963.798680	2.830050	-1.926375	0.569038	0.160470	-0.784742	0.085518	-0.498309	-0.291424	0.133703	-0.066744	-2.933256
0.114400	-1692.325578	-1579.359954	3271.685532	112.965624	4964.011110	2.844073	-1.893785	1.429221	0.151328	-0.798270	0.156213	-0.493535	-0.267189	0.022265	-0.066752	-2.933248
0.114600	-1692.402514	-1579.418527	3271.821041	112.983987	4964.223555	2.858459	-1.861247	2.297182	0.142145	-0.811174	0.116580	-0.488553	-0.242463	-0.103573	-0.066760	-2.933240
0.114800	-1692.479470	-1579.477075	3271.956545	113.002395	4964.436015	2.872920	-1.828590	-3.108328	0.133013	-0.823379	-0.005135	-0.483105	-0.217092	-0.154301	-0.066767	-2.933233
0.115000	-1692.556447	-1579.535597	3272.092044	113.020850	4964.648491	2.886918	-1.795789	-2.225493	0.124201	-0.834686	-0.122272	-0.477095	-0.191033	-0.093861	-0.066775	-2.933225
0.115200	-1692.633445	-1579.594093	3272.227538	113.039351	4964.860982	2.900012	-1.762979	-1.345676	0.115968	-0.844906	-0.151428	-0.470662	-0.164405	0.034677	-0.066783	-2.933217
0.115400	-1692.710463	-1579.652564	3272.363027	113.057899	4965.073489	2.912168	-1.730359	-0.474629	0.108383	-0.853980	-0.071823	-0.464095	-0.137432	0.139787	-0.066791	-2.933209
0.115600	-1692.787501	-1579.711009	3272.498510	113.076492	4965.286012	2.923781	-1.698062	0.387996	0.101285	-0.862010	0.059922	-0.457633	-0.110301	0.146610	-0.066799	-2.933201
0.115800	-1692.864560	-1579.769429	3272.633989	113.095132	4965.498550	2.935404	-1.666064	1.247764	0.094395	-0.869178	0.150074	-0.451303	-0.083056	0.050238	-0.066807	-2.933193
0.116000	-1692.941640	-1579.827823	3272.769463	113.113817	4965.711103	2.947345	-1.634200	2.111726	0.087527	-0.875604	0.134499	-0.444913	-0.055591	-0.080793	-0.066815	-2.933185
0.116200	-1693.018740	-1579.886191	3272.904931	113.132549	4965.923672	2.959428	-1.602270	2.984321	0.080718	-0.881256	0.024309	-0.438194	-0.027746	-0.153289	-0.066823	-2.933177
0.116400	-1693.095861	-1579.944534	3273.040395	113.151327	4966.136256	2.971083	-1.570173	-2.418806	0.074211	-0.885960	-0.102055	-0.431003	0.000553	-0.115707	-0.066831	-2.933169
0.116600	-1693.173002	-1580.002851	3273.175853	113.170151	4966.348855	2.981715	-1.537967	-1.537502	0.068281	-0.889521	-0.154638	-0.423435	0.029213	0.005150	-0.066839	-2.933161
0.116800	-1693.250164	-1580.061143	3273.311307	113.189020	4966.561470	2.991099	-1.505832	-0.661880	0.063046	-0.891853	-0.095997	-0.415764	0.058020	0.123212	-0.066847	-2.933153
0.117000	-1693.327345	-1580.119409	3273.446755	113.207936	4966.774100	2.999545	-1.473945	0.205284	0.058386	-0.893037	0.032149	-0.408259	0.086763	0.154399	-0.066855	-2.933145
0.117200	-1693.404548	-1580.177650	3273.582198	113.226898	4966.986746	3.007677	-1.442364	1.066763	0.054024	-0.893259	0.138613	-0.401002	0.115358	0.076452	-0.066863	-2.933137
0.117400	-1693.481771	-1580.235866	3273.717636	113.245905	4967.199407	3.015981	-1.410986	1.928646	0.049733	-0.892675	0.147636	-0.393841	0.143885	-0.055209	-0.066872	-2.933128
0.117600	-1693.559014	-1580.294055	3273.853069	113.264958	4967.412083	3.024422	-1.379618	2.796590	0.045495	-0.891295	0.052806	-0.386505	0.172503	-0.146939	-0.066880	-2.933120
0.117800	-1693.636277	-1580.352220	3273.988497	113.284057	4967.624774	3.032431	-1.348099	-2.610751	0.041517	-0.888980	-0.078379	-0.378809	0.201312	-0.133513	-0.066888	-2.933112
0.118000	-1693.713561	-1580.410359	3274.123920	113.303202	4967.837481	3.039250	-1.316410	-1.730323	0.038081	-0.885533	-0.152549	-0.370796	0.230256	-0.024544	-0.066896	-2.933104
0.118200	-1693.790865	-1580.468473	3274.259338	113.322393	4968.050203	3.044435	-1.284679	-0.851714	0.035352	-0.880846	-0.116915	-0.362718	0.259135	0.102353	-0.066905	-2.933095
0.118400	-1693.868190	-1580.526561	3274.394751	113.341629	4968.262941	3.048165	-1.253098	0.020165	0.033251	-0.874975	0.003163	-0.354865	0.287724	0.156808	-0.066913	-2.933087
0.118600	-1693.945535	-1580.584624	3274.530158	113.360911	4968.475693	3.051110	-1.221791	0.885036	0.031517	-0.868105	0.122222	-0.347370	0.315904	0.100006	-0.066921	-2.933079
0.118800	-1694.022900	-1580.642661	3274.665561	113.380238	4968.688461	3.053942	-1.190735	1.746959	0.029889	-0.860419	0.155525	-0.340124	0.343724	-0.027685	-0.066930	-2.933070
0.119000	-1694.100285	-1580.700674	3274.800959	113.399611	4968.901244	3.056804	-1.159768	2.611566	0.028291	-0.851977	0.079364	-0.332866	0.371337	-0.135444	-0.066938	-2.933062
0.119200	-1694.177691	-1580.758661	3274.936351	113.419030	4969.114042	3.059145	-1.128702	-2.800408	0.026887	-0.842672	-0.052068	-0.325374	0.398872	-0.146641	-0.066946	-2.933054
0.119400	-1694.255116	-1580.816622	3275.071739	113.438494	4969.326855	3.060043	-1.097441	-1.922883	0.025961	-0.832317	-0.145240	-0.317637	0.426308	-0.053361	-0.066955	-2.933045
0.119600	-1694.332563	-1580.874559	3275.207121	113.458004	4969.539684	3.058810	-1.066047	-1.043450	0.025711	-0.820785	-0.133855	-0.309874	0.453471	0.077951	-0.066963	-2.933037
0.119800	-1694.410029	-1580.932470	3275.342498	113.477559	4969.752527	3.055461	-1.034694	-0.167674	0.026109	-0.808103	-0.026030	-0.302385	0.480129	0.153783	-0.066972	-2.933028
0.120000	-1694.487515	-1580.990356	3275.477871	113.497160	4969.965386	3.050708	-1.003552	0.701518	0.026917	-0.794449	0.101478	-0.295350	0.506134	0.120109	-0.066980	-2.933020
0.120200	-1694.565022	-1581.048216	3275.613238	113.516806	4970.178260	3.045435	-0.972673	1.565490	0.027848	-0.780029	0.157899	-0.288711	0.531500	0.000838	-0.066989	-2.933011
0.120400	-1694.642549	-1581.106052	3275.748600	113.536497	4970.391149	3.039995	-0.941956	2.428691	0.028772	-0.764946	0.103055	-0.282220	0.556376	-0.119196	-0.066997	-2.933003
0.120600	-1694.720095	-1581.163862	3275.883957	113.556234	4970.604053	3.033880	-0.911212	-2.987319	0.029804	-0.749135	-0.024044	-0.275627	0.580908	-0.154616	-0.067006	-2.932994
0.120800	-1694.797662	-1581.221647	3276.019309	113.576016	4970.816972	3.026015	-0.880288	-2.113897	0.031214	-0.732422	-0.132967	-0.268868	0.605120	-0.080266	-0.067014	-2.932986
0.121000	-1694.875250	-1581.279407	3276.154656	113.595843	4971.029906	3.015469	-0.849170	-1.235882	0.033235	-0.714664	-0.146220	-0.262117	0.628869	0.050888	-0.067023	-2.932977
0.121200	-1694.952857	-1581.337141	3276.289998	113.615715	4971.242855	3.002131	-0.817986	-0.357917	0.035890	-0.695861	-0.054403	-0.255676	0.651923	0.145451	-0.067032	-2.932968
0.121400	-1695.030484	-1581.394851	3276.425335	113.635633	4971.455819	2.986825	-0.786925	0.515533	0.038967	-0.676173	0.077106	-0.249767	0.674112	0.136074	-0.067040	-2.932960
0.121600	-1695.108131	-1581.452536	3276.560667	113.655596	4971.668798	2.970719	-0.756105	1.383058	0.042169	-0.655825	0.154675	-0.244380	0.695418	0.029384	-0.067049	-2.932951
0.121800	-1695.185799	-1581.510195	3276.695994	113.675604	4971.881793	2.954438	-0.725497	2.246939	0.045315	-0.634957	0.123061	-0.239292	0.715977	-0.098732	-0.067058	-2.932942
0.122000	-1695.263486	-1581.567829	3276.831316	113.695657	4972.094802	2.937570	-0.694942	3.111513	0.048463	-0.613549	0.004728	-0.234234	0.735954	-0.157137	-0.067067	-2.932933
0.122200	-1695.341194	-1581.625439	3276.966632	113.715755	4972.307826	2.918943	-0.664255	-2.302529	0.051866	-0.591448	-0.116148	-0.229086	0.755413	-0.104306	-0.067075	-2.932925
0.122400	-1695.418921	-1581.683023	3277.101944	113.735898	4972.520865	2.897517	-0.633348	-1.427742	0.055779	-0.568496	-0.153577	-0.223975	0.774249	0.022121	-0.067084	-2.932916
0.122600	-1695.496668	-1581.740582	3277.237250	113.756086	4972.733919	2.873239	-0.602285	-0.549770	0.060274	-0.544665	-0.080964	-0.219191	0.792244	0.132124	-0.067093	-2.932907
0.122800	-1695.574436	-1581.798116	3277.372552	113.776319	4972.946987	2.847215	-0.571240	0.326885	0.065181	-0.520094	0.049967	-0.214987	0.809208	0.147374	-0.067102	-2.932898
0.123000	-1695.652223	-1581.855626	3277.507848	113.796597	4973.160071	2.820999	-0.540381	1.198653	0.070197	-0.495014	0.145985	-0.211407	0.825095	0.056982	-0.067111	-2.932889
0.123200	-1695.730030	-1581.913110	3277.643140	113.816920	4973.373170	2.795516	-0.509755	2.065113	0.075097	-0.469603	0.138701	-0.208261	0.840021	-0.074752	-0.067120	-2.932880
0.123400	-1695.807857	-1581.970569	3277.778426	113.837288	4973.586283	2.770459	-0.479255	2.929070	0.079883	-0.443880	0.033252	-0.205265	0.854167	-0.154103	-0.067129	-2.932871
0.123600	-1695.885704	-1582.028004	3277.913708	113.857700	4973.799411	2.744674	-0.448694	-2.488434	0.084776	-0.417719	-0.095362	-0.202250	0.867637	-0.124624	-0.067138	-2.932862
0.123800	-1695.963571	-1582.085413	3278.048984	113.878158	4974.012555	2.717194	-0.417922	-1.617810	0.090050	-0.390956	-0.155657	-0.199288	0.880367	-0.007323	-0.067147	-2.932853
0.124000	-1696.041457	-1582.142798	3278.184255	113.898660	4974.225713	2.688161	-0.386931	-0.741980	0.095825	-0.363531	-0.104770	-0.196647	0.892163	0.114287	-0.067156	-2.932844
0.124200	-1696.119364	-1582.200157	3278.319521	113.919207	4974.438885	2.658922	-0.355854	0.136007	0.101976	-0.335558	0.021025	-0.194606	0.902821	0.153631	-0.067165	-2.932835
0.124400	-1696.197290	-1582.257492	3278.454782	113.939798	4974.652073	2.631177	-0.324878	1.011669	0.108206	-0.307263	0.132143	-0.193259	0.912268	0.082686	-0.067174	-2.932826
0.124600	-1696.275236	-1582.314802	3278.590039	113.960434	4974.865275	2.605832	-0.294119	1.882028	0.114255	-0.278854	0.149444	-0.192452	0.920600	-0.048074	-0.067183	-2.932817
0.124800	-1696.353202	-1582.372087	3278.725290	113.981115	4975.078492	2.582504	-0.263542	2.747452	0.120068	-0.250393	0.060556	-0.191900	0.928006	-0.145602	-0.067192	-2.932808
0.125000	-1696.431188	-1582.429348	3278.860536	114.001840	4975.291724	2.559999	-0.232985	-2.671911	0.125829	-0.221781	-0.071312	-0.191389	0.934626	-0.140499	-0.067201	-2.932799
0.125200	-1696.509193	-1582.486583	3278.995777	114.022610	4975.504970	2.537349	-0.202260	-1.805346	0.131817	-0.192851	-0.152368	-0.190933	0.940445	-0.036408	-0.067210	-2.932790
0.125400	-1696.587219	-1582.543794	3279.131013	114.043425	4975.718231	2.514652	-0.171284	-0.933251	0.138200	-0.163516	-0.124979	-0.190767	0.945294	0.092576	-0.067219	-2.932781
0.125600	-1696.665264	-1582.600980	3279.266244	114.064284	4975.931507	2.493051	-0.140128	-0.056180	0.144900	-0.133855	-0.008697	-0.191185	0.948970	0.154645	-0.067229	-2.932771
0.125800	-1696.743328	-1582.658141	3279.401469	114.085187	4976.144798	2.473926	-0.108971	0.822043	0.151644	-0.104084	0.113657	-0.192328	0.951371	0.105618	-0.067238	-2.932762
0.126000	-1696.821412	-1582.715278	3279.536690	114.106135	4976.358103	2.457903	-0.077979	1.696732	0.158140	-0.074431	0.154940	-0.194088	0.952570	-0.019616	-0.067247	-2.932753
0.126200	-1696.899516	-1582.772390	3279.671906	114.127127	4976.571423	2.444482	-0.047195	2.565431	0.164278	-0.044999	0.085709	-0.196185	0.952759	-0.131922	-0.067256	-2.932744
0.126400	-1696.977640	-1582.829477	3279.807117	114.148163	4976.784757	2.432471	-0.016507	-2.853706	0.170199	-0.015718	-0.044822	-0.198367	0.952111	-0.151367	-0.067266	-2.932734
0.126600	-1697.055783	-1582.886539	3279.942323	114.169244	4976.998106	2.420885	0.014279	-1.990127	0.176180	0.013575	-0.143810	-0.200588	0.950658	-0.064106	-0.067275	-2.932725
0.126800	-1697.133946	-1582.943577	3280.077523	114.190369	4977.211470	2.409623	0.045312	-1.122429	0.182430	0.042997	-0.140863	-0.203045	0.948267	0.067761	-0.067284	-2.932716
0.127000	-1697.212129	-1583.000590	3280.212719	114.211539	4977.424848	2.399478	0.076596	-0.248357	0.188926	0.072505	-0.038138	-0.206032	0.944738	0.150389	-0.067294	-2.932706
0.127200	-1697.290331	-1583.057579	3280.347910	114.232752	4977.638240	2.391511	0.107991	0.630338	0.195422	0.101902	0.091192	-0.209737	0.939947	0.124984	-0.067303	-2.932697
0.127400	-1697.368553	-1583.114543	3280.483095	114.254010	4977.851648	2.386227	0.139303	1.508689	0.201609	0.130949	0.155020	-0.214098	0.933940	0.009640	-0.067312	-2.932688
0.127600	-1697.446794	-1583.171482	3280.618276	114.275312	4978.065069	2.383229	0.170419	2.381809	0.207327	0.159510	0.107859	-0.218852	0.926905	-0.113531	-0.067322	-2.932678
0.127800	-1697.525054	-1583.228397	3280.753451	114.296658	4978.278506	2.381507	0.201380	-3.034985	0.212668	0.187620	-0.016784	-0.223716	0.919043	-0.156845	-0.067331	-2.932669
0.128000	-1697.603335	-1583.285287	3280.888622	114.318048	4978.491956	2.380138	0.232357	-2.172578	0.217896	0.215436	-0.130254	-0.228588	0.910433	-0.089453	-0.067341	-2.932659
0.128200	-1697.681634	-1583.342153	3281.023787	114.339482	4978.705422	2.378865	0.263541	-1.308877	0.223256	0.243100	-0.151848	-0.233615	0.900982	0.040707	-0.067350	-2.932650
0.128400	-1697.759954	-1583.398994	3281.158948	114.360960	4978.918901	2.378217	0.295018	-0.439195	0.228781	0.270610	-0.066251	-0.239086	0.890500	0.141021	-0.067360	-2.932640
0.128600	-1697.838292	-1583.455811	3281.294103	114.382482	4979.132396	2.379050	0.326707	0.437616	0.234263	0.297797	0.065558	-0.245224	0.878847	0.140120	-0.067369	-2.932631
0.128800	-1697.916651	-1583.512603	3281.429254	114.404048	4979.345904	2.381894	0.358422	1.317980	0.239387	0.324420	0.149712	-0.252019	0.866038	0.038677	-0.067379	-2.932621
0.129000	-1697.995028	-1583.569371	3281.564399	114.425658	4979.559427	2.386565	0.389991	2.195690	0.243948	0.350313	0.126261	-0.259235	0.852251	-0.091075	-0.067389	-2.932611
0.129200	-1698.073425	-1583.626114	3281.699539	114.447311	4979.772964	2.392294	0.421374	3.066173	0.247984	0.375478	0.011844	-0.266568	0.837706	-0.156747	-0.067398	-2.932602
0.129400	-1698.151842	-1583.682833	3281.834675	114.469009	4979.986516	2.398250	0.452694	-2.353553	0.251742	0.400063	-0.112153	-0.273859	0.822528	-0.111562	-0.067408	-2.932592
0.129600	-1698.230278	-1583.739527	3281.969805	114.490750	4980.200082	2.404067	0.484154	-1.492492	0.255490	0.424228	-0.157527	-0.281203	0.806667	0.012360	-0.067418	-2.932582
0.129800	-1698.308733	-1583.796197	3282.104930	114.512535	4980.413663	2.410050	0.515909	-0.627599	0.259320	0.448016	-0.092032	-0.288872	0.789952	0.126863	-0.067427	-2.932573
0.130000	-1698.387207	-1583.852843	3282.240050	114.534364	4980.627258	2.416898	0.547961	0.245280	0.263070	0.471292	0.037671	-0.297117	0.772226	0.150491	-0.067437	-2.932563
0.130200	-1698.465701	-1583.909464	3282.375166	114.556237	4980.840867	2.425185	0.580158	1.125309	0.266431	0.493823	0.139222	-0.305985	0.753475	0.066479	-0.067447	-2.932553
0.130400	-1698.544214	-1583.966061	3282.510276	114.578153	4981.054490	2.434934	0.612298	2.006608	0.269157	0.515421	0.140300	-0.315270	0.733858	-0.065334	-0.067457	-2.932543
0.130600	-1698.622747	-1584.022634	3282.645381	114.600113	4981.268128	2.445611	0.644261	2.882177	0.271235	0.536056	0.040096	-0.324660	0.713610	-0.151080	-0.067466	-2.932534
0.130800	-1698.701299	-1584.079182	3282.780481	114.622116	4981.481780	2.456486	0.676097	-2.534309	0.272882	0.555857	-0.090110	-0.333947	0.692893	-0.129677	-0.067476	-2.932524
0.131000	-1698.779870	-1584.135707	3282.915576	114.644163	4981.695446	2.467114	0.707990	-1.673842	0.274385	0.575007	-0.157684	-0.343166	0.671705	-0.016306	-0.067486	-2.932514
0.131200	-1698.858460	-1584.192206	3283.050666	114.666253	4981.909126	2.477597	0.740146	-0.813034	0.275891	0.593586	-0.114563	-0.352564	0.649895	0.108400	-0.067496	-2.932504
0.131400	-1698.937069	-1584.248682	3283.185751	114.688387	4982.122821	2.488486	0.772650	0.054697	0.277290	0.611504	0.008527	-0.362415	0.627297	0.155737	-0.067506	-2.932494
0.131600	-1699.015698	-1584.305133	3283.320832	114.710565	4982.336530	2.500362	0.805418	0.931892	0.278291	0.628544	0.123946	-0.372814	0.603868	0.092072	-0.067516	-2.932484
0.131800	-1699.094346	-1584.361560	3283.455907	114.732786	4982.550253	2.513420	0.838248	1.814788	0.278617	0.644502	0.149514	-0.383602	0.579741	-0.037222	-0.067526	-2.932474
0.132000	-1699.173013	-1584.417963	3283.590977	114.755050	4982.763990	2.527343	0.870957	2.695365	0.278203	0.659316	0.067006	-0.394466	0.555153	-0.140059	-0.067536	-2.932464
0.132200	-1699.251699	-1584.474342	3283.726042	114.777357	4982.977741	2.541514	0.903506	-2.716155	0.277228	0.673100	-0.064876	-0.405154	0.530304	-0.143180	-0.067546	-2.932454
0.132400	-1699.330405	-1584.530697	3283.861102	114.799708	4983.191507	2.555433	0.936029	-1.853885	0.275990	0.686044	-0.152289	-0.415643	0.505232	-0.044301	-0.067556	-2.932444
0.132600	-1699.409129	-1584.587027	3283.996157	114.822102	4983.405286	2.569038	0.968748	-0.995522	0.274684	0.698272	-0.133036	-0.426146	0.479816	0.086265	-0.067566	-2.932434
0.132800	-1699.487873	-1584.643334	3284.131207	114.844540	4983.619080	2.582716	1.001831	-0.133087	0.273261	0.709739	-0.020839	-0.436948	0.453886	0.155656	-0.067576	-2.932424
0.133000	-1699.566636	-1584.699616	3284.266252	114.867020	4983.832888	2.597018	1.035278	0.739228	0.271456	0.720254	0.104429	-0.448194	0.427365	0.114547	-0.067586	-2.932414
0.133200	-1699.645418	-1584.755874	3284.401292	114.889544	4984.046709	2.612271	1.068926	1.621087	0.268972	0.729604	0.153600	-0.459775	0.400358	-0.007731	-0.067596	-2.932404
0.133400	-1699.724219	-1584.812108	3284.536327	114.912111	4984.260545	2.628344	1.102555	2.505336	0.265691	0.737700	0.091663	-0.471390	0.373095	-0.124080	-0.067606	-2.932394
0.133600	-1699.803039	-1584.868318	3284.671357	114.934721	4984.474395	2.644752	1.136038	-2.900342	0.261752	0.744632	-0.037305	-0.482753	0.345802	-0.151619	-0.067616	-2.932384
0.133800	-1699.881878	-1584.924504	3284.806382	114.957374	4984.688259	2.660981	1.169427	-2.033983	0.257452	0.750597	-0.141515	-0.493782	0.318560	-0.070676	-0.067627	-2.932373
0.134000	-1699.960736	-1584.980666	3284.941401	114.980070	4984.902137	2.676827	1.202926	-1.175773	0.253030	0.755756	-0.146801	-0.504648	0.291279	0.061207	-0.067637	-2.932363
0.134200	-1700.039613	-1585.036804	3285.076416	115.002809	4985.116029	2.692514	1.236763	-0.317642	0.248496	0.760113	-0.049393	-0.515640	0.263788	0.150235	-0.067647	-2.932353
0.134400	-1700.118508	-1585.092918	3285.211426	115.025591	4985.329935	2.708532	1.271035	0.548725	0.243625	0.763508	0.081377	-0.526948	0.235981	0.133110	-0.067657	-2.932343
0.134600	-1700.197423	-1585.149008	3285.346431	115.048415	4985.543855	2.725280	1.305650	1.426876	0.238109	0.765732	0.152439	-0.538517	0.207926	0.022092	-0.067668	-2.932332
0.134800	-1700.276357	-1585.205074	3285.481431	115.071283	4985.757788	2.742800	1.340388	2.312461	0.231783	0.766667	0.113223	-0.550069	0.179840	-0.103729	-0.067678	-2.932322
0.135000	-1700.355310	-1585.261116	3285.616426	115.094194	4985.971736	2.760747	1.375048	-3.087676	0.224739	0.766379	-0.008351	-0.561295	0.151963	-0.154728	-0.067688	-2.932312
0.135200	-1700.434282	-1585.317134	3285.751416	115.117147	4986.185698	2.778629	1.409583	-2.215491	0.217261	0.765065	-0.125731	-0.572057	0.124418	-0.094533	-0.067699	-2.932301
0.135400	-1700.513272	-1585.373129	3285.886401	115.140144	4986.399673	2.796136	1.444142	-1.354852	0.209626	0.762917	-0.155358	-0.582477	0.097147	0.034080	-0.067709	-2.932291
0.135600	-1700.592282	-1585.429099	3286.021381	115.163183	4986.613662	2.813338	1.478973	-0.499109	0.201907	0.759989	-0.076125	-0.592839	0.069982	0.139641	-0.067719	-2.932281
0.135800	-1700.671310	-1585.485046	3286.156356	115.186264	4986.827666	2.830626	1.514266	0.361387	0.193921	0.756161	0.055596	-0.603374	0.042791	0.147085	-0.067730	-2.932270
0.136000	-1700.750357	-1585.540968	3286.291326	115.209389	4987.041683	2.848433	1.550031	1.233760	0.185364	0.751229	0.146073	-0.614081	0.015602	0.051185	-0.067740	-2.932260
0.136200	-1700.829423	-1585.596867	3286.426290	115.232556	4987.255713	2.866941	1.586088	2.117748	0.176028	0.745055	0.130942	-0.624719	-0.011394	-0.079733	-0.067751	-2.932249
0.136400	-1700.908508	-1585.652743	3286.561250	115.255765	4987.469758	2.885952	1.622193	3.004690	0.165954	0.737677	0.020998	-0.634964	-0.037948	-0.152419	-0.067761	-2.932239
0.136600	-1700.987611	-1585.708594	3286.696205	115.279017	4987.683817	2.905031	1.658198	-2.399695	0.155404	0.729283	-0.105471	-0.644629	-0.063904	-0.115071	-0.067772	-2.932228
0.136800	-1701.066734	-1585.764421	3286.831155	115.302312	4987.897889	2.923800	1.694158	-1.534223	0.144684	0.720093	-0.158413	-0.653783	-0.089285	0.005796	-0.067782	-2.932218
0.137000	-1701.145875	-1585.820225	3286.966100	115.325649	4988.111975	2.942188	1.730299	-0.678342	0.133924	0.710207	-0.100110	-0.662695	-0.114250	0.124218	-0.067793	-2.932207
0.137200	-1701.225035	-1585.876005	3287.101040	115.349029	4988.326074	2.960467	1.766881	0.177542	0.122997	0.699550	0.027986	-0.671627	-0.138957	0.155971	-0.067804	-2.932196
0.137400	-1701.304213	-1585.931762	3287.235975	115.372451	4988.540188	2.979063	1.804027	1.043187	0.111609	0.687931	0.134741	-0.680638	-0.163420	0.078515	-0.067814	-2.932186
0.137600	-1701.383410	-1585.987495	3287.370905	115.395916	4988.754315	2.998258	1.841643	1.922721	0.099517	0.675197	0.144215	-0.689532	-0.187482	-0.052957	-0.067825	-2.932175
0.137800	-1701.462626	-1586.043204	3287.505830	115.419423	4988.968456	3.018000	1.879485	2.810892	0.086707	0.661352	0.049714	-0.697982	-0.210894	-0.144807	-0.067835	-2.932165
0.138000	-1701.541861	-1586.098889	3287.640750	115.442972	4989.182610	3.037945	1.917320	-2.587362	0.073413	0.646572	-0.081453	-0.705756	-0.233473	-0.131600	-0.067846	-2.932154
0.138200	-1701.621114	-1586.154551	3287.775665	115.466563	4989.396778	3.057684	1.955084	-1.715292	0.059956	0.631095	-0.155864	-0.712870	-0.255210	-0.022680	-0.067857	-2.932143
0.138400	-1701.700386	-1586.210189	3287.910574	115.490197	4989.610960	3.077027	1.992934	-0.856505	0.046524	0.615065	-0.120507	-0.719568	-0.276250	0.104481	-0.067868	-2.932132
0.138600	-1701.779676	-1586.265803	3288.045479	115.513873	4989.825156	3.096116	2.031154	-0.003066	0.033045	0.598452	-0.000489	-0.726136	-0.296769	0.159428	-0.067878	-2.932122
0.138800	-1701.858985	-1586.321394	3288.180379	115.537591	4990.039365	3.115329	2.069973	0.856125	0.019248	0.581087	0.118824	-0.732692	-0.316829	0.103102	-0.067889	-2.932111
0.139000	-1701.938313	-1586.376962	3288.315274	115.561351	4990.253587	3.135014	2.109421	1.729092	0.004863	0.562804	0.152567	-0.739090	-0.336310	-0.024355	-0.067900	-2.932100
0.139200	-1702.017659	-1586.432505	3288.450164	115.585154	4990.467823	-3.127931	2.149305	2.615270	-0.010179	0.543575	0.076793	-0.745015	-0.354976	-0.132176	-0.067911	-2.932089
0.139400	-1702.097024	-1586.488026	3288.585049	115.608998	4990.682073	-3.107372	2.189346	-2.778774	-0.025682	0.523555	-0.054504	-0.750198	-0.372625	-0.143574	-0.067922	-2.932078
0.139600	-1702.176407	-1586.543522	3288.719929	115.632885	4990.896336	-3.086889	2.229357	-1.899371	-0.041321	0.502989	-0.147803	-0.754601	-0.389214	-0.050391	-0.067932	-2.932068
0.139800	-1702.255809	-1586.598996	3288.854804	115.656813	4991.110613	-3.066765	2.269379	-1.035161	-0.056858	0.482063	-0.136625	-0.758434	-0.404869	0.081089	-0.067943	-2.932057
0.140000	-1702.335229	-1586.654445	3288.989674	115.680784	4991.324903	-3.046989	2.309661	-0.181425	-0.072303	0.460792	-0.028859	-0.761998	-0.419785	0.157321	-0.067954	-2.932046
0.140200	-1702.414668	-1586.709872	3289.124539	115.704796	4991.539207	-3.027263	2.350507	0.672804	-0.087899	0.439032	0.098868	-0.765468	-0.434066	0.124077	-0.067965	-2.932035
0.140400	-1702.494125	-1586.765275	3289.259399	115.728850	4991.753524	-3.007212	2.392081	1.538346	-0.103932	0.416610	0.155713	-0.768754	-0.447638	0.005055	-0.067976	-2.932024
0.140600	-1702.573601	-1586.820654	3289.394255	115.752947	4991.967855	-2.986639	2.434301	2.419489	-0.120523	0.393466	0.101290	-0.771564	-0.460286	-0.114999	-0.067987	-2.932013
0.140800	-1702.653095	-1586.876010	3289.529105	115.777084	4992.182199	-2.965659	2.476895	-2.973303	-0.137524	0.369727	-0.025587	-0.773603	-0.471796	-0.150603	-0.067998	-2.932002
0.141000	-1702.732607	-1586.931343	3289.663950	115.801264	4992.396557	-2.944616	2.519580	-2.087198	-0.154618	0.345637	-0.134534	-0.774778	-0.482092	-0.076387	-0.068009	-2.931991
0.141200	-1702.812138	-1586.986652	3289.798790	115.825486	4992.610928	-2.923855	2.562247	-1.215760	-0.171523	0.321414	-0.147920	-0.775259	-0.491283	0.054841	-0.068020	-2.931980
0.141400	-1702.891687	-1587.041938	3289.933625	115.849749	4992.825312	-2.903483	2.605046	-0.358798	-0.188189	0.297117	-0.056141	-0.775354	-0.499571	0.149698	-0.068031	-2.931969
0.141600	-1702.971255	-1587.097201	3290.068455	115.874054	4993.039710	-2.883308	2.648292	0.492860	-0.204819	0.272636	0.075557	-0.775285	-0.507101	0.140684	-0.068042	-2.931958
0.141800	-1703.050840	-1587.152440	3290.203280	115.898401	4993.254121	-2.862967	2.692268	1.351417	-0.221709	0.247790	0.153516	-0.775026	-0.513850	0.034229	-0.068053	-2.931947
0.142000	-1703.130445	-1587.207656	3290.338101	115.922789	4993.468545	-2.842177	2.737041	2.225365	-0.239029	0.222490	0.122328	-0.774318	-0.519632	-0.093879	-0.068065	-2.931935
0.142200	-1703.210067	-1587.262849	3290.472916	115.947219	4993.682983	-2.820926	2.782417	3.113531	-0.256686	0.196828	0.004279	-0.772849	-0.524228	-0.152453	-0.068076	-2.931924
0.142400	-1703.289708	-1587.318018	3290.607726	115.971690	4993.897434	-2.799482	2.828067	-2.278994	-0.274377	0.171037	-0.116526	-0.770476	-0.527536	-0.099793	-0.068087	-2.931913
0.142600	-1703.369367	-1587.373164	3290.742531	115.996203	4994.111898	-2.778207	2.873738	-1.399633	-0.291792	0.145359	-0.154016	-0.767321	-0.529638	0.026622	-0.068098	-2.931902
0.142800	-1703.449044	-1587.428287	3290.877332	116.020757	4994.326376	-2.757316	2.919419	-0.536831	-0.308821	0.119896	-0.081421	-0.763689	-0.530742	0.136812	-0.068109	-2.931891
0.143000	-1703.528740	-1587.483387	3291.012127	116.045353	4994.540867	-2.736732	2.965353	0.315175	-0.325619	0.094569	0.049671	-0.759844	-0.531028	0.152343	-0.068121	-2.931879
0.143200	-1703.608454	-1587.538464	3291.146917	116.069990	4994.755371	-2.716142	3.011886	1.168441	-0.342484	0.069201	0.146038	-0.755824	-0.530524	0.062150	-0.068132	-2.931868
0.143400	-1703.688185	-1587.593517	3291.281703	116.094668	4994.969888	-2.695209	3.059239	2.034407	-0.359628	0.043671	0.139168	-0.751414	-0.529083	-0.069578	-0.068143	-2.931857
0.143600	-1703.767936	-1587.648547	3291.416483	116.119388	4995.184419	-2.673805	3.107358	2.917146	-0.377017	0.018031	0.034036	-0.746295	-0.526489	-0.149088	-0.068154	-2.931846
0.143800	-1703.847704	-1587.703555	3291.551258	116.144149	4995.398962	-2.652095	-3.127236	-2.474020	-0.394378	-0.007504	-0.094442	-0.740278	-0.522614	-0.119803	-0.068166	-2.931834
0.144000	-1703.927490	-1587.758539	3291.686029	116.168952	4995.613519	-2.630423	-3.078528	-1.587483	-0.411381	-0.032680	-0.154735	-0.733436	-0.517514	-0.002582	-0.068177	-2.931823
0.144200	-1704.007295	-1587.813500	3291.820794	116.193795	4995.828089	-2.609085	-3.029903	-0.717010	-0.427858	-0.057356	-0.103839	-0.726056	-0.511392	0.119110	-0.068189	-2.931811
0.144400	-1704.087117	-1587.868437	3291.955555	116.218680	4996.042672	-2.588123	-2.981268	0.138405	-0.443915	-0.081578	0.022097	-0.718437	-0.504461	0.158633	-0.068200	-2.931800
0.144600	-1704.166958	-1587.923352	3292.090310	116.243606	4996.257269	-2.567303	-2.932311	0.988951	-0.459837	-0.105516	0.133515	-0.710681	-0.496798	0.087827	-0.068211	-2.931789
0.144800	-1704.246817	-1587.978244	3292.225061	116.268573	4996.471878	-2.546274	-2.882703	1.847515	-0.475877	-0.129318	0.151190	-0.702623	-0.488299	-0.042939	-0.068223	-2.931777
0.145000	-1704.326694	-1588.033113	3292.359807	116.293581	4996.686500	-2.524806	-2.832321	2.722627	-0.492060	-0.152976	0.062621	-0.693952	-0.478760	-0.140617	-0.068234	-2.931766
0.145200	-1704.406589	-1588.087959	3292.494547	116.318630	4996.901136	-2.502947	-2.781339	-2.670859	-0.508153	-0.176304	-0.069068	-0.684436	-0.468032	-0.135724	-0.068246	-2.931754
0.145400	-1704.486502	-1588.142781	3292.629283	116.343720	4997.115784	-2.480993	-2.730133	-1.779467	-0.523816	-0.199045	-0.150068	-0.674094	-0.456140	-0.031777	-0.068257	-2.931743
0.145600	-1704.566432	-1588.197581	3292.764014	116.368851	4997.330446	-2.459281	-2.679051	-0.900667	-0.538835	-0.221027	-0.122646	-0.663189	-0.443278	0.097192	-0.068269	-2.931731
0.145800	-1704.646381	-1588.252358	3292.898739	116.394023	4997.545121	-2.437971	-2.628208	-0.039171	-0.553259	-0.242258	-0.006245	-0.652044	-0.429680	0.159341	-0.068280	-2.931720
0.146000	-1704.726348	-1588.307112	3293.033460	116.419236	4997.759808	-2.416929	-2.577425	0.811714	-0.567353	-0.262900	0.116355	-0.640821	-0.415475	0.110387	-0.068292	-2.931708
0.146200	-1704.806333	-1588.361843	3293.168176	116.444490	4997.974509	-2.395826	-2.526351	1.664733	-0.581400	-0.283125	0.157960	-0.629412	-0.400602	-0.014882	-0.068304	-2.931696
0.146400	-1704.886336	-1588.416551	3293.302887	116.469785	4998.189222	-2.374357	-2.474711	2.531493	-0.595488	-0.302970	0.089025	-0.617521	-0.384875	-0.127348	-0.068315	-2.931685
0.146600	-1704.966356	-1588.471236	3293.437593	116.495120	4998.403949	-2.352453	-2.422497	-2.867626	-0.609430	-0.322287	-0.041315	-0.604886	-0.368130	-0.147012	-0.068327	-2.931673
0.146800	-1705.046395	-1588.525899	3293.572294	116.520496	4998.618688	-2.330325	-2.369991	-1.974745	-0.622893	-0.340824	-0.140216	-0.591471	-0.350361	-0.059936	-0.068339	-2.931661
0.147000	-1705.126451	-1588.580538	3293.706989	116.545913	4998.833441	-2.308322	-2.317603	-1.088464	-0.635619	-0.358386	-0.137216	-0.577500	-0.331740	0.071843	-0.068350	-2.931650
0.147200	-1705.206526	-1588.635155	3293.841680	116.571371	4999.048206	-2.286699	-2.265637	-0.219057	-0.647601	-0.374947	-0.034386	-0.563311	-0.312521	0.154455	-0.068362	-2.931638
0.147400	-1705.286618	-1588.689749	3293.976367	116.596869	4999.262984	-2.265439	-2.214106	0.635309	-0.659075	-0.390653	0.095136	-0.549122	-0.292873	0.129037	-0.068374	-2.931626
0.147600	-1705.366728	-1588.744320	3294.111048	116.622408	4999.477775	-2.244270	-2.162748	1.485495	-0.670346	-0.405695	0.159216	-0.534885	-0.272784	0.013614	-0.068386	-2.931614
0.147800	-1705.446855	-1588.798868	3294.245724	116.647987	4999.692579	-2.222845	-2.111212	2.344604	-0.681559	-0.420157	0.112297	-0.520331	-0.252092	-0.109724	-0.068397	-2.931603
0.148000	-1705.527001	-1588.853394	3294.380395	116.673607	4999.907396	-2.200983	-2.059298	-3.062357	-0.692588	-0.433935	-0.012169	-0.505174	-0.230622	-0.153253	-0.068409	-2.931591
0.148200	-1705.607164	-1588.907897	3294.515061	116.699268	5000.122225	-2.178790	-2.007107	-2.171797	-0.703113	-0.446796	-0.125537	-0.489322	-0.208332	-0.086069	-0.068421	-2.931579
0.148400	-1705.687345	-1588.962377	3294.649722	116.724968	5000.337068	-2.156588	-1.954989	-1.280480	-0.712844	-0.458524	-0.147065	-0.472956	-0.185373	0.043937	-0.068433	-2.931567
0.148600	-1705.767544	-1589.016834	3294.784379	116.750710	5000.551923	-2.134700	-1.903341	-0.402568	-0.721717	-0.469063	-0.061382	-0.456414	-0.162001	0.144149	-0.068445	-2.931555
0.148800	-1705.847761	-1589.071269	3294.919030	116.776492	5000.766791	-2.113230	-1.852370	0.457966	-0.729932	-0.478539	0.070565	-0.439961	-0.138422	0.143159	-0.068457	-2.931543
0.149000	-1705.927995	-1589.125681	3295.053676	116.802314	5000.981671	-2.091995	-1.801980	1.308467	-0.737805	-0.487157	0.154898	-0.423614	-0.114673	0.041593	-0.068468	-2.931532
0.149200	-1706.008247	-1589.180071	3295.188318	116.828176	5001.196565	-2.070642	-1.751846	2.161911	-0.745537	-0.495046	0.131622	-0.407139	-0.090620	-0.088341	-0.068480	-2.931520
0.149400	-1706.088516	-1589.234438	3295.322954	116.854079	5001.411471	-2.048895	-1.701640	3.029636	-0.753063	-0.502152	0.017340	-0.390235	-0.066081	-0.154232	-0.068492	-2.931508
0.149600	-1706.168804	-1589.288782	3295.457586	116.880022	5001.626389	-2.026742	-1.651254	-2.368665	-0.760093	-0.508267	-0.106570	-0.372757	-0.040982	-0.109262	-0.068504	-2.931496
0.149800	-1706.249109	-1589.343104	3295.592212	116.906005	5001.841321	-2.004442	-1.600876	-1.475783	-0.766313	-0.513168	-0.151879	-0.354834	-0.015441	0.014474	-0.068516	-2.931484
0.150000	-1706.329431	-1589.397403	3295.726834	116.932028	5002.056265	-1.982354	-1.550880	-0.590306	-0.771605	-0.516766	-0.086307	-0.336793	0.010293	0.128817	-0.068528	-2.931472
0.150200	-1706.409771	-1589.451680	3295.861451	116.958092	5002.271222	-1.960695	-1.501598	0.278175	-0.776124	-0.519166	0.043489	-0.318938	0.035983	0.152283	-0.068540	-2.931460
0.150400	-1706.490129	-1589.505934	3295.996062	116.984195	5002.486191	-1.939392	-1.453117	1.132165	-0.780190	-0.520581	0.145139	-0.301347	0.061546	0.068086	-0.068553	-2.931447
0.150600	-1706.570504	-1589.560165	3296.130669	117.010339	5002.701173	-1.918128	-1.405234	1.982753	-0.784050	-0.521180	0.146304	-0.283832	0.087085	-0.063929	-0.068565	-2.931435
0.150800	-1706.650897	-1589.614374	3296.265271	117.036522	5002.916168	-1.896559	-1.357594	2.842786	-0.787706	-0.520962	0.046168	-0.266085	0.112784	-0.149881	-0.068577	-2.931423
0.151000	-1706.731307	-1589.668561	3296.399868	117.062746	5003.131175	-1.874549	-1.309927	-2.563359	-0.790907	-0.519754	-0.083980	-0.247912	0.138749	-0.128675	-0.068589	-2.931411
0.151200	-1706.811735	-1589.722725	3296.534460	117.089010	5003.346195	-1.852263	-1.262222	-1.672762	-0.793327	-0.517331	-0.151495	-0.229385	0.164902	-0.015501	-0.068601	-2.931399
0.151400	-1706.892180	-1589.776867	3296.669047	117.115313	5003.561227	-1.830061	-1.214733	-0.782257	-0.794796	-0.513578	-0.108316	-0.210807	0.191007	0.108999	-0.068613	-2.931387
0.151600	-1706.972643	-1589.830986	3296.803629	117.141657	5003.776272	-1.808252	-1.167818	0.094669	-0.795423	-0.508572	0.014823	-0.192510	0.216809	0.156113	-0.068625	-2.931375
0.151800	-1707.053123	-1589.885083	3296.938206	117.168040	5003.991329	-1.786889	-1.121711	0.954788	-0.795514	-0.502529	0.130267	-0.174631	0.242183	0.092216	-0.068638	-2.931362
0.152000	-1707.133621	-1589.939157	3297.072778	117.194463	5004.206399	-1.765727	-1.076374	1.805708	-0.795360	-0.495653	0.155837	-0.157034	0.267198	-0.037297	-0.068650	-2.931350
0.152200	-1707.214136	-1589.993210	3297.207345	117.220926	5004.421481	-1.744387	-1.031527	2.660137	-0.795029	-0.487996	0.073317	-0.139413	0.292034	-0.140330	-0.068662	-2.931338
0.152400	-1707.294668	-1590.047239	3297.341908	117.247429	5004.636576	-1.722621	-0.986829	-2.754418	-0.794318	-0.479425	-0.058565	-0.121532	0.316830	-0.143627	-0.068674	-2.931326
0.152600	-1707.375218	-1590.101247	3297.476465	117.273971	5004.851683	-1.700475	-0.942097	-1.869422	-0.792901	-0.469725	-0.145948	-0.103403	0.341548	-0.044927	-0.068687	-2.931313
0.152800	-1707.455785	-1590.155232	3297.611017	117.300553	5005.066803	-1.678267	-0.897418	-0.977397	-0.790563	-0.458756	-0.126650	-0.085291	0.365980	0.085424	-0.068699	-2.931301
0.153000	-1707.536370	-1590.209195	3297.745565	117.327175	5005.281935	-1.656373	-0.853088	-0.093079	-0.787356	-0.446565	-0.014428	-0.067544	0.389861	0.154557	-0.068711	-2.931289
0.153200	-1707.616972	-1590.263136	3297.880107	117.353836	5005.497079	-1.634974	-0.809416	0.774844	-0.783571	-0.433362	0.110807	-0.050357	0.413030	0.113171	-0.068724	-2.931276
0.153400	-1707.697591	-1590.317054	3298.014645	117.380537	5005.712236	-1.613929	-0.766521	1.629242	-0.779527	-0.419379	0.159882	-0.033644	0.435520	-0.009355	-0.068736	-2.931264
0.153600	-1707.778227	-1590.370950	3298.149177	117.407277	5005.927405	-1.592871	-0.724258	2.480932	-0.775356	-0.404722	0.097835	-0.017118	0.457505	-0.125887	-0.068749	-2.931251
0.153800	-1707.858881	-1590.424824	3298.283705	117.434057	5006.142586	-1.571451	-0.682309	-2.941118	-0.770913	-0.389302	-0.031203	-0.000505	0.479148	-0.153557	-0.068761	-2.931239
0.154000	-1707.939552	-1590.478676	3298.418228	117.460876	5006.357780	-1.549584	-0.640388	-2.063780	-0.765882	-0.372919	-0.135415	0.016249	0.500463	-0.072748	-0.068773	-2.931227
0.154200	-1708.020240	-1590.532505	3298.552746	117.487735	5006.572986	-1.527507	-0.598418	-1.174040	-0.760008	-0.355413	-0.140665	0.032921	0.521273	0.058935	-0.068786	-2.931214
0.154400	-1708.100946	-1590.586313	3298.687259	117.514633	5006.788205	-1.505628	-0.556576	-0.284937	-0.753290	-0.336800	-0.043258	0.049160	0.541314	0.147685	-0.068798	-2.931202
0.154600	-1708.181669	-1590.640098	3298.821767	117.541570	5007.003435	-1.484246	-0.515165	0.591136	-0.745985	-0.317274	0.087425	0.064727	0.560398	0.130251	-0.068811	-2.931189
0.154800	-1708.262408	-1590.693861	3298.956270	117.568547	5007.218678	-1.463354	-0.474416	1.451546	-0.738434	-0.297090	0.158311	0.079646	0.578522	0.018969	-0.068823	-2.931177
0.155000	-1708.343166	-1590.747602	3299.090768	117.595563	5007.433933	-1.442633	-0.434335	2.303679	-0.730829	-0.276400	0.118894	0.094182	0.595846	-0.107019	-0.068836	-2.931164
0.155200	-1708.423940	-1590.801321	3299.225261	117.622619	5007.649201	-1.421669	-0.394696	-3.123699	-0.723086	-0.255165	-0.002829	0.108638	0.612560	-0.158103	-0.068849	-2.931151
0.155400	-1708.504731	-1590.855018	3299.359749	117.649713	5007.864480	-1.400240	-0.355186	-2.254456	-0.714911	-0.233204	-0.120265	0.123129	0.628723	-0.097984	-0.068861	-2.931139
0.155600	-1708.585540	-1590.908693	3299.494232	117.676847	5008.079772	-1.378468	-0.315606	-1.370178	-0.706020	-0.210345	-0.149878	0.137487	0.644202	0.030478	-0.068874	-2.931126
0.155800	-1708.666365	-1590.962346	3299.628711	117.704019	5008.295076	-1.356746	-0.275988	-0.479783	-0.696352	-0.186567	-0.070650	0.151373	0.658746	0.135777	-0.068886	-2.931114
0.156000	-1708.747208	-1591.015977	3299.763184	117.731231	5008.510392	-1.335478	-0.236571	0.403244	-0.686124	-0.162044	0.060963	0.164505	0.672144	0.142897	-0.068899	-2.931101
0.156200	-1708.828067	-1591.069585	3299.897653	117.758482	5008.725720	-1.314803	-0.197634	1.271165	-0.675687	-0.137041	0.151202	0.176851	0.684358	0.046711	-0.068912	-2.931088
0.156400	-1708.908944	-1591.123172	3300.032116	117.785772	5008.941061	-1.294498	-0.159310	2.126799	-0.665288	-0.111753	0.135768	0.188643	0.695534	-0.084366	-0.068925	-2.931075
0.156600	-1708.989838	-1591.176737	3300.166575	117.813101	5009.156413	-1.274121	-0.121500	2.980168	-0.654903	-0.086189	0.025580	0.200202	0.705878	-0.157082	-0.068937	-2.931063
0.156800	-1709.070749	-1591.230280	3300.301029	117.840469	5009.371778	-1.253320	-0.083932	-2.440828	-0.644272	-0.060195	-0.101000	0.211702	0.715498	-0.119726	-0.068950	-2.931050
0.157000	-1709.151677	-1591.283801	3300.435478	117.867876	5009.587154	-1.232073	-0.046339	-1.563884	-0.633091	-0.033588	-0.153937	0.223038	0.724309	0.001064	-0.068963	-2.931037
0.157200	-1709.232621	-1591.337300	3300.569921	117.895321	5009.802543	-1.210717	-0.008624	-0.675869	-0.621241	-0.006314	-0.095630	0.233893	0.732083	0.119261	-0.068976	-2.931024
0.157400	-1709.313583	-1591.390777	3300.704360	117.922806	5010.017943	-1.189724	0.029080	0.211439	-0.608890	0.021484	0.032345	0.243956	0.738595	0.150689	-0.068988	-2.931012
0.157600	-1709.394562	-1591.444233	3300.838794	117.950329	5010.233356	-1.169390	0.066509	1.087007	-0.596385	0.049541	0.138813	0.253137	0.743776	0.072937	-0.069001	-2.930999
0.157800	-1709.475557	-1591.497666	3300.973224	117.977891	5010.448781	-1.149624	0.103445	1.948500	-0.584017	0.077628	0.147908	0.261627	0.747750	-0.058683	-0.069014	-2.930986
0.158000	-1709.556570	-1591.551078	3301.107648	118.005492	5010.664218	-1.130011	0.139857	2.802561	-0.571829	0.105686	0.053078	0.269755	0.750735	-0.150512	-0.069027	-2.930973
0.158200	-1709.637599	-1591.604468	3301.242067	118.033131	5010.879666	-1.110082	0.175931	-2.623252	-0.559601	0.133839	-0.078260	0.277752	0.752885	-0.137212	-0.069040	-2.930960
0.158400	-1709.718645	-1591.657836	3301.376481	118.060809	5011.095127	-1.089653	0.211942	-1.753888	-0.547015	0.162277	-0.152692	0.285577	0.754169	-0.028273	-0.069053	-2.930947
0.158600	-1709.799709	-1591.711182	3301.510891	118.088526	5011.310599	-1.068957	0.248083	-0.871202	-0.533903	0.191087	-0.117317	0.292949	0.754389	0.098734	-0.069066	-2.930934
0.158800	-1709.880788	-1591.764507	3301.645295	118.116282	5011.526084	-1.048498	0.284341	0.016952	-0.520373	0.220164	0.002600	0.299536	0.753316	0.153381	-0.069079	-2.930921
0.159000	-1709.961885	-1591.817810	3301.779695	118.144075	5011.741580	-1.028720	0.320515	0.898782	-0.506755	0.249253	0.121617	0.305196	0.750850	0.096751	-0.069092	-2.930908
0.159200	-1710.042999	-1591.871091	3301.914090	118.171908	5011.957088	-1.009708	0.356352	1.767389	-0.493377	0.278099	0.154923	0.310071	0.747089	-0.030855	-0.069105	-2.930895
0.159400	-1710.124129	-1591.924350	3302.048479	118.199779	5012.172608	-0.991115	0.391716	2.625054	-0.480345	0.306599	0.078728	0.314488	0.742261	-0.138612	-0.069118	-2.930882
0.159600	-1710.205276	-1591.977588	3302.182864	118.227688	5012.388140	-0.972400	0.426679	-2.802685	-0.467485	0.334845	-0.052813	0.318724	0.736557	-0.149819	-0.069131	-2.930869
0.159800	-1710.286440	-1592.030804	3302.317244	118.255636	5012.603684	-0.953203	0.461478	-1.939708	-0.454480	0.363024	-0.146148	0.322809	0.730003	-0.056502	-0.069144	-2.930856
0.160000	-1710.367621	-1592.083999	3302.451619	118.283622	5012.819240	-0.933604	0.496357	-1.063948	-0.441110	0.391259	-0.134919	0.326505	0.722439	0.074911	-0.069157	-2.930843
0.160200	-1710.448818	-1592.137171	3302.585989	118.311646	5013.034807	-0.914094	0.531413	-0.178418	-0.427424	0.419488	-0.027209	0.329473	0.713639	0.150882	-0.069170	-2.930830
0.160400	-1710.530032	-1592.190323	3302.720354	118.339709	5013.250386	-0.895253	0.566537	0.706930	-0.413722	0.447476	0.100230	0.331522	0.703476	0.117337	-0.069183	-2.930817
0.160600	-1710.611262	-1592.243452	3302.854715	118.367810	5013.465977	-0.877367	0.601491	1.582506	-0.400352	0.474954	0.156598	0.332740	0.692022	-0.001834	-0.069196	-2.930804
0.160800	-1710.692510	-1592.296560	3302.989070	118.395949	5013.681580	-0.860222	0.636070	2.445893	-0.387483	0.501779	0.101687	0.333440	0.679500	-0.121786	-0.069209	-2.930791
0.161000	-1710.773774	-1592.349647	3303.123420	118.424127	5013.897194	-0.843246	0.670236	-2.980728	-0.374993	0.528006	-0.025495	0.333937	0.666138	-0.157117	-0.069223	-2.930777
0.161200	-1710.855054	-1592.402712	3303.257766	118.452342	5014.112820	-0.825902	0.704145	-2.121825	-0.362574	0.553820	-0.134499	0.334332	0.652015	-0.082652	-0.069236	-2.930764
0.161400	-1710.936351	-1592.455755	3303.392107	118.480596	5014.328458	-0.808081	0.738047	-1.252983	-0.349964	0.579376	-0.147807	0.334437	0.637016	0.048623	-0.069249	-2.930751
0.161600	-1711.017665	-1592.508777	3303.526442	118.508888	5014.544107	-0.790206	0.772124	-0.372710	-0.337146	0.604657	-0.056023	0.333920	0.620927	0.143287	-0.069262	-2.930738
0.161800	-1711.098995	-1592.561778	3303.660773	118.537218	5014.759769	-0.772968	0.806369	0.512800	-0.324379	0.629460	0.075438	0.332545	0.603598	0.133983	-0.069275	-2.930725
0.162000	-1711.180342	-1592.614757	3303.795099	118.565585	5014.975441	-0.756883	0.840603	1.393727	-0.312021	0.653512	0.152921	0.330343	0.585068	0.027364	-0.069289	-2.930711
0.162200	-1711.261706	-1592.667714	3303.929420	118.593991	5015.191126	-0.741936	0.874589	2.263772	-0.300296	0.676637	0.121193	0.327603	0.565550	-0.100633	-0.069302	-2.930698
0.162400	-1711.343085	-1592.720651	3304.063736	118.622435	5015.406822	-0.727579	0.908197	3.124163	-0.289138	0.698853	0.002769	0.324667	0.545300	-0.158856	-0.069315	-2.930685
0.162600	-1711.424482	-1592.773565	3304.198047	118.650916	5015.622529	-0.713115	0.941486	-2.301309	-0.278258	0.720337	-0.118121	0.321700	0.524448	-0.105818	-0.069329	-2.930671
0.162800	-1711.505895	-1592.826459	3304.332354	118.679436	5015.838248	-0.698207	0.974669	-1.438000	-0.267358	0.741272	-0.155491	0.318576	0.502928	0.020771	-0.069342	-2.930658
0.163000	-1711.587324	-1592.879331	3304.466655	118.707993	5016.053979	-0.683152	1.007973	-0.564225	-0.256358	0.761690	-0.082804	0.314979	0.480542	0.130843	-0.069355	-2.930645
0.163200	-1711.668770	-1592.932182	3304.600951	118.736588	5016.269721	-0.668734	1.041491	0.318241	-0.245462	0.781429	0.048130	0.310635	0.457124	0.146096	-0.069369	-2.930631
0.163400	-1711.750232	-1592.985011	3304.735243	118.765221	5016.485475	-0.655727	1.075126	1.201681	-0.235029	0.800223	0.144044	0.305518	0.432676	0.055723	-0.069382	-2.930618
0.163600	-1711.831711	-1593.037819	3304.869530	118.793892	5016.701240	-0.644388	1.108655	2.077891	-0.225325	0.817870	0.136602	0.299879	0.407396	-0.075890	-0.069396	-2.930604
0.163800	-1711.913206	-1593.090606	3305.003811	118.822600	5016.917017	-0.634269	1.141885	2.943925	-0.216345	0.834352	0.031043	0.294077	0.381553	-0.154995	-0.069409	-2.930591
0.164000	-1711.994717	-1593.143371	3305.138088	118.851346	5017.132805	-0.624539	1.174773	-2.479810	-0.207828	0.849833	-0.097546	0.288336	0.355326	-0.125225	-0.069423	-2.930577
0.164200	-1712.076245	-1593.196116	3305.272360	118.880129	5017.348605	-0.614594	1.207465	-1.619620	-0.199451	0.864519	-0.157681	0.282596	0.328700	-0.007705	-0.069436	-2.930564
0.164400	-1712.157789	-1593.248839	3305.406627	118.908950	5017.564416	-0.604562	1.240192	-0.752017	-0.191067	0.878493	-0.106603	0.276566	0.301499	0.113969	-0.069450	-2.930550
0.164600	-1712.239349	-1593.301540	3305.540889	118.937809	5017.780239	-0.595301	1.273126	0.125158	-0.182824	0.891641	0.019281	0.269946	0.273542	0.153246	-0.069463	-2.930537
0.164800	-1712.320926	-1593.354221	3305.675147	118.966705	5017.996073	-0.587901	1.306263	1.007854	-0.175061	0.903713	0.130314	0.262649	0.244799	0.082235	-0.069477	-2.930523
0.165000	-1712.402519	-1593.406880	3305.809399	118.995638	5018.211918	-0.582990	1.339434	1.888323	-0.168082	0.914491	0.147414	0.254881	0.215437	-0.048447	-0.069490	-2.930510
0.165200	-1712.484128	-1593.459519	3305.943647	119.024609	5018.427775	-0.580317	1.372413	2.760548	-0.161942	0.923922	0.058371	0.247005	0.185734	-0.145699	-0.069504	-2.930496
0.165400	-1712.565753	-1593.512136	3306.077889	119.053618	5018.643643	-0.578938	1.405075	-2.658986	-0.156416	0.932151	-0.073465	0.239295	0.155908	-0.140220	-0.069518	-2.930482
0.165600	-1712.647395	-1593.564732	3306.212127	119.082663	5018.859522	-0.577958	1.437473	-1.799042	-0.151165	0.939403	-0.154277	0.231758	0.125992	-0.035837	-0.069531	-2.930469
0.165800	-1712.729053	-1593.617307	3306.346360	119.111746	5019.075413	-0.577294	1.469810	-0.935981	-0.145985	0.945809	-0.126566	0.224141	0.095840	0.093218	-0.069545	-2.930455
0.166000	-1712.810727	-1593.669860	3306.480588	119.140867	5019.291315	-0.577911	1.502300	-0.064917	-0.140953	0.951310	-0.010086	0.216124	0.065263	0.155150	-0.069559	-2.930441
0.166200	-1712.892417	-1593.722393	3306.614811	119.170024	5019.507228	-0.581328	1.535034	0.814132	-0.136383	0.955682	0.112223	0.207562	0.034192	0.105953	-0.069572	-2.930428
0.166400	-1712.974124	-1593.774905	3306.749029	119.199219	5019.723152	-0.588687	1.567918	1.695911	-0.132602	0.958696	0.153276	0.198609	0.002759	-0.019278	-0.069586	-2.930414
0.166600	-1713.055846	-1593.827395	3306.883242	119.228451	5019.939088	-0.600007	1.600738	2.573419	-0.129724	0.960271	0.083831	0.189614	-0.028761	-0.131315	-0.069600	-2.930400
0.166800	-1713.137585	-1593.879865	3307.017450	119.257720	5020.155035	-0.614208	1.633306	-2.840456	-0.127568	0.960526	-0.046688	0.180896	-0.060120	-0.150325	-0.069614	-2.930386
0.167000	-1713.219340	-1593.932314	3307.151654	119.287026	5020.370994	-0.630000	1.665581	-1.977958	-0.125793	0.959698	-0.145380	0.172528	-0.091238	-0.062697	-0.069627	-2.930373
0.167200	-1713.301111	-1593.984741	3307.285852	119.316369	5020.586963	-0.647043	1.697703	-1.116902	-0.124137	0.957964	-0.141993	0.164301	-0.122228	0.069274	-0.069641	-2.930359
0.167400	-1713.382898	-1594.037148	3307.420046	119.345750	5020.802944	-0.666479	1.729895	-0.251237	-0.122610	0.955320	-0.038940	0.155885	-0.153286	0.151717	-0.069655	-2.930345
0.167600	-1713.464701	-1594.089534	3307.554235	119.375167	5021.018935	-0.690359	1.762324	0.622354	-0.121484	0.951580	0.090419	0.147085	-0.184515	0.126025	-0.069669	-2.930331
0.167800	-1713.546520	-1594.141899	3307.688418	119.404621	5021.234938	-0.720302	1.794985	1.502289	-0.121100	0.946512	0.154002	0.137990	-0.215825	0.010567	-0.069683	-2.930317
0.168000	-1713.628355	-1594.194243	3307.822597	119.434112	5021.450952	-0.756272	1.827712	2.382840	-0.121628	0.940006	0.106553	0.128927	-0.246960	-0.112388	-0.069697	-2.930303
0.168200	-1713.710206	-1594.246566	3307.956772	119.463640	5021.666978	-0.796459	1.860285	-3.025280	-0.122937	0.932155	-0.018137	0.120247	-0.277648	-0.155230	-0.069711	-2.930289
0.168400	-1713.792073	-1594.298868	3308.090941	119.493205	5021.883014	-0.838599	1.892580	-2.158044	-0.124692	0.923199	-0.131291	0.112084	-0.307766	-0.087384	-0.069724	-2.930276
0.168600	-1713.873956	-1594.351149	3308.225105	119.522807	5022.099061	-0.881728	1.924650	-1.296111	-0.126589	0.913354	-0.152338	0.104280	-0.337395	0.042930	-0.069738	-2.930262
0.168800	-1713.955855	-1594.403410	3308.359265	119.552445	5022.315120	-0.926859	1.956695	-0.433933	-0.128563	0.902674	-0.066275	0.096510	-0.366728	0.143023	-0.069752	-2.930248
0.169000	-1714.037770	-1594.455649	3308.493419	119.582121	5022.531189	-0.975929	1.988927	0.433857	-0.130837	0.891015	0.065656	0.088528	-0.395907	0.141715	-0.069766	-2.930234
0.169200	-1714.119701	-1594.507868	3308.627569	119.611832	5022.747270	-1.029809	2.021432	1.309376	-0.133757	0.878153	0.149569	0.080358	-0.424885	0.040016	-0.069780	-2.930220
0.169400	-1714.201647	-1594.560066	3308.761714	119.641581	5022.963361	-1.086877	2.054117	2.189886	-0.137537	0.863950	0.125757	0.072290	-0.453435	-0.089606	-0.069794	-2.930206
0.169600	-1714.283610	-1594.612244	3308.895854	119.671366	5023.179463	-1.143594	2.086770	3.069325	-0.142107	0.848471	0.011207	0.064692	-0.481276	-0.154804	-0.069808	-2.930192
0.169800	-1714.365588	-1594.664400	3309.029989	119.701188	5023.395577	-1.196754	2.119202	-2.340829	-0.147149	0.831948	-0.112498	0.057759	-0.508249	-0.109093	-0.069822	-2.930178
0.170000	-1714.447583	-1594.716536	3309.164119	119.731046	5023.611701	-1.245424	2.151376	-1.475352	-0.152322	0.814631	-0.157256	0.051388	-0.534395	0.015055	-0.069837	-2.930163
0.170200	-1714.529593	-1594.768651	3309.298244	119.760941	5023.827837	-1.290928	2.183429	-0.613962	-0.157495	0.796628	-0.091157	0.045266	-0.559906	0.129331	-0.069851	-2.930149
0.170400	-1714.611619	-1594.820746	3309.432364	119.790873	5024.043983	-1.335101	2.215588	0.249163	-0.162830	0.777844	0.038790	0.039105	-0.584953	0.152448	-0.069865	-2.930135
0.170600	-1714.693660	-1594.872820	3309.566480	119.820840	5024.260140	-1.378371	2.248018	1.118927	-0.168664	0.758068	0.140129	0.032862	-0.609544	0.068013	-0.069879	-2.930121
0.170800	-1714.775718	-1594.924873	3309.700591	119.850845	5024.476308	-1.419168	2.280713	1.996351	-0.175255	0.737141	0.140770	0.026779	-0.633487	-0.063804	-0.069893	-2.930107
0.171000	-1714.857791	-1594.976906	3309.834696	119.880885	5024.692487	-1.455059	2.313505	2.877548	-0.182589	0.715092	0.040312	0.021227	-0.656503	-0.149106	-0.069907	-2.930093
0.171200	-1714.939880	-1595.028918	3309.968797	119.910962	5024.908677	-1.484586	2.346171	-2.527223	-0.190383	0.692140	-0.089670	0.016454	-0.678401	-0.127111	-0.069921	-2.930079
0.171400	-1715.021984	-1595.080909	3310.102893	119.941075	5025.124878	-1.508261	2.378587	-1.656312	-0.198271	0.668557	-0.156585	0.012415	-0.699190	-0.013423	-0.069936	-2.930064
0.171600	-1715.104105	-1595.132880	3310.236985	119.971225	5025.341089	-1.528014	2.410810	-0.792802	-0.206055	0.644504	-0.112734	0.008821	-0.719049	0.111077	-0.069950	-2.930050
0.171800	-1715.186241	-1595.184830	3310.371071	120.001411	5025.557311	-1.545779	2.443040	0.067895	-0.213836	0.619935	0.010731	0.005351	-0.738178	0.157810	-0.069964	-2.930036
0.172000	-1715.268392	-1595.236760	3310.505152	120.031632	5025.773545	-1.562273	2.475495	0.932063	-0.221927	0.594659	0.125985	0.001892	-0.756638	0.093554	-0.069978	-2.930022
0.172200	-1715.350560	-1595.288669	3310.639229	120.061891	5025.989788	-1.576739	2.508264	1.804175	-0.230623	0.568499	0.151053	-0.001370	-0.774283	-0.035907	-0.069993	-2.930007
0.172400	-1715.432743	-1595.340558	3310.773300	120.092185	5026.206043	-1.587772	2.541248	2.683896	-0.239970	0.541448	0.068158	-0.004074	-0.790848	-0.138369	-0.070007	-2.929993
0.172600	-1715.514941	-1595.392426	3310.907367	120.122515	5026.422308	-1.594541	2.574231	-2.717391	-0.249728	0.513701	-0.063613	-0.005931	-0.806118	-0.140854	-0.070021	-2.929979
0.172800	-1715.597155	-1595.444274	3311.041429	120.152881	5026.638584	-1.597464	2.607019	-1.840426	-0.259519	0.485543	-0.150379	-0.006922	-0.820067	-0.041559	-0.070036	-2.929964
0.173000	-1715.679385	-1595.496101	3311.175486	120.183284	5026.854871	-1.597941	2.639574	-0.972247	-0.269087	0.457178	-0.130296	-0.007306	-0.832859	0.088863	-0.070050	-2.929950
0.173200	-1715.761630	-1595.547908	3311.309538	120.213722	5027.071169	-1.597462	2.672041	-0.111091	-0.278466	0.428612	-0.017579	-0.007427	-0.844718	0.157591	-0.070064	-2.929936
0.173400	-1715.843891	-1595.599695	3311.443586	120.244196	5027.287477	-1.596711	2.704653	0.749072	-0.287939	0.399679	0.107607	-0.007463	-0.855757	0.115724	-0.070079	-2.929921
0.173600	-1715.926167	-1595.651461	3311.577628	120.274707	5027.503796	-1.595284	2.737581	1.615017	-0.297823	0.370190	0.156226	-0.007294	-0.865883	-0.006913	-0.070093	-2.929907
0.173800	-1716.008459	-1595.703206	3311.711666	120.305253	5027.720125	-1.592144	2.770822	2.490327	-0.308228	0.340099	0.093749	-0.006581	-0.874853	-0.122997	-0.070108	-2.929892
0.174000	-1716.090767	-1595.754932	3311.845698	120.335835	5027.936465	-1.586481	2.804198	-2.910495	-0.318964	0.309567	-0.035266	-0.005003	-0.882440	-0.149874	-0.070122	-2.929878
0.174200	-1716.173089	-1595.806637	3311.979726	120.366452	5028.152816	-1.578324	2.837479	-2.028429	-0.329657	0.278881	-0.138886	-0.002482	-0.888582	-0.068402	-0.070137	-2.929863
0.174400	-1716.255428	-1595.858322	3312.113749	120.397106	5028.369177	-1.568544	2.870534	-1.153997	-0.340002	0.248281	-0.143263	0.000766	-0.893425	0.063428	-0.070151	-2.929849
0.174600	-1716.337781	-1595.909986	3312.247767	120.427795	5028.585549	-1.558270	2.903422	-0.289422	-0.349963	0.217823	-0.045195	0.004384	-0.897208	0.151771	-0.070166	-2.929834
0.174800	-1716.420150	-1595.961630	3312.381781	120.458520	5028.801931	-1.548192	2.936356	0.569315	-0.359785	0.187370	0.085591	0.008134	-0.900095	0.133735	-0.070180	-2.929820
0.175000	-1716.502535	-1596.013254	3312.515789	120.489281	5029.018324	-1.538183	2.969567	1.429764	-0.369798	0.156724	0.156074	0.012065	-0.902048	0.022159	-0.070195	-2.929805
0.175200	-1716.584935	-1596.064858	3312.649793	120.520077	5029.234727	-1.527474	3.003150	2.298791	-0.380174	0.125799	0.116165	0.016480	-0.902860	-0.103539	-0.070209	-2.929791
0.175400	-1716.667350	-1596.116441	3312.783791	120.550908	5029.451141	-1.515265	3.037002	-3.104959	-0.390780	0.094717	-0.005640	0.021723	-0.902294	-0.153884	-0.070224	-2.929776
0.175600	-1716.749780	-1596.168005	3312.917785	120.581776	5029.667566	-1.501308	3.070894	-2.220241	-0.401261	0.063754	-0.122543	0.027928	-0.900261	-0.093050	-0.070238	-2.929762
0.175800	-1716.832226	-1596.219548	3313.051774	120.612679	5029.884000	-1.486074	3.104620	-1.339382	-0.411272	0.033175	-0.151235	0.034927	-0.896879	0.035636	-0.070253	-2.929747
0.176000	-1716.914688	-1596.271071	3313.185758	120.643617	5030.100446	-1.470433	3.138138	-0.468947	-0.420713	0.003083	-0.071205	0.042366	-0.892398	0.140544	-0.070268	-2.929732
0.176200	-1716.997164	-1596.322573	3313.319737	120.674591	5030.316901	-1.455089	-3.111582	0.391458	-0.429778	-0.026628	0.060658	0.049951	-0.887023	0.146958	-0.070282	-2.929718
0.176400	-1717.079656	-1596.374056	3313.453712	120.705600	5030.533368	-1.440144	-3.077919	1.248464	-0.438805	-0.056158	0.150564	0.057659	-0.880780	0.050286	-0.070297	-2.929703
0.176600	-1717.162163	-1596.425519	3313.587681	120.736644	5030.749844	-1.425084	-3.043869	2.110837	-0.448017	-0.085634	0.134591	0.065748	-0.873498	-0.080686	-0.070312	-2.929688
0.176800	-1717.244685	-1596.476961	3313.721646	120.767724	5030.966331	-1.409175	-3.009435	2.984523	-0.457350	-0.114979	0.024192	0.074568	-0.864946	-0.152754	-0.070326	-2.929674
0.177000	-1717.327223	-1596.528383	3313.855606	120.798839	5031.182828	-1.391991	-2.974804	-2.414725	-0.466478	-0.143942	-0.101959	0.084309	-0.855003	-0.114652	-0.070341	-2.929659
0.177200	-1717.409775	-1596.579786	3313.989561	120.829990	5031.399336	-1.373700	-2.940225	-1.528954	-0.475032	-0.172240	-0.153977	0.094859	-0.843759	0.006446	-0.070356	-2.929644
0.177400	-1717.492343	-1596.631168	3314.123511	120.861175	5031.615854	-1.354945	-2.905842	-0.651371	-0.482848	-0.199732	-0.094753	0.105873	-0.831463	0.124288	-0.070371	-2.929629
0.177600	-1717.574926	-1596.682530	3314.257456	120.892396	5031.832382	-1.336408	-2.871594	0.213731	-0.490066	-0.226487	0.033627	0.117017	-0.818360	0.154929	-0.070386	-2.929614
0.177800	-1717.657524	-1596.733872	3314.391397	120.923652	5032.048921	-1.318375	-2.837247	1.070213	-0.497019	-0.252706	0.139842	0.128193	-0.804531	0.076502	-0.070400	-2.929600
0.178000	-1717.740138	-1596.785194	3314.525332	120.954943	5032.265470	-1.300571	-2.802548	1.927106	-0.503978	-0.278552	0.148350	0.139603	-0.789854	-0.055215	-0.070415	-2.929585
0.178200	-1717.822766	-1596.836497	3314.659263	120.986269	5032.482029	-1.282374	-2.767384	2.793526	-0.510949	-0.304001	0.053163	0.151596	-0.774105	-0.146518	-0.070430	-2.929570
0.178400	-1717.905410	-1596.887779	3314.793189	121.017631	5032.698598	-1.263263	-2.731861	-2.610052	-0.517650	-0.328835	-0.077890	0.164411	-0.757139	-0.132468	-0.070445	-2.929555
0.178600	-1717.988068	-1596.939041	3314.927110	121.049027	5032.915178	-1.243172	-2.696228	-1.722375	-0.523700	-0.352768	-0.151444	0.177992	-0.739013	-0.023133	-0.070460	-2.929540
0.178800	-1718.070742	-1596.990284	3315.061026	121.080458	5033.131768	-1.222523	-2.660716	-0.837916	-0.528879	-0.375625	-0.115074	0.192022	-0.719965	0.103580	-0.070475	-2.929525
0.179000	-1718.153431	-1597.041506	3315.194937	121.111924	5033.348368	-1.201939	-2.625375	0.034228	-0.533267	-0.397438	0.005389	0.206134	-0.700269	0.157394	-0.070490	-2.929510
0.179200	-1718.236134	-1597.092709	3315.328844	121.143425	5033.564978	-1.181834	-2.590039	0.893494	-0.537181	-0.418405	0.124242	0.220159	-0.680062	0.099917	-0.070505	-2.929495
0.179400	-1718.318853	-1597.143892	3315.462745	121.174961	5033.781598	-1.162147	-2.554424	1.747402	-0.540934	-0.438719	0.156927	0.234239	-0.659270	-0.028006	-0.070519	-2.929481
0.179600	-1718.401587	-1597.195055	3315.596642	121.206532	5033.998229	-1.142403	-2.518314	2.606656	-0.544602	-0.458414	0.080225	0.248707	-0.637687	-0.135385	-0.070534	-2.929466
0.179800	-1718.484336	-1597.246198	3315.730534	121.238137	5034.214869	-1.122057	-2.481698	-2.803950	-0.547957	-0.477314	-0.051209	0.263842	-0.615146	-0.145859	-0.070549	-2.929451
0.180000	-1718.567099	-1597.297322	3315.864421	121.269778	5034.431520	-1.100862	-2.444776	-1.918202	-0.550624	-0.495141	-0.143760	0.279653	-0.591664	-0.052054	-0.070564	-2.929436
0.180200	-1718.649878	-1597.348425	3315.998303	121.301453	5034.648181	-1.079033	-2.407827	-1.028941	-0.552328	-0.511693	-0.131501	0.295857	-0.567462	0.079158	-0.070580	-2.929420
0.180400	-1718.732671	-1597.399509	3316.132181	121.333162	5034.864852	-1.057096	-2.371023	-0.148750	-0.553094	-0.526968	-0.023120	0.312070	-0.542832	0.154280	-0.070595	-2.929405
0.180600	-1718.815480	-1597.450573	3316.266053	121.364907	5035.081533	-1.035531	-2.334301	0.716398	-0.553210	-0.541151	0.104260	0.328060	-0.517960	0.119741	-0.070610	-2.929390
0.180800	-1718.898303	-1597.501618	3316.399921	121.396686	5035.298224	-1.014460	-2.297402	1.570567	-0.553020	-0.554465	0.159987	0.343900	-0.492822	0.000037	-0.070625	-2.929375
0.181000	-1718.981141	-1597.552642	3316.533784	121.428499	5035.514925	-0.993579	-2.260031	2.424303	-0.552670	-0.566999	0.104418	0.359898	-0.467236	-0.119706	-0.070640	-2.929360
0.181200	-1719.063995	-1597.603647	3316.667642	121.460347	5035.731636	-0.972374	-2.222041	-2.994497	-0.551997	-0.578629	-0.022868	0.376365	-0.441014	-0.154340	-0.070655	-2.929345
0.181400	-1719.146862	-1597.654632	3316.801495	121.492230	5035.948357	-0.950475	-2.183535	-2.114366	-0.550640	-0.589095	-0.131231	0.393374	-0.414136	-0.079302	-0.070670	-2.929330
0.181600	-1719.229745	-1597.705598	3316.935343	121.524147	5036.165088	-0.927909	-2.144791	-1.223843	-0.548289	-0.598177	-0.143509	0.410691	-0.386793	0.051890	-0.070685	-2.929315
0.181800	-1719.312643	-1597.756544	3317.069187	121.556099	5036.381829	-0.905067	-2.106075	-0.336310	-0.544903	-0.605839	-0.050949	0.427927	-0.359281	0.145738	-0.070700	-2.929300
0.182000	-1719.395555	-1597.807470	3317.203025	121.588085	5036.598580	-0.882444	-2.067465	0.536974	-0.540736	-0.612248	0.080566	0.444793	-0.331830	0.135332	-0.070716	-2.929284
0.182200	-1719.478482	-1597.858377	3317.336859	121.620105	5036.815341	-0.860309	-2.028782	1.394905	-0.536151	-0.617651	0.157407	0.461292	-0.304466	0.027976	-0.070731	-2.929269
0.182400	-1719.561424	-1597.909264	3317.470688	121.652159	5037.032112	-0.838529	-1.989697	2.246030	-0.531362	-0.622188	0.124872	0.477700	-0.277032	-0.099999	-0.070746	-2.929254
0.182600	-1719.644380	-1597.960132	3317.604512	121.684248	5037.248893	-0.816671	-1.949939	3.102769	-0.526276	-0.625795	0.006121	0.494348	-0.249329	-0.157586	-0.070761	-2.929239
0.182800	-1719.727352	-1598.010980	3317.738332	121.716372	5037.465683	-0.794302	-1.909468	-2.308461	-0.520560	-0.628240	-0.114312	0.511372	-0.221293	-0.103889	-0.070777	-2.929223
0.183000	-1719.810337	-1598.061809	3317.872146	121.748529	5037.682484	-0.771279	-1.868494	-1.420882	-0.513878	-0.629292	-0.150698	0.528598	-0.193076	0.022763	-0.070792	-2.929208
0.183200	-1719.893338	-1598.112618	3318.005956	121.780720	5037.899294	-0.747844	-1.827341	-0.528608	-0.506126	-0.628881	-0.077152	0.545644	-0.164971	0.132099	-0.070807	-2.929193
0.183400	-1719.976353	-1598.163407	3318.139760	121.812946	5038.116114	-0.724455	-1.786226	0.353544	-0.497516	-0.627154	0.053949	0.562177	-0.137237	0.146183	-0.070822	-2.929178
0.183600	-1720.059383	-1598.214177	3318.273560	121.845206	5038.332944	-0.701479	-1.745106	1.218388	-0.488417	-0.624369	0.149249	0.578131	-0.109950	0.054888	-0.070838	-2.929162
0.183800	-1720.142428	-1598.264928	3318.407356	121.877500	5038.549783	-0.678950	-1.703692	2.070436	-0.479102	-0.620720	0.140873	0.593738	-0.082980	-0.076893	-0.070853	-2.929147
0.184000	-1720.225487	-1598.315659	3318.541146	121.909828	5038.766633	-0.656553	-1.661622	2.921615	-0.469555	-0.616200	0.034756	0.609340	-0.056121	-0.155440	-0.070869	-2.929131
0.184200	-1720.308561	-1598.366371	3318.674931	121.942190	5038.983492	-0.633840	-1.618689	-2.498615	-0.459484	-0.610617	-0.093597	0.625137	-0.029267	-0.124932	-0.070884	-2.929116
0.184400	-1720.391649	-1598.417063	3318.808712	121.974586	5039.200361	-0.610541	-1.574974	-1.617766	-0.448535	-0.603734	-0.152844	0.641017	-0.002522	-0.007184	-0.070899	-2.929101
0.184600	-1720.474752	-1598.467736	3318.942488	122.007016	5039.417240	-0.586736	-1.530784	-0.724780	-0.436549	-0.595453	-0.100848	0.656623	0.023838	0.113880	-0.070915	-2.929085
0.184800	-1720.557869	-1598.518390	3319.076259	122.039480	5039.634128	-0.562805	-1.486452	0.165125	-0.423682	-0.585891	0.025326	0.671590	0.049534	0.151977	-0.070930	-2.929070
0.185000	-1720.641001	-1598.569024	3319.210025	122.071977	5039.851026	-0.539163	-1.442109	1.039035	-0.410300	-0.575313	0.135803	0.685785	0.074447	0.079891	-0.070946	-2.929054
0.185200	-1720.724148	-1598.619639	3319.343786	122.104509	5040.067934	-0.515991	-1.397585	1.895664	-0.396728	-0.563956	0.151869	0.699388	0.098672	-0.051150	-0.070961	-2.929039
0.185400	-1720.807309	-1598.670234	3319.477543	122.137074	5040.284851	-0.493113	-1.352500	2.744551	-0.383025	-0.551873	0.062033	0.712746	0.122423	-0.147940	-0.070977	-2.929023
0.185600	-1720.890484	-1598.720811	3319.611295	122.169673	5040.501779	-0.470121	-1.306500	-2.683711	-0.368950	-0.538915	-0.069811	0.726110	0.145845	-0.141659	-0.070992	-2.929008
0.185800	-1720.973674	-1598.771368	3319.745042	122.202306	5040.718715	-0.446655	-1.259482	-1.811991	-0.354145	-0.524852	-0.149865	0.739440	0.168886	-0.036864	-0.071008	-2.928992
0.186000	-1721.056878	-1598.821906	3319.878784	122.234972	5040.935662	-0.422644	-1.211650	-0.922804	-0.338398	-0.509555	-0.121202	0.752419	0.191302	0.091755	-0.071023	-2.928977
0.186200	-1721.140097	-1598.872424	3320.012521	122.267673	5041.152617	-0.398350	-1.163388	-0.028225	-0.321807	-0.493111	-0.004307	0.764661	0.212804	0.152551	-0.071039	-2.928961
0.186400	-1721.223330	-1598.922923	3320.146253	122.300406	5041.369583	-0.374192	-1.115005	0.855212	-0.304720	-0.475778	0.117527	0.775972	0.233235	0.102164	-0.071054	-2.928946
0.186600	-1721.306577	-1598.973404	3320.279981	122.333174	5041.586558	-0.350465	-1.066524	1.719591	-0.287500	-0.457827	0.157483	0.786476	0.252658	-0.023607	-0.071070	-2.928930
0.186800	-1721.389839	-1599.023864	3320.413703	122.365975	5041.803543	-0.327140	-1.017656	2.569954	-0.270282	-0.439371	0.087033	0.796509	0.271283	-0.135295	-0.071086	-2.928914
0.187000	-1721.473115	-1599.074306	3320.547421	122.398809	5042.020537	-0.303894	-0.967972	-2.863865	-0.252884	-0.420309	-0.043749	0.806372	0.289295	-0.153455	-0.071101	-2.928899
0.187200	-1721.556406	-1599.124729	3320.681135	122.431677	5042.237540	-0.280321	-0.917171	-2.001761	-0.234956	-0.400422	-0.141850	0.816099	0.306700	-0.065221	-0.071117	-2.928883
0.187400	-1721.639711	-1599.175132	3320.814843	122.464578	5042.454553	-0.256217	-0.865278	-1.120201	-0.216240	-0.379557	-0.137514	0.825422	0.323294	0.066528	-0.071133	-2.928867
0.187600	-1721.723030	-1599.225517	3320.948546	122.497513	5042.671576	-0.231710	-0.812626	-0.225388	-0.196769	-0.357760	-0.033919	0.833952	0.338790	0.147935	-0.071148	-2.928852
0.187800	-1721.806363	-1599.275882	3321.082245	122.530481	5042.888608	-0.207172	-0.759651	0.666079	-0.176860	-0.335277	0.095084	0.841440	0.353002	0.120988	-0.071164	-2.928836
0.188000	-1721.889711	-1599.326228	3321.215939	122.563482	5043.105649	-0.182971	-0.706613	1.540225	-0.156905	-0.312401	0.157559	0.847947	0.365956	0.004818	-0.071180	-2.928820
0.188200	-1721.973073	-1599.376555	3321.349628	122.596517	5043.322700	-0.159226	-0.653431	2.395827	-0.137107	-0.289300	0.108920	0.853794	0.377858	-0.117914	-0.071195	-2.928805
0.188400	-1722.056449	-1599.426863	3321.483312	122.629585	5043.539761	-0.135723	-0.599726	-3.039979	-0.117351	-0.265922	-0.016302	0.859317	0.388926	-0.159876	-0.071211	-2.928789
0.188600	-1722.139839	-1599.477152	3321.616991	122.662686	5043.756830	-0.112068	-0.545071	-2.186140	-0.097305	-0.242067	-0.129059	0.864625	0.399224	-0.091232	-0.071227	-2.928773
0.188800	-1722.223243	-1599.527423	3321.750666	122.695821	5043.973909	-0.087949	-0.489267	-1.314411	-0.076671	-0.217557	-0.149182	0.869513	0.408598	0.039109	-0.071243	-2.928757
0.189000	-1722.306662	-1599.577674	3321.884336	122.728989	5044.190998	-0.063351	-0.432490	-0.424087	-0.055418	-0.192400	-0.062448	0.873600	0.416777	0.138318	-0.071258	-2.928742
0.189200	-1722.390095	-1599.627906	3322.018001	122.762189	5044.408096	-0.038561	-0.375190	0.471916	-0.033819	-0.166813	0.069278	0.876591	0.423549	0.135739	-0.071274	-2.928726
0.189400	-1722.473542	-1599.678119	3322.151661	122.795423	5044.625203	-0.013975	-0.317832	1.356012	-0.012278	-0.141104	0.152110	0.878486	0.428908	0.033183	-0.071290	-2.928710
0.189600	-1722.557003	-1599.728313	3322.285316	122.828690	5044.842319	0.010163	-0.260616	2.219980	0.008940	-0.115485	0.126966	0.879574	0.433045	-0.096357	-0.071306	-2.928694
0.189800	-1722.640478	-1599.778488	3322.418967	122.861990	5045.059445	0.033932	-0.203370	3.069310	0.029879	-0.089955	0.011634	0.880220	0.436208	-0.160671	-0.071322	-2.928678
0.190000	-1722.723968	-1599.828645	3322.552612	122.895323	5045.276580	0.057671	-0.145675	-2.365492	0.050842	-0.064337	-0.111886	0.880606	0.438518	-0.113986	-0.071338	-2.928662
0.190200	-1722.807471	-1599.878782	3322.686253	122.928689	5045.493724	0.081759	-0.087152	-1.503748	0.072157	-0.038434	-0.155772	0.880596	0.439878	0.010460	-0.071354	-2.928646
0.190400	-1722.890988	-1599.928901	3322.819889	122.962087	5045.710878	0.106350	-0.027738	-0.621704	0.093924	-0.012209	-0.088889	0.879830	0.440041	0.124062	-0.071370	-2.928630
0.190600	-1722.974520	-1599.979001	3322.953521	122.995519	5045.928040	0.131273	0.032251	0.274087	0.115922	0.014156	0.041034	0.877980	0.438781	0.145943	-0.071386	-2.928614
0.190800	-1723.058065	-1600.029082	3323.087147	123.028983	5046.145212	0.156149	0.092280	1.166278	0.137749	0.040354	0.141383	0.874984	0.436057	0.060530	-0.071402	-2.928598
0.191000	-1723.141625	-1600.079144	3323.220769	123.062481	5046.362393	0.180642	0.151900	2.040444	0.159090	0.066137	0.140604	0.871089	0.432041	-0.071360	-0.071418	-2.928582
0.191200	-1723.225198	-1600.129187	3323.354386	123.096011	5046.579584	0.204685	0.210993	2.895519	0.179916	0.091455	0.039133	0.866677	0.427001	-0.155807	-0.071434	-2.928566
0.191400	-1723.308786	-1600.179212	3323.487998	123.129573	5046.796783	0.228527	0.269814	-2.540935	0.200492	0.116462	-0.090895	0.861997	0.421114	-0.132673	-0.071450	-2.928550
0.191600	-1723.392387	-1600.229218	3323.621605	123.163169	5047.013992	0.252565	0.328798	-1.687481	0.221167	0.141367	-0.157018	0.856987	0.414343	-0.018405	-0.071466	-2.928534
0.191800	-1723.476002	-1600.279205	3323.755207	123.196797	5047.231210	0.277072	0.388250	-0.815678	0.242105	0.166252	-0.112272	0.851324	0.406474	0.105671	-0.071482	-2.928518
0.192000	-1723.559631	-1600.329174	3323.888805	123.230458	5047.448436	0.302016	0.448115	0.075087	0.263150	0.190983	0.011378	0.844656	0.397275	0.151248	-0.071498	-2.928502
0.192200	-1723.643274	-1600.379123	3324.022398	123.264151	5047.665672	0.327079	0.507983	0.971535	0.283917	0.215265	0.125787	0.836859	0.386670	0.085919	-0.071514	-2.928486
0.192400	-1723.726931	-1600.429054	3324.155986	123.297877	5047.882917	0.351870	0.567316	1.855779	0.304048	0.238823	0.149397	0.828132	0.374808	-0.043767	-0.071530	-2.928470
0.192600	-1723.810602	-1600.478967	3324.289569	123.331636	5048.100171	0.376188	0.625748	2.719611	0.323449	0.261565	0.065294	0.818859	0.361966	-0.145436	-0.071546	-2.928454
0.192800	-1723.894287	-1600.528860	3324.423147	123.365427	5048.317434	0.400157	0.683287	-2.714461	0.342336	0.283613	-0.066751	0.809348	0.348371	-0.146656	-0.071562	-2.928438
0.193000	-1723.977986	-1600.578736	3324.556721	123.399250	5048.534707	0.424143	0.740277	-1.866209	0.361067	0.305185	-0.152827	0.799616	0.334048	-0.046508	-0.071578	-2.928422
0.193200	-1724.061698	-1600.628592	3324.690290	123.433106	5048.751988	0.448512	0.797159	-1.004472	0.379869	0.326412	-0.131756	0.789385	0.318823	0.083770	-0.071594	-2.928406
0.193400	-1724.145424	-1600.678430	3324.823854	123.466994	5048.969278	0.473374	0.854162	-0.122386	0.398656	0.347210	-0.018632	0.778293	0.302465	0.151482	-0.071611	-2.928389
0.193600	-1724.229164	-1600.728249	3324.957413	123.500915	5049.186577	0.498513	0.911146	0.773388	0.417076	0.367311	0.105908	0.766157	0.284866	0.108483	-0.071627	-2.928373
0.193800	-1724.312918	-1600.778050	3325.090968	123.534868	5049.403885	0.523528	0.967676	1.665509	0.434743	0.386426	0.153105	0.753120	0.266143	-0.014544	-0.071643	-2.928357
0.194000	-1724.396685	-1600.827832	3325.224517	123.568853	5049.621202	0.548104	1.023280	2.539678	0.451497	0.404423	0.089265	0.739554	0.246574	-0.129943	-0.071659	-2.928341
0.194200	-1724.480466	-1600.877596	3325.358062	123.602870	5049.838528	0.572220	1.077732	-2.888269	0.467502	0.421391	-0.040249	0.725817	0.226427	-0.155471	-0.071675	-2.928325
0.194400	-1724.564261	-1600.927341	3325.491602	123.636920	5050.055863	0.596171	1.131180	-2.041257	0.483115	0.437556	-0.143309	0.712003	0.205787	-0.072879	-0.071692	-2.928308
0.194600	-1724.648070	-1600.977068	3325.625137	123.671002	5050.273207	0.620366	1.184041	-1.187579	0.498615	0.453088	-0.146623	0.697890	0.184528	0.059111	-0.071708	-2.928292
0.194800	-1724.731892	-1601.026776	3325.758668	123.705116	5050.490560	0.645053	1.236722	-0.315836	0.513995	0.467964	-0.047909	0.683116	0.162423	0.146612	-0.071724	-2.928276
0.195000	-1724.815728	-1601.076466	3325.892193	123.739262	5050.707921	0.670148	1.289366	0.574495	0.528948	0.481955	0.082477	0.667446	0.139335	0.127411	-0.071741	-2.928259
0.195200	-1724.899577	-1601.126137	3326.025714	123.773440	5050.925291	0.695290	1.341758	1.470397	0.543074	0.494767	0.151633	0.650958	0.115345	0.015275	-0.071757	-2.928243
0.195400	-1724.983440	-1601.175790	3326.159230	123.807650	5051.142671	0.720082	1.393474	2.354436	0.556155	0.506235	0.110257	0.634003	0.090720	-0.109870	-0.071773	-2.928227
0.195600	-1725.067317	-1601.225425	3326.292742	123.841892	5051.360059	0.744354	1.444146	-3.064578	0.568296	0.516416	-0.012257	0.616971	0.065756	-0.158831	-0.071790	-2.928210
0.195800	-1725.151207	-1601.275041	3326.426248	123.876166	5051.577456	0.768287	1.493698	-2.214757	0.579840	0.525532	-0.128744	0.600031	0.040598	-0.096650	-0.071806	-2.928194
0.196000	-1725.235111	-1601.324639	3326.559750	123.910473	5051.794861	0.792286	1.542392	-1.365831	0.591114	0.533797	-0.156326	0.583027	0.015166	0.032498	-0.071822	-2.928178
0.196200	-1725.319029	-1601.374218	3326.693247	123.944811	5052.012276	0.816715	1.590661	-0.503916	0.602190	0.541245	-0.075417	0.565606	-0.010753	0.136774	-0.071839	-2.928161
0.196400	-1725.402960	-1601.423779	3326.826739	123.979180	5052.229699	0.841642	1.638836	0.377577	0.612817	0.547697	0.056332	0.547488	-0.037323	0.142036	-0.071855	-2.928145
0.196600	-1725.486904	-1601.473322	3326.960226	124.013582	5052.447131	0.866792	1.686945	1.272273	0.622598	0.552870	0.145076	0.528683	-0.064505	0.044643	-0.071872	-2.928128
0.196800	-1725.570862	-1601.522847	3327.093709	124.048016	5052.664571	0.891728	1.734710	2.163647	0.631263	0.556569	0.127591	0.509506	-0.092055	-0.085957	-0.071888	-2.928112
0.197000	-1725.654834	-1601.572353	3327.227187	124.082481	5052.882020	0.916144	1.781739	3.037994	0.638853	0.558818	0.016290	0.490366	-0.119659	-0.156674	-0.071905	-2.928095
0.197200	-1725.738819	-1601.621841	3327.360660	124.116978	5053.099478	0.940070	1.827781	-2.388962	0.645690	0.559832	-0.109614	0.471501	-0.147121	-0.117043	-0.071921	-2.928079
0.197400	-1725.822817	-1601.671311	3327.494128	124.151507	5053.316945	0.963861	1.872895	-1.540742	0.652138	0.559857	-0.160506	0.452824	-0.174472	0.004825	-0.071938	-2.928062
0.197600	-1725.906829	-1601.720762	3327.627591	124.186067	5053.534420	0.987956	1.917414	-0.686368	0.658343	0.558992	-0.100175	0.434003	-0.201908	0.122277	-0.071954	-2.928046
0.197800	-1725.990854	-1601.770195	3327.761050	124.220659	5053.751904	1.012582	1.961735	0.184990	0.664123	0.557111	0.028407	0.414721	-0.229615	0.151802	-0.071971	-2.928029
0.198000	-1726.074893	-1601.819611	3327.894504	124.255282	5053.969397	1.037594	2.006076	1.073908	0.669098	0.553952	0.133678	0.394920	-0.257603	0.072489	-0.071987	-2.928013
0.198200	-1726.158945	-1601.869008	3328.027953	124.289938	5054.186898	1.062565	2.050347	1.968339	0.672954	0.549300	0.140683	0.374861	-0.285658	-0.059073	-0.072004	-2.927996
0.198400	-1726.243011	-1601.918386	3328.161397	124.324624	5054.404408	1.087075	2.094226	2.851998	0.675670	0.543145	0.044429	0.354963	-0.313463	-0.149107	-0.072020	-2.927980
0.198600	-1726.327089	-1601.967747	3328.294836	124.359342	5054.621926	1.110988	2.137380	-2.566043	0.677531	0.535686	-0.086552	0.335520	-0.340781	-0.133398	-0.072037	-2.927963
0.198800	-1726.411182	-1602.017090	3328.428271	124.394092	5054.839453	1.134552	2.179682	-1.714551	0.678928	0.527198	-0.159001	0.316516	-0.367595	-0.023016	-0.072054	-2.927946
0.199000	-1726.495287	-1602.066414	3328.561701	124.428873	5055.056988	1.158237	2.221304	-0.864247	0.680078	0.517837	-0.121328	0.297654	-0.394076	0.103559	-0.072070	-2.927930
0.199200	-1726.579406	-1602.115721	3328.695126	124.463685	5055.274532	1.182419	2.262603	-0.002157	0.680875	0.507538	-0.000337	0.278587	-0.420434	0.156327	-0.072087	-2.927913
0.199400	-1726.663538	-1602.165009	3328.828547	124.498529	5055.492084	1.207113	2.303904	0.877971	0.680968	0.496069	0.117847	0.259186	-0.446725	0.097824	-0.072104	-2.927896
0.199600	-1726.747683	-1602.214279	3328.961962	124.533404	5055.709645	1.231963	2.345292	1.770554	0.680012	0.483204	0.149102	0.239653	-0.472781	-0.030187	-0.072120	-2.927880
0.199800	-1726.831842	-1602.263531	3329.095373	124.568310	5055.927215	1.256470	2.386578	2.660661	0.677922	0.468896	0.071202	0.220396	-0.498292	-0.136455	-0.072137	-2.927863
0.200000	-1726.916013	-1602.312766	3329.228779	124.603248	5056.144793	1.280325	2.427433	-2.747654	0.674938	0.453323	-0.060360	0.201756	-0.522992	-0.145214	-0.072154	-2.927846
