#model:pLinear_up	end_point_b=0.20
#t	l_1	l_2	l_3	l_2-l_1	l_3-l_1	phase_1	phase_2	phase_3	RePsi_1	RePsi_2	RePsi_3	ImPsi_1	ImPsi_2	ImPsi_3
0.100200	-37.096183	-33.283600	70.379783	3.812582	107.475966	1.589805	1.589832	1.590676	0.821926	0.548346	0.152942	-0.015626	-0.010439	-0.003041
0.100400	-37.126473	-33.313600	70.440073	3.812872	107.566546	1.608832	1.608886	1.610573	0.821479	0.548048	0.152854	-0.031261	-0.020885	-0.006083
0.100600	-37.156762	-33.343601	70.500363	3.813162	107.657125	1.627877	1.627957	1.630487	0.820734	0.547550	0.152709	-0.046899	-0.031333	-0.009126
0.100800	-37.187051	-33.373601	70.560652	3.813451	107.747703	1.646940	1.647047	1.650418	0.819689	0.546852	0.152506	-0.062535	-0.041779	-0.012169
0.101000	-37.217340	-33.403601	70.620940	3.813739	107.838280	1.666022	1.666154	1.670367	0.818345	0.545954	0.152243	-0.078163	-0.052219	-0.015209
0.101200	-37.247628	-33.433601	70.681228	3.814027	107.928856	1.685121	1.685280	1.690331	0.816701	0.544855	0.151923	-0.093778	-0.062651	-0.018247
0.101400	-37.277915	-33.463601	70.741516	3.814315	108.019431	1.704238	1.704424	1.710312	0.814756	0.543556	0.151544	-0.109372	-0.073069	-0.021281
0.101600	-37.308202	-33.493601	70.801803	3.814602	108.110006	1.723373	1.723585	1.730308	0.812511	0.542056	0.151106	-0.124941	-0.083471	-0.024310
0.101800	-37.338489	-33.523601	70.862090	3.814888	108.200579	1.742527	1.742765	1.750320	0.809965	0.540355	0.150610	-0.140479	-0.093851	-0.027332
0.102000	-37.368775	-33.553601	70.922376	3.815174	108.291151	1.761698	1.761962	1.770347	0.807119	0.538454	0.150055	-0.155980	-0.104207	-0.030348
0.102200	-37.399061	-33.583601	70.982662	3.815460	108.381722	1.780888	1.781178	1.790388	0.803973	0.536352	0.149442	-0.171437	-0.114533	-0.033354
0.102400	-37.429346	-33.613601	71.042947	3.815745	108.472293	1.800095	1.800412	1.810445	0.800527	0.534050	0.148771	-0.186846	-0.124828	-0.036351
0.102600	-37.459631	-33.643601	71.103232	3.816030	108.562862	1.819321	1.819663	1.830515	0.796781	0.531548	0.148041	-0.202200	-0.135085	-0.039337
0.102800	-37.489915	-33.673601	71.163516	3.816314	108.653431	1.838565	1.838933	1.850599	0.792737	0.528846	0.147253	-0.217493	-0.145302	-0.042312
0.103000	-37.520199	-33.703601	71.223800	3.816598	108.743998	1.857827	1.858220	1.870696	0.788395	0.525945	0.146407	-0.232720	-0.155474	-0.045273
0.103200	-37.550482	-33.733601	71.284083	3.816881	108.834565	1.877107	1.877526	1.890807	0.783755	0.522845	0.145502	-0.247874	-0.165598	-0.048220
0.103400	-37.580765	-33.763601	71.344366	3.817164	108.925130	1.896406	1.896850	1.910931	0.778819	0.519548	0.144541	-0.262950	-0.175670	-0.051151
0.103600	-37.611047	-33.793601	71.404648	3.817446	109.015695	1.915722	1.916191	1.931067	0.773587	0.516053	0.143521	-0.277941	-0.185685	-0.054066
0.103800	-37.641329	-33.823601	71.464930	3.817728	109.106259	1.935057	1.935551	1.951215	0.768062	0.512361	0.142445	-0.292843	-0.195640	-0.056963
0.104000	-37.671610	-33.853601	71.525211	3.818009	109.196822	1.954410	1.954929	1.971375	0.762243	0.508474	0.141311	-0.307648	-0.205531	-0.059842
0.104200	-37.701891	-33.883601	71.585492	3.818290	109.287383	1.973781	1.974324	1.991547	0.756132	0.504392	0.140121	-0.322351	-0.215354	-0.062700
0.104400	-37.732172	-33.913601	71.645773	3.818570	109.377944	1.993170	1.993738	2.011730	0.749732	0.500116	0.138874	-0.336947	-0.225105	-0.065538
0.104600	-37.762452	-33.943601	71.706053	3.818850	109.468504	2.012578	2.013170	2.031924	0.743043	0.495647	0.137571	-0.351429	-0.234780	-0.068353
0.104800	-37.792731	-33.973601	71.766332	3.819130	109.559064	2.032004	2.032619	2.052128	0.736067	0.490987	0.136212	-0.365791	-0.244375	-0.071144
0.105000	-37.823010	-34.003601	71.826612	3.819409	109.649622	2.051448	2.052087	2.072343	0.728806	0.486136	0.134798	-0.380028	-0.253886	-0.073912
0.105200	-37.853289	-34.033601	71.886890	3.819688	109.740179	2.070910	2.071573	2.092568	0.721263	0.481097	0.133329	-0.394134	-0.263309	-0.076653
0.105400	-37.883567	-34.063601	71.947168	3.819966	109.830735	2.090390	2.091076	2.112803	0.713439	0.475869	0.131805	-0.408103	-0.272642	-0.079368
0.105600	-37.913845	-34.093601	72.007446	3.820243	109.921291	2.109889	2.110598	2.133047	0.705336	0.470456	0.130227	-0.421930	-0.281879	-0.082055
0.105800	-37.944122	-34.123601	72.067723	3.820521	110.011845	2.129406	2.130138	2.153301	0.696956	0.464859	0.128595	-0.435608	-0.291017	-0.084713
0.106000	-37.974399	-34.153601	72.128000	3.820797	110.102399	2.148942	2.149696	2.173563	0.688304	0.459078	0.126910	-0.449133	-0.300052	-0.087340
0.106200	-38.004675	-34.183601	72.188277	3.821074	110.192952	2.168495	2.169271	2.193834	0.679379	0.453116	0.125173	-0.462497	-0.308980	-0.089937
0.106400	-38.034951	-34.213602	72.248553	3.821350	110.283504	2.188068	2.188865	2.214113	0.670187	0.446975	0.123383	-0.475697	-0.317798	-0.092501
0.106600	-38.065226	-34.243602	72.308828	3.821625	110.374054	2.207658	2.208477	2.234400	0.660729	0.440656	0.121541	-0.488726	-0.326502	-0.095032
0.106800	-38.095501	-34.273602	72.369103	3.821900	110.464604	2.227267	2.228107	2.254694	0.651008	0.434162	0.119648	-0.501578	-0.335088	-0.097529
0.107000	-38.125776	-34.303602	72.429378	3.822174	110.555154	2.246894	2.247755	2.274997	0.641027	0.427495	0.117705	-0.514249	-0.343553	-0.099990
0.107200	-38.156050	-34.333602	72.489652	3.822448	110.645702	2.266539	2.267420	2.295306	0.630790	0.420656	0.115712	-0.526732	-0.351892	-0.102414
0.107400	-38.186324	-34.363602	72.549925	3.822722	110.736249	2.286203	2.287104	2.315623	0.620299	0.413647	0.113670	-0.539023	-0.360103	-0.104801
0.107600	-38.216597	-34.393602	72.610199	3.822995	110.826796	2.305885	2.306806	2.335946	0.609559	0.406472	0.111579	-0.551116	-0.368182	-0.107150
0.107800	-38.246870	-34.423602	72.670471	3.823268	110.917341	2.325585	2.326526	2.356275	0.598572	0.399133	0.109441	-0.563006	-0.376125	-0.109458
0.108000	-38.277142	-34.453602	72.730744	3.823540	111.007886	2.345304	2.346264	2.376611	0.587343	0.391631	0.107255	-0.574687	-0.383929	-0.111726
0.108200	-38.307414	-34.483602	72.791016	3.823812	111.098430	2.365041	2.366020	2.396953	0.575875	0.383970	0.105023	-0.586155	-0.391590	-0.113953
0.108400	-38.337685	-34.513602	72.851287	3.824083	111.188972	2.384797	2.385794	2.417300	0.564171	0.376151	0.102745	-0.597404	-0.399105	-0.116136
0.108600	-38.367956	-34.543602	72.911558	3.824354	111.279514	2.404571	2.405585	2.437653	0.552237	0.368179	0.100422	-0.608430	-0.406470	-0.118276
0.108800	-38.398227	-34.573602	72.971829	3.824625	111.370056	2.424363	2.425395	2.458011	0.540076	0.360054	0.098055	-0.619227	-0.413683	-0.120372
0.109000	-38.428497	-34.603602	73.032099	3.824895	111.460596	2.444174	2.445223	2.478374	0.527691	0.351781	0.095645	-0.629790	-0.420740	-0.122422
0.109200	-38.458767	-34.633602	73.092369	3.825165	111.551135	2.464004	2.465069	2.498741	0.515088	0.343362	0.093192	-0.640115	-0.427637	-0.124425
0.109400	-38.489036	-34.663602	73.152638	3.825434	111.641674	2.483852	2.484933	2.519114	0.502271	0.334799	0.090698	-0.650196	-0.434372	-0.126381
0.109600	-38.519305	-34.693602	73.212907	3.825703	111.732211	2.503718	2.504815	2.539490	0.489245	0.326097	0.088163	-0.660030	-0.440942	-0.128289
0.109800	-38.549573	-34.723602	73.273175	3.825971	111.822748	2.523603	2.524715	2.559871	0.476013	0.317258	0.085589	-0.669612	-0.447343	-0.130147
0.110000	-38.579841	-34.753602	73.333443	3.826239	111.913284	2.543506	2.544633	2.580256	0.462581	0.308285	0.082975	-0.678936	-0.453572	-0.131956
0.110200	-38.610108	-34.783602	73.393711	3.826506	112.003819	2.563427	2.564569	2.600645	0.448954	0.299181	0.080324	-0.688000	-0.459626	-0.133713
0.110400	-38.640376	-34.813602	73.453978	3.826773	112.094353	2.583368	2.584524	2.621037	0.435136	0.289950	0.077636	-0.696797	-0.465504	-0.135419
0.110600	-38.670642	-34.843602	73.514244	3.827040	112.184887	2.603326	2.604496	2.641433	0.421132	0.280595	0.074911	-0.705325	-0.471200	-0.137072
0.110800	-38.700908	-34.873602	73.574511	3.827306	112.275419	2.623303	2.624486	2.661832	0.406949	0.271120	0.072152	-0.713579	-0.476714	-0.138672
0.111000	-38.731174	-34.903602	73.634776	3.827572	112.365951	2.643299	2.644494	2.682234	0.392590	0.261528	0.069359	-0.721554	-0.482042	-0.140218
0.111200	-38.761440	-34.933602	73.695042	3.827837	112.456481	2.663313	2.664520	2.702639	0.378061	0.251822	0.066533	-0.729248	-0.487182	-0.141708
0.111400	-38.791704	-34.963602	73.755307	3.828102	112.547011	2.683346	2.684564	2.723046	0.363368	0.242006	0.063675	-0.736655	-0.492130	-0.143143
0.111600	-38.821969	-34.993602	73.815571	3.828367	112.637540	2.703397	2.704627	2.743457	0.348516	0.232085	0.060786	-0.743773	-0.496885	-0.144522
0.111800	-38.852233	-35.023602	73.875835	3.828631	112.728068	2.723467	2.724707	2.763869	0.333510	0.222061	0.057867	-0.750597	-0.501444	-0.145844
0.112000	-38.882497	-35.053602	73.936099	3.828894	112.818596	2.743555	2.744805	2.784285	0.318357	0.211938	0.054920	-0.757124	-0.505804	-0.147107
0.112200	-38.912760	-35.083602	73.996362	3.829158	112.909122	2.763662	2.764921	2.804702	0.303062	0.201720	0.051945	-0.763351	-0.509964	-0.148312
0.112400	-38.943023	-35.113602	74.056625	3.829420	112.999648	2.783787	2.785056	2.825121	0.287631	0.191412	0.048944	-0.769274	-0.513920	-0.149458
0.112600	-38.973285	-35.143602	74.116888	3.829683	113.090173	2.803931	2.805208	2.845543	0.272070	0.181017	0.045918	-0.774890	-0.517672	-0.150545
0.112800	-39.003547	-35.173603	74.177150	3.829945	113.180697	2.824094	2.825378	2.865966	0.256385	0.170538	0.042868	-0.780196	-0.521217	-0.151571
0.113000	-39.033809	-35.203603	74.237411	3.830206	113.271220	2.844275	2.845567	2.886391	0.240582	0.159982	0.039795	-0.785188	-0.524552	-0.152536
0.113200	-39.064070	-35.233603	74.297672	3.830467	113.361742	2.864474	2.865773	2.906818	0.224667	0.149350	0.036700	-0.789865	-0.527676	-0.153439
0.113400	-39.094331	-35.263603	74.357933	3.830728	113.452264	2.884693	2.885998	2.927246	0.208646	0.138648	0.033585	-0.794223	-0.530587	-0.154281
0.113600	-39.124591	-35.293603	74.418194	3.830988	113.542785	2.904930	2.906240	2.947676	0.192527	0.127879	0.030451	-0.798259	-0.533284	-0.155060
0.113800	-39.154851	-35.323603	74.478454	3.831248	113.633304	2.925185	2.926501	2.968107	0.176314	0.117049	0.027299	-0.801972	-0.535764	-0.155776
0.114000	-39.185110	-35.353603	74.538713	3.831508	113.723823	2.945459	2.946779	2.988540	0.160015	0.106161	0.024130	-0.805358	-0.538026	-0.156428
0.114200	-39.215369	-35.383603	74.598972	3.831767	113.814342	2.965751	2.967076	3.008974	0.143636	0.095220	0.020946	-0.808415	-0.540068	-0.157017
0.114400	-39.245628	-35.413603	74.659231	3.832025	113.904859	2.986063	2.987391	3.029409	0.127184	0.084229	0.017748	-0.811142	-0.541889	-0.157541
0.114600	-39.275886	-35.443603	74.719489	3.832284	113.995375	3.006392	3.007723	3.049846	0.110665	0.073194	0.014537	-0.813536	-0.543489	-0.158000
0.114800	-39.306144	-35.473603	74.779747	3.832541	114.085891	3.026741	3.028074	3.070283	0.094087	0.062119	0.011314	-0.815595	-0.544864	-0.158395
0.115000	-39.336402	-35.503603	74.840005	3.832799	114.176406	3.047108	3.048443	3.090722	0.077455	0.051009	0.008081	-0.817318	-0.546015	-0.158724
0.115200	-39.366659	-35.533603	74.900262	3.833056	114.266920	3.067493	3.068829	3.111162	0.060776	0.039867	0.004840	-0.818702	-0.546940	-0.158987
0.115400	-39.396915	-35.563603	74.960518	3.833312	114.357434	3.087898	3.089234	3.131602	0.044059	0.028700	0.001590	-0.819747	-0.547638	-0.159184
0.115600	-39.427172	-35.593603	75.020774	3.833569	114.447946	3.108321	3.109657	-3.131141	0.027308	0.017510	-0.001665	-0.820452	-0.548108	-0.159315
0.115800	-39.457427	-35.623603	75.081030	3.833824	114.538458	3.128762	3.130098	-3.110698	0.010532	0.006303	-0.004926	-0.820814	-0.548350	-0.159380
0.116000	-39.487683	-35.653603	75.141286	3.834080	114.628969	-3.133963	-3.132628	-3.090254	-0.006263	-0.004916	-0.008189	-0.820833	-0.548363	-0.159378
0.116200	-39.517938	-35.683603	75.201541	3.834335	114.719479	-3.113485	-3.112151	-3.069809	-0.023069	-0.016143	-0.011455	-0.820508	-0.548146	-0.159309
0.116400	-39.548192	-35.713603	75.261795	3.834589	114.809988	-3.092987	-3.091656	-3.049363	-0.039880	-0.027373	-0.014722	-0.819838	-0.547698	-0.159173
0.116600	-39.578447	-35.743603	75.322050	3.834844	114.900496	-3.072471	-3.071143	-3.028916	-0.056688	-0.038601	-0.017988	-0.818823	-0.547020	-0.158969
0.116800	-39.608700	-35.773603	75.382304	3.835097	114.991004	-3.051937	-3.050612	-3.008468	-0.073487	-0.049823	-0.021252	-0.817461	-0.546111	-0.158699
0.117000	-39.638954	-35.803603	75.442557	3.835351	115.081511	-3.031383	-3.030063	-2.988018	-0.090269	-0.061034	-0.024513	-0.815754	-0.544970	-0.158361
0.117200	-39.669207	-35.833603	75.502810	3.835604	115.172017	-3.010812	-3.009496	-2.967568	-0.107027	-0.072228	-0.027769	-0.813700	-0.543598	-0.157956
0.117400	-39.699460	-35.863603	75.563063	3.835856	115.262522	-2.990221	-2.988911	-2.947116	-0.123754	-0.083402	-0.031019	-0.811300	-0.541995	-0.157484
0.117600	-39.729712	-35.893603	75.623315	3.836108	115.353027	-2.969612	-2.968308	-2.926663	-0.140443	-0.094550	-0.034261	-0.808553	-0.540160	-0.156945
0.117800	-39.759964	-35.923603	75.683567	3.836360	115.443530	-2.948984	-2.947686	-2.906209	-0.157086	-0.105668	-0.037494	-0.805460	-0.538094	-0.156338
0.118000	-39.790215	-35.953603	75.743818	3.836612	115.534033	-2.928338	-2.927047	-2.885753	-0.173676	-0.116750	-0.040717	-0.802022	-0.535797	-0.155664
0.118200	-39.820466	-35.983603	75.804069	3.836863	115.624536	-2.907673	-2.906390	-2.865296	-0.190205	-0.127792	-0.043928	-0.798238	-0.533270	-0.154923
0.118400	-39.850717	-36.013603	75.864320	3.837113	115.715037	-2.886989	-2.885714	-2.844837	-0.206668	-0.138789	-0.047126	-0.794110	-0.530512	-0.154115
0.118600	-39.880967	-36.043603	75.924570	3.837364	115.805537	-2.866287	-2.865021	-2.824377	-0.223056	-0.149736	-0.050309	-0.789638	-0.527525	-0.153241
0.118800	-39.911217	-36.073603	75.984820	3.837613	115.896037	-2.845566	-2.844309	-2.803915	-0.239362	-0.160629	-0.053476	-0.784824	-0.524309	-0.152300
0.119000	-39.941466	-36.103603	76.045070	3.837863	115.986536	-2.824827	-2.823580	-2.783451	-0.255578	-0.171461	-0.056626	-0.779669	-0.520865	-0.151293
0.119200	-39.971715	-36.133603	76.105319	3.838112	116.077034	-2.804069	-2.802832	-2.762986	-0.271699	-0.182230	-0.059757	-0.774174	-0.517195	-0.150220
0.119400	-40.001964	-36.163604	76.165568	3.838361	116.167532	-2.783292	-2.782066	-2.742518	-0.287715	-0.192929	-0.062868	-0.768340	-0.513298	-0.149081
0.119600	-40.032213	-36.193604	76.225816	3.838609	116.258029	-2.762497	-2.761283	-2.722049	-0.303621	-0.203554	-0.065957	-0.762169	-0.509176	-0.147876
0.119800	-40.062460	-36.223604	76.286064	3.838857	116.348525	-2.741683	-2.740481	-2.701577	-0.319409	-0.214101	-0.069023	-0.755664	-0.504830	-0.146607
0.120000	-40.092708	-36.253604	76.346312	3.839104	116.439020	-2.720850	-2.719661	-2.681103	-0.335072	-0.224563	-0.072064	-0.748825	-0.500262	-0.145273
0.120200	-40.122955	-36.283604	76.406559	3.839352	116.529514	-2.699999	-2.698823	-2.660626	-0.350602	-0.234937	-0.075080	-0.741656	-0.495472	-0.143875
0.120400	-40.153202	-36.313604	76.466806	3.839598	116.620008	-2.679130	-2.677967	-2.640147	-0.365992	-0.245218	-0.078068	-0.734157	-0.490464	-0.142413
0.120600	-40.183448	-36.343604	76.527052	3.839845	116.710501	-2.658241	-2.657093	-2.619665	-0.381236	-0.255401	-0.081028	-0.726333	-0.485237	-0.140888
0.120800	-40.213694	-36.373604	76.587298	3.840091	116.800993	-2.637334	-2.636201	-2.599180	-0.396326	-0.265481	-0.083958	-0.718185	-0.479794	-0.139300
0.121000	-40.243940	-36.403604	76.647544	3.840336	116.891484	-2.616409	-2.615291	-2.578692	-0.411256	-0.275454	-0.086857	-0.709716	-0.474137	-0.137650
0.121200	-40.274185	-36.433604	76.707789	3.840582	116.981975	-2.595465	-2.594363	-2.558202	-0.426018	-0.285315	-0.089722	-0.700929	-0.468267	-0.135938
0.121400	-40.304430	-36.463604	76.768034	3.840826	117.072464	-2.574502	-2.573417	-2.537707	-0.440605	-0.295059	-0.092554	-0.691827	-0.462187	-0.134165
0.121600	-40.334675	-36.493604	76.828279	3.841071	117.162953	-2.553521	-2.552453	-2.517210	-0.455010	-0.304682	-0.095351	-0.682413	-0.455899	-0.132331
0.121800	-40.364919	-36.523604	76.888523	3.841315	117.253442	-2.532521	-2.531470	-2.496708	-0.469227	-0.314179	-0.098111	-0.672691	-0.449404	-0.130438
0.122000	-40.395163	-36.553604	76.948767	3.841559	117.343929	-2.511503	-2.510470	-2.476203	-0.483249	-0.323545	-0.100833	-0.662664	-0.442706	-0.128486
0.122200	-40.425406	-36.583604	77.009010	3.841802	117.434416	-2.490466	-2.489452	-2.455694	-0.497069	-0.332777	-0.103515	-0.652336	-0.435807	-0.126475
0.122400	-40.455649	-36.613604	77.069253	3.842045	117.524902	-2.469410	-2.468415	-2.435180	-0.510681	-0.341870	-0.106157	-0.641710	-0.428709	-0.124406
0.122600	-40.485892	-36.643604	77.129496	3.842288	117.615387	-2.448336	-2.447361	-2.414662	-0.524077	-0.350818	-0.108757	-0.630791	-0.421416	-0.122281
0.122800	-40.516134	-36.673604	77.189738	3.842530	117.705872	-2.427244	-2.426288	-2.394140	-0.537252	-0.359619	-0.111314	-0.619583	-0.413928	-0.120100
0.123000	-40.546376	-36.703604	77.249980	3.842772	117.796356	-2.406133	-2.405197	-2.373613	-0.550198	-0.368267	-0.113827	-0.608090	-0.406251	-0.117863
0.123200	-40.576617	-36.733604	77.310222	3.843013	117.886839	-2.385003	-2.384089	-2.353080	-0.562910	-0.376758	-0.116294	-0.596316	-0.398386	-0.115572
0.123400	-40.606859	-36.763604	77.370463	3.843255	117.977321	-2.363855	-2.362962	-2.332543	-0.575382	-0.385089	-0.118714	-0.584266	-0.390337	-0.113227
0.123600	-40.637099	-36.793604	77.430704	3.843495	118.067803	-2.342689	-2.341817	-2.312000	-0.587606	-0.393255	-0.121086	-0.571944	-0.382106	-0.110830
0.123800	-40.667340	-36.823604	77.490944	3.843736	118.158284	-2.321504	-2.320654	-2.291452	-0.599577	-0.401251	-0.123409	-0.559356	-0.373698	-0.108382
0.124000	-40.697580	-36.853604	77.551184	3.843976	118.248764	-2.300300	-2.299473	-2.270898	-0.611288	-0.409074	-0.125682	-0.546507	-0.365114	-0.105882
0.124200	-40.727820	-36.883604	77.611424	3.844215	118.339243	-2.279078	-2.278274	-2.250337	-0.622735	-0.416720	-0.127903	-0.533401	-0.356360	-0.103333
0.124400	-40.758059	-36.913604	77.671663	3.844455	118.429722	-2.257838	-2.257057	-2.229771	-0.633910	-0.424186	-0.130071	-0.520044	-0.347437	-0.100735
0.124600	-40.788298	-36.943604	77.731902	3.844694	118.520200	-2.236579	-2.235822	-2.209197	-0.644809	-0.431466	-0.132186	-0.506441	-0.338351	-0.098090
0.124800	-40.818536	-36.973604	77.792141	3.844932	118.610677	-2.215301	-2.214569	-2.188617	-0.655426	-0.438557	-0.134245	-0.492598	-0.329104	-0.095398
0.125000	-40.848775	-37.003604	77.852379	3.845170	118.701154	-2.194005	-2.193298	-2.168031	-0.665754	-0.445456	-0.136249	-0.478520	-0.319701	-0.092661
0.125200	-40.879013	-37.033604	77.912617	3.845408	118.791629	-2.172691	-2.172008	-2.147436	-0.675789	-0.452160	-0.138196	-0.464214	-0.310144	-0.089879
0.125400	-40.909250	-37.063604	77.972854	3.845646	118.882105	-2.151358	-2.150701	-2.126834	-0.685525	-0.458663	-0.140085	-0.449685	-0.300439	-0.087055
0.125600	-40.939487	-37.093604	78.033092	3.845883	118.972579	-2.130007	-2.129376	-2.106225	-0.694958	-0.464964	-0.141914	-0.434940	-0.290590	-0.084188
0.125800	-40.969724	-37.123604	78.093328	3.846120	119.063052	-2.108638	-2.108032	-2.085607	-0.704081	-0.471058	-0.143684	-0.419984	-0.280599	-0.081281
0.126000	-40.999960	-37.153604	78.153565	3.846356	119.153525	-2.087250	-2.086670	-2.064981	-0.712890	-0.476943	-0.145393	-0.404824	-0.270472	-0.078334
0.126200	-41.030197	-37.183604	78.213801	3.846592	119.243998	-2.065844	-2.065291	-2.044347	-0.721381	-0.482614	-0.147040	-0.389466	-0.260214	-0.075349
0.126400	-41.060432	-37.213605	78.274037	3.846828	119.334469	-2.044419	-2.043893	-2.023704	-0.729548	-0.488070	-0.148624	-0.373917	-0.249827	-0.072327
0.126600	-41.090668	-37.243605	78.334272	3.847063	119.424940	-2.022976	-2.022477	-2.003051	-0.737387	-0.493306	-0.150144	-0.358183	-0.239318	-0.069269
0.126800	-41.120903	-37.273605	78.394507	3.847298	119.515410	-2.001515	-2.001043	-1.982390	-0.744894	-0.498320	-0.151600	-0.342272	-0.228689	-0.066177
0.127000	-41.151137	-37.303605	78.454742	3.847533	119.605879	-1.980035	-1.979592	-1.961718	-0.752063	-0.503109	-0.152990	-0.326190	-0.217947	-0.063052
0.127200	-41.181372	-37.333605	78.514976	3.847767	119.696348	-1.958537	-1.958122	-1.941037	-0.758892	-0.507671	-0.154314	-0.309944	-0.207095	-0.059895
0.127400	-41.211606	-37.363605	78.575210	3.848001	119.786816	-1.937021	-1.936634	-1.920345	-0.765375	-0.512001	-0.155571	-0.293541	-0.196138	-0.056708
0.127600	-41.241839	-37.393605	78.635444	3.848234	119.877283	-1.915486	-1.915127	-1.899643	-0.771510	-0.516099	-0.156761	-0.276989	-0.185082	-0.053493
0.127800	-41.272072	-37.423605	78.695677	3.848468	119.967749	-1.893933	-1.893603	-1.878930	-0.777292	-0.519961	-0.157882	-0.260295	-0.173931	-0.050249
0.128000	-41.302305	-37.453605	78.755910	3.848701	120.058215	-1.872362	-1.872061	-1.858206	-0.782718	-0.523586	-0.158934	-0.243467	-0.162690	-0.046980
0.128200	-41.332538	-37.483605	78.816143	3.848933	120.148680	-1.850773	-1.850501	-1.837470	-0.787784	-0.526970	-0.159916	-0.226511	-0.151364	-0.043686
0.128400	-41.362770	-37.513605	78.876375	3.849165	120.239145	-1.829165	-1.828922	-1.816723	-0.792487	-0.530111	-0.160828	-0.209435	-0.139958	-0.040369
0.128600	-41.393002	-37.543605	78.936607	3.849397	120.329608	-1.807539	-1.807326	-1.795964	-0.796824	-0.533008	-0.161668	-0.192248	-0.128477	-0.037030
0.128800	-41.423233	-37.573605	78.996838	3.849628	120.420071	-1.785895	-1.785711	-1.775192	-0.800792	-0.535659	-0.162438	-0.174956	-0.116927	-0.033672
0.129000	-41.453464	-37.603605	79.057069	3.849860	120.510534	-1.764233	-1.764079	-1.754408	-0.804388	-0.538061	-0.163135	-0.157569	-0.105313	-0.030295
0.129200	-41.483695	-37.633605	79.117300	3.850090	120.600995	-1.742553	-1.742428	-1.733611	-0.807610	-0.540213	-0.163759	-0.140093	-0.093639	-0.026900
0.129400	-41.513926	-37.663605	79.177531	3.850321	120.691456	-1.720854	-1.720760	-1.712800	-0.810456	-0.542114	-0.164310	-0.122536	-0.081912	-0.023491
0.129600	-41.544156	-37.693605	79.237761	3.850551	120.781917	-1.699137	-1.699073	-1.691976	-0.812921	-0.543761	-0.164788	-0.104908	-0.070137	-0.020067
0.129800	-41.574386	-37.723605	79.297991	3.850781	120.872376	-1.677403	-1.677368	-1.671138	-0.815006	-0.545153	-0.165192	-0.087215	-0.058319	-0.016631
0.130000	-41.604615	-37.753605	79.358220	3.851010	120.962835	-1.655649	-1.655645	-1.650285	-0.816708	-0.546290	-0.165522	-0.069467	-0.046464	-0.013185
0.130200	-41.634844	-37.783605	79.418449	3.851239	121.053293	-1.633878	-1.633904	-1.629419	-0.818024	-0.547169	-0.165777	-0.051671	-0.034577	-0.009729
0.130400	-41.665073	-37.813605	79.478678	3.851468	121.143751	-1.612089	-1.612145	-1.608537	-0.818954	-0.547791	-0.165957	-0.033836	-0.022663	-0.006266
0.130600	-41.695301	-37.843605	79.538906	3.851696	121.234208	-1.590282	-1.590368	-1.587640	-0.819496	-0.548153	-0.166061	-0.015970	-0.010730	-0.002797
0.130800	-41.725529	-37.873605	79.599134	3.851924	121.324664	-1.568456	-1.568573	-1.566727	-0.819649	-0.548255	-0.166091	0.001918	0.001219	0.000676
0.131000	-41.755757	-37.903605	79.659362	3.852152	121.415119	-1.546613	-1.546760	-1.545798	-0.819412	-0.548096	-0.166045	0.019820	0.013177	0.004152
0.131200	-41.785984	-37.933605	79.719590	3.852379	121.505574	-1.524751	-1.524928	-1.524854	-0.818784	-0.547677	-0.165923	0.037727	0.025138	0.007628
0.131400	-41.816212	-37.963605	79.779817	3.852606	121.596028	-1.502872	-1.503079	-1.503892	-0.817763	-0.546995	-0.165725	0.055632	0.037098	0.011104
0.131600	-41.846438	-37.993605	79.840043	3.852833	121.686482	-1.480974	-1.481212	-1.482914	-0.816351	-0.546052	-0.165451	0.073524	0.049049	0.014578
0.131800	-41.876665	-38.023605	79.900270	3.853059	121.776934	-1.459059	-1.459326	-1.461918	-0.814546	-0.544846	-0.165101	0.091396	0.060987	0.018047
0.132000	-41.906891	-38.053605	79.960496	3.853285	121.867387	-1.437125	-1.437423	-1.440905	-0.812349	-0.543379	-0.164674	0.109239	0.072905	0.021511
0.132200	-41.937116	-38.083605	80.020722	3.853511	121.957838	-1.415174	-1.415501	-1.419874	-0.809759	-0.541649	-0.164172	0.127044	0.084798	0.024967
0.132400	-41.967342	-38.113605	80.080947	3.853736	122.048289	-1.393204	-1.393561	-1.398824	-0.806777	-0.539657	-0.163594	0.144803	0.096660	0.028414
0.132600	-41.997567	-38.143605	80.141172	3.853961	122.138739	-1.371217	-1.371604	-1.377756	-0.803403	-0.537403	-0.162940	0.162506	0.108485	0.031851
0.132800	-42.027791	-38.173605	80.201397	3.854186	122.229188	-1.349212	-1.349628	-1.356669	-0.799638	-0.534888	-0.162210	0.180145	0.120268	0.035274
0.133000	-42.058016	-38.203605	80.261621	3.854410	122.319637	-1.327189	-1.327634	-1.335562	-0.795483	-0.532113	-0.161405	0.197712	0.132002	0.038684
0.133200	-42.088240	-38.233605	80.321845	3.854634	122.410085	-1.305148	-1.305622	-1.314436	-0.790939	-0.529077	-0.160524	0.215198	0.143681	0.042078
0.133400	-42.118464	-38.263605	80.382069	3.854858	122.500533	-1.283089	-1.283592	-1.293289	-0.786006	-0.525783	-0.159568	0.232593	0.155301	0.045454
0.133600	-42.148687	-38.293605	80.442292	3.855082	122.590979	-1.261012	-1.261544	-1.272122	-0.780688	-0.522230	-0.158538	0.249890	0.166854	0.048811
0.133800	-42.178910	-38.323605	80.502516	3.855305	122.681426	-1.238917	-1.239478	-1.250935	-0.774984	-0.518421	-0.157432	0.267079	0.178336	0.052147
0.134000	-42.209133	-38.353606	80.562738	3.855527	122.771871	-1.216805	-1.217394	-1.229726	-0.768898	-0.514355	-0.156253	0.284153	0.189740	0.055461
0.134200	-42.239355	-38.383606	80.622961	3.855750	122.862316	-1.194675	-1.195292	-1.208495	-0.762430	-0.510035	-0.155000	0.301101	0.201061	0.058750
0.134400	-42.269577	-38.413606	80.683183	3.855972	122.952760	-1.172527	-1.173172	-1.187243	-0.755584	-0.505463	-0.153673	0.317916	0.212292	0.062013
0.134600	-42.299799	-38.443606	80.743405	3.856193	123.043204	-1.150361	-1.151034	-1.165968	-0.748362	-0.500638	-0.152274	0.334589	0.223429	0.065249
0.134800	-42.330020	-38.473606	80.803626	3.856415	123.133647	-1.128177	-1.128877	-1.144671	-0.740766	-0.495565	-0.150802	0.351112	0.234465	0.068455
0.135000	-42.360242	-38.503606	80.863847	3.856636	123.224089	-1.105976	-1.106703	-1.123351	-0.732800	-0.490244	-0.149259	0.367475	0.245395	0.071631
0.135200	-42.390462	-38.533606	80.924068	3.856857	123.314530	-1.083757	-1.084511	-1.102008	-0.724465	-0.484677	-0.147645	0.383671	0.256213	0.074774
0.135400	-42.420683	-38.563606	80.984288	3.857077	123.404971	-1.061520	-1.062300	-1.080640	-0.715767	-0.478866	-0.145959	0.399691	0.266913	0.077882
0.135600	-42.450903	-38.593606	81.044509	3.857297	123.495412	-1.039266	-1.040072	-1.059249	-0.706707	-0.472815	-0.144204	0.415526	0.277491	0.080955
0.135800	-42.481123	-38.623606	81.104728	3.857517	123.585851	-1.016993	-1.017825	-1.037833	-0.697289	-0.466525	-0.142380	0.431169	0.287939	0.083991
0.136000	-42.511342	-38.653606	81.164948	3.857736	123.676290	-0.994704	-0.995561	-1.016393	-0.687518	-0.459998	-0.140488	0.446611	0.298254	0.086987
0.136200	-42.541561	-38.683606	81.225167	3.857956	123.766729	-0.972396	-0.973278	-0.994927	-0.677398	-0.453238	-0.138528	0.461844	0.308428	0.089943
0.136400	-42.571780	-38.713606	81.285386	3.858174	123.857166	-0.950071	-0.950977	-0.973436	-0.666932	-0.446247	-0.136500	0.476859	0.318458	0.092857
0.136600	-42.601999	-38.743606	81.345605	3.858393	123.947603	-0.927728	-0.928659	-0.951919	-0.656125	-0.439029	-0.134407	0.491650	0.328337	0.095727
0.136800	-42.632217	-38.773606	81.405823	3.858611	124.038040	-0.905368	-0.906322	-0.930375	-0.644981	-0.431586	-0.132249	0.506207	0.338061	0.098552
0.137000	-42.662435	-38.803606	81.466041	3.858829	124.128476	-0.882990	-0.883967	-0.908805	-0.633506	-0.423921	-0.130027	0.520524	0.347623	0.101330
0.137200	-42.692652	-38.833606	81.526258	3.859047	124.218911	-0.860594	-0.861594	-0.887208	-0.621704	-0.416038	-0.127742	0.534591	0.357019	0.104060
0.137400	-42.722870	-38.863606	81.586476	3.859264	124.309345	-0.838181	-0.839203	-0.865584	-0.609580	-0.407940	-0.125394	0.548402	0.366244	0.106740
0.137600	-42.753087	-38.893606	81.646693	3.859481	124.399779	-0.815750	-0.816795	-0.843932	-0.597141	-0.399631	-0.122985	0.561949	0.375293	0.109369
0.137800	-42.783303	-38.923606	81.706909	3.859697	124.490213	-0.793302	-0.794368	-0.822252	-0.584390	-0.391114	-0.120516	0.575224	0.384160	0.111945
0.138000	-42.813520	-38.953606	81.767126	3.859914	124.580645	-0.770836	-0.771923	-0.800543	-0.571335	-0.382394	-0.117988	0.588221	0.392841	0.114467
0.138200	-42.843736	-38.983606	81.827342	3.860130	124.671077	-0.748353	-0.749460	-0.778806	-0.557980	-0.373474	-0.115402	0.600931	0.401331	0.116934
0.138400	-42.873951	-39.013606	81.887557	3.860345	124.761509	-0.725852	-0.726979	-0.757040	-0.544332	-0.364358	-0.112760	0.613348	0.409625	0.119344
0.138600	-42.904167	-39.043606	81.947773	3.860561	124.851940	-0.703334	-0.704480	-0.735244	-0.530397	-0.355050	-0.110062	0.625465	0.417718	0.121696
0.138800	-42.934382	-39.073606	82.007988	3.860776	124.942370	-0.680798	-0.681963	-0.713418	-0.516182	-0.345555	-0.107310	0.637275	0.425606	0.123988
0.139000	-42.964597	-39.103606	82.068203	3.860990	125.032799	-0.658245	-0.659428	-0.691562	-0.501692	-0.335877	-0.104505	0.648771	0.433284	0.126219
0.139200	-42.994811	-39.133606	82.128417	3.861205	125.123228	-0.635675	-0.636875	-0.669676	-0.486936	-0.326021	-0.101648	0.659946	0.440749	0.128388
0.139400	-43.025025	-39.163606	82.188631	3.861419	125.213657	-0.613086	-0.614304	-0.647758	-0.471919	-0.315991	-0.098741	0.670794	0.447995	0.130494
0.139600	-43.055239	-39.193606	82.248845	3.861633	125.304084	-0.590481	-0.591715	-0.625810	-0.456649	-0.305791	-0.095785	0.681309	0.455018	0.132535
0.139800	-43.085453	-39.223606	82.309059	3.861846	125.394511	-0.567858	-0.569108	-0.603830	-0.441133	-0.295427	-0.092782	0.691484	0.461814	0.134511
0.140000	-43.115666	-39.253606	82.369272	3.862060	125.484938	-0.545218	-0.546482	-0.581818	-0.425378	-0.284904	-0.089732	0.701314	0.468380	0.136419
0.140200	-43.145879	-39.283606	82.429485	3.862272	125.575364	-0.522560	-0.523839	-0.559773	-0.409392	-0.274227	-0.086638	0.710792	0.474711	0.138260
0.140400	-43.176091	-39.313606	82.489698	3.862485	125.665789	-0.499885	-0.501178	-0.537697	-0.393183	-0.263400	-0.083501	0.719913	0.480803	0.140031
0.140600	-43.206304	-39.343606	82.549910	3.862697	125.756214	-0.477192	-0.478499	-0.515587	-0.376758	-0.252429	-0.080322	0.728672	0.486653	0.141732
0.140800	-43.236516	-39.373606	82.610122	3.862909	125.846638	-0.454483	-0.455802	-0.493444	-0.360125	-0.241320	-0.077103	0.737062	0.492257	0.143362
0.141000	-43.266727	-39.403606	82.670334	3.863121	125.937061	-0.431755	-0.433087	-0.471268	-0.343293	-0.230077	-0.073845	0.745079	0.497612	0.144919
0.141200	-43.296939	-39.433606	82.730545	3.863332	126.027484	-0.409011	-0.410354	-0.449058	-0.326269	-0.218707	-0.070551	0.752717	0.502714	0.146403
0.141400	-43.327150	-39.463606	82.790756	3.863543	126.117906	-0.386249	-0.387603	-0.426813	-0.309063	-0.207214	-0.067221	0.759972	0.507560	0.147813
0.141600	-43.357361	-39.493606	82.850967	3.863754	126.208328	-0.363470	-0.364834	-0.404534	-0.291682	-0.195605	-0.063858	0.766840	0.512147	0.149148
0.141800	-43.387571	-39.523606	82.911178	3.863965	126.298749	-0.340673	-0.342046	-0.382221	-0.274136	-0.183885	-0.060462	0.773314	0.516471	0.150407
0.142000	-43.417781	-39.553607	82.971388	3.864175	126.389169	-0.317859	-0.319241	-0.359872	-0.256432	-0.172060	-0.057037	0.779393	0.520531	0.151589
0.142200	-43.447991	-39.583607	83.031598	3.864385	126.479589	-0.295028	-0.296418	-0.337488	-0.238581	-0.160137	-0.053582	0.785070	0.524323	0.152694
0.142400	-43.478201	-39.613607	83.091807	3.864594	126.570008	-0.272180	-0.273577	-0.315068	-0.220590	-0.148120	-0.050101	0.790342	0.527845	0.153720
0.142600	-43.508410	-39.643607	83.152017	3.864803	126.660427	-0.249314	-0.250718	-0.292612	-0.202469	-0.136017	-0.046595	0.795206	0.531093	0.154667
0.142800	-43.538619	-39.673607	83.212226	3.865012	126.750845	-0.226431	-0.227841	-0.270120	-0.184227	-0.123833	-0.043066	0.799658	0.534067	0.155535
0.143000	-43.568828	-39.703607	83.272434	3.865221	126.841262	-0.203531	-0.204946	-0.247592	-0.165874	-0.111574	-0.039515	0.803694	0.536763	0.156322
0.143200	-43.599036	-39.733607	83.332643	3.865429	126.931679	-0.180614	-0.182033	-0.225027	-0.147418	-0.099247	-0.035944	0.807313	0.539179	0.157028
0.143400	-43.629244	-39.763607	83.392851	3.865638	127.022095	-0.157679	-0.159102	-0.202425	-0.128870	-0.086858	-0.032356	0.810509	0.541315	0.157652
0.143600	-43.659452	-39.793607	83.453059	3.865845	127.112511	-0.134727	-0.136153	-0.179785	-0.110239	-0.074414	-0.028752	0.813282	0.543167	0.158195
0.143800	-43.689660	-39.823607	83.513266	3.866053	127.202926	-0.111758	-0.113186	-0.157108	-0.091534	-0.061921	-0.025133	0.815628	0.544734	0.158655
0.144000	-43.719867	-39.853607	83.573474	3.866260	127.293340	-0.088772	-0.090201	-0.134393	-0.072766	-0.049385	-0.021502	0.817546	0.546014	0.159032
0.144200	-43.750074	-39.883607	83.633681	3.866467	127.383754	-0.065768	-0.067199	-0.111641	-0.053944	-0.036814	-0.017862	0.819032	0.547007	0.159326
0.144400	-43.780280	-39.913607	83.693887	3.866674	127.474168	-0.042747	-0.044178	-0.088850	-0.035078	-0.024212	-0.014212	0.820086	0.547711	0.159536
0.144600	-43.810487	-39.943607	83.754094	3.866880	127.564580	-0.019709	-0.021139	-0.066020	-0.016177	-0.011589	-0.010556	0.820706	0.548126	0.159662
0.144800	-43.840693	-39.973607	83.814300	3.867086	127.654992	0.003346	0.001918	-0.043152	0.002747	0.001051	-0.006896	0.820891	0.548249	0.159704
0.145000	-43.870899	-40.003607	83.874505	3.867292	127.745404	0.026419	0.024992	-0.020245	0.021685	0.013701	-0.003233	0.820639	0.548080	0.159662
0.145200	-43.901104	-40.033607	83.934711	3.867497	127.835815	0.049509	0.048085	0.002700	0.040628	0.026353	0.000431	0.819949	0.547620	0.159534
0.145400	-43.931309	-40.063607	83.994916	3.867702	127.926225	0.072615	0.071195	0.025686	0.059564	0.039000	0.004093	0.818821	0.546866	0.159323
0.145600	-43.961514	-40.093607	84.055121	3.867907	128.016635	0.095740	0.094324	0.048710	0.078484	0.051637	0.007752	0.817255	0.545820	0.159026
0.145800	-43.991719	-40.123607	84.115326	3.868112	128.107044	0.118881	0.117470	0.071774	0.097377	0.064256	0.011406	0.815249	0.544481	0.158644
0.146000	-44.021923	-40.153607	84.175530	3.868316	128.197453	0.142040	0.140635	0.094878	0.116233	0.076851	0.015053	0.812805	0.542848	0.158178
0.146200	-44.052127	-40.183607	84.235734	3.868520	128.287861	0.165215	0.163817	0.118022	0.135043	0.089414	0.018690	0.809923	0.540923	0.157627
0.146400	-44.082331	-40.213607	84.295938	3.868724	128.378268	0.188408	0.187017	0.141206	0.153795	0.101938	0.022317	0.806603	0.538705	0.156991
0.146600	-44.112534	-40.243607	84.356141	3.868927	128.468675	0.211618	0.210236	0.164430	0.172479	0.114418	0.025930	0.802845	0.536196	0.156271
0.146800	-44.142737	-40.273607	84.416344	3.869130	128.559082	0.234846	0.233472	0.187694	0.191086	0.126846	0.029528	0.798652	0.533395	0.155467
0.147000	-44.172940	-40.303607	84.476547	3.869333	128.649488	0.258090	0.256726	0.210998	0.209604	0.139215	0.033109	0.794023	0.530303	0.154578
0.147200	-44.203143	-40.333607	84.536750	3.869536	128.739893	0.281352	0.279998	0.234343	0.228025	0.151518	0.036670	0.788961	0.526923	0.153606
0.147400	-44.233345	-40.363607	84.596952	3.869738	128.830297	0.304631	0.303288	0.257729	0.246336	0.163748	0.040211	0.783468	0.523254	0.152550
0.147600	-44.263547	-40.393607	84.657154	3.869940	128.920702	0.327927	0.326596	0.281155	0.264529	0.175899	0.043729	0.777545	0.519297	0.151412
0.147800	-44.293749	-40.423607	84.717356	3.870142	129.011105	0.351241	0.349921	0.304622	0.282593	0.187964	0.047221	0.771195	0.515056	0.150190
0.148000	-44.323950	-40.453607	84.777558	3.870343	129.101508	0.374571	0.373265	0.328130	0.300517	0.199936	0.050687	0.764419	0.510531	0.148887
0.148200	-44.354152	-40.483607	84.837759	3.870544	129.191910	0.397919	0.396627	0.351678	0.318292	0.211808	0.054123	0.757222	0.505723	0.147502
0.148400	-44.384352	-40.513607	84.897960	3.870745	129.282312	0.421284	0.420006	0.375267	0.335908	0.223574	0.057529	0.749605	0.500636	0.146036
0.148600	-44.414553	-40.543607	84.958160	3.870946	129.372714	0.444666	0.443404	0.398897	0.353354	0.235227	0.060902	0.741572	0.495271	0.144490
0.148800	-44.444753	-40.573607	85.018361	3.871146	129.463114	0.468066	0.466819	0.422568	0.370621	0.246759	0.064240	0.733127	0.489630	0.142864
0.149000	-44.474954	-40.603607	85.078561	3.871346	129.553514	0.491482	0.490252	0.446280	0.387699	0.258165	0.067541	0.724273	0.483716	0.141159
0.149200	-44.505153	-40.633607	85.138761	3.871546	129.643914	0.514916	0.513703	0.470032	0.404577	0.269438	0.070804	0.715014	0.477532	0.139376
0.149400	-44.535353	-40.663607	85.198960	3.871745	129.734313	0.538368	0.537172	0.493825	0.421246	0.280572	0.074026	0.705354	0.471080	0.137515
0.149600	-44.565552	-40.693607	85.259159	3.871945	129.824712	0.561836	0.560659	0.517659	0.437697	0.291559	0.077206	0.695298	0.464364	0.135578
0.149800	-44.595751	-40.723607	85.319358	3.872144	129.915109	0.585322	0.584164	0.541533	0.453919	0.302394	0.080342	0.684850	0.457386	0.133566
0.150000	-44.625950	-40.753607	85.379557	3.872342	130.005507	0.608825	0.607687	0.565448	0.469904	0.313070	0.083432	0.674015	0.450149	0.131478
0.150200	-44.656148	-40.783607	85.439756	3.872541	130.095904	0.632345	0.631227	0.589403	0.485641	0.323581	0.086473	0.662799	0.442658	0.129317
0.150400	-44.686346	-40.813608	85.499954	3.872739	130.186300	0.655882	0.654786	0.613399	0.501121	0.333921	0.089466	0.651206	0.434915	0.127084
0.150600	-44.716544	-40.843608	85.560152	3.872937	130.276696	0.679437	0.678362	0.637435	0.516336	0.344083	0.092406	0.639243	0.426925	0.124778
0.150800	-44.746742	-40.873608	85.620349	3.873134	130.367091	0.703009	0.701957	0.661511	0.531276	0.354061	0.095294	0.626914	0.418691	0.122403
0.151000	-44.776939	-40.903608	85.680547	3.873331	130.457485	0.726599	0.725569	0.685627	0.545932	0.363850	0.098127	0.614227	0.410217	0.119958
0.151200	-44.807136	-40.933608	85.740744	3.873528	130.547880	0.750205	0.749199	0.709783	0.560295	0.373443	0.100903	0.601188	0.401508	0.117445
0.151400	-44.837333	-40.963608	85.800940	3.873725	130.638273	0.773829	0.772847	0.733978	0.574357	0.382835	0.103620	0.587802	0.392567	0.114865
0.151600	-44.867529	-40.993608	85.861137	3.873922	130.728666	0.797471	0.796513	0.758212	0.588109	0.392019	0.106278	0.574077	0.383401	0.112220
0.151800	-44.897725	-41.023608	85.921333	3.874118	130.819059	0.821129	0.820196	0.782486	0.601542	0.400991	0.108874	0.560020	0.374012	0.109510
0.152000	-44.927921	-41.053608	85.981529	3.874314	130.909451	0.844805	0.843898	0.806799	0.614648	0.409745	0.111407	0.545638	0.364406	0.106738
0.152200	-44.958117	-41.083608	86.041725	3.874509	130.999842	0.868499	0.867617	0.831150	0.627420	0.418275	0.113875	0.530937	0.354587	0.103905
0.152400	-44.988313	-41.113608	86.101920	3.874705	131.090233	0.892210	0.891355	0.855540	0.639848	0.426576	0.116277	0.515927	0.344562	0.101011
0.152600	-45.018508	-41.143608	86.162115	3.874900	131.180623	0.915938	0.915110	0.879967	0.651926	0.434643	0.118611	0.500614	0.334334	0.098060
0.152800	-45.048703	-41.173608	86.222310	3.875095	131.271013	0.939683	0.938883	0.904433	0.663646	0.442470	0.120876	0.485006	0.323910	0.095051
0.153000	-45.078897	-41.203608	86.282505	3.875289	131.361402	0.963446	0.962674	0.928936	0.674999	0.450054	0.123070	0.469112	0.313295	0.091987
0.153200	-45.109091	-41.233608	86.342699	3.875484	131.451791	0.987227	0.986483	0.953477	0.685980	0.457387	0.125192	0.452940	0.302494	0.088870
0.153400	-45.139286	-41.263608	86.402893	3.875678	131.542179	1.011025	1.010309	0.978054	0.696580	0.464467	0.127241	0.436499	0.291513	0.085701
0.153600	-45.169479	-41.293608	86.463087	3.875871	131.632567	1.034840	1.034154	1.002668	0.706794	0.471289	0.129214	0.419797	0.280358	0.082481
0.153800	-45.199673	-41.323608	86.523281	3.876065	131.722954	1.058673	1.058016	1.027318	0.716613	0.477847	0.131112	0.402844	0.269035	0.079213
0.154000	-45.229866	-41.353608	86.583474	3.876258	131.813340	1.082523	1.081897	1.052004	0.726032	0.484138	0.132932	0.385648	0.257550	0.075899
0.154200	-45.260059	-41.383608	86.643667	3.876451	131.903726	1.106391	1.105795	1.076725	0.735045	0.490157	0.134674	0.368219	0.245909	0.072539
0.154400	-45.290252	-41.413608	86.703860	3.876644	131.994112	1.130276	1.129711	1.101481	0.743644	0.495901	0.136335	0.350566	0.234119	0.069136
0.154600	-45.320444	-41.443608	86.764052	3.876836	132.084497	1.154179	1.153644	1.126272	0.751826	0.501365	0.137917	0.332699	0.222185	0.065692
0.154800	-45.350637	-41.473608	86.824245	3.877029	132.174881	1.178099	1.177596	1.151097	0.759583	0.506546	0.139416	0.314627	0.210116	0.062209
0.155000	-45.380829	-41.503608	86.884437	3.877221	132.265265	1.202037	1.201566	1.175956	0.766910	0.511440	0.140832	0.296362	0.197916	0.058688
0.155200	-45.411020	-41.533608	86.944628	3.877412	132.355649	1.225993	1.225553	1.200848	0.773802	0.516043	0.142164	0.277911	0.185593	0.055132
0.155400	-45.441212	-41.563608	87.004820	3.877604	132.446032	1.249966	1.249558	1.225772	0.780255	0.520353	0.143411	0.259287	0.173155	0.051542
0.155600	-45.471403	-41.593608	87.065011	3.877795	132.536414	1.273957	1.273581	1.250729	0.786263	0.524365	0.144572	0.240499	0.160606	0.047920
0.155800	-45.501594	-41.623608	87.125202	3.877986	132.626796	1.297965	1.297622	1.275717	0.791822	0.528078	0.145647	0.221558	0.147956	0.044270
0.156000	-45.531784	-41.653608	87.185393	3.878176	132.717177	1.321991	1.321681	1.300737	0.796927	0.531488	0.146634	0.202475	0.135210	0.040591
0.156200	-45.561975	-41.683608	87.245583	3.878367	132.807558	1.346035	1.345758	1.325787	0.801576	0.534593	0.147532	0.183260	0.122377	0.036888
0.156400	-45.592165	-41.713608	87.305773	3.878557	132.897938	1.370096	1.369852	1.350867	0.805763	0.537389	0.148342	0.163924	0.109463	0.033161
0.156600	-45.622355	-41.743608	87.365963	3.878747	132.988318	1.394175	1.393965	1.375977	0.809486	0.539876	0.149062	0.144478	0.096475	0.029413
0.156800	-45.652545	-41.773608	87.426153	3.878936	133.078697	1.418272	1.418095	1.401116	0.812742	0.542050	0.149692	0.124933	0.083421	0.025646
0.157000	-45.682734	-41.803608	87.486342	3.879126	133.169076	1.442387	1.442243	1.426284	0.815526	0.543910	0.150231	0.105301	0.070309	0.021863
0.157200	-45.712923	-41.833608	87.546531	3.879315	133.259454	1.466519	1.466409	1.451479	0.817838	0.545454	0.150678	0.085592	0.057146	0.018064
0.157400	-45.743112	-41.863608	87.606720	3.879504	133.349832	1.490669	1.490592	1.476701	0.819673	0.546680	0.151034	0.065819	0.043940	0.014254
0.157600	-45.773300	-41.893608	87.666909	3.879692	133.440209	1.514837	1.514794	1.501950	0.821031	0.547586	0.151297	0.045992	0.030698	0.010433
0.157800	-45.803489	-41.923608	87.727097	3.879881	133.530586	1.539023	1.539013	1.527225	0.821909	0.548173	0.151468	0.026124	0.017428	0.006604
0.158000	-45.833677	-41.953608	87.787285	3.880069	133.620962	1.563226	1.563251	1.552525	0.822306	0.548438	0.151546	0.006225	0.004138	0.002769
0.158200	-45.863865	-41.983608	87.847473	3.880256	133.711338	1.587447	1.587506	1.577850	0.822220	0.548380	0.151530	-0.013692	-0.009164	-0.001069
0.158400	-45.894052	-42.013608	87.907661	3.880444	133.801713	1.611687	1.611779	1.603199	0.821650	0.548000	0.151422	-0.033616	-0.022471	-0.004908
0.158600	-45.924240	-42.043608	87.967848	3.880631	133.892088	1.635944	1.636070	1.628571	0.820596	0.547296	0.151220	-0.053536	-0.035775	-0.008746
0.158800	-45.954427	-42.073608	88.028035	3.880818	133.982462	1.660219	1.660378	1.653966	0.819057	0.546268	0.150924	-0.073438	-0.049067	-0.012581
0.159000	-45.984614	-42.103608	88.088222	3.881005	134.072836	1.684512	1.684705	1.679383	0.817033	0.544916	0.150535	-0.093312	-0.062340	-0.016411
0.159200	-46.014800	-42.133608	88.148409	3.881192	134.163209	1.708823	1.709049	1.704822	0.814524	0.543241	0.150052	-0.113146	-0.075587	-0.020232
0.159400	-46.044986	-42.163608	88.208595	3.881378	134.253581	1.733152	1.733412	1.730281	0.811531	0.541241	0.149476	-0.132927	-0.088798	-0.024043
0.159600	-46.075173	-42.193609	88.268781	3.881564	134.343954	1.757499	1.757792	1.755760	0.808054	0.538919	0.148806	-0.152643	-0.101967	-0.027842
0.159800	-46.105358	-42.223609	88.328967	3.881750	134.434325	1.781864	1.782190	1.781259	0.804094	0.536274	0.148043	-0.172284	-0.115084	-0.031626
0.160000	-46.135544	-42.253609	88.389153	3.881935	134.524697	1.806247	1.806605	1.806776	0.799652	0.533308	0.147188	-0.191837	-0.128143	-0.035393
0.160200	-46.165729	-42.283609	88.449338	3.882121	134.615067	1.830648	1.831039	1.832311	0.794731	0.530021	0.146240	-0.211289	-0.141135	-0.039140
0.160400	-46.195914	-42.313609	88.509523	3.882306	134.705437	1.855067	1.855491	1.857863	0.789332	0.526415	0.145199	-0.230630	-0.154052	-0.042866
0.160600	-46.226099	-42.343609	88.569708	3.882491	134.795807	1.879505	1.879960	1.883432	0.783457	0.522491	0.144067	-0.249847	-0.166887	-0.046568
0.160800	-46.256284	-42.373609	88.629892	3.882675	134.886176	1.903960	1.904447	1.909016	0.777108	0.518251	0.142844	-0.268929	-0.179631	-0.050243
0.161000	-46.286468	-42.403609	88.690077	3.882859	134.976545	1.928434	1.928952	1.934616	0.770289	0.513697	0.141529	-0.287863	-0.192276	-0.053890
0.161200	-46.316652	-42.433609	88.750261	3.883044	135.066913	1.952925	1.953475	1.960230	0.763003	0.508831	0.140125	-0.306638	-0.204816	-0.057506
0.161400	-46.346836	-42.463609	88.810445	3.883227	135.157281	1.977435	1.978016	1.985858	0.755252	0.503654	0.138631	-0.325242	-0.217241	-0.061090
0.161600	-46.377020	-42.493609	88.870628	3.883411	135.247648	2.001963	2.002575	2.011499	0.747041	0.498170	0.137049	-0.343664	-0.229545	-0.064638
0.161800	-46.407203	-42.523609	88.930812	3.883594	135.338015	2.026510	2.027151	2.037152	0.738373	0.492381	0.135378	-0.361892	-0.241718	-0.068148
0.162000	-46.437386	-42.553609	88.990995	3.883777	135.428381	2.051074	2.051746	2.062817	0.729254	0.486291	0.133620	-0.379915	-0.253755	-0.071619
0.162200	-46.467569	-42.583609	89.051178	3.883960	135.518747	2.075657	2.076358	2.088493	0.719686	0.479901	0.131776	-0.397721	-0.265647	-0.075047
0.162400	-46.497752	-42.613609	89.111360	3.884143	135.609112	2.100259	2.100988	2.114179	0.709676	0.473215	0.129847	-0.415299	-0.277387	-0.078432
0.162600	-46.527934	-42.643609	89.171543	3.884325	135.699477	2.124878	2.125636	2.139875	0.699227	0.466237	0.127833	-0.432637	-0.288966	-0.081771
0.162800	-46.558116	-42.673609	89.231725	3.884507	135.789841	2.149516	2.150302	2.165579	0.688347	0.458970	0.125735	-0.449725	-0.300379	-0.085061
0.163000	-46.588298	-42.703609	89.291907	3.884689	135.880205	2.174172	2.174986	2.191292	0.677040	0.451419	0.123556	-0.466551	-0.311617	-0.088300
0.163200	-46.618480	-42.733609	89.352089	3.884871	135.970568	2.198847	2.199688	2.217012	0.665312	0.443586	0.121295	-0.483105	-0.322673	-0.091487
0.163400	-46.648661	-42.763609	89.412270	3.885052	136.060931	2.223540	2.224407	2.242739	0.653170	0.435477	0.118955	-0.499376	-0.333540	-0.094619
0.163600	-46.678842	-42.793609	89.472451	3.885233	136.151294	2.248251	2.249145	2.268472	0.640620	0.427095	0.116536	-0.515354	-0.344210	-0.097695
0.163800	-46.709023	-42.823609	89.532632	3.885414	136.241656	2.272981	2.273900	2.294211	0.627669	0.418446	0.114040	-0.531027	-0.354678	-0.100712
0.164000	-46.739204	-42.853609	89.592813	3.885595	136.332017	2.297729	2.298673	2.319955	0.614325	0.409533	0.111468	-0.546386	-0.364936	-0.103668
0.164200	-46.769384	-42.883609	89.652993	3.885775	136.422378	2.322496	2.323465	2.345703	0.600593	0.400363	0.108821	-0.561420	-0.374977	-0.106561
0.164400	-46.799565	-42.913609	89.713174	3.885956	136.512738	2.347281	2.348274	2.371455	0.586483	0.390939	0.106101	-0.576120	-0.384794	-0.109390
0.164600	-46.829745	-42.943609	89.773354	3.886136	136.603098	2.372085	2.373101	2.397209	0.572001	0.381267	0.103310	-0.590476	-0.394382	-0.112153
0.164800	-46.859924	-42.973609	89.833533	3.886315	136.693458	2.396908	2.397946	2.422967	0.557157	0.371353	0.100449	-0.604477	-0.403733	-0.114847
0.165000	-46.890104	-43.003609	89.893713	3.886495	136.783817	2.421749	2.422808	2.448726	0.541959	0.361203	0.097520	-0.618115	-0.412841	-0.117470
0.165200	-46.920283	-43.033609	89.953892	3.886674	136.874175	2.446608	2.447689	2.474486	0.526414	0.350821	0.094524	-0.631381	-0.421700	-0.120022
0.165400	-46.950462	-43.063609	90.014071	3.886853	136.964534	2.471486	2.472588	2.500248	0.510533	0.340215	0.091464	-0.644264	-0.430305	-0.122501
0.165600	-46.980641	-43.093609	90.074250	3.887032	137.054891	2.496383	2.497504	2.526009	0.494324	0.329389	0.088340	-0.656757	-0.438648	-0.124904
0.165800	-47.010820	-43.123609	90.134429	3.887210	137.145248	2.521298	2.522439	2.551770	0.477796	0.318351	0.085155	-0.668851	-0.446725	-0.127230
0.166000	-47.040998	-43.153609	90.194607	3.887389	137.235605	2.546232	2.547391	2.577531	0.460960	0.307107	0.081910	-0.680537	-0.454530	-0.129477
0.166200	-47.071176	-43.183609	90.254785	3.887567	137.325961	2.571185	2.572361	2.603289	0.443825	0.295663	0.078608	-0.691807	-0.462057	-0.131644
0.166400	-47.101354	-43.213609	90.314963	3.887745	137.416317	2.596156	2.597350	2.629046	0.426401	0.284026	0.075250	-0.702653	-0.469301	-0.133729
0.166600	-47.131531	-43.243609	90.375141	3.887922	137.506672	2.621146	2.622356	2.654801	0.408699	0.272204	0.071839	-0.713068	-0.476256	-0.135731
0.166800	-47.161709	-43.273609	90.435318	3.888100	137.597027	2.646155	2.647380	2.680553	0.390729	0.260202	0.068376	-0.723044	-0.482919	-0.137648
0.167000	-47.191886	-43.303609	90.495495	3.888277	137.687381	2.671182	2.672422	2.706302	0.372501	0.248029	0.064864	-0.732574	-0.489283	-0.139480
0.167200	-47.222063	-43.333609	90.555672	3.888454	137.777735	2.696228	2.697482	2.732047	0.354027	0.235691	0.061304	-0.741650	-0.495345	-0.141223
0.167400	-47.252240	-43.363609	90.615849	3.888630	137.868089	2.721293	2.722560	2.757787	0.335318	0.223196	0.057699	-0.750267	-0.501100	-0.142879
0.167600	-47.282416	-43.393609	90.676025	3.888807	137.958442	2.746377	2.747656	2.783524	0.316386	0.210552	0.054051	-0.758417	-0.506543	-0.144444
0.167800	-47.312592	-43.423609	90.736202	3.888983	138.048794	2.771479	2.772770	2.809255	0.297240	0.197765	0.050362	-0.766095	-0.511671	-0.145918
0.168000	-47.342768	-43.453609	90.796378	3.889159	138.139146	2.796600	2.797902	2.834981	0.277894	0.184845	0.046635	-0.773295	-0.516479	-0.147300
0.168200	-47.372944	-43.483609	90.856554	3.889335	138.229498	2.821740	2.823052	2.860701	0.258359	0.171799	0.042871	-0.780010	-0.520964	-0.148588
0.168400	-47.403120	-43.513609	90.916729	3.889510	138.319849	2.846899	2.848220	2.886416	0.238647	0.158634	0.039073	-0.786236	-0.525122	-0.149783
0.168600	-47.433295	-43.543609	90.976904	3.889686	138.410200	2.872077	2.873406	2.912124	0.218771	0.145359	0.035243	-0.791968	-0.528950	-0.150882
0.168800	-47.463470	-43.573609	91.037080	3.889861	138.500550	2.897273	2.898610	2.937825	0.198742	0.131983	0.031385	-0.797202	-0.532445	-0.151884
0.169000	-47.493645	-43.603609	91.097254	3.890036	138.590900	2.922489	2.923831	2.963520	0.178573	0.118513	0.027499	-0.801931	-0.535604	-0.152790
0.169200	-47.523820	-43.633609	91.157429	3.890210	138.681249	2.947723	2.949071	2.989207	0.158277	0.104958	0.023589	-0.806153	-0.538424	-0.153598
0.169400	-47.553994	-43.663610	91.217604	3.890385	138.771598	2.972976	2.974329	3.014887	0.137866	0.091327	0.019657	-0.809864	-0.540902	-0.154307
0.169600	-47.584168	-43.693610	91.277778	3.890559	138.861946	2.998248	2.999605	3.040559	0.117353	0.077627	0.015705	-0.813061	-0.543037	-0.154918
0.169800	-47.614342	-43.723610	91.337952	3.890733	138.952294	3.023539	3.024899	3.066223	0.096751	0.063868	0.011737	-0.815739	-0.544825	-0.155428
0.170000	-47.644516	-43.753610	91.398126	3.890906	139.042641	3.048849	3.050211	3.091880	0.076073	0.050058	0.007754	-0.817896	-0.546266	-0.155838
0.170200	-47.674689	-43.783610	91.458299	3.891080	139.132988	3.074178	3.075541	3.117528	0.055332	0.036207	0.003758	-0.819531	-0.547358	-0.156147
0.170400	-47.704863	-43.813610	91.518472	3.891253	139.223335	3.099525	3.100888	-3.140018	0.034542	0.022322	-0.000246	-0.820640	-0.548099	-0.156355
0.170600	-47.735036	-43.843610	91.578645	3.891426	139.313681	3.124892	3.126254	-3.114387	0.013716	0.008413	-0.004258	-0.821222	-0.548487	-0.156461
0.170800	-47.765209	-43.873610	91.638818	3.891599	139.404027	-3.132908	-3.131547	-3.088765	-0.007133	-0.005511	-0.008273	-0.821275	-0.548523	-0.156466
0.171000	-47.795381	-43.903610	91.698991	3.891772	139.494372	-3.107503	-3.106145	-3.063152	-0.027991	-0.019441	-0.012291	-0.820798	-0.548204	-0.156368
0.171200	-47.825554	-43.933610	91.759163	3.891944	139.584717	-3.082080	-3.080725	-3.037547	-0.048846	-0.033368	-0.016307	-0.819790	-0.547531	-0.156168
0.171400	-47.855726	-43.963610	91.819335	3.892116	139.675061	-3.056638	-3.055287	-3.011952	-0.069682	-0.047284	-0.020320	-0.818251	-0.546504	-0.155866
0.171600	-47.885898	-43.993610	91.879507	3.892288	139.765405	-3.031176	-3.029830	-2.986366	-0.090488	-0.061179	-0.024327	-0.816181	-0.545121	-0.155461
0.171800	-47.916069	-44.023610	91.939679	3.892460	139.855749	-3.005696	-3.004356	-2.960789	-0.111248	-0.075044	-0.028326	-0.813580	-0.543384	-0.154954
0.172000	-47.946241	-44.053610	91.999851	3.892631	139.946092	-2.980197	-2.978864	-2.935221	-0.131951	-0.088870	-0.032313	-0.810449	-0.541293	-0.154345
0.172200	-47.976412	-44.083610	92.060022	3.892802	140.036434	-2.954679	-2.953354	-2.909662	-0.152581	-0.102647	-0.036285	-0.806787	-0.538847	-0.153634
0.172400	-48.006583	-44.113610	92.120193	3.892973	140.126776	-2.929141	-2.927825	-2.884112	-0.173125	-0.116368	-0.040242	-0.802598	-0.536049	-0.152821
0.172600	-48.036754	-44.143610	92.180364	3.893144	140.217118	-2.903585	-2.902278	-2.858572	-0.193571	-0.130022	-0.044179	-0.797882	-0.532900	-0.151907
0.172800	-48.066925	-44.173610	92.240535	3.893315	140.307459	-2.878010	-2.876714	-2.833040	-0.213903	-0.143601	-0.048094	-0.792641	-0.529400	-0.150891
0.173000	-48.097095	-44.203610	92.300705	3.893485	140.397800	-2.852416	-2.851131	-2.807518	-0.234109	-0.157095	-0.051985	-0.786877	-0.525551	-0.149775
0.173200	-48.127265	-44.233610	92.360875	3.893655	140.488141	-2.826803	-2.825530	-2.782005	-0.254174	-0.170496	-0.055848	-0.780594	-0.521354	-0.148559
0.173400	-48.157435	-44.263610	92.421045	3.893825	140.578480	-2.801171	-2.799911	-2.756500	-0.274087	-0.183794	-0.059682	-0.773794	-0.516813	-0.147244
0.173600	-48.187605	-44.293610	92.481215	3.893995	140.668820	-2.775520	-2.774274	-2.731004	-0.293832	-0.196981	-0.063484	-0.766481	-0.511929	-0.145829
0.173800	-48.217775	-44.323610	92.541385	3.894165	140.759159	-2.749850	-2.748619	-2.705517	-0.313397	-0.210047	-0.067251	-0.758659	-0.506705	-0.144317
0.174000	-48.247944	-44.353610	92.601554	3.894334	140.849498	-2.724161	-2.722946	-2.680039	-0.332768	-0.222984	-0.070980	-0.750331	-0.501143	-0.142707
0.174200	-48.278113	-44.383610	92.661723	3.894503	140.939836	-2.698454	-2.697255	-2.654569	-0.351932	-0.235782	-0.074670	-0.741501	-0.495247	-0.141001
0.174400	-48.308282	-44.413610	92.721892	3.894672	141.030174	-2.672727	-2.671545	-2.629107	-0.370876	-0.248434	-0.078317	-0.732176	-0.489019	-0.139199
0.174600	-48.338451	-44.443610	92.782061	3.894840	141.120511	-2.646981	-2.645817	-2.603653	-0.389588	-0.260930	-0.081919	-0.722360	-0.482463	-0.137302
0.174800	-48.368619	-44.473610	92.842229	3.895009	141.210848	-2.621216	-2.620072	-2.578207	-0.408053	-0.273262	-0.085474	-0.712058	-0.475583	-0.135312
0.175000	-48.398787	-44.503610	92.902397	3.895177	141.301184	-2.595433	-2.594308	-2.552769	-0.426259	-0.285421	-0.088978	-0.701276	-0.468383	-0.133230
0.175200	-48.428955	-44.533610	92.962565	3.895345	141.391521	-2.569630	-2.568526	-2.527338	-0.444194	-0.297399	-0.092431	-0.690021	-0.460866	-0.131057
0.175400	-48.459123	-44.563610	93.022733	3.895513	141.481856	-2.543809	-2.542725	-2.501914	-0.461845	-0.309187	-0.095828	-0.678298	-0.453037	-0.128794
0.175600	-48.489291	-44.593610	93.082901	3.895680	141.572191	-2.517968	-2.516907	-2.476497	-0.479200	-0.320777	-0.099169	-0.666116	-0.444901	-0.126442
0.175800	-48.519458	-44.623610	93.143068	3.895848	141.662526	-2.492109	-2.491070	-2.451087	-0.496246	-0.332161	-0.102450	-0.653480	-0.436463	-0.124003
0.176000	-48.549625	-44.653610	93.203235	3.896015	141.752860	-2.466231	-2.465216	-2.425684	-0.512972	-0.343331	-0.105669	-0.640399	-0.427727	-0.121478
0.176200	-48.579792	-44.683610	93.263402	3.896182	141.843194	-2.440334	-2.439343	-2.400286	-0.529364	-0.354278	-0.108824	-0.626880	-0.418699	-0.118869
0.176400	-48.609959	-44.713610	93.323569	3.896349	141.933528	-2.414418	-2.413452	-2.374894	-0.545413	-0.364996	-0.111912	-0.612932	-0.409384	-0.116178
0.176600	-48.640125	-44.743610	93.383736	3.896515	142.023861	-2.388483	-2.387543	-2.349508	-0.561106	-0.375476	-0.114932	-0.598563	-0.399787	-0.113405
0.176800	-48.670292	-44.773610	93.443902	3.896681	142.114194	-2.362530	-2.361615	-2.324127	-0.576431	-0.385711	-0.117882	-0.583782	-0.389916	-0.110554
0.177000	-48.700458	-44.803610	93.504068	3.896848	142.204526	-2.336557	-2.335670	-2.298750	-0.591379	-0.395694	-0.120758	-0.568597	-0.379775	-0.107624
0.177200	-48.730624	-44.833610	93.564234	3.897013	142.294858	-2.310566	-2.309706	-2.273379	-0.605937	-0.405416	-0.123559	-0.553019	-0.369372	-0.104619
0.177400	-48.760789	-44.863610	93.624400	3.897179	142.385189	-2.284556	-2.283724	-2.248011	-0.620096	-0.414872	-0.126284	-0.537057	-0.358712	-0.101540
0.177600	-48.790955	-44.893610	93.684565	3.897345	142.475520	-2.258527	-2.257724	-2.222647	-0.633845	-0.424054	-0.128929	-0.520721	-0.347802	-0.098389
0.177800	-48.821120	-44.923610	93.744730	3.897510	142.565851	-2.232479	-2.231705	-2.197286	-0.647173	-0.432955	-0.131493	-0.504021	-0.336649	-0.095169
0.178000	-48.851285	-44.953610	93.804895	3.897675	142.656181	-2.206413	-2.205669	-2.171928	-0.660071	-0.441568	-0.133975	-0.486968	-0.325261	-0.091880
0.178200	-48.881450	-44.983610	93.865060	3.897840	142.746510	-2.180327	-2.179614	-2.146573	-0.672529	-0.449888	-0.136371	-0.469574	-0.313644	-0.088525
0.178400	-48.911615	-45.013610	93.925225	3.898004	142.836840	-2.154223	-2.153541	-2.121220	-0.684537	-0.457908	-0.138681	-0.451848	-0.301806	-0.085107
0.178600	-48.941779	-45.043610	93.985389	3.898169	142.927169	-2.128101	-2.127450	-2.095869	-0.696087	-0.465621	-0.140903	-0.433802	-0.289755	-0.081628
0.178800	-48.971943	-45.073610	94.045554	3.898333	143.017497	-2.101959	-2.101340	-2.070519	-0.707170	-0.473023	-0.143035	-0.415449	-0.277498	-0.078089
0.179000	-49.002107	-45.103610	94.105718	3.898497	143.107825	-2.075799	-2.075213	-2.045169	-0.717777	-0.480106	-0.145075	-0.396799	-0.265043	-0.074493
0.179200	-49.032271	-45.133610	94.165882	3.898661	143.198153	-2.049620	-2.049067	-2.019821	-0.727900	-0.486867	-0.147022	-0.377865	-0.252399	-0.070843
0.179400	-49.062435	-45.163610	94.226045	3.898824	143.288480	-2.023423	-2.022903	-1.994472	-0.737531	-0.493299	-0.148874	-0.358660	-0.239573	-0.067141
0.179600	-49.092598	-45.193610	94.286209	3.898988	143.378807	-1.997207	-1.996720	-1.969122	-0.746662	-0.499397	-0.150630	-0.339197	-0.226575	-0.063388
0.179800	-49.122761	-45.223611	94.346372	3.899151	143.469133	-1.970972	-1.970520	-1.943771	-0.755287	-0.505156	-0.152289	-0.319487	-0.213412	-0.059589
0.180000	-49.152924	-45.253611	94.406535	3.899314	143.559459	-1.944719	-1.944301	-1.918419	-0.763397	-0.510573	-0.153848	-0.299544	-0.200094	-0.055745
0.180200	-49.183087	-45.283611	94.466698	3.899477	143.649785	-1.918447	-1.918064	-1.893065	-0.770987	-0.515641	-0.155307	-0.279381	-0.186629	-0.051858
0.180400	-49.213250	-45.313611	94.526860	3.899639	143.740110	-1.892157	-1.891809	-1.867708	-0.778049	-0.520358	-0.156665	-0.259013	-0.173026	-0.047932
0.180600	-49.243412	-45.343611	94.587023	3.899801	143.830435	-1.865848	-1.865535	-1.842348	-0.784579	-0.524719	-0.157920	-0.238451	-0.159295	-0.043970
0.180800	-49.273574	-45.373611	94.647185	3.899964	143.920759	-1.839520	-1.839243	-1.816985	-0.790571	-0.528720	-0.159071	-0.217711	-0.145444	-0.039972
0.181000	-49.303736	-45.403611	94.707347	3.900126	144.011083	-1.813175	-1.812933	-1.791617	-0.796018	-0.532358	-0.160118	-0.196807	-0.131483	-0.035943
0.181200	-49.333898	-45.433611	94.767509	3.900287	144.101407	-1.786810	-1.786605	-1.766245	-0.800917	-0.535629	-0.161059	-0.175751	-0.117422	-0.031886
0.181400	-49.364060	-45.463611	94.827670	3.900449	144.191730	-1.760427	-1.760259	-1.740867	-0.805263	-0.538531	-0.161894	-0.154560	-0.103270	-0.027802
0.181600	-49.394221	-45.493611	94.887832	3.900610	144.282052	-1.734026	-1.733894	-1.715484	-0.809051	-0.541061	-0.162621	-0.133247	-0.089037	-0.023695
0.181800	-49.424382	-45.523611	94.947993	3.900771	144.372375	-1.707607	-1.707511	-1.690094	-0.812278	-0.543216	-0.163240	-0.111827	-0.074732	-0.019567
0.182000	-49.454543	-45.553611	95.008154	3.900932	144.462697	-1.681169	-1.681110	-1.664697	-0.814941	-0.544995	-0.163751	-0.090314	-0.060365	-0.015422
0.182200	-49.484704	-45.583611	95.068314	3.901093	144.553018	-1.654712	-1.654690	-1.639293	-0.817036	-0.546394	-0.164152	-0.068724	-0.045947	-0.011262
0.182400	-49.514864	-45.613611	95.128475	3.901254	144.643339	-1.628238	-1.628252	-1.613881	-0.818560	-0.547412	-0.164444	-0.047071	-0.031487	-0.007089
0.182600	-49.545025	-45.643611	95.188635	3.901414	144.733660	-1.601745	-1.601796	-1.588461	-0.819513	-0.548048	-0.164626	-0.025371	-0.016995	-0.002908
0.182800	-49.575185	-45.673611	95.248796	3.901574	144.823980	-1.575234	-1.575322	-1.563031	-0.819891	-0.548300	-0.164697	-0.003638	-0.002481	0.001279
0.183000	-49.605345	-45.703611	95.308956	3.901734	144.914300	-1.548704	-1.548829	-1.537591	-0.819693	-0.548168	-0.164657	0.018112	0.012044	0.005470
0.183200	-49.635505	-45.733611	95.369115	3.901894	145.004620	-1.522157	-1.522319	-1.512141	-0.818919	-0.547651	-0.164506	0.039863	0.026570	0.009660
0.183400	-49.665664	-45.763611	95.429275	3.902053	145.094939	-1.495591	-1.495790	-1.486679	-0.817567	-0.546748	-0.164244	0.061601	0.041087	0.013848
0.183600	-49.695823	-45.793611	95.489434	3.902213	145.185258	-1.469007	-1.469242	-1.461206	-0.815637	-0.545460	-0.163872	0.083311	0.055585	0.018031
0.183800	-49.725983	-45.823611	95.549594	3.902372	145.275576	-1.442405	-1.442677	-1.435721	-0.813130	-0.543786	-0.163388	0.104976	0.070053	0.022205
0.184000	-49.756142	-45.853611	95.609753	3.902531	145.365894	-1.415785	-1.416093	-1.410223	-0.810047	-0.541726	-0.162793	0.126582	0.084482	0.026367
0.184200	-49.786300	-45.883611	95.669911	3.902689	145.456212	-1.389147	-1.389491	-1.384712	-0.806387	-0.539283	-0.162087	0.148113	0.098860	0.030515
0.184400	-49.816459	-45.913611	95.730070	3.902848	145.546529	-1.362490	-1.362871	-1.359186	-0.802153	-0.536455	-0.161271	0.169553	0.113179	0.034645
0.184600	-49.846617	-45.943611	95.790228	3.903006	145.636846	-1.335816	-1.336232	-1.333646	-0.797347	-0.533245	-0.160344	0.190887	0.127426	0.038755
0.184800	-49.876776	-45.973611	95.850386	3.903165	145.727162	-1.309124	-1.309575	-1.308090	-0.791970	-0.529655	-0.159308	0.212100	0.141592	0.042841
0.185000	-49.906934	-46.003611	95.910544	3.903323	145.817478	-1.282413	-1.282900	-1.282518	-0.786026	-0.525685	-0.158163	0.233177	0.155667	0.046901
0.185200	-49.937091	-46.033611	95.970702	3.903480	145.907794	-1.255685	-1.256207	-1.256930	-0.779517	-0.521338	-0.156909	0.254101	0.169641	0.050932
0.185400	-49.967249	-46.063611	96.030860	3.903638	145.998109	-1.228939	-1.229495	-1.231324	-0.772447	-0.516617	-0.155548	0.274858	0.183503	0.054931
0.185600	-49.997406	-46.093611	96.091017	3.903795	146.088424	-1.202175	-1.202766	-1.205700	-0.764820	-0.511523	-0.154079	0.295433	0.197243	0.058894
0.185800	-50.027564	-46.123611	96.151175	3.903952	146.178738	-1.175393	-1.176017	-1.180058	-0.756640	-0.506061	-0.152504	0.315810	0.210851	0.062819
0.186000	-50.057721	-46.153611	96.211332	3.904109	146.269052	-1.148593	-1.149251	-1.154397	-0.747912	-0.500232	-0.150824	0.335975	0.224318	0.066703
0.186200	-50.087877	-46.183611	96.271488	3.904266	146.359366	-1.121776	-1.122467	-1.128715	-0.738642	-0.494041	-0.149039	0.355913	0.237632	0.070544
0.186400	-50.118034	-46.213611	96.331645	3.904423	146.449679	-1.094941	-1.095664	-1.103013	-0.728834	-0.487491	-0.147151	0.375608	0.250785	0.074338
0.186600	-50.148190	-46.243611	96.391802	3.904579	146.539992	-1.068088	-1.068843	-1.077290	-0.718494	-0.480587	-0.145160	0.395046	0.263766	0.078082
0.186800	-50.178347	-46.273611	96.451958	3.904736	146.630304	-1.041217	-1.042004	-1.051545	-0.707630	-0.473331	-0.143069	0.414213	0.276566	0.081774
0.187000	-50.208503	-46.303611	96.512114	3.904892	146.720617	-1.014328	-1.015147	-1.025777	-0.696248	-0.465730	-0.140878	0.433094	0.289175	0.085411
0.187200	-50.238659	-46.333611	96.572270	3.905047	146.810928	-0.987422	-0.988271	-0.999986	-0.684355	-0.457788	-0.138589	0.451675	0.301583	0.088990
0.187400	-50.268814	-46.363611	96.632425	3.905203	146.901240	-0.960498	-0.961377	-0.974171	-0.671958	-0.449509	-0.136204	0.469942	0.313782	0.092509
0.187600	-50.298970	-46.393611	96.692581	3.905359	146.991551	-0.933557	-0.934465	-0.948332	-0.659066	-0.440900	-0.133723	0.487881	0.325762	0.095964
0.187800	-50.329125	-46.423611	96.752736	3.905514	147.081861	-0.906598	-0.907535	-0.922468	-0.645687	-0.431965	-0.131148	0.505478	0.337513	0.099354
0.188000	-50.359280	-46.453611	96.812891	3.905669	147.172171	-0.879622	-0.880586	-0.896578	-0.631829	-0.422711	-0.128482	0.522721	0.349028	0.102675
0.188200	-50.389435	-46.483611	96.873046	3.905824	147.262481	-0.852628	-0.853620	-0.870661	-0.617503	-0.413144	-0.125725	0.539594	0.360296	0.105926
0.188400	-50.419590	-46.513611	96.933201	3.905978	147.352791	-0.825616	-0.826635	-0.844717	-0.602717	-0.403269	-0.122880	0.556087	0.371310	0.109103
0.188600	-50.449744	-46.543611	96.993356	3.906133	147.443100	-0.798587	-0.799632	-0.818745	-0.587480	-0.393095	-0.119949	0.572185	0.382061	0.112204
0.188800	-50.479899	-46.573611	97.053510	3.906287	147.533408	-0.771541	-0.772611	-0.792745	-0.571805	-0.382626	-0.116933	0.587876	0.392539	0.115227
0.189000	-50.510053	-46.603611	97.113664	3.906441	147.623717	-0.744477	-0.745571	-0.766716	-0.555700	-0.371872	-0.113834	0.603149	0.402738	0.118169
0.189200	-50.540207	-46.633611	97.173818	3.906595	147.714025	-0.717395	-0.718514	-0.740657	-0.539178	-0.360838	-0.110656	0.617990	0.412649	0.121029
0.189400	-50.570360	-46.663611	97.233972	3.906749	147.804332	-0.690297	-0.691438	-0.714567	-0.522248	-0.349532	-0.107399	0.632388	0.422265	0.123803
0.189600	-50.600514	-46.693611	97.294125	3.906903	147.894640	-0.663181	-0.664344	-0.688446	-0.504924	-0.337963	-0.104066	0.646332	0.431576	0.126490
0.189800	-50.630667	-46.723611	97.354279	3.907056	147.984946	-0.636047	-0.637232	-0.662294	-0.487216	-0.326138	-0.100660	0.659811	0.440578	0.129087
0.190000	-50.660821	-46.753611	97.414432	3.907209	148.075253	-0.608897	-0.610102	-0.636109	-0.469138	-0.314065	-0.097183	0.672813	0.449260	0.131592
0.190200	-50.690974	-46.783611	97.474585	3.907362	148.165559	-0.581729	-0.582954	-0.609892	-0.450701	-0.301753	-0.093636	0.685328	0.457618	0.134004
0.190400	-50.721127	-46.813611	97.534738	3.907515	148.255865	-0.554543	-0.555787	-0.583640	-0.431918	-0.289210	-0.090024	0.697347	0.465644	0.136320
0.190600	-50.751279	-46.843611	97.594891	3.907668	148.346170	-0.527341	-0.528603	-0.557354	-0.412804	-0.276445	-0.086347	0.708858	0.473331	0.138539
0.190800	-50.781432	-46.873611	97.655043	3.907820	148.436475	-0.500121	-0.501400	-0.531034	-0.393371	-0.263468	-0.082610	0.719853	0.480674	0.140659
0.191000	-50.811584	-46.903611	97.715195	3.907972	148.526779	-0.472884	-0.474179	-0.504678	-0.373633	-0.250286	-0.078814	0.730322	0.487665	0.142677
0.191200	-50.841736	-46.933612	97.775348	3.908125	148.617084	-0.445630	-0.446940	-0.478285	-0.353604	-0.236911	-0.074962	0.740256	0.494299	0.144593
0.191400	-50.871888	-46.963612	97.835499	3.908276	148.707387	-0.418359	-0.419683	-0.451856	-0.333298	-0.223351	-0.071056	0.749648	0.500571	0.146404
0.191600	-50.902040	-46.993612	97.895651	3.908428	148.797691	-0.391071	-0.392408	-0.425390	-0.312730	-0.209616	-0.067101	0.758489	0.506475	0.148109
0.191800	-50.932191	-47.023612	97.955803	3.908580	148.887994	-0.363765	-0.365115	-0.398885	-0.291916	-0.195716	-0.063098	0.766771	0.512006	0.149707
0.192000	-50.962343	-47.053612	98.015954	3.908731	148.978297	-0.336443	-0.337803	-0.372342	-0.270869	-0.181661	-0.059051	0.774487	0.517158	0.151196
0.192200	-50.992494	-47.083612	98.076105	3.908882	149.068599	-0.309103	-0.310474	-0.345760	-0.249605	-0.167461	-0.054962	0.781630	0.521928	0.152574
0.192400	-51.022645	-47.113612	98.136256	3.909033	149.158901	-0.281746	-0.283126	-0.319138	-0.228140	-0.153126	-0.050834	0.788194	0.526312	0.153842
0.192600	-51.052796	-47.143612	98.196407	3.909184	149.249203	-0.254373	-0.255761	-0.292476	-0.206489	-0.138668	-0.046671	0.794172	0.530304	0.154997
0.192800	-51.082946	-47.173612	98.256558	3.909335	149.339504	-0.226982	-0.228377	-0.265773	-0.184668	-0.124096	-0.042475	0.799559	0.533902	0.156038
0.193000	-51.113097	-47.203612	98.316708	3.909485	149.429805	-0.199574	-0.200976	-0.239029	-0.162693	-0.109421	-0.038250	0.804350	0.537101	0.156965
0.193200	-51.143247	-47.233612	98.376859	3.909635	149.520106	-0.172149	-0.173556	-0.212242	-0.140581	-0.094655	-0.033999	0.808540	0.539899	0.157776
0.193400	-51.173397	-47.263612	98.437009	3.909785	149.610406	-0.144707	-0.146118	-0.185413	-0.118348	-0.079808	-0.029724	0.812125	0.542293	0.158470
0.193600	-51.203547	-47.293612	98.497159	3.909935	149.700706	-0.117249	-0.118663	-0.158541	-0.096010	-0.064891	-0.025429	0.815100	0.544280	0.159048
0.193800	-51.233697	-47.323612	98.557308	3.910085	149.791005	-0.089773	-0.091189	-0.131626	-0.073584	-0.049915	-0.021117	0.817463	0.545857	0.159508
0.194000	-51.263846	-47.353612	98.617458	3.910234	149.881304	-0.062280	-0.063697	-0.104666	-0.051087	-0.034891	-0.016792	0.819209	0.547024	0.159849
0.194200	-51.293996	-47.383612	98.677607	3.910384	149.971603	-0.034771	-0.036188	-0.077662	-0.028535	-0.019831	-0.012457	0.820338	0.547777	0.160072
0.194400	-51.324145	-47.413612	98.737757	3.910533	150.061901	-0.007244	-0.008660	-0.050613	-0.005946	-0.004747	-0.008114	0.820846	0.548117	0.160176
0.194600	-51.354294	-47.443612	98.797906	3.910682	150.152199	0.020299	0.018886	-0.023519	0.016663	0.010351	-0.003767	0.820732	0.548041	0.160160
0.194800	-51.384443	-47.473612	98.858054	3.910831	150.242497	0.047860	0.046449	0.003621	0.039275	0.025452	0.000580	0.819995	0.547549	0.160024
0.195000	-51.414591	-47.503612	98.918203	3.910979	150.332794	0.075437	0.074031	0.030808	0.061873	0.040542	0.004924	0.818635	0.546640	0.159768
0.195200	-51.444740	-47.533612	98.978352	3.911128	150.423091	0.103031	0.101631	0.058041	0.084440	0.055612	0.009262	0.816650	0.545315	0.159393
0.195400	-51.474888	-47.563612	99.038500	3.911276	150.513388	0.130642	0.129248	0.085322	0.106958	0.070650	0.013590	0.814042	0.543573	0.158898
0.195600	-51.505036	-47.593612	99.098648	3.911424	150.603684	0.158270	0.156883	0.112650	0.129410	0.085643	0.017906	0.810811	0.541415	0.158283
0.195800	-51.535184	-47.623612	99.158796	3.911572	150.693980	0.185915	0.184537	0.140026	0.151779	0.100581	0.022206	0.806958	0.538842	0.157548
0.196000	-51.565332	-47.653612	99.218944	3.911720	150.784276	0.213577	0.212208	0.167450	0.174047	0.115451	0.026487	0.802485	0.535856	0.156695
0.196200	-51.595479	-47.683612	99.279091	3.911868	150.874571	0.241256	0.239897	0.194923	0.196197	0.130243	0.030744	0.797395	0.532456	0.155723
0.196400	-51.625627	-47.713612	99.339239	3.912015	150.964866	0.268951	0.267604	0.222445	0.218213	0.144945	0.034976	0.791690	0.528646	0.154632
0.196600	-51.655774	-47.743612	99.399386	3.912162	151.055160	0.296663	0.295329	0.250016	0.240076	0.159545	0.039178	0.785373	0.524428	0.153425
0.196800	-51.685921	-47.773612	99.459533	3.912309	151.145454	0.324393	0.323072	0.277636	0.261770	0.174031	0.043348	0.778447	0.519803	0.152100
0.197000	-51.716068	-47.803612	99.519680	3.912456	151.235748	0.352139	0.350833	0.305306	0.283277	0.188394	0.047482	0.770918	0.514776	0.150660
0.197200	-51.746215	-47.833612	99.579827	3.912603	151.326042	0.379902	0.378612	0.333026	0.304581	0.202620	0.051577	0.762790	0.509348	0.149104
0.197400	-51.776361	-47.863612	99.639973	3.912749	151.416335	0.407681	0.406408	0.360797	0.325665	0.216700	0.055629	0.754067	0.503523	0.147434
0.197600	-51.806508	-47.893612	99.700120	3.912896	151.506627	0.435478	0.434222	0.388617	0.346511	0.230621	0.059635	0.744756	0.497305	0.145651
0.197800	-51.836654	-47.923612	99.760266	3.913042	151.596920	0.463292	0.462054	0.416489	0.367104	0.244372	0.063593	0.734862	0.490698	0.143757
0.198000	-51.866800	-47.953612	99.820412	3.913188	151.687212	0.491122	0.489904	0.444411	0.387427	0.257944	0.067499	0.724392	0.483706	0.141752
0.198200	-51.896946	-47.983612	99.880558	3.913334	151.777503	0.518969	0.517772	0.472383	0.407463	0.271324	0.071350	0.713353	0.476335	0.139637
0.198400	-51.927091	-48.013612	99.940703	3.913479	151.867795	0.546834	0.545658	0.500407	0.427197	0.284502	0.075143	0.701753	0.468588	0.137415
0.198600	-51.957237	-48.043612	100.000849	3.913625	151.958086	0.574715	0.573561	0.528482	0.446612	0.297467	0.078874	0.689599	0.460472	0.135086
0.198800	-51.987382	-48.073612	100.060994	3.913770	152.048376	0.602613	0.601483	0.556608	0.465693	0.310209	0.082541	0.676900	0.451992	0.132653
0.199000	-52.017527	-48.103612	100.121139	3.913915	152.138667	0.630528	0.629422	0.584785	0.484424	0.322717	0.086141	0.663665	0.443153	0.130117
0.199200	-52.047672	-48.133612	100.181284	3.914060	152.228957	0.658460	0.657378	0.613013	0.502790	0.334982	0.089671	0.649903	0.433963	0.127479
0.199400	-52.077817	-48.163612	100.241429	3.914205	152.319246	0.686408	0.685353	0.641292	0.520776	0.346992	0.093127	0.635623	0.424427	0.124743
0.199600	-52.107962	-48.193612	100.301574	3.914350	152.409536	0.714374	0.713345	0.669622	0.538367	0.358739	0.096508	0.620837	0.414553	0.121909
0.199800	-52.138106	-48.223612	100.361718	3.914494	152.499825	0.742357	0.741356	0.698004	0.555547	0.370212	0.099809	0.605554	0.404348	0.118979
0.200000	-52.168250	-48.253612	100.421863	3.914638	152.590113	0.770356	0.769383	0.726436	0.572304	0.381402	0.103030	0.589785	0.393818	0.115957
