#model:pLinear_up	end_point_b=0.20
#t	l_1	l_2	l_3	l_2-l_1	l_3-l_1	phase_1	phase_2	phase_3	RePsi_1	RePsi_2	RePsi_3	ImPsi_1	ImPsi_2	ImPsi_3
0.100200	-16259.810848	-15044.311941	31304.122788	1215.498907	47563.933636	1.589332	1.855183	-2.289644	0.821239	0.527268	-0.115537	-0.015224	-0.154125	-0.101098	-0.074755	-2.925245
0.100400	-16259.863854	-15044.400061	31304.263915	1215.463793	47564.127769	1.607392	2.138502	0.127865	0.819039	0.465461	0.019551	-0.029987	-0.296841	0.152070	-0.074752	-2.925248
0.100600	-16259.916863	-15044.488179	31304.405041	1215.428684	47564.321904	1.624923	2.420187	2.552406	0.815491	0.367478	0.085052	-0.044183	-0.417798	-0.127252	-0.074750	-2.925250
0.100800	-16259.969873	-15044.576294	31304.546167	1215.393579	47564.516040	1.641282	2.699395	-1.310610	0.810770	0.240473	-0.148418	-0.057243	-0.507897	0.039512	-0.074748	-2.925252
0.101000	-16260.022886	-15044.664406	31304.687292	1215.358479	47564.710178	1.656387	2.975576	1.108884	0.805408	0.093933	0.137090	-0.069104	-0.560596	0.068248	-0.074745	-2.925255
0.101200	-16260.075900	-15044.752516	31304.828417	1215.323384	47564.904317	1.670108	-3.034389	-2.750097	0.799486	-0.061558	-0.058478	-0.079660	-0.572014	-0.141661	-0.074743	-2.925257
0.101400	-16260.128917	-15044.840623	31304.969540	1215.288294	47565.098457	1.682077	-2.764301	-0.331337	0.793572	-0.214443	-0.049927	-0.088676	-0.541146	0.145129	-0.074740	-2.925260
0.101600	-16260.181936	-15044.928728	31305.110664	1215.253208	47565.292599	1.692645	-2.497181	2.090513	0.788034	-0.353486	0.132893	-0.096499	-0.470421	-0.076040	-0.074738	-2.925262
0.101800	-16260.234956	-15045.016830	31305.251786	1215.218126	47565.486743	1.701688	-2.232391	-1.770530	0.783034	-0.468583	-0.150355	-0.103082	-0.364869	-0.030437	-0.074736	-2.925264
0.102000	-16260.287979	-15045.104929	31305.392909	1215.183050	47565.680888	1.709448	-1.969651	0.648988	0.779132	-0.551084	0.092646	-0.108726	-0.232251	0.122126	-0.074733	-2.925267
0.102200	-16260.341004	-15045.193026	31305.534030	1215.147978	47565.875034	1.716477	-1.708378	3.071687	0.776295	-0.595080	0.010704	-0.113898	-0.082392	-0.152872	-0.074731	-2.925269
0.102400	-16260.394031	-15045.281120	31305.675151	1215.112911	47566.069182	1.722827	-1.447704	-0.791336	0.774716	-0.597277	-0.109101	-0.118697	0.073893	0.107813	-0.074728	-2.925272
0.102600	-16260.447060	-15045.369212	31305.816271	1215.077848	47566.263331	1.729244	-1.187207	1.630328	0.774517	-0.557431	0.152921	-0.123758	0.224968	-0.009114	-0.074726	-2.925274
0.102800	-16260.500091	-15045.457300	31305.957391	1215.042790	47566.457482	1.736085	-0.926165	-2.231462	0.775347	-0.478640	-0.121139	-0.129336	0.359826	-0.094146	-0.074724	-2.925276
0.103000	-16260.553124	-15045.545387	31306.098510	1215.007737	47566.651634	1.743614	-0.663731	0.188537	0.777285	-0.366512	0.028717	-0.135682	0.468626	0.150506	-0.074721	-2.925279
0.103200	-16260.606159	-15045.633470	31306.239629	1214.972688	47566.845787	1.752508	-0.399556	2.611786	0.779907	-0.229390	0.077457	-0.143299	0.543230	-0.132257	-0.074719	-2.925281
0.103400	-16260.659196	-15045.721551	31306.380747	1214.937645	47567.039942	1.762696	-0.133008	-1.252249	0.782829	-0.077384	-0.145751	-0.152097	0.578362	0.048065	-0.074716	-2.925284
0.103600	-16260.712235	-15045.809629	31306.521864	1214.902605	47567.234099	1.774496	0.136501	1.169592	0.785895	0.078476	0.140905	-0.162338	0.571340	0.059774	-0.074714	-2.925286
0.103800	-16260.765276	-15045.897705	31306.662981	1214.867571	47567.428256	1.788024	0.408971	-2.690826	0.788438	0.226541	-0.066859	-0.174016	0.522696	-0.138137	-0.074712	-2.925288
0.104000	-16260.818319	-15045.985778	31306.804097	1214.832541	47567.622416	1.802926	0.684634	-0.272894	0.790296	0.356061	-0.041330	-0.186819	0.436160	0.147672	-0.074709	-2.925291
0.104200	-16260.871364	-15046.073848	31306.945212	1214.797516	47567.816577	1.819378	0.963470	2.151322	0.791119	0.457493	0.127973	-0.200811	0.317933	-0.083940	-0.074707	-2.925293
0.104400	-16260.924411	-15046.161916	31307.086327	1214.762495	47568.010739	1.836908	1.244810	-1.711369	0.790491	0.523268	-0.152102	-0.215469	0.176889	-0.021523	-0.074704	-2.925296
0.104600	-16260.977461	-15046.249981	31307.227442	1214.727479	47568.204902	1.855199	1.528208	0.707496	0.788518	0.548735	0.099525	-0.230505	0.023384	0.116378	-0.074702	-2.925298
0.104800	-16261.030512	-15046.338044	31307.368556	1214.692468	47568.399067	1.874137	1.812923	3.132665	0.784888	0.531855	0.001368	-0.245670	-0.131353	-0.153204	-0.074700	-2.925300
0.105000	-16261.083565	-15046.426104	31307.509669	1214.657461	47568.593234	1.893006	2.097724	-0.732406	0.779740	0.473940	-0.102707	-0.260311	-0.275737	0.114212	-0.074697	-2.925303
0.105200	-16261.136620	-15046.514161	31307.650781	1214.622460	47568.787402	1.911691	2.381839	1.688995	0.773315	0.379322	0.151924	-0.274328	-0.399294	-0.018041	-0.074695	-2.925305
0.105400	-16261.189678	-15046.602215	31307.791893	1214.587462	47568.981571	1.929772	2.664420	-2.170318	0.765598	0.254799	-0.126665	-0.287279	-0.492819	-0.086567	-0.074692	-2.925308
0.105600	-16261.242737	-15046.690267	31307.933005	1214.552470	47569.175742	1.946727	2.944458	0.247150	0.757173	0.109723	0.037534	-0.298857	-0.549358	0.148763	-0.074690	-2.925310
0.105800	-16261.295799	-15046.778317	31308.074116	1214.517482	47569.369914	1.962604	-3.061508	2.670771	0.748239	-0.045335	0.069420	-0.309150	-0.564880	-0.136386	-0.074688	-2.925312
0.106000	-16261.348862	-15046.866363	31308.215226	1214.482499	47569.564088	1.976886	-2.787366	-1.191103	0.739155	-0.198976	-0.142596	-0.317829	-0.538026	0.056904	-0.074685	-2.925315
0.106200	-16261.401928	-15046.954408	31308.356335	1214.447520	47569.758263	1.989568	-2.516567	1.227905	0.730513	-0.339747	0.144307	-0.325151	-0.470873	0.051517	-0.074683	-2.925317
0.106400	-16261.454995	-15047.042449	31308.497444	1214.412547	47569.952440	2.000762	-2.248672	-2.631470	0.722384	-0.457469	-0.074811	-0.331271	-0.368333	-0.133706	-0.074680	-2.925320
0.106600	-16261.508065	-15047.130488	31308.638553	1214.377577	47570.146618	2.010243	-1.983357	-0.211890	0.715285	-0.543321	-0.032274	-0.336259	-0.237800	0.150027	-0.074678	-2.925322
0.106800	-16261.561137	-15047.218524	31308.779661	1214.342613	47570.340797	2.018561	-1.720343	2.209502	0.709390	-0.591005	0.122970	-0.340721	-0.089048	-0.091309	-0.074676	-2.925324
0.107000	-16261.614210	-15047.306557	31308.920768	1214.307653	47570.534978	2.025835	-1.458784	-1.651665	0.704670	-0.597100	-0.152877	-0.344784	0.067164	-0.012390	-0.074673	-2.925327
0.107200	-16261.667286	-15047.394588	31309.061875	1214.272698	47570.729161	2.032405	-1.198118	0.768265	0.701416	-0.560963	0.106511	-0.348922	0.219307	0.110225	-0.074671	-2.925329
0.107400	-16261.720364	-15047.482617	31309.202981	1214.237747	47570.923345	2.039001	-0.937840	-3.092364	0.699283	-0.485415	-0.007543	-0.353634	0.356126	-0.153090	-0.074668	-2.925332
0.107600	-16261.773444	-15047.570642	31309.344086	1214.202802	47571.117530	2.045728	-0.676992	-0.672449	0.698198	-0.375927	-0.095545	-0.359003	0.467747	0.119994	-0.074666	-2.925334
0.107800	-16261.826526	-15047.658665	31309.485191	1214.167860	47571.311717	2.053285	-0.415032	1.749562	0.697974	-0.240491	0.150711	-0.365584	0.545793	-0.027233	-0.074664	-2.925336
0.108000	-16261.879610	-15047.746686	31309.626295	1214.132924	47571.505905	2.062025	-0.151452	-2.112080	0.698027	-0.089228	-0.131524	-0.373422	0.584639	-0.079069	-0.074661	-2.925339
0.108200	-16261.932696	-15047.834703	31309.767399	1214.097992	47571.700094	2.072018	0.114591	0.307251	0.698257	0.066926	0.046343	-0.382568	0.581481	0.146054	-0.074659	-2.925341
0.108400	-16261.985784	-15047.922718	31309.908502	1214.063065	47571.894286	2.083795	0.383390	2.731188	0.698092	0.216365	0.061123	-0.393237	0.536422	-0.140477	-0.074657	-2.925343
0.108600	-16262.038874	-15048.010731	31310.049604	1214.028143	47572.088478	2.097117	0.655184	-1.132831	0.697141	0.348088	-0.139060	-0.405029	0.452993	0.065122	-0.074654	-2.925346
0.108800	-16262.091966	-15048.098741	31310.190706	1213.993225	47572.282672	2.112039	0.930393	1.288141	0.695267	0.452541	0.146963	-0.417939	0.337220	0.042683	-0.074652	-2.925348
0.109000	-16262.145060	-15048.186748	31310.331808	1213.958312	47572.476867	2.128561	1.208716	-2.571077	0.691919	0.521850	-0.082842	-0.431647	0.197666	-0.129099	-0.074649	-2.925351
0.109200	-16262.198156	-15048.274752	31310.472908	1213.923404	47572.671064	2.146127	1.489779	-0.153685	0.687151	0.551078	-0.023492	-0.445628	0.044745	0.151653	-0.074647	-2.925353
0.109400	-16262.251254	-15048.362754	31310.614008	1213.888500	47572.865263	2.164763	1.773264	2.269884	0.680825	0.538040	0.117088	-0.459772	-0.110449	-0.098440	-0.074645	-2.925355
0.109600	-16262.304354	-15048.450754	31310.755108	1213.853601	47573.059462	2.183958	2.058118	-1.591369	0.672834	0.483615	-0.153555	-0.473430	-0.256293	-0.003159	-0.074642	-2.925358
0.109800	-16262.357457	-15048.538750	31310.896207	1213.818706	47573.253664	2.203244	2.343385	0.826387	0.663587	0.392004	0.112708	-0.486324	-0.382088	0.103827	-0.074640	-2.925360
0.110000	-16262.410561	-15048.626744	31311.037305	1213.783817	47573.447866	2.222526	2.628306	-3.031653	0.653046	0.269786	-0.016797	-0.498233	-0.478615	-0.152168	-0.074637	-2.925363
0.110200	-16262.463667	-15048.714736	31311.178403	1213.748932	47573.642070	2.241080	2.911659	-0.612383	0.641657	0.126064	-0.088309	-0.508652	-0.538568	0.125711	-0.074635	-2.925365
0.110400	-16262.516776	-15048.802724	31311.319500	1213.714051	47573.836276	2.258771	-3.090509	1.807635	0.629857	-0.028514	0.148795	-0.517702	-0.557693	-0.035915	-0.074633	-2.925367
0.110600	-16262.569886	-15048.890710	31311.460597	1213.679176	47574.030483	2.275321	-2.812184	-2.051051	0.617803	-0.182709	-0.135967	-0.525166	-0.534447	-0.070830	-0.074630	-2.925370
0.110800	-16262.622999	-15048.978694	31311.601693	1213.644305	47574.224691	2.290237	-2.537164	0.366959	0.606182	-0.324951	0.055068	-0.531063	-0.470494	0.143267	-0.074628	-2.925372
0.111000	-16262.676113	-15049.066675	31311.742788	1213.609438	47574.418901	2.303723	-2.265450	2.789449	0.595163	-0.444876	0.052791	-0.535767	-0.370666	-0.143666	-0.074625	-2.925375
0.111200	-16262.729230	-15049.154653	31311.883883	1213.574577	47574.613112	2.315460	-1.996708	-1.071580	0.585064	-0.533630	-0.134728	-0.539240	-0.242098	0.073465	-0.074623	-2.925377
0.111400	-16262.782348	-15049.242629	31312.024977	1213.539720	47574.807325	2.325558	-1.730890	1.347472	0.576303	-0.584527	0.149484	-0.542030	-0.094387	0.033950	-0.074621	-2.925379
0.111600	-16262.835469	-15049.330601	31312.166070	1213.504868	47575.001540	2.334407	-1.467404	-2.512512	0.568728	-0.593993	-0.090150	-0.544470	0.061634	-0.123882	-0.074618	-2.925382
0.111800	-16262.888592	-15049.418572	31312.307163	1213.470020	47575.195755	2.341944	-1.205528	-0.092403	0.562613	-0.561146	-0.014156	-0.546802	0.214599	0.152764	-0.074616	-2.925384
0.112000	-16262.941716	-15049.506539	31312.448256	1213.435177	47575.389972	2.348881	-0.944900	2.328965	0.557796	-0.488439	0.111232	-0.549697	0.353067	-0.105334	-0.074614	-2.925386
0.112200	-16262.994843	-15049.594504	31312.589348	1213.400339	47575.584191	2.355542	-0.684674	-1.532474	0.553970	-0.381296	-0.153275	-0.553247	0.467033	0.005877	-0.074611	-2.925389
0.112400	-16263.047972	-15049.682467	31312.730439	1213.365505	47575.778411	2.362265	-0.424055	0.887600	0.551130	-0.247410	0.118852	-0.557862	0.548041	0.096741	-0.074609	-2.925391
0.112600	-16263.101103	-15049.770426	31312.871529	1213.330676	47575.972632	2.369844	-0.162626	-2.972711	0.548656	-0.096817	-0.025763	-0.563842	0.590077	-0.151099	-0.074606	-2.925394
0.112800	-16263.154236	-15049.858384	31313.012619	1213.295852	47576.166855	2.378326	0.100480	-0.553262	0.546310	0.059507	-0.080622	-0.571043	0.590232	0.130540	-0.074604	-2.925396
0.113000	-16263.207371	-15049.946338	31313.153709	1213.261033	47576.361080	2.388238	0.365907	1.868771	0.543742	0.210094	0.146345	-0.579755	0.548317	-0.044945	-0.074602	-2.925398
0.113200	-16263.260508	-15050.034290	31313.294798	1213.226218	47576.555306	2.399841	0.633904	-1.992168	0.540335	0.343710	-0.140052	-0.589688	0.467562	-0.062774	-0.074599	-2.925401
0.113400	-16263.313647	-15050.122239	31313.435886	1213.191408	47576.749533	2.412951	0.905089	0.426229	0.536035	0.450721	0.063377	-0.600617	0.353947	0.139577	-0.074597	-2.925403
0.113600	-16263.366788	-15050.210186	31313.576974	1213.156602	47576.943762	2.427909	1.179660	2.850574	0.530355	0.523116	0.043928	-0.612452	0.215725	-0.146660	-0.074594	-2.925406
0.113800	-16263.419931	-15050.298129	31313.718061	1213.121802	47577.137992	2.444329	1.457352	-1.012799	0.523128	0.555592	-0.130314	-0.624540	0.063301	0.081337	-0.074592	-2.925408
0.114000	-16263.473076	-15050.386071	31313.859147	1213.087006	47577.332223	2.462016	1.738169	1.406836	0.514444	0.545891	0.151023	-0.636719	-0.092230	0.024986	-0.074590	-2.925410
0.114200	-16263.526224	-15050.474009	31314.000233	1213.052214	47577.526456	2.480898	2.021526	-2.451314	0.504043	0.494552	-0.097600	-0.648522	-0.239341	-0.118188	-0.074587	-2.925413
0.114400	-16263.579373	-15050.561945	31314.141318	1213.017427	47577.720691	2.500279	2.306431	-0.033765	0.492312	0.405551	-0.005184	-0.659417	-0.367071	0.153488	-0.074585	-2.925415
0.114600	-16263.632524	-15050.649879	31314.282403	1212.982645	47577.914927	2.520075	2.592228	2.388538	0.479387	0.285404	0.104599	-0.669345	-0.466170	-0.111594	-0.074583	-2.925417
0.114800	-16263.685677	-15050.737809	31314.423487	1212.947868	47578.109164	2.539803	2.877793	-1.471254	0.465471	0.142914	-0.152741	-0.677771	-0.529128	0.015255	-0.074580	-2.925420
0.115000	-16263.738833	-15050.825737	31314.564570	1212.913095	47578.303403	2.558907	-3.121254	0.945958	0.451200	-0.011216	0.124396	-0.684660	-0.551371	0.089719	-0.074578	-2.925422
0.115200	-16263.791990	-15050.913663	31314.705653	1212.878327	47578.497644	2.577354	-2.839116	-2.912780	0.436693	-0.165790	-0.034708	-0.690020	-0.531290	-0.149032	-0.074575	-2.925425
0.115400	-16263.845150	-15051.001586	31314.846735	1212.843564	47578.691885	2.594490	-2.559765	-0.492085	0.422524	-0.309277	-0.072568	-0.693657	-0.470180	0.135370	-0.074573	-2.925427
0.115600	-16263.898311	-15051.089506	31314.987817	1212.808805	47578.886129	2.610204	-2.283763	1.926925	0.409109	-0.431047	0.143558	-0.696019	-0.372727	-0.053402	-0.074571	-2.925429
0.115800	-16263.951475	-15051.177423	31315.128898	1212.774052	47579.080373	2.624427	-2.010955	-1.931820	0.396548	-0.522246	-0.143349	-0.697161	-0.245964	-0.054124	-0.074568	-2.925432
0.116000	-16264.004641	-15051.265338	31315.269979	1212.739302	47579.274619	2.636764	-1.741411	0.487120	0.385383	-0.575922	0.071851	-0.697414	-0.099225	0.135646	-0.074566	-2.925434
0.116200	-16264.057808	-15051.353250	31315.411059	1212.704558	47579.468867	2.647611	-1.474949	2.908679	0.375535	-0.588242	0.035340	-0.697354	0.056555	-0.148977	-0.074563	-2.925437
0.116400	-16264.110978	-15051.441160	31315.552138	1212.669818	47579.663116	2.656903	-1.210834	-0.952069	0.367082	-0.558244	-0.124955	-0.697096	0.210101	0.088966	-0.074561	-2.925439
0.116600	-16264.164150	-15051.529067	31315.693217	1212.635083	47579.857366	2.664874	-0.948702	1.467376	0.360114	-0.488004	0.152487	-0.697290	0.349936	0.015827	-0.074559	-2.925441
0.116800	-16264.217324	-15051.616971	31315.834295	1212.600352	47580.051618	2.672175	-0.687975	-2.393069	0.354163	-0.382869	-0.104288	-0.698224	0.465812	-0.112278	-0.074556	-2.925444
0.117000	-16264.270499	-15051.704873	31315.975372	1212.565626	47580.245872	2.678875	-0.427704	0.027138	0.349225	-0.250388	0.004162	-0.700076	0.549282	0.153338	-0.074554	-2.925446
0.117200	-16264.323677	-15051.792772	31316.116449	1212.530905	47580.440127	2.685745	-0.167411	2.448773	0.344839	-0.100385	0.097838	-0.703340	0.594018	-0.117865	-0.074552	-2.925448
0.117400	-16264.376857	-15051.880668	31316.257526	1212.496189	47580.634383	2.693214	0.093600	-1.412800	0.340517	0.056035	-0.151515	-0.707852	0.596921	0.024140	-0.074549	-2.925451
0.117600	-16264.430039	-15051.968562	31316.398601	1212.461477	47580.828641	2.701505	0.356254	1.006938	0.336106	0.207533	0.129511	-0.713770	0.557687	0.081895	-0.074547	-2.925453
0.117800	-16264.483223	-15052.056453	31316.539677	1212.426770	47581.022900	2.711336	0.620918	-2.852710	0.330913	0.342758	-0.043655	-0.721050	0.479184	-0.146890	-0.074544	-2.925456
0.118000	-16264.536409	-15052.144342	31316.680751	1212.392068	47581.217161	2.722620	0.888188	-0.433514	0.324765	0.451881	-0.064483	-0.729249	0.367372	0.139309	-0.074542	-2.925458
0.118200	-16264.589598	-15052.232228	31316.821825	1212.357370	47581.411423	2.735617	1.158702	1.987963	0.317391	0.526886	0.139920	-0.738367	0.230314	-0.062009	-0.074540	-2.925460
0.118400	-16264.642788	-15052.320111	31316.962899	1212.322677	47581.605686	2.750469	1.432435	-1.871833	0.308382	0.562121	-0.146539	-0.747830	0.078276	-0.045496	-0.074537	-2.925463
0.118600	-16264.695980	-15052.407991	31317.103971	1212.287989	47581.799951	2.766744	1.709530	0.545738	0.297942	0.555212	0.079622	-0.757251	-0.077525	0.131117	-0.074535	-2.925465
0.118800	-16264.749174	-15052.495869	31317.245043	1212.253305	47581.994218	2.784593	1.989972	2.969865	0.285852	0.506530	0.026145	-0.766398	-0.225702	-0.150749	-0.074533	-2.925467
0.119000	-16264.802371	-15052.583744	31317.386115	1212.218626	47582.188486	2.803540	2.272986	-0.892200	0.272301	0.419733	-0.119588	-0.774579	-0.355110	0.096429	-0.074530	-2.925470
0.119200	-16264.855569	-15052.671617	31317.527186	1212.183952	47582.382755	2.823183	2.557985	1.525998	0.257670	0.301352	0.153019	-0.781707	-0.456361	0.006859	-0.074528	-2.925472
0.119400	-16264.908769	-15052.759487	31317.668256	1212.149282	47582.577026	2.843428	2.844195	-2.331688	0.241992	0.159957	-0.110907	-0.787412	-0.521903	-0.105600	-0.074525	-2.925475
0.119600	-16264.961972	-15052.847354	31317.809326	1212.114618	47582.771298	2.863516	3.130259	0.086761	0.225923	0.006198	0.013314	-0.791400	-0.546810	0.153065	-0.074523	-2.925477
0.119800	-16265.015176	-15052.935219	31317.950396	1212.079957	47582.965572	2.883291	-2.867875	2.507518	0.209744	-0.148640	0.090641	-0.793870	-0.529411	-0.123259	-0.074521	-2.925479
0.120000	-16265.068383	-15053.023081	31318.091464	1212.045302	47583.159847	2.902366	-2.584657	-1.351178	0.193794	-0.293151	-0.149689	-0.794573	-0.470783	0.033413	-0.074518	-2.925482
0.120200	-16265.121592	-15053.110940	31318.232532	1212.010651	47583.354124	2.920156	-2.304312	1.066188	0.178714	-0.416472	0.134350	-0.793831	-0.375353	0.074202	-0.074516	-2.925484
0.120400	-16265.174802	-15053.198797	31318.373600	1211.976005	47583.548402	2.936737	-2.027114	-2.793749	0.164541	-0.509670	-0.052156	-0.791935	-0.250182	-0.143845	-0.074514	-2.925486
0.120600	-16265.228015	-15053.286651	31318.514666	1211.941364	47583.742682	2.951607	-1.753199	-0.371790	0.151727	-0.565701	-0.055771	-0.788990	-0.104345	0.143029	-0.074511	-2.925489
0.120800	-16265.281230	-15053.374503	31318.655733	1211.906727	47583.936963	2.964726	-1.482818	2.046861	0.140429	-0.580397	0.136219	-0.785690	0.051194	-0.070237	-0.074509	-2.925491
0.121000	-16265.334447	-15053.462352	31318.796798	1211.872095	47584.131245	2.976289	-1.215481	-1.812452	0.130495	-0.552777	-0.148732	-0.782222	0.205116	-0.036658	-0.074506	-2.925494
0.121200	-16265.387666	-15053.550198	31318.937863	1211.837468	47584.325529	2.986059	-0.950738	0.607382	0.122153	-0.484647	0.087589	-0.779038	0.346037	0.126023	-0.074504	-2.925496
0.121400	-16265.440886	-15053.638041	31319.078928	1211.802845	47584.519814	2.994626	-0.688301	3.028496	0.114976	-0.381175	0.017286	-0.776689	0.463443	-0.152190	-0.074502	-2.925498
0.121600	-16265.494109	-15053.725882	31319.219992	1211.768227	47584.714101	3.002194	-0.427279	-0.832410	0.108767	-0.249918	-0.113424	-0.775197	0.548870	0.103231	-0.074499	-2.925501
0.121800	-16265.547334	-15053.813721	31319.361055	1211.733614	47584.908390	3.009080	-0.167012	1.587431	0.103311	-0.100446	0.153264	-0.775066	0.595830	-0.002550	-0.074497	-2.925503
0.122000	-16265.600562	-15053.901556	31319.502118	1211.699005	47585.102679	3.016108	0.092991	-2.273076	0.097930	0.056043	-0.116996	-0.776309	0.600936	-0.099001	-0.074495	-2.925505
0.122200	-16265.653791	-15053.989389	31319.643180	1211.664402	47585.296971	3.023395	0.353725	0.146843	0.092489	0.208216	0.022446	-0.778843	0.563881	0.151756	-0.074492	-2.925508
0.122400	-16265.707022	-15054.077219	31319.784241	1211.629802	47585.491263	3.031631	0.615810	2.568716	0.086430	0.344763	0.083006	-0.782834	0.487227	-0.128685	-0.074490	-2.925510
0.122600	-16265.760255	-15054.165047	31319.925302	1211.595208	47585.685557	3.041239	0.879718	-1.292524	0.079323	0.455585	-0.147557	-0.787778	0.376838	0.042155	-0.074487	-2.925513
0.122800	-16265.813490	-15054.252872	31320.066363	1211.560618	47585.879853	3.052219	1.146328	1.126420	0.071113	0.532690	0.138373	-0.793560	0.240746	0.065885	-0.074485	-2.925515
0.123000	-16265.866728	-15054.340695	31320.207422	1211.526033	47586.074150	3.065118	1.415978	-2.732624	0.061287	0.570206	-0.060902	-0.799834	0.088990	-0.140519	-0.074483	-2.925517
0.123200	-16265.919967	-15054.428514	31320.348481	1211.491453	47586.268448	3.079688	1.688839	-0.313135	0.049957	0.565532	-0.047312	-0.805972	-0.067069	0.146120	-0.074480	-2.925520
0.123400	-16265.973209	-15054.516331	31320.489540	1211.456877	47586.462748	3.095901	1.965332	2.107183	0.037121	0.519030	0.131552	-0.811853	-0.216107	-0.078212	-0.074478	-2.925522
0.123600	-16266.026452	-15054.604146	31320.630598	1211.422306	47586.657050	3.113790	2.245144	-1.751354	0.022716	0.434035	-0.150849	-0.816830	-0.346948	-0.027537	-0.074476	-2.925524
0.123800	-16266.079698	-15054.691958	31320.771655	1211.387740	47586.851353	3.132726	2.527763	0.665923	0.007276	0.317058	0.094845	-0.820602	-0.449961	0.120723	-0.074473	-2.925527
0.124000	-16266.132945	-15054.779767	31320.912712	1211.353178	47587.045657	-3.130483	2.812824	3.089037	-0.009144	0.176591	0.008034	-0.823040	-0.517636	-0.152728	-0.074471	-2.925529
0.124200	-16266.186195	-15054.867573	31321.053768	1211.318621	47587.239963	-3.109962	3.099205	-0.771361	-0.026062	0.023106	-0.107051	-0.823667	-0.544774	0.110100	-0.074469	-2.925531
0.124400	-16266.239446	-15054.955377	31321.194824	1211.284069	47587.434270	-3.089451	-2.897400	1.645814	-0.042935	-0.131947	0.152882	-0.822687	-0.529555	-0.011490	-0.074466	-2.925534
0.124600	-16266.292700	-15055.043179	31321.335879	1211.249522	47587.628579	-3.069019	-2.611403	-2.212197	-0.059615	-0.277266	-0.122617	-0.820007	-0.473011	-0.091561	-0.074464	-2.925536
0.124800	-16266.345956	-15055.130977	31321.476933	1211.214979	47587.822889	-3.049415	-2.327245	0.207682	-0.075403	-0.401882	0.031681	-0.815695	-0.379262	0.150344	-0.074461	-2.925539
0.125000	-16266.399214	-15055.218773	31321.617987	1211.180441	47588.017201	-3.030824	-2.045770	2.627005	-0.090121	-0.496669	0.075353	-0.810263	-0.255407	-0.133274	-0.074459	-2.925541
0.125200	-16266.452474	-15055.306566	31321.759040	1211.145907	47588.211514	-3.013467	-1.767269	-1.231240	-0.103548	-0.554619	-0.144502	-0.803743	-0.110391	0.051044	-0.074457	-2.925543
0.125400	-16266.505736	-15055.394357	31321.900093	1211.111379	47588.405828	-2.997894	-1.492301	1.186954	-0.115284	-0.571257	0.142361	-0.796733	0.044933	0.057496	-0.074454	-2.925546
0.125600	-16266.559000	-15055.482145	31322.041145	1211.076855	47588.600144	-2.983875	-1.220878	-2.674247	-0.125587	-0.545530	-0.068952	-0.789662	0.199083	-0.136639	-0.074452	-2.925548
0.125800	-16266.612266	-15055.569930	31322.182196	1211.042335	47588.794462	-2.971684	-0.952547	-0.251566	-0.134290	-0.479149	-0.038192	-0.782748	0.340804	0.148603	-0.074450	-2.925550
0.126000	-16266.665534	-15055.657713	31322.323247	1211.007821	47588.988781	-2.961249	-0.687203	2.167298	-0.141609	-0.377013	0.126843	-0.776688	0.459410	-0.086128	-0.074447	-2.925553
0.126200	-16266.718804	-15055.745493	31322.464297	1210.973311	47589.183101	-2.952083	-0.424252	-1.692711	-0.147993	-0.246755	-0.152051	-0.771555	0.546302	-0.018630	-0.074445	-2.925555
0.126400	-16266.772076	-15055.833271	31322.605347	1210.938806	47589.377423	-2.944244	-0.162863	0.727654	-0.153496	-0.097770	0.102048	-0.767668	0.595001	0.114570	-0.074442	-2.925558
0.126600	-16266.825350	-15055.921045	31322.746396	1210.904305	47589.571746	-2.936997	0.097359	-3.134377	-0.158800	0.058777	-0.001105	-0.765304	0.601806	-0.153187	-0.074440	-2.925560
0.126800	-16266.878627	-15056.008817	31322.887444	1210.869809	47589.766071	-2.929921	0.357252	-0.712399	-0.164219	0.211420	-0.100262	-0.764196	0.566402	0.116083	-0.074438	-2.925562
0.127000	-16266.931905	-15056.096587	31323.028492	1210.835318	47589.960397	-2.922712	0.617707	1.707487	-0.170068	0.348975	0.151830	-0.764543	0.491201	-0.020884	-0.074435	-2.925565
0.127200	-16266.985186	-15056.184354	31323.169539	1210.800832	47590.154725	-2.914508	0.879151	-2.152615	-0.176997	0.461121	-0.128037	-0.765988	0.381857	-0.084219	-0.074433	-2.925567
0.127400	-16267.038468	-15056.272118	31323.310586	1210.766350	47590.349054	-2.905247	1.142436	0.266924	-0.185010	0.539800	0.040478	-0.768165	0.246493	0.148029	-0.074431	-2.925569
0.127600	-16267.091753	-15056.359879	31323.451632	1210.731873	47590.543385	-2.894454	1.408299	2.688612	-0.194508	0.579098	0.066993	-0.770951	0.094939	-0.137637	-0.074428	-2.925572
0.127800	-16267.145039	-15056.447638	31323.592678	1210.697401	47590.737717	-2.881799	1.676963	-1.171732	-0.205628	0.576121	-0.141400	-0.773617	-0.061395	0.059627	-0.074426	-2.925574
0.128000	-16267.198328	-15056.535395	31323.733722	1210.662933	47590.932050	-2.867545	1.949024	1.246280	-0.218134	0.531268	0.145343	-0.775946	-0.211104	0.048895	-0.074424	-2.925576
0.128200	-16267.251619	-15056.623148	31323.874767	1210.628470	47591.126385	-2.851362	2.224733	-2.612611	-0.232213	0.447674	-0.077233	-0.777507	-0.343113	-0.132124	-0.074421	-2.925579
0.128400	-16267.304911	-15056.710899	31324.015810	1210.594012	47591.320722	-2.833626	2.503746	-0.192105	-0.247388	0.331713	-0.029332	-0.777737	-0.447534	0.150806	-0.074419	-2.925581
0.128600	-16267.358206	-15056.798647	31324.156853	1210.559559	47591.515060	-2.814631	2.785996	2.226705	-0.263389	0.191954	0.121343	-0.776653	-0.516861	-0.093382	-0.074416	-2.925584
0.128800	-16267.411503	-15056.886393	31324.297896	1210.525110	47591.709399	-2.794412	3.070893	-1.630947	-0.279987	0.038652	-0.152929	-0.773792	-0.545791	-0.009210	-0.074414	-2.925586
0.129000	-16267.464802	-15056.974136	31324.438938	1210.490666	47591.903740	-2.773718	-2.925887	0.786876	-0.296452	-0.116625	0.108795	-0.769166	-0.532255	0.108474	-0.074412	-2.925588
0.129200	-16267.518103	-15057.061876	31324.579979	1210.456227	47592.098082	-2.752684	-2.638728	-3.074796	-0.312636	-0.262553	-0.010209	-0.762937	-0.477345	-0.152607	-0.074409	-2.925591
0.129400	-16267.571406	-15057.149614	31324.721020	1210.421792	47592.292426	-2.731749	-2.351952	-0.650492	-0.327994	-0.388220	-0.092921	-0.754972	-0.384939	0.122107	-0.074407	-2.925593
0.129600	-16267.624711	-15057.237349	31324.862060	1210.387362	47592.486771	-2.711562	-2.066883	1.766388	-0.342080	-0.484237	0.150523	-0.745829	-0.262084	-0.029822	-0.074405	-2.925595
0.129800	-16267.678018	-15057.325081	31325.003100	1210.352937	47592.681118	-2.692130	-1.784115	-2.092675	-0.354888	-0.543650	-0.132614	-0.735683	-0.117762	-0.076261	-0.074402	-2.925598
0.130000	-16267.731327	-15057.412811	31325.144139	1210.318516	47592.875466	-2.674103	-1.504377	0.328802	-0.365933	-0.561821	0.049594	-0.724890	0.037371	0.145357	-0.074400	-2.925600
0.130200	-16267.784639	-15057.500538	31325.285177	1210.284100	47593.069816	-2.657659	-1.228270	2.747200	-0.375359	-0.537510	0.058874	-0.714126	0.191667	-0.141456	-0.074398	-2.925602
0.130400	-16267.837952	-15057.588263	31325.426215	1210.249689	47593.264167	-2.642788	-0.955586	-1.111360	-0.383238	-0.472489	-0.137284	-0.703511	0.333909	0.067921	-0.074395	-2.925605
0.130600	-16267.891267	-15057.675985	31325.567252	1210.215283	47593.458519	-2.629929	-0.686288	1.307945	-0.389532	-0.371390	0.148254	-0.693678	0.453404	0.039892	-0.074393	-2.925607
0.130800	-16267.944585	-15057.763704	31325.708288	1210.180881	47593.652873	-2.618665	-0.420210	-2.554142	-0.394833	-0.241875	-0.084865	-0.684932	0.541319	-0.127450	-0.074391	-2.925609
0.131000	-16267.997904	-15057.851420	31325.849324	1210.146484	47593.847229	-2.608987	-0.156545	-0.131314	-0.399241	-0.093322	-0.020081	-0.677344	0.591254	0.152047	-0.074388	-2.925612
0.131200	-16268.051226	-15057.939134	31325.990360	1210.112092	47594.041586	-2.600704	0.105166	2.288028	-0.403246	0.063258	0.115555	-0.671363	0.599293	-0.100785	-0.074386	-2.925614
0.131400	-16268.104549	-15058.026845	31326.131395	1210.077704	47594.235944	-2.593063	0.365471	-1.572448	-0.407432	0.216208	-0.153220	-0.666737	0.565011	-0.000253	-0.074383	-2.925617
0.131600	-16268.157875	-15058.114554	31326.272429	1210.043321	47594.430304	-2.585976	0.625395	0.847953	-0.411932	0.354438	0.115045	-0.663487	0.490853	0.101483	-0.074381	-2.925619
0.131800	-16268.211203	-15058.202260	31326.413462	1210.008943	47594.624665	-2.578674	0.885480	-3.013779	-0.417432	0.467544	-0.019524	-0.661517	0.382213	-0.151921	-0.074379	-2.925621
0.132000	-16268.264533	-15058.289963	31326.554495	1209.974570	47594.819028	-2.570626	1.146387	-0.591813	-0.424097	0.547285	-0.085589	-0.660245	0.247302	0.127330	-0.074376	-2.925624
0.132200	-16268.317864	-15058.377664	31326.695528	1209.940201	47595.013392	-2.561665	1.409112	1.827593	-0.432083	0.587832	0.148235	-0.659603	0.095880	-0.038926	-0.074374	-2.925626
0.132400	-16268.371198	-15058.465361	31326.836560	1209.905837	47595.207758	-2.551029	1.674071	-2.031879	-0.441760	0.586037	-0.137194	-0.658977	-0.060739	-0.068158	-0.074372	-2.925628
0.132600	-16268.424534	-15058.553057	31326.977591	1209.871477	47595.402125	-2.538785	1.941807	0.387615	-0.452807	0.542272	0.058037	-0.657896	-0.210958	0.142154	-0.074369	-2.925631
0.132800	-16268.477872	-15058.640749	31327.118622	1209.837123	47595.596494	-2.524755	2.213031	2.808483	-0.465318	0.459653	0.050043	-0.656167	-0.343832	-0.144633	-0.074367	-2.925633
0.133000	-16268.531212	-15058.728439	31327.259652	1209.802773	47595.790864	-2.508736	2.487725	-1.050608	-0.479044	0.344330	-0.133097	-0.653094	-0.449326	0.076240	-0.074365	-2.925635
0.133200	-16268.584554	-15058.816127	31327.400681	1209.768428	47595.985235	-2.491232	2.765946	1.366761	-0.493457	0.205001	0.150289	-0.648625	-0.519815	0.031097	-0.074362	-2.925638
0.133400	-16268.637899	-15058.903811	31327.541710	1209.734087	47596.179608	-2.472125	3.047708	-2.492761	-0.508472	0.051794	-0.092421	-0.642506	-0.550060	-0.121869	-0.074360	-2.925640
0.133600	-16268.691245	-15058.991493	31327.682738	1209.699751	47596.373983	-2.451857	-2.951013	-0.070654	-0.523380	-0.103738	-0.010844	-0.634483	-0.537725	0.153225	-0.074358	-2.925642
0.133800	-16268.744593	-15059.079173	31327.823766	1209.665420	47596.568359	-2.430938	-2.664573	2.346789	-0.537828	-0.250118	0.109372	-0.624896	-0.483947	-0.107334	-0.074355	-2.925645
0.134000	-16268.797943	-15059.166850	31327.964793	1209.631094	47596.762736	-2.409425	-2.376947	-1.510760	-0.551525	-0.376567	-0.152785	-0.613604	-0.392530	0.009184	-0.074353	-2.925647
0.134200	-16268.851296	-15059.254524	31328.105819	1209.596772	47596.957115	-2.388108	-2.089586	0.908375	-0.563816	-0.473501	0.121177	-0.601002	-0.270348	0.094517	-0.074350	-2.925650
0.134400	-16268.904650	-15059.342195	31328.246845	1209.562455	47597.151496	-2.367214	-1.803490	-2.955047	-0.574724	-0.533918	-0.028382	-0.587532	-0.126532	-0.150377	-0.074348	-2.925652
0.134600	-16268.958007	-15059.429864	31328.387871	1209.528143	47597.345877	-2.347062	-1.519442	-0.529805	-0.583903	-0.553205	-0.077473	-0.573334	0.028434	0.132284	-0.074346	-2.925654
0.134800	-16269.011365	-15059.517530	31328.528895	1209.493835	47597.540261	-2.328325	-1.238526	1.887619	-0.591239	-0.529868	0.145901	-0.559170	0.182838	-0.047836	-0.074343	-2.925657
0.135000	-16269.064726	-15059.605193	31328.669920	1209.459533	47597.734646	-2.310913	-0.961054	-1.972920	-0.597041	-0.465775	-0.140787	-0.545279	0.325360	-0.059877	-0.074341	-2.925659
0.135200	-16269.118089	-15059.692854	31328.810943	1209.425234	47597.929032	-2.295292	-0.687057	0.449843	-0.601167	-0.365431	0.066740	-0.532065	0.445430	0.138217	-0.074339	-2.925661
0.135400	-16269.171454	-15059.780512	31328.951966	1209.390941	47598.123419	-2.281581	-0.416773	2.868076	-0.604132	-0.236398	0.041415	-0.520094	0.533981	-0.147620	-0.074336	-2.925664
0.135600	-16269.224820	-15059.868168	31329.092988	1209.356652	47598.317809	-2.269491	-0.149708	-0.991261	-0.606274	-0.088186	-0.128136	-0.509306	0.584646	0.083865	-0.074334	-2.925666
0.135800	-16269.278189	-15059.955821	31329.234010	1209.322368	47598.512199	-2.259282	0.114713	1.428978	-0.607824	0.068379	0.151941	-0.500113	0.593468	0.021694	-0.074332	-2.925668
0.136000	-16269.331560	-15060.043471	31329.375031	1209.288089	47598.706591	-2.250358	0.376780	-2.433469	-0.609544	0.221511	-0.099628	-0.492473	0.559817	-0.116351	-0.074329	-2.925671
0.136200	-16269.384933	-15060.131119	31329.516052	1209.253815	47598.900985	-2.242409	0.637398	-0.010871	-0.611589	0.360080	-0.001667	-0.486141	0.486262	0.153340	-0.074327	-2.925673
0.136400	-16269.438308	-15060.218763	31329.657072	1209.219545	47599.095380	-2.235171	0.897337	2.408861	-0.614469	0.473769	0.102549	-0.481214	0.378020	-0.113962	-0.074325	-2.925675
0.136600	-16269.491685	-15060.306406	31329.798091	1209.185280	47599.289776	-2.227726	1.157070	-1.451603	-0.618626	0.554098	-0.152150	-0.477082	0.243287	0.018222	-0.074322	-2.925678
0.136800	-16269.545065	-15060.394045	31329.939110	1209.151019	47599.484174	-2.219923	1.417613	0.968469	-0.624005	0.595327	0.126431	-0.473512	0.091914	0.086929	-0.074320	-2.925680
0.137000	-16269.598446	-15060.481682	31330.080128	1209.116764	47599.678574	-2.211110	1.679683	-2.893165	-0.631040	0.594211	-0.037649	-0.470144	-0.064959	-0.148420	-0.074318	-2.925682
0.137200	-16269.651829	-15060.569317	31330.221146	1209.082513	47599.872975	-2.200762	1.943719	-0.470654	-0.639541	0.550976	-0.069580	-0.466265	-0.215558	0.136757	-0.074315	-2.925685
0.137400	-16269.705215	-15060.656948	31330.362163	1209.048266	47600.067377	-2.188945	2.210625	1.947903	-0.649349	0.468868	0.142541	-0.461763	-0.348968	-0.056455	-0.074313	-2.925687
0.137600	-16269.758602	-15060.744577	31330.503179	1209.014025	47600.261781	-2.175101	2.480826	-1.911143	-0.660464	0.353828	-0.144310	-0.456034	-0.455180	-0.051104	-0.074311	-2.925689
0.137800	-16269.811991	-15060.832203	31330.644195	1208.979788	47600.456186	-2.159444	2.754428	0.508969	-0.672227	0.214619	0.074852	-0.448778	-0.526356	0.134142	-0.074308	-2.925692
0.138000	-16269.865383	-15060.919827	31330.785210	1208.945556	47600.650593	-2.142104	3.031865	2.928442	-0.684485	0.061407	0.032383	-0.439997	-0.557385	-0.149618	-0.074306	-2.925694
0.138200	-16269.918777	-15061.007448	31330.926225	1208.911328	47600.845001	-2.122992	-2.970324	-0.929462	-0.696738	-0.094400	-0.122808	-0.429281	-0.545778	0.091691	-0.074303	-2.925697
0.138400	-16269.972172	-15061.095067	31331.067239	1208.877106	47601.039411	-2.102792	-2.686402	1.488016	-0.708357	-0.241117	0.153077	-0.416939	-0.492606	0.012701	-0.074301	-2.925699
0.138600	-16270.025570	-15061.182682	31331.208252	1208.842888	47601.233822	-2.081569	-2.399956	-2.372916	-0.719225	-0.368063	-0.106309	-0.403035	-0.401774	-0.109925	-0.074299	-2.925701
0.138800	-16270.078970	-15061.270295	31331.349265	1208.808675	47601.428235	-2.059760	-2.112137	0.050939	-0.728673	-0.465608	0.007816	-0.387696	-0.279949	0.153313	-0.074296	-2.925704
0.139000	-16270.132372	-15061.357906	31331.490277	1208.774466	47601.622649	-2.038027	-1.824229	2.467632	-0.736545	-0.526591	0.095736	-0.371577	-0.136388	-0.119862	-0.074294	-2.925706
0.139200	-16270.185776	-15061.445513	31331.631289	1208.740262	47601.817065	-2.016416	-1.537058	-1.390689	-0.742755	-0.546538	-0.150489	-0.354787	0.018446	0.027401	-0.074292	-2.925708
0.139400	-16270.239182	-15061.533118	31331.772300	1208.706063	47602.011482	-1.995674	-1.251888	1.030221	-0.746961	-0.523761	0.131739	-0.337951	0.172934	0.079071	-0.074289	-2.925711
0.139600	-16270.292590	-15061.620721	31331.913311	1208.671869	47602.205900	-1.976080	-0.969687	-2.834601	-0.749546	-0.460146	-0.046284	-0.321582	0.315553	-0.145999	-0.074287	-2.925713
0.139800	-16270.346000	-15061.708321	31332.054320	1208.637679	47602.400320	-1.957774	-0.690700	-0.409281	-0.750487	-0.360253	-0.060957	-0.305843	0.435871	0.140527	-0.074285	-2.925715
0.140000	-16270.399412	-15061.795918	31332.195330	1208.603494	47602.594742	-1.941378	-0.415442	2.009317	-0.750059	-0.231460	0.139046	-0.291422	0.524715	-0.065209	-0.074282	-2.925718
0.140200	-16270.452826	-15061.883512	31332.336338	1208.569314	47602.789165	-1.926664	-0.143973	-1.852609	-0.748860	-0.083452	-0.147018	-0.278346	0.575623	-0.042565	-0.074280	-2.925720
0.140400	-16270.506243	-15061.971104	31332.477347	1208.535139	47602.983589	-1.913837	0.124253	0.570769	-0.746996	0.073035	0.082871	-0.266798	0.584769	0.129072	-0.074278	-2.925722
0.140600	-16270.559661	-15062.058693	31332.618354	1208.500968	47603.178015	-1.902912	0.389404	2.989417	-0.745187	0.226234	0.023249	-0.257008	0.551308	-0.151596	-0.074275	-2.925725
0.140800	-16270.613081	-15062.146280	31332.759361	1208.466802	47603.372442	-1.893302	0.652041	-0.870721	-0.743811	0.364846	-0.117138	-0.248561	0.477903	0.098679	-0.074273	-2.925727
0.141000	-16270.666504	-15062.233864	31332.900367	1208.432640	47603.566871	-1.885058	0.913095	1.550010	-0.743118	0.478710	0.153403	-0.241538	0.369769	0.003189	-0.074271	-2.925729
0.141200	-16270.719928	-15062.321445	31333.041373	1208.398484	47603.761302	-1.877462	1.173006	-2.312344	-0.743750	0.559189	-0.112971	-0.235512	0.234966	-0.103474	-0.074268	-2.925732
0.141400	-16270.773355	-15062.409023	31333.182378	1208.364332	47603.955733	-1.869963	1.432577	0.109986	-0.745639	0.600529	0.016835	-0.229972	0.083538	0.152443	-0.074266	-2.925734
0.141600	-16270.826784	-15062.496599	31333.323383	1208.330185	47604.150167	-1.862318	1.692804	2.529664	-0.749058	0.599573	0.088057	-0.224770	-0.073518	-0.125474	-0.074264	-2.925736
0.141800	-16270.880215	-15062.584172	31333.464387	1208.296042	47604.344601	-1.853593	1.954133	-1.330337	-0.754086	0.556348	-0.148805	-0.219126	-0.224367	0.036488	-0.074261	-2.925739
0.142000	-16270.933647	-15062.671743	31333.605390	1208.261905	47604.539037	-1.843677	2.217390	1.089499	-0.760326	0.474249	0.136060	-0.212787	-0.357984	0.071059	-0.074259	-2.925741
0.142200	-16270.987082	-15062.759311	31333.746393	1208.227772	47604.733475	-1.832168	2.483416	-2.772595	-0.767863	0.359156	-0.055212	-0.205397	-0.464513	-0.142773	-0.074257	-2.925743
0.142400	-16271.040519	-15062.846876	31333.887395	1208.193643	47604.927914	-1.818639	2.752438	-0.349021	-0.776136	0.219764	-0.052462	-0.196398	-0.535921	0.144158	-0.074254	-2.925746
0.142600	-16271.093958	-15062.934439	31334.028397	1208.159520	47605.122355	-1.803417	3.025020	2.068715	-0.784737	0.066417	0.134793	-0.185912	-0.567164	-0.073274	-0.074252	-2.925748
0.142800	-16271.147399	-15063.021998	31334.169398	1208.125401	47605.316797	-1.786192	-2.981679	-1.790541	-0.793426	-0.089643	-0.149308	-0.173594	-0.555787	-0.033348	-0.074250	-2.925750
0.143000	-16271.200842	-15063.109556	31334.310398	1208.091287	47605.511240	-1.767288	-2.701674	0.630955	-0.801411	-0.236611	0.090625	-0.159529	-0.502698	0.124046	-0.074247	-2.925753
0.143200	-16271.254288	-15063.197110	31334.451398	1208.057177	47605.705686	-1.747115	-2.418288	3.048844	-0.808533	-0.363759	0.014188	-0.144055	-0.411989	-0.152530	-0.074245	-2.925755
0.143400	-16271.307735	-15063.284662	31334.592397	1208.023073	47605.900132	-1.725657	-2.132069	-0.808507	-0.814320	-0.461584	-0.110734	-0.127124	-0.290209	0.105731	-0.074243	-2.925757
0.143600	-16271.361184	-15063.372211	31334.733396	1207.988973	47606.094580	-1.703694	-1.844276	1.609983	-0.818336	-0.522722	0.153569	-0.109400	-0.146627	-0.006021	-0.074240	-2.925760
0.143800	-16271.414636	-15063.459758	31334.874394	1207.954878	47606.289029	-1.681444	-1.555773	-2.252799	-0.820702	-0.542833	-0.118754	-0.091181	0.008156	-0.096426	-0.074238	-2.925762
0.144000	-16271.468089	-15063.547302	31335.015391	1207.920787	47606.483480	-1.659270	-1.267693	0.172440	-0.821035	-0.520203	0.026314	-0.072830	0.162688	0.151082	-0.074236	-2.925764
0.144200	-16271.521545	-15063.634843	31335.156388	1207.886701	47606.677933	-1.637922	-0.981485	2.589258	-0.819572	-0.456617	0.080558	-0.055097	0.305275	-0.130708	-0.074233	-2.925767
0.144400	-16271.575002	-15063.722382	31335.297384	1207.852620	47606.872387	-1.617404	-0.697821	-1.270563	-0.816559	-0.356827	-0.146097	-0.038086	0.425519	0.045230	-0.074231	-2.925769
0.144600	-16271.628462	-15063.809918	31335.438380	1207.818544	47607.066842	-1.598333	-0.417362	1.152055	-0.812027	-0.228055	0.140286	-0.022366	0.514319	0.062436	-0.074228	-2.925772
0.144800	-16271.681924	-15063.897451	31335.579375	1207.784472	47607.261299	-1.580995	-0.140784	-2.713394	-0.806695	-0.080078	-0.063651	-0.008228	0.565035	-0.139450	-0.074226	-2.925774
0.145000	-16271.735388	-15063.984982	31335.720370	1207.750405	47607.455757	-1.565298	0.132127	-0.288762	-0.800762	0.076288	-0.043599	0.004403	0.574021	0.146765	-0.074224	-2.925776
0.145200	-16271.788853	-15064.072510	31335.861363	1207.716343	47607.650217	-1.551722	0.401518	2.131157	-0.794722	0.229423	0.130067	0.015160	0.540347	-0.081611	-0.074221	-2.925779
0.145400	-16271.842321	-15064.160035	31336.002357	1207.682286	47607.844678	-1.539883	0.667516	-1.731642	-0.789233	0.367826	-0.151166	0.024405	0.466655	-0.024526	-0.074219	-2.925781
0.145600	-16271.895791	-15064.247558	31336.143349	1207.648233	47608.039141	-1.529661	0.930970	0.691713	-0.784384	0.481447	0.097801	0.032284	0.358328	0.118085	-0.074217	-2.925783
0.145800	-16271.949263	-15064.335078	31336.284342	1207.614185	47608.233605	-1.520955	1.192443	3.110983	-0.780810	0.561652	0.004694	0.038949	0.223259	-0.153293	-0.074214	-2.925786
0.146000	-16272.002738	-15064.422595	31336.425333	1207.580142	47608.428071	-1.512918	1.452443	-0.749616	-0.778640	0.602562	-0.104380	0.045117	0.071650	0.112131	-0.074212	-2.925788
0.146200	-16272.056214	-15064.510110	31336.566324	1207.546104	47608.622538	-1.505420	1.712042	1.671111	-0.777876	0.601222	0.152651	0.050928	-0.085490	-0.015365	-0.074210	-2.925790
0.146400	-16272.109692	-15064.597622	31336.707314	1207.512070	47608.817006	-1.497739	1.971877	-2.191002	-0.778816	0.557526	-0.124645	0.057000	-0.236429	-0.089024	-0.074207	-2.925793
0.146600	-16272.163172	-15064.685132	31336.848304	1207.478041	47609.011476	-1.489199	2.232556	0.231450	-0.781006	0.474935	0.035188	0.063869	-0.369941	0.149308	-0.074205	-2.925795
0.146800	-16272.216655	-15064.772638	31336.989293	1207.444016	47609.205948	-1.479697	2.495144	2.650552	-0.784387	0.359450	0.072291	0.071656	-0.476335	-0.135192	-0.074203	-2.925797
0.147000	-16272.270139	-15064.860142	31337.130282	1207.409997	47609.400421	-1.468432	2.760133	-1.208940	-0.788655	0.219614	-0.143219	0.081013	-0.547521	0.054212	-0.074200	-2.925800
0.147200	-16272.323626	-15064.947644	31337.271270	1207.375982	47609.594896	-1.455405	3.028016	1.211170	-0.793138	0.065977	0.143747	0.091930	-0.578397	0.054046	-0.074198	-2.925802
0.147400	-16272.377114	-15065.035143	31337.412257	1207.341972	47609.789372	-1.440540	-2.983607	-2.652037	-0.797710	-0.090284	-0.071983	0.104499	-0.566705	-0.135098	-0.074196	-2.925804
0.147600	-16272.430605	-15065.122639	31337.553244	1207.307966	47609.983849	-1.423544	-2.708327	-0.227210	-0.801643	-0.237394	-0.034534	0.118905	-0.513197	0.149366	-0.074193	-2.925807
0.147800	-16272.484098	-15065.210132	31337.694230	1207.273966	47610.178328	-1.404972	-2.429348	2.190238	-0.804538	-0.364464	0.125025	0.134649	-0.422108	-0.089151	-0.074191	-2.925809
0.148000	-16272.537593	-15065.297623	31337.835216	1207.239970	47610.372808	-1.384759	-2.146602	-1.670128	-0.806194	-0.462184	-0.152168	0.151737	-0.300046	-0.015165	-0.074189	-2.925811
0.148200	-16272.591090	-15065.385111	31337.976201	1207.205979	47610.567290	-1.363272	-1.860935	0.753221	-0.805988	-0.523081	0.105032	0.169705	-0.156173	0.112018	-0.074186	-2.925814
0.148400	-16272.644589	-15065.472596	31338.117185	1207.171992	47610.761774	-1.341143	-1.573211	-3.113244	-0.804038	-0.542839	-0.004347	0.187966	-0.001311	-0.153289	-0.074184	-2.925816
0.148600	-16272.698090	-15065.560079	31338.258169	1207.138010	47610.956258	-1.318395	-1.284217	-0.687797	-0.800149	-0.519906	-0.097112	0.206359	0.153212	0.118193	-0.074182	-2.925818
0.148800	-16272.751593	-15065.647559	31338.399152	1207.104033	47611.150745	-1.295818	-0.995478	1.732424	-0.794283	-0.455918	0.151691	0.224087	0.295662	-0.024733	-0.074179	-2.925821
0.149000	-16272.805098	-15065.735037	31338.540135	1207.070061	47611.345233	-1.273744	-0.708150	-2.132153	-0.786924	-0.355831	-0.129603	0.240885	0.415537	-0.081500	-0.074177	-2.925823
0.149200	-16272.858605	-15065.822512	31338.681117	1207.036094	47611.539722	-1.252409	-0.423004	0.293688	-0.778042	-0.226862	0.044349	0.256443	0.503935	0.146640	-0.074175	-2.925825
0.149400	-16272.912114	-15065.909984	31338.822098	1207.002131	47611.734213	-1.232573	-0.141164	2.711545	-0.768238	-0.078739	0.064045	0.270219	0.554070	-0.139630	-0.074172	-2.925828
0.149600	-16272.965626	-15065.997453	31338.963079	1206.968173	47611.928705	-1.214169	0.136956	-1.150000	-0.757984	0.077510	-0.139642	0.282392	0.562407	0.062494	-0.074170	-2.925830
0.149800	-16273.019139	-15066.084920	31339.104059	1206.934219	47612.123199	-1.197598	0.411414	1.273734	-0.747517	0.230428	0.146711	0.292688	0.528124	0.044911	-0.074168	-2.925832
0.150000	-16273.072655	-15066.172384	31339.245039	1206.900271	47612.317694	-1.183101	0.681976	-2.591540	-0.737645	0.368412	-0.080182	0.301227	0.453746	-0.130764	-0.074165	-2.925835
0.150200	-16273.126172	-15066.259846	31339.386018	1206.866327	47612.512190	-1.170303	0.949094	-0.167947	-0.728522	0.481381	-0.025591	0.308438	0.344901	0.150941	-0.074163	-2.925837
0.150400	-16273.179692	-15066.347304	31339.526996	1206.832388	47612.706689	-1.159476	1.213462	2.252980	-0.720563	0.560880	0.119136	0.314311	0.209412	-0.096772	-0.074161	-2.925839
0.150600	-16273.233214	-15066.434761	31339.667974	1206.798453	47612.901188	-1.150077	1.475375	-1.610061	-0.714185	0.600873	-0.153084	0.319552	0.057511	-0.006014	-0.074158	-2.925842
0.150800	-16273.286738	-15066.522214	31339.808952	1206.764524	47613.095689	-1.141659	1.735719	0.812913	-0.709191	0.598590	0.111354	0.324510	-0.099626	0.105388	-0.074156	-2.925844
0.151000	-16273.340263	-15066.609665	31339.949928	1206.730599	47613.290192	-1.134036	1.995381	-3.050609	-0.705896	0.553971	-0.013932	0.329533	-0.250441	-0.152709	-0.074154	-2.925846
0.151200	-16273.393791	-15066.697113	31340.090904	1206.696678	47613.484696	-1.126213	2.254827	-0.627968	-0.704013	0.470419	-0.090008	0.335386	-0.383556	0.123977	-0.074152	-2.925848
0.151400	-16273.447321	-15066.784559	31340.231880	1206.662763	47613.679201	-1.117965	2.515061	1.792505	-0.703203	0.354187	0.149697	0.342144	-0.489333	-0.033744	-0.074149	-2.925851
0.151600	-16273.500854	-15066.872001	31340.372855	1206.628852	47613.873708	-1.108716	2.776927	-2.069688	-0.703395	0.213704	-0.134463	0.350321	-0.559816	-0.073264	-0.074147	-2.925853
0.151800	-16273.554388	-15066.959442	31340.513829	1206.594946	47614.068217	-1.097798	3.040836	0.353468	-0.703821	0.059625	0.053099	0.360176	-0.589766	0.143914	-0.074145	-2.925855
0.152000	-16273.607924	-15067.046879	31340.654803	1206.561045	47614.262727	-1.085328	-2.975479	2.771781	-0.704236	-0.096766	0.055440	0.371542	-0.577163	-0.143017	-0.074142	-2.925858
0.152200	-16273.661462	-15067.134314	31340.795776	1206.527148	47614.457238	-1.070755	-2.705105	-1.087615	-0.704159	-0.243859	-0.135514	0.384722	-0.522746	0.071099	-0.074140	-2.925860
0.152400	-16273.715003	-15067.221746	31340.936749	1206.493256	47614.651751	-1.054201	-2.431153	1.333527	-0.702909	-0.370584	0.149309	0.399288	-0.430765	0.036107	-0.074138	-2.925862
0.152600	-16273.768545	-15067.309176	31341.077721	1206.459369	47614.846266	-1.035923	-2.153180	-2.531216	-0.700439	-0.467765	-0.087784	0.414998	-0.308061	-0.125499	-0.074135	-2.925865
0.152800	-16273.822090	-15067.396602	31341.218692	1206.425487	47615.040782	-1.015755	-1.871365	-0.105494	-0.696162	-0.528000	-0.016127	0.431664	-0.163658	0.152307	-0.074133	-2.925867
0.153000	-16273.875636	-15067.484027	31341.359663	1206.391609	47615.235299	-0.994404	-1.586431	2.312605	-0.689979	-0.546888	0.113295	0.448503	-0.008551	-0.103825	-0.074131	-2.925869
0.153200	-16273.929185	-15067.571448	31341.500633	1206.357737	47615.429818	-0.972028	-1.298812	-1.549594	-0.681985	-0.523144	-0.152902	0.465339	0.145902	0.003242	-0.074128	-2.925872
0.153400	-16273.982736	-15067.658867	31341.641603	1206.323869	47615.624338	-0.948965	-1.009634	0.875493	-0.671933	-0.458336	0.117799	0.481559	0.288096	0.098279	-0.074126	-2.925874
0.153600	-16274.036288	-15067.746283	31341.782572	1206.290005	47615.818860	-0.925996	-0.720349	-2.991281	-0.660351	-0.357522	-0.022988	0.496605	0.407346	-0.151784	-0.074124	-2.925876
0.153800	-16274.089843	-15067.833697	31341.923540	1206.256146	47616.013383	-0.903161	-0.431844	-0.567158	-0.647380	-0.228102	-0.082147	0.510402	0.494953	0.128966	-0.074121	-2.925879
0.154000	-16274.143400	-15067.921108	31342.064508	1206.222293	47616.207908	-0.881171	-0.145391	1.855081	-0.633354	-0.079675	0.147450	0.522331	0.544139	-0.043085	-0.074119	-2.925881
0.154200	-16274.196959	-15068.008516	31342.205475	1206.188443	47616.402434	-0.860437	0.137892	-2.010700	-0.619010	0.076513	-0.138663	0.532444	0.551352	-0.065263	-0.074117	-2.925883
0.154400	-16274.250520	-15068.095921	31342.346442	1206.154599	47616.596962	-0.841013	0.417748	0.414736	-0.604492	0.229056	0.061683	0.540734	0.516039	0.140102	-0.074114	-2.925886
0.154600	-16274.304084	-15068.183324	31342.487408	1206.120759	47616.791491	-0.823584	0.693711	2.834131	-0.590520	0.366420	0.046491	0.547060	0.440624	-0.146413	-0.074112	-2.925888
0.154800	-16274.357649	-15068.270724	31342.628373	1206.086924	47616.986022	-0.807980	0.965626	-1.028781	-0.577507	0.478377	-0.131143	0.551996	0.330919	0.078971	-0.074110	-2.925890
0.155000	-16274.411216	-15068.358122	31342.769338	1206.053094	47617.180554	-0.794308	1.234096	1.395302	-0.565592	0.556715	0.150968	0.555602	0.194866	0.026769	-0.074107	-2.925893
0.155200	-16274.464786	-15068.445517	31342.910302	1206.019269	47617.375088	-0.782707	1.499366	-2.469284	-0.555367	0.595350	-0.095554	0.558364	0.042598	-0.120040	-0.074105	-2.925895
0.155400	-16274.518357	-15068.532909	31343.051266	1205.985448	47617.569623	-0.772512	1.761931	-0.046627	-0.546657	0.591583	-0.007137	0.560930	-0.114469	0.152966	-0.074103	-2.925897
0.155600	-16274.571931	-15068.620299	31343.192229	1205.951632	47617.764160	-0.763743	2.022806	2.374735	-0.539566	0.545591	0.106466	0.563456	-0.264904	-0.110489	-0.074100	-2.925900
0.155800	-16274.625506	-15068.707685	31343.333192	1205.917821	47617.958698	-0.755759	2.282496	-1.488088	-0.534092	0.460674	-0.152690	0.566729	-0.397326	0.012658	-0.074098	-2.925902
0.156000	-16274.679084	-15068.795070	31343.474154	1205.884014	47618.153237	-0.747849	2.541745	0.934631	-0.529661	0.343333	0.123342	0.571010	-0.502012	0.091100	-0.074096	-2.925904
0.156200	-16274.732664	-15068.882451	31343.615115	1205.850212	47618.347778	-0.739830	2.801645	-2.929013	-0.526246	0.202044	-0.032351	0.576533	-0.571264	-0.149882	-0.074093	-2.925907
0.156400	-16274.786245	-15068.969830	31343.756076	1205.816415	47618.542321	-0.730723	3.062696	-0.505974	-0.523218	0.047417	-0.074234	0.583805	-0.599756	0.133975	-0.074091	-2.925909
0.156600	-16274.839829	-15069.057206	31343.897036	1205.782623	47618.736865	-0.720308	-2.957515	1.914475	-0.520046	-0.109035	0.144540	0.592568	-0.585627	-0.051728	-0.074089	-2.925911
0.156800	-16274.893415	-15069.144580	31344.037995	1205.748836	47618.931411	-0.708286	-2.691657	-1.948420	-0.516507	-0.255880	-0.142316	0.603007	-0.529799	-0.056451	-0.074086	-2.925914
0.157000	-16274.947003	-15069.231951	31344.178954	1205.715053	47619.125958	-0.694102	-2.422647	0.475845	-0.511793	-0.381983	0.070238	0.614947	-0.436449	0.136294	-0.074084	-2.925916
0.157200	-16275.000594	-15069.319319	31344.319912	1205.681275	47619.320506	-0.678113	-2.149962	2.893627	-0.505770	-0.478161	0.037676	0.627861	-0.312706	-0.148814	-0.074082	-2.925918
0.157400	-16275.054186	-15069.406684	31344.460870	1205.647501	47619.515056	-0.660063	-1.873130	-0.966488	-0.498094	-0.537258	-0.125858	0.641705	-0.167568	0.086903	-0.074079	-2.925921
0.157600	-16275.107780	-15069.494047	31344.601827	1205.613733	47619.709608	-0.640160	-1.592528	1.456349	-0.488383	-0.554769	0.152574	0.655730	-0.012058	0.017538	-0.074077	-2.925923
0.157800	-16275.161377	-15069.581407	31344.742784	1205.579969	47619.904161	-0.618948	-1.308355	-2.409814	-0.476922	-0.529650	-0.102432	0.669531	0.142284	-0.114051	-0.074075	-2.925925
0.158000	-16275.214975	-15069.668765	31344.883740	1205.546210	47620.098715	-0.596366	-1.021074	0.015912	-0.463477	-0.463588	0.002434	0.682775	0.284051	0.152979	-0.074073	-2.925927
0.158200	-16275.268575	-15069.756120	31345.024695	1205.512456	47620.293271	-0.573177	-0.732014	2.435595	-0.448390	-0.361618	0.099732	0.694684	0.402446	-0.116975	-0.074070	-2.925930
0.158400	-16275.322178	-15069.843472	31345.165650	1205.478706	47620.487828	-0.549726	-0.442172	-1.428659	-0.432103	-0.231441	-0.151499	0.705211	0.488854	0.021680	-0.074068	-2.925932
0.158600	-16275.375783	-15069.930822	31345.306604	1205.444961	47620.682387	-0.526270	-0.152654	0.997487	-0.414720	-0.082572	0.128735	0.713905	0.536701	0.083117	-0.074066	-2.925934
0.158800	-16275.429390	-15070.018168	31345.447558	1205.411221	47620.876948	-0.503662	0.134958	-2.868543	-0.397063	0.073642	-0.041430	0.720536	0.542349	-0.147941	-0.074063	-2.925937
0.159000	-16275.482998	-15070.105513	31345.588511	1205.377486	47621.071509	-0.481936	0.419861	-0.446345	-0.379418	0.225678	-0.066014	0.725362	0.505545	0.137945	-0.074061	-2.925939
0.159200	-16275.536609	-15070.192854	31345.729463	1205.343755	47621.266073	-0.461637	0.701440	1.977590	-0.362244	0.362201	0.140957	0.728143	0.428766	-0.060728	-0.074059	-2.925941
0.159400	-16275.590222	-15070.280193	31345.870415	1205.310029	47621.460638	-0.443208	0.978929	-1.888421	-0.346233	0.472840	-0.145724	0.729363	0.317873	-0.047908	-0.074056	-2.925944
0.159600	-16275.643837	-15070.367529	31346.011367	1205.276308	47621.655204	-0.426475	1.252485	0.535894	-0.331390	0.549557	0.078141	0.729353	0.181088	0.131581	-0.074054	-2.925946
0.159800	-16275.697454	-15070.454863	31346.152317	1205.242592	47621.849772	-0.411952	1.522359	2.956749	-0.318244	0.586413	0.028222	0.728322	0.028426	-0.150939	-0.074052	-2.925948
0.160000	-16275.751074	-15070.542194	31346.293267	1205.208880	47622.044341	-0.399344	1.788629	-0.906881	-0.306852	0.580672	-0.120647	0.727102	-0.128529	0.094394	-0.074049	-2.925951
0.160200	-16275.804695	-15070.629522	31346.434217	1205.175173	47622.238912	-0.388402	2.052138	1.516933	-0.297024	0.532842	0.153045	0.725885	-0.278312	0.008251	-0.074047	-2.925953
0.160400	-16275.858318	-15070.716847	31346.575166	1205.141471	47622.433484	-0.379137	2.313571	-2.346869	-0.288951	0.446219	-0.109487	0.725255	-0.409714	-0.107464	-0.074045	-2.925955
0.160600	-16275.911944	-15070.804170	31346.716114	1205.107774	47622.628058	-0.370644	2.573387	0.075336	-0.282038	0.327436	0.011528	0.725772	-0.512869	0.152736	-0.074042	-2.925958
0.160800	-16275.965571	-15070.891490	31346.857062	1205.074081	47622.822633	-0.362710	2.832682	2.496606	-0.276065	0.185197	0.092238	0.727443	-0.580326	-0.122604	-0.074040	-2.925960
0.161000	-16276.019201	-15070.978808	31346.998009	1205.040393	47623.017210	-0.354710	3.092207	-1.366023	-0.270680	0.029994	-0.149989	0.730826	-0.606844	0.031150	-0.074038	-2.925962
0.161200	-16276.072833	-15071.066123	31347.138955	1205.006710	47623.211788	-0.345797	-2.930668	1.056938	-0.265093	-0.126451	0.133548	0.735813	-0.590591	0.075379	-0.074035	-2.925965
0.161400	-16276.126466	-15071.153435	31347.279901	1204.973032	47623.406367	-0.335902	-2.668463	-2.807264	-0.259162	-0.272759	-0.050327	0.742301	-0.532827	-0.144881	-0.074033	-2.925967
0.161600	-16276.180102	-15071.240744	31347.420846	1204.939358	47623.600949	-0.324225	-2.403751	-0.383940	-0.252190	-0.397914	-0.057341	0.750376	-0.437682	0.141938	-0.074031	-2.925969
0.161800	-16276.233740	-15071.328051	31347.561791	1204.905689	47623.795531	-0.310627	-2.136095	2.037116	-0.243774	-0.492625	0.137177	0.759377	-0.312499	-0.069047	-0.074029	-2.925971
0.162000	-16276.287380	-15071.415355	31347.702735	1204.872025	47623.990115	-0.295152	-1.864631	-1.827077	-0.233852	-0.550033	-0.148146	0.769169	-0.166437	-0.038821	-0.074026	-2.925974
0.162200	-16276.341022	-15071.502657	31347.843679	1204.838366	47624.184701	-0.277408	-1.589209	0.598246	-0.221888	-0.565661	0.086280	0.779240	-0.010417	0.126592	-0.074024	-2.925976
0.162400	-16276.394666	-15071.589955	31347.984622	1204.804711	47624.379288	-0.257948	-1.309906	3.016287	-0.208127	-0.538578	0.019202	0.788883	0.143787	-0.152435	-0.074022	-2.925978
0.162600	-16276.448313	-15071.677252	31348.125564	1204.771061	47624.573877	-0.236807	-1.026580	-0.845415	-0.192573	-0.470782	-0.114427	0.797948	0.284906	0.101455	-0.074019	-2.925981
0.162800	-16276.501961	-15071.764545	31348.266506	1204.737416	47624.768467	-0.214223	-0.740011	1.579304	-0.175281	-0.367251	0.153456	0.805660	0.402199	-0.001306	-0.074017	-2.925983
0.163000	-16276.555611	-15071.851836	31348.407447	1204.703776	47624.963058	-0.190951	-0.451189	-2.287560	-0.156920	-0.235963	-0.115715	0.811771	0.487001	-0.100829	-0.074015	-2.925985
0.163200	-16276.609264	-15071.939124	31348.548388	1204.670140	47625.157652	-0.167009	-0.160891	0.137111	-0.137581	-0.086513	0.020898	0.816122	0.533063	0.151458	-0.074012	-2.925988
0.163400	-16276.662918	-15072.026409	31348.689328	1204.636509	47625.352246	-0.143130	0.129331	2.558954	-0.117922	0.069805	0.084553	0.818249	0.536728	-0.128316	-0.074010	-2.925990
0.163600	-16276.716575	-15072.113692	31348.830267	1204.602883	47625.546842	-0.119806	0.418119	-1.306946	-0.098531	0.221247	-0.147905	0.818484	0.497948	0.039956	-0.074008	-2.925992
0.163800	-16276.770234	-15072.200972	31348.971206	1204.569262	47625.741440	-0.097169	0.704688	1.119186	-0.079612	0.356680	0.137733	0.816738	0.419459	0.066807	-0.074005	-2.925995
0.164000	-16276.823895	-15072.288250	31349.112144	1204.535645	47625.936039	-0.076053	0.987868	-2.745237	-0.061968	0.465727	-0.059327	0.813230	0.307083	-0.141760	-0.074003	-2.925997
0.164200	-16276.877557	-15072.375524	31349.253082	1204.502033	47626.130639	-0.056471	1.267087	-0.324940	-0.045710	0.540383	-0.048852	0.808578	0.169359	0.145013	-0.074001	-2.925999
0.164400	-16276.931222	-15072.462796	31349.394019	1204.468426	47626.325241	-0.038720	1.542449	2.099851	-0.031103	0.575028	0.132372	0.802868	0.016305	-0.077391	-0.073998	-2.926002
0.164600	-16276.984889	-15072.550066	31349.534955	1204.434824	47626.519845	-0.023202	1.813725	-1.765544	-0.018492	0.566884	-0.150577	0.796874	-0.140487	-0.029701	-0.073996	-2.926004
0.164800	-16277.038559	-15072.637333	31349.675891	1204.401226	47626.714450	-0.009487	2.081276	0.657459	-0.007505	0.516753	0.093535	0.791041	-0.289375	0.121152	-0.073994	-2.926006
0.165000	-16277.092230	-15072.724597	31349.816826	1204.367633	47626.909056	0.002171	2.345894	3.079295	0.001705	0.428118	0.009555	0.785666	-0.419388	-0.153175	-0.073992	-2.926008
0.165200	-16277.145903	-15072.811858	31349.957761	1204.334045	47627.103664	0.012190	2.607902	-0.784398	0.009527	0.307618	-0.108254	0.781515	-0.520605	0.108471	-0.073989	-2.926011
0.165400	-16277.199578	-15072.899117	31350.098695	1204.300462	47627.298274	0.021178	2.868121	1.638888	0.016491	0.164289	0.152908	0.778590	-0.585701	-0.010428	-0.073987	-2.926013
0.165600	-16277.253256	-15072.986373	31350.239629	1204.266883	47627.492885	0.029235	3.127565	-2.224504	0.022729	0.008554	-0.121764	0.777254	-0.609720	-0.093280	-0.073985	-2.926015
0.165800	-16277.306935	-15073.073626	31350.380562	1204.233309	47627.687497	0.037388	-2.896480	0.197806	0.029090	-0.147784	0.030102	0.777692	-0.590802	0.150188	-0.073982	-2.926018
0.166000	-16277.360617	-15073.160877	31350.521494	1204.199740	47627.882111	0.045997	-2.636677	2.618911	0.035882	-0.293241	0.076609	0.779538	-0.530559	-0.132972	-0.073980	-2.926020
0.166200	-16277.414301	-15073.248125	31350.662426	1204.166176	47628.076726	0.055527	-2.375235	-1.243990	0.043520	-0.417049	-0.145054	0.782956	-0.433241	0.049168	-0.073978	-2.926022
0.166400	-16277.467986	-15073.335370	31350.803357	1204.132616	47628.271343	0.066809	-2.111736	1.179747	0.052684	-0.509830	0.141748	0.787398	-0.306259	0.058440	-0.073975	-2.926025
0.166600	-16277.521674	-15073.422613	31350.944287	1204.099061	47628.465962	0.079722	-1.845281	-2.685048	0.063310	-0.564948	-0.067657	0.792442	-0.159085	-0.137751	-0.073973	-2.926027
0.166800	-16277.575364	-15073.509853	31351.085217	1204.065511	47628.660581	0.094772	-1.575166	-0.262042	0.075842	-0.578154	-0.039633	0.797855	-0.002527	0.147770	-0.073971	-2.926029
0.167000	-16277.629056	-15073.597090	31351.226147	1204.031966	47628.855203	0.111993	-1.301320	2.160399	0.090282	-0.548529	0.127642	0.802763	0.151501	-0.085390	-0.073969	-2.926031
0.167200	-16277.682750	-15073.684325	31351.367075	1203.998425	47629.049826	0.131001	-1.023288	-1.705290	0.106321	-0.478464	-0.151882	0.806959	0.291711	-0.020551	-0.073966	-2.926034
0.167400	-16277.736447	-15073.771557	31351.508003	1203.964890	47629.244450	0.152023	-0.741095	0.720407	0.124081	-0.372987	0.100956	0.809898	0.407592	0.115012	-0.073964	-2.926036
0.167600	-16277.790145	-15073.858786	31351.648931	1203.931358	47629.439076	0.174394	-0.455506	3.139717	0.142890	-0.240223	0.000288	0.811027	0.490388	-0.153717	-0.073962	-2.926038
0.167800	-16277.843845	-15073.946013	31351.789858	1203.897832	47629.633703	0.197817	-0.166978	-0.724071	0.162438	-0.090031	-0.101353	0.810416	0.534158	0.114614	-0.073959	-2.926041
0.168000	-16277.897548	-15074.033237	31351.930784	1203.864311	47629.828332	0.222081	0.123441	1.702075	0.182355	0.066429	0.151957	0.807575	0.535409	-0.020064	-0.073957	-2.926043
0.168200	-16277.951252	-15074.120458	31352.071710	1203.830794	47630.022962	0.246305	0.414154	-2.164416	0.201799	0.217227	-0.127353	0.802672	0.494170	-0.085939	-0.073955	-2.926045
0.168400	-16278.004959	-15074.207677	31352.212635	1203.797282	47630.217594	0.270406	0.704167	0.258308	0.220626	0.351307	0.039052	0.795922	0.413576	0.147805	-0.073952	-2.926048
0.168600	-16278.058667	-15074.294893	31352.353560	1203.763775	47630.412227	0.293768	0.992219	2.682250	0.238172	0.458478	0.068072	0.787292	0.299449	-0.137623	-0.073950	-2.926050
0.168800	-16278.112378	-15074.382106	31352.494484	1203.730272	47630.606862	0.315800	1.277002	-1.184337	0.254043	0.530677	-0.142068	0.777522	0.160556	0.057811	-0.073948	-2.926052
0.169000	-16278.166091	-15074.469317	31352.635408	1203.696774	47630.801499	0.336527	1.558175	1.240742	0.268258	0.562650	0.144728	0.766817	0.007102	0.049582	-0.073945	-2.926055
0.169200	-16278.219806	-15074.556524	31352.776330	1203.663281	47630.996136	0.355231	1.835321	-2.621783	0.280339	0.551720	-0.076310	0.755698	-0.149446	-0.133336	-0.073943	-2.926057
0.169400	-16278.273523	-15074.643730	31352.917253	1203.629793	47631.190776	0.371949	2.108152	-0.202768	0.290597	0.498850	-0.030842	0.744914	-0.297235	0.150016	-0.073941	-2.926059
0.169600	-16278.327242	-15074.730932	31353.058174	1203.596310	47631.385416	0.386710	2.377274	2.221979	0.299138	0.407899	0.121875	0.734596	-0.425469	-0.092878	-0.073939	-2.926061
0.169800	-16278.380963	-15074.818132	31353.199095	1203.562831	47631.580059	0.399220	2.643023	-1.642366	0.306061	0.285481	-0.153097	0.725481	-0.524352	-0.010976	-0.073936	-2.926064
0.170000	-16278.434686	-15074.905329	31353.340016	1203.529357	47631.774702	0.410166	2.905804	0.779615	0.312117	0.140925	0.107640	0.717793	-0.586560	0.108892	-0.073934	-2.926066
0.170200	-16278.488412	-15074.992524	31353.480936	1203.495888	47631.969348	0.419607	-3.116502	-3.081399	0.317441	-0.015247	-0.009229	0.711591	-0.607536	-0.153138	-0.073932	-2.926068
0.170400	-16278.542139	-15075.079716	31353.621855	1203.462424	47632.163994	0.428040	-2.856923	-0.661586	0.322699	-0.171319	-0.094157	0.707284	-0.585471	0.120924	-0.073929	-2.926071
0.170600	-16278.595869	-15075.166905	31353.762774	1203.428964	47632.358643	0.436353	-2.597982	1.761433	0.328509	-0.315609	0.150508	0.704452	-0.522230	-0.029045	-0.073927	-2.926073
0.170800	-16278.649600	-15075.254091	31353.903692	1203.395509	47632.553292	0.444688	-2.338504	-2.102112	0.335034	-0.437598	-0.132240	0.703083	-0.422383	-0.077716	-0.073925	-2.926075
0.171000	-16278.703334	-15075.341275	31354.044609	1203.362059	47632.747944	0.454023	-2.077905	0.320475	0.343038	-0.527974	0.048238	0.702909	-0.293326	0.145331	-0.073922	-2.926078
0.171200	-16278.757070	-15075.428456	31354.185526	1203.328613	47632.942596	0.464758	-1.815478	2.741827	0.352586	-0.580184	0.059747	0.703220	-0.144863	-0.141408	-0.073920	-2.926080
0.171400	-16278.810808	-15075.515635	31354.326443	1203.295173	47633.137250	0.477068	-1.550154	-1.121971	0.363836	-0.590379	-0.138001	0.703894	0.012188	0.066462	-0.073918	-2.926082
0.171600	-16278.864548	-15075.602811	31354.467358	1203.261737	47633.331906	0.491647	-1.281573	1.302754	0.377072	-0.557662	0.147753	0.704142	0.165942	0.040581	-0.073916	-2.926084
0.171800	-16278.918290	-15075.689984	31354.608274	1203.228306	47633.526563	0.508171	-1.009258	-2.562115	0.391815	-0.484762	-0.084105	0.703488	0.304962	-0.128517	-0.073913	-2.926087
0.172000	-16278.972034	-15075.777154	31354.749188	1203.194880	47633.721222	0.526801	-0.732589	-0.140348	0.408119	-0.376958	-0.021395	0.701684	0.419032	0.151443	-0.073911	-2.926089
0.172200	-16279.025780	-15075.864322	31354.890102	1203.161458	47633.915882	0.547493	-0.451860	2.283957	0.425539	-0.242390	0.116078	0.697993	0.499413	-0.100412	-0.073909	-2.926091
0.172400	-16279.079528	-15075.951487	31355.031016	1203.128041	47634.110544	0.569584	-0.167323	-1.582746	0.443445	-0.091265	-0.153433	0.692470	0.540340	-0.001834	-0.073906	-2.926094
0.172600	-16279.133279	-15076.038650	31355.171928	1203.094629	47634.305207	0.593149	0.120686	0.842250	0.461675	0.065330	0.114087	0.684850	0.538693	0.101800	-0.073904	-2.926096
0.172800	-16279.187031	-15076.125809	31355.312840	1203.061222	47634.499872	0.617502	0.410835	-3.019544	0.479352	0.215427	-0.018713	0.675006	0.494525	-0.152560	-0.073902	-2.926098
0.173000	-16279.240786	-15076.212966	31355.453752	1203.027819	47634.694538	0.642134	0.701987	-0.602117	0.496145	0.347897	-0.086750	0.663414	0.411376	0.126228	-0.073900	-2.926100
0.173200	-16279.294542	-15076.300121	31355.594663	1202.994422	47634.889206	0.666899	0.993062	1.824472	0.511687	0.452864	0.148188	0.649992	0.295238	-0.038419	-0.073897	-2.926103
0.173400	-16279.348301	-15076.387272	31355.735574	1202.961029	47635.083875	0.690881	1.282367	-2.040521	0.525316	0.522244	-0.137069	0.635347	0.154952	-0.069579	-0.073895	-2.926105
0.173600	-16279.402062	-15076.474421	31355.876483	1202.927641	47635.278545	0.713942	1.568896	0.379965	0.537161	0.551067	0.056731	0.619988	0.001047	0.142049	-0.073893	-2.926107
0.173800	-16279.455825	-15076.561568	31356.017393	1202.894257	47635.473218	0.735661	1.852050	2.805263	0.546866	0.536970	0.050615	0.604162	-0.155137	-0.144776	-0.073890	-2.926110
0.174000	-16279.509590	-15076.648711	31356.158301	1202.860878	47635.667891	0.755414	2.130961	-1.060918	0.554481	0.480974	-0.133989	0.588771	-0.301656	0.074927	-0.073888	-2.926112
0.174200	-16279.563357	-15076.735852	31356.299209	1202.827505	47635.862566	0.773411	2.405650	1.362543	0.560424	0.387384	0.149673	0.574024	-0.427729	0.031628	-0.073886	-2.926114
0.174400	-16279.617126	-15076.822991	31356.440117	1202.794135	47636.057243	0.789154	2.676459	-2.498417	0.564636	0.262907	-0.092076	0.560410	-0.523867	-0.122851	-0.073883	-2.926117
0.174600	-16279.670897	-15076.910126	31356.581024	1202.760771	47636.251921	0.802762	2.943414	-0.079833	0.567844	0.117019	-0.012222	0.548458	-0.582721	0.152775	-0.073881	-2.926119
0.174800	-16279.724671	-15076.997259	31356.721930	1202.727411	47636.446601	0.814634	-3.075886	2.344254	0.570428	-0.039488	0.109609	0.538013	-0.600105	-0.107022	-0.073879	-2.926121
0.175000	-16279.778446	-15077.084390	31356.862836	1202.694057	47636.641282	0.824639	-2.814257	-1.519136	0.572757	-0.195057	-0.153256	0.529482	-0.574457	0.007924	-0.073877	-2.926123
0.175200	-16279.832224	-15077.171517	31357.003741	1202.660707	47636.835964	0.833671	-2.554459	0.902412	0.575692	-0.337870	0.120203	0.522631	-0.507761	0.094916	-0.073874	-2.926126
0.175400	-16279.886003	-15077.258642	31357.144645	1202.627361	47637.030649	0.842086	-2.295423	-2.958730	0.579355	-0.457527	-0.027896	0.517131	-0.405043	-0.150848	-0.073872	-2.926128
0.175600	-16279.939785	-15077.345764	31357.285549	1202.594021	47637.225334	0.850360	-2.036255	-0.538752	0.584343	-0.544984	-0.078620	0.512960	-0.273727	0.131530	-0.073870	-2.926130
0.175800	-16279.993569	-15077.432884	31357.426453	1202.560685	47637.420021	0.859518	-1.776443	1.884559	0.591015	-0.593693	0.145804	0.509309	-0.123842	-0.047311	-0.073867	-2.926133
0.176000	-16280.047355	-15077.520001	31357.567355	1202.527354	47637.614710	0.869647	-1.514869	-1.979423	0.599242	-0.600238	-0.140810	0.505913	0.033605	-0.060971	-0.073865	-2.926135
0.176200	-16280.101143	-15077.607115	31357.708257	1202.494028	47637.809400	0.881499	-1.250768	0.443109	0.609421	-0.563907	0.065621	0.502257	0.186891	0.138271	-0.073863	-2.926137
0.176400	-16280.154933	-15077.694226	31357.849159	1202.460706	47638.004092	0.895424	-0.983738	2.865414	0.621153	-0.487625	0.041865	0.497566	0.324419	-0.147714	-0.073861	-2.926139
0.176600	-16280.208725	-15077.781335	31357.990060	1202.427390	47638.198785	0.911255	-0.712859	-0.999694	0.634212	-0.377098	-0.128935	0.491749	0.436197	0.082844	-0.073858	-2.926142
0.176800	-16280.262519	-15077.868441	31358.130960	1202.394078	47638.393479	0.929475	-0.437808	1.425648	0.648443	-0.240465	0.151470	0.484127	0.513698	0.022141	-0.073856	-2.926144
0.177000	-16280.316315	-15077.955545	31358.271860	1202.360770	47638.588175	0.949607	-0.158686	-2.438308	0.663011	-0.088212	-0.099396	0.474521	0.551220	-0.117223	-0.073854	-2.926146
0.177200	-16280.370114	-15078.042646	31358.412759	1202.327468	47638.782873	0.971473	0.124728	-0.018526	0.677726	0.068471	-0.002834	0.462984	0.546113	0.152962	-0.073851	-2.926149
0.177400	-16280.423914	-15078.129744	31358.553658	1202.294170	47638.977572	0.994995	0.411808	2.407451	0.691920	0.217760	0.102710	0.449184	0.498555	-0.113819	-0.073849	-2.926151
0.177600	-16280.477717	-15078.216839	31358.694556	1202.260878	47639.172273	1.019325	0.701467	-1.459248	0.704944	0.348373	-0.152666	0.433634	0.412374	0.017101	-0.073847	-2.926153
0.177800	-16280.531521	-15078.303932	31358.835453	1202.227590	47639.366975	1.044398	0.992945	0.963975	0.716683	0.450745	0.125562	0.416457	0.293932	0.087165	-0.073844	-2.926156
0.178000	-16280.585328	-15078.391022	31358.976350	1202.194306	47639.561678	1.069599	1.284713	-2.895459	0.726412	0.516946	-0.037422	0.397971	0.152061	-0.148955	-0.073842	-2.926158
0.178200	-16280.639137	-15078.478109	31359.117246	1202.161028	47639.756384	1.094249	1.575196	-0.479225	0.734119	0.542145	-0.070714	0.378974	-0.002385	0.136087	-0.073840	-2.926160
0.178400	-16280.692948	-15078.565194	31359.258142	1202.127754	47639.951090	1.118298	1.863535	1.946541	0.739752	0.524460	0.142279	0.359623	-0.158071	-0.056127	-0.073838	-2.926162
0.178600	-16280.746761	-15078.652276	31359.399037	1202.094485	47640.145798	1.140890	2.148522	-1.916308	0.743085	0.464998	-0.144613	0.340711	-0.303143	-0.052053	-0.073835	-2.926165
0.178800	-16280.800576	-15078.739355	31359.539932	1202.061221	47640.340508	1.161855	2.429358	0.502386	0.744696	0.368435	0.073722	0.322732	-0.426715	0.134186	-0.073833	-2.926167
0.179000	-16280.854393	-15078.826432	31359.680826	1202.027961	47640.535219	1.181032	2.706131	2.927989	0.744619	0.241775	0.032478	0.305874	-0.519668	-0.149729	-0.073831	-2.926169
0.179200	-16280.908213	-15078.913506	31359.821719	1201.994707	47640.729932	1.197849	2.978628	-0.937003	0.743341	0.094503	-0.123744	0.290837	-0.574755	0.090945	-0.073828	-2.926172
0.179400	-16280.962034	-15079.000577	31359.962612	1201.961457	47640.924646	1.212721	-3.036124	1.484875	0.741568	-0.062249	0.152477	0.277500	-0.588026	0.013133	-0.073826	-2.926174
0.179600	-16281.015858	-15079.087646	31360.103504	1201.928212	47641.119361	1.225467	-2.770888	-2.375252	0.739470	-0.217024	-0.106401	0.266020	-0.558371	-0.110535	-0.073824	-2.926176
0.179800	-16281.069683	-15079.174712	31360.244395	1201.894971	47641.314078	1.236303	-2.508482	0.043626	0.737922	-0.358032	0.006687	0.256467	-0.487856	0.153172	-0.073822	-2.926178
0.180000	-16281.123511	-15079.261775	31360.385286	1201.861736	47641.508797	1.245989	-2.248183	2.466977	0.737252	-0.474846	0.095689	0.248257	-0.381942	-0.119641	-0.073819	-2.926181
0.180200	-16281.177341	-15079.348836	31360.526176	1201.828505	47641.703517	1.254570	-1.988868	-1.395965	0.737748	-0.558821	-0.151089	0.241396	-0.248263	0.026688	-0.073817	-2.926183
0.180400	-16281.231173	-15079.435894	31360.667066	1201.795279	47641.898239	1.263023	-1.730017	1.025659	0.740025	-0.603472	0.130963	0.235234	-0.096906	0.079420	-0.073815	-2.926185
0.180600	-16281.285006	-15079.522949	31360.807955	1201.762058	47642.092962	1.271918	-1.470746	-2.835555	0.743862	-0.605724	-0.046228	0.229190	0.060806	-0.146307	-0.073812	-2.926188
0.180800	-16281.338843	-15079.610001	31360.948844	1201.728841	47642.287686	1.281580	-1.209937	-0.415958	0.749505	-0.565262	-0.061913	0.223022	0.213321	0.140159	-0.073810	-2.926190
0.181000	-16281.392681	-15079.697051	31361.089732	1201.695630	47642.482412	1.292995	-0.947135	2.008055	0.756831	-0.485112	0.138812	0.215829	0.349015	-0.064886	-0.073808	-2.926192
0.181200	-16281.446521	-15079.784098	31361.230619	1201.662423	47642.677140	1.306122	-0.681484	-1.856151	0.765301	-0.371463	-0.147333	0.207422	0.457964	-0.043222	-0.073806	-2.926194
0.181400	-16281.500363	-15079.871143	31361.371506	1201.629220	47642.871869	1.321365	-0.412103	0.565569	0.774901	-0.232573	0.081988	0.197395	0.532040	0.129169	-0.073803	-2.926197
0.181600	-16281.554208	-15079.958185	31361.512392	1201.596023	47643.066600	1.338981	-0.138870	2.989456	0.784844	-0.079052	0.023259	0.185269	0.565589	-0.151704	-0.073801	-2.926199
0.181800	-16281.608054	-15080.045224	31361.653278	1201.562831	47643.261332	1.358479	0.138670	-0.876801	0.794677	0.077654	-0.117924	0.171306	0.556398	0.098122	-0.073799	-2.926201
0.182000	-16281.661903	-15080.132260	31361.794163	1201.529643	47643.456066	1.380112	0.420704	1.548177	0.804041	0.225933	0.152892	0.155203	0.504972	0.003459	-0.073796	-2.926204
0.182200	-16281.715753	-15080.219294	31361.935047	1201.496460	47643.650801	1.403334	0.706501	-2.313875	0.812059	0.354435	-0.113189	0.137275	0.415290	-0.103992	-0.073794	-2.926206
0.182400	-16281.769606	-15080.306325	31362.075931	1201.463281	47643.845537	1.427670	0.995577	0.103773	0.818638	0.453770	0.015863	0.117975	0.294205	0.152308	-0.073792	-2.926208
0.182600	-16281.823461	-15080.393353	31362.216814	1201.430108	47644.040275	1.453047	1.287030	2.530557	0.823256	0.516377	0.087840	0.097389	0.150594	-0.125403	-0.073790	-2.926210
0.182800	-16281.877318	-15080.480379	31362.357697	1201.396939	47644.235015	1.478529	1.579161	-1.334897	0.825596	0.537495	-0.149478	0.076392	-0.004496	0.035931	-0.073787	-2.926213
0.183000	-16281.931177	-15080.567402	31362.498579	1201.363775	47644.429756	1.503926	1.870829	1.085897	0.825897	0.515748	0.135283	0.055311	-0.159558	0.071274	-0.073785	-2.926215
0.183200	-16281.985038	-15080.654422	31362.639460	1201.330616	47644.624499	1.528765	2.160788	-2.771651	0.823849	0.452496	-0.055463	0.034648	-0.302966	-0.143021	-0.073783	-2.926217
0.183400	-16282.038902	-15080.741440	31362.780341	1201.297462	47644.819243	1.552265	2.447521	-0.355350	0.819927	0.352641	-0.053420	0.015196	-0.423743	0.143949	-0.073781	-2.926219
0.183600	-16282.092767	-15080.828455	31362.921222	1201.264312	47645.013989	1.574480	2.730516	2.068655	0.814470	0.223648	0.134347	-0.003000	-0.513059	-0.073021	-0.073778	-2.926222
0.183800	-16282.146634	-15080.915467	31363.062101	1201.231167	47645.208736	1.594722	3.009385	-1.792135	0.807677	0.074999	-0.149844	-0.019328	-0.563977	-0.033719	-0.073776	-2.926224
0.184000	-16282.200504	-15081.002477	31363.202980	1201.198027	47645.403484	1.612819	-2.999503	0.625660	0.800444	-0.081923	0.089756	-0.033657	-0.572673	0.124232	-0.073774	-2.926226
0.184200	-16282.254376	-15081.089483	31363.343859	1201.164892	47645.598234	1.628935	-2.729246	3.050645	0.792998	-0.235591	0.013907	-0.046156	-0.538587	-0.152487	-0.073771	-2.926229
0.184400	-16282.308249	-15081.176488	31363.484737	1201.131762	47645.792986	1.642639	-2.462590	-0.812902	0.785978	-0.374428	-0.111519	-0.056564	-0.463967	0.105547	-0.073769	-2.926231
0.184600	-16282.362125	-15081.263489	31363.625614	1201.098636	47645.987739	1.654546	-2.199232	1.607953	0.780040	-0.487926	0.153018	-0.065481	-0.354586	-0.005688	-0.073767	-2.926233
0.184800	-16282.416003	-15081.350488	31363.766491	1201.065515	47646.182494	1.664851	-1.938103	-2.252110	0.775226	-0.567823	-0.119125	-0.073130	-0.218480	-0.096591	-0.073765	-2.926235
0.185000	-16282.469883	-15081.437484	31363.907367	1201.032399	47646.377250	1.673850	-1.678477	0.167281	0.772187	-0.607885	0.025529	-0.079860	-0.065711	0.151183	-0.073762	-2.926238
0.185200	-16282.523765	-15081.524478	31364.048243	1200.999288	47646.572008	1.682580	-1.419773	2.590309	0.770868	-0.605240	0.080254	-0.086531	0.092106	-0.130522	-0.073760	-2.926240
0.185400	-16282.577649	-15081.611468	31364.189118	1200.966181	47646.766767	1.691207	-1.160781	-1.272717	0.771191	-0.560128	-0.146667	-0.093311	0.243459	0.045061	-0.073758	-2.926242
0.185600	-16282.631536	-15081.698456	31364.329992	1200.933079	47646.961528	1.700623	-0.900782	1.149023	0.773307	-0.475716	0.139700	-0.100963	0.376898	0.062683	-0.073755	-2.926245
0.185800	-16282.685424	-15081.785442	31364.470866	1200.899982	47647.156290	1.711483	-0.639151	-2.711741	0.776533	-0.358579	-0.063955	-0.109975	0.482464	-0.139506	-0.073753	-2.926247
0.186000	-16282.739315	-15081.872424	31364.611739	1200.866890	47647.351054	1.723854	-0.374731	-0.293066	0.780738	-0.217298	-0.044279	-0.120440	0.552477	0.146739	-0.073751	-2.926249
0.186200	-16282.793207	-15081.959405	31364.752612	1200.833803	47647.545819	1.738531	-0.107016	2.131589	0.785397	-0.062466	0.129662	-0.132988	0.581480	-0.081435	-0.073749	-2.926251
0.186400	-16282.847102	-15082.046382	31364.893484	1200.800720	47647.740585	1.755328	0.164421	-1.732078	0.789732	0.094168	-0.151649	-0.147407	0.567556	-0.024673	-0.073746	-2.926254
0.186600	-16282.900999	-15082.133356	31365.034355	1200.767642	47647.935354	1.774253	0.440352	0.687996	0.793573	0.241138	0.097157	-0.163723	0.511741	0.118200	-0.073744	-2.926256
0.186800	-16282.954897	-15082.220328	31365.175226	1200.734569	47648.130123	1.795473	0.720649	3.113576	0.796061	0.367211	0.004295	-0.181927	0.418132	-0.153275	-0.073742	-2.926258
0.187000	-16283.008798	-15082.307298	31365.316096	1200.701501	47648.324895	1.818251	1.005028	-0.752969	0.796880	0.463038	-0.105029	-0.201317	0.294036	0.112072	-0.073740	-2.926260
0.187200	-16283.062701	-15082.394264	31365.456966	1200.668437	47648.519667	1.842612	1.293310	1.670475	0.795837	0.521547	0.152091	-0.221811	0.148555	-0.015211	-0.073737	-2.926263
0.187400	-16283.116607	-15082.481228	31365.597835	1200.635378	47648.714442	1.868033	1.584264	-2.189138	0.792375	0.538129	-0.125171	-0.242713	-0.007248	-0.089048	-0.073735	-2.926265
0.187600	-16283.170514	-15082.568189	31365.738703	1200.602324	47648.909217	1.893802	1.876603	0.226975	0.786811	0.511805	0.034506	-0.263368	-0.161582	0.149406	-0.073733	-2.926267
0.187800	-16283.224423	-15082.655148	31365.879571	1200.569275	47649.103994	1.919869	2.169288	2.653253	0.779017	0.444411	0.071752	-0.283545	-0.303055	-0.135062	-0.073730	-2.926270
0.188000	-16283.278335	-15082.742104	31366.020439	1200.536231	47649.298773	1.945319	2.460546	-1.209954	0.769186	0.340978	-0.143846	-0.302348	-0.420755	0.054282	-0.073728	-2.926272
0.188200	-16283.332248	-15082.829057	31366.161305	1200.503191	47649.493554	1.969840	2.749101	1.208530	0.757973	0.209464	0.143126	-0.319611	-0.505987	0.054244	-0.073726	-2.926274
0.188400	-16283.386164	-15082.916007	31366.302171	1200.470157	47649.688335	1.993166	3.034319	-2.648270	0.745455	0.059477	-0.072549	-0.335021	-0.552313	-0.134933	-0.073724	-2.926276
0.188600	-16283.440082	-15083.002955	31366.443037	1200.437126	47649.883119	2.014497	-2.967962	-0.230769	0.732462	-0.097527	-0.035141	-0.348146	-0.556038	0.149564	-0.073721	-2.926279
0.188800	-16283.494002	-15083.089900	31366.583902	1200.404101	47650.077903	2.034002	-2.691570	2.191207	0.719500	-0.249799	0.124457	-0.359353	-0.517095	-0.088928	-0.073719	-2.926281
0.189000	-16283.547923	-15083.176843	31366.724766	1200.371081	47650.272690	2.051268	-2.419301	-1.668181	0.706899	-0.386053	-0.152721	-0.368443	-0.438134	-0.014920	-0.073717	-2.926283
0.189200	-16283.601848	-15083.263782	31366.865630	1200.338065	47650.467477	2.066164	-2.151163	0.749677	0.695523	-0.495800	0.104511	-0.375793	-0.325093	0.112257	-0.073715	-2.926285
0.189400	-16283.655774	-15083.350719	31367.006493	1200.305054	47650.662267	2.079210	-1.886499	-3.109640	0.685417	-0.571030	-0.004891	-0.381968	-0.186513	-0.153027	-0.073712	-2.926288
0.189600	-16283.709702	-15083.437654	31367.147356	1200.272048	47650.857058	2.090202	-1.624364	-0.688911	0.677005	-0.605977	-0.097573	-0.387093	-0.032492	0.118485	-0.073710	-2.926290
0.189800	-16283.763632	-15083.524585	31367.288218	1200.239047	47651.051850	2.099909	-1.364353	1.731668	0.670542	-0.597914	0.151201	-0.392083	0.125219	-0.024536	-0.073708	-2.926292
0.190000	-16283.817565	-15083.611514	31367.429079	1200.206050	47651.246644	2.108888	-1.105465	-2.128656	0.665666	-0.547646	-0.130105	-0.397295	0.274976	-0.081182	-0.073705	-2.926295
0.190200	-16283.871499	-15083.698441	31367.569940	1200.173059	47651.441439	2.117442	-0.846656	0.290928	0.662588	-0.458658	0.043975	-0.403184	0.405647	0.146866	-0.073703	-2.926297
0.190400	-16283.925436	-15083.785364	31367.710800	1200.140072	47651.636236	2.126729	-0.587427	2.714179	0.660755	-0.337756	0.063509	-0.410525	0.507266	-0.139428	-0.073701	-2.926299
0.190600	-16283.979375	-15083.872285	31367.851660	1200.107090	47651.831034	2.136949	-0.326700	-1.149069	0.659715	-0.193995	-0.140044	-0.419284	0.572523	0.062830	-0.073699	-2.926301
0.190800	-16284.033315	-15083.959203	31367.992519	1200.074112	47652.025834	2.148734	-0.063530	1.272297	0.659236	-0.037939	0.146294	-0.429971	0.596376	0.045014	-0.073696	-2.926304
0.191000	-16284.087258	-15084.046119	31368.133377	1200.041140	47652.220635	2.162707	0.202478	-2.587334	0.658370	0.118473	-0.080757	-0.442639	0.577097	-0.130468	-0.073694	-2.926306
0.191200	-16284.141203	-15084.133032	31368.274235	1200.008172	47652.415438	2.178623	0.472261	-0.169718	0.656872	0.263749	-0.025909	-0.456978	0.516331	0.151189	-0.073692	-2.926308
0.191400	-16284.195150	-15084.219942	31368.415092	1199.975209	47652.610243	2.197000	0.746376	2.254873	0.654146	0.386971	0.118555	-0.473154	0.418415	-0.096673	-0.073690	-2.926310
0.191600	-16284.249100	-15084.306849	31368.555949	1199.942251	47652.805049	2.217544	1.024734	-1.607253	0.649554	0.478793	-0.153581	-0.490468	0.290963	-0.005602	-0.073687	-2.926313
0.191800	-16284.303051	-15084.393754	31368.696805	1199.909297	47652.999856	2.239892	1.307642	0.810762	0.643144	0.532608	0.110981	-0.508587	0.143486	0.105490	-0.073685	-2.926315
0.192000	-16284.357004	-15084.480656	31368.837660	1199.876349	47653.194665	2.264135	1.594710	-3.045793	0.634355	0.544163	-0.014647	-0.527126	-0.013016	-0.152427	-0.073683	-2.926317
0.192200	-16284.410960	-15084.567555	31368.978515	1199.843405	47653.389475	2.289402	1.884825	-0.628195	0.623325	0.512737	-0.090349	-0.545162	-0.166525	0.124387	-0.073680	-2.926320
0.192400	-16284.464918	-15084.654452	31369.119370	1199.810466	47653.584287	2.315501	2.177236	1.792818	0.610269	0.440787	0.149127	-0.562518	-0.305744	-0.033664	-0.073678	-2.926322
0.192600	-16284.518877	-15084.741346	31369.260223	1199.777531	47653.779101	2.342005	2.470515	-2.064595	0.595120	0.333518	-0.135099	-0.578466	-0.420043	-0.072721	-0.073676	-2.926324
0.192800	-16284.572839	-15084.828237	31369.401076	1199.744602	47653.973916	2.368040	2.762868	0.351219	0.578660	0.199274	0.052826	-0.592534	-0.500770	0.144171	-0.073674	-2.926326
0.193000	-16284.626803	-15084.915126	31369.541929	1199.711677	47654.168732	2.393582	3.053300	2.775726	0.561113	0.047982	0.054686	-0.604721	-0.542030	-0.142739	-0.073671	-2.926329
0.193200	-16284.680769	-15085.002012	31369.682781	1199.678757	47654.363550	2.417837	-2.942616	-1.084950	0.543032	-0.108973	-0.135869	-0.614474	-0.540421	0.071748	-0.073669	-2.926331
0.193400	-16284.734737	-15085.088895	31369.823632	1199.645842	47654.558370	2.440398	-2.659593	1.332118	0.525249	-0.259603	0.148912	-0.622088	-0.496225	0.036233	-0.073667	-2.926333
0.193600	-16284.788708	-15085.175775	31369.964483	1199.612932	47654.753191	2.461253	-2.380831	-2.525174	0.507921	-0.392834	-0.088487	-0.627664	-0.412683	-0.124891	-0.073665	-2.926335
0.193800	-16284.842680	-15085.262653	31370.105333	1199.580027	47654.948013	2.479686	-2.106528	-0.105867	0.491868	-0.498408	-0.016234	-0.631276	-0.295876	0.152775	-0.073662	-2.926338
0.194000	-16284.896654	-15085.349528	31370.246183	1199.547126	47655.142837	2.495992	-1.836662	2.314458	0.477374	-0.568434	0.112662	-0.633723	-0.154791	-0.103630	-0.073660	-2.926340
0.194200	-16284.950631	-15085.436401	31370.387032	1199.514230	47655.337663	2.510128	-1.570360	-1.544454	0.464526	-0.597733	-0.153277	-0.635154	0.000261	0.004039	-0.073658	-2.926342
0.194400	-16285.004610	-15085.523271	31370.527880	1199.481339	47655.532490	2.522048	-1.307169	0.874145	0.453807	-0.583816	0.117672	-0.636278	0.157578	0.098442	-0.073656	-2.926344
0.194600	-16285.058590	-15085.610138	31370.668728	1199.448452	47655.727318	2.532611	-1.046498	-2.986138	0.444797	-0.527941	-0.023710	-0.637790	0.305299	-0.151291	-0.073653	-2.926347
0.194800	-16285.112573	-15085.697002	31370.809575	1199.415571	47655.922148	2.541873	-0.787148	-0.564996	0.437500	-0.434121	-0.082157	-0.639876	0.432604	0.129599	-0.073651	-2.926349
0.195000	-16285.166558	-15085.783864	31370.950422	1199.382694	47656.116980	2.550654	-0.528508	1.855702	0.431660	-0.309302	0.147009	-0.643389	0.529705	-0.043055	-0.073649	-2.926351
0.195200	-16285.220545	-15085.870723	31371.091268	1199.349822	47656.311813	2.559782	-0.269799	-2.004653	0.426514	-0.163023	-0.139164	-0.648435	0.589506	-0.064474	-0.073647	-2.926353
0.195400	-16285.274534	-15085.957579	31371.232113	1199.316955	47656.506648	2.569464	-0.009793	0.414569	0.421936	-0.005950	0.061756	-0.655205	0.607565	0.140331	-0.073644	-2.926356
0.195600	-16285.328525	-15086.044433	31371.372958	1199.284093	47656.701484	2.580777	0.252062	2.838290	0.417078	0.149981	0.045739	-0.664045	0.582361	-0.146149	-0.073642	-2.926358
0.195800	-16285.382519	-15086.131284	31371.513802	1199.251235	47656.896321	2.593876	0.516541	-1.024751	0.411401	0.293124	-0.131244	-0.674463	0.516083	0.079754	-0.073640	-2.926360
0.196000	-16285.436514	-15086.218132	31371.654646	1199.218382	47657.091160	2.609015	0.784702	1.395432	0.404632	0.412943	0.150709	-0.686533	0.413518	0.026703	-0.073637	-2.926363
0.196200	-16285.490512	-15086.304977	31371.795489	1199.185535	47657.286001	2.626701	1.056785	-2.462696	0.395946	0.500220	-0.096282	-0.699801	0.282443	-0.119332	-0.073635	-2.926365
0.196400	-16285.544512	-15086.391820	31371.936332	1199.152691	47657.480843	2.646418	1.333227	-0.045568	0.385374	0.548681	-0.006995	-0.713585	0.132859	0.153403	-0.073633	-2.926367
0.196600	-16285.598513	-15086.478660	31372.077174	1199.119853	47657.675687	2.668363	1.614463	2.377839	0.372616	0.554645	0.105735	-0.727714	-0.024235	-0.110414	-0.073631	-2.926369
0.196800	-16285.652517	-15086.565498	31372.218015	1199.087019	47657.870532	2.692210	1.899892	-1.482004	0.357496	0.517603	-0.153015	-0.741240	-0.176769	0.013622	-0.073628	-2.926372
0.197000	-16285.706523	-15086.652333	31372.358856	1199.054191	47658.065379	2.717288	2.189019	0.934290	0.340516	0.440624	0.123298	-0.753778	-0.313384	0.091133	-0.073626	-2.926374
0.197200	-16285.760531	-15086.739165	31372.499696	1199.021367	47658.260227	2.743626	2.481143	-2.922449	0.321574	0.329273	-0.033247	-0.764928	-0.423870	-0.149279	-0.073624	-2.926376
0.197400	-16285.814541	-15086.825994	31372.640535	1198.988547	47658.455077	2.770334	2.774553	-0.502674	0.301305	0.192106	-0.074086	-0.773941	-0.499677	0.134756	-0.073622	-2.926378
0.197600	-16285.868554	-15086.912821	31372.781374	1198.955733	47658.649928	2.797017	3.067925	1.915749	0.280272	0.039510	0.144010	-0.780936	-0.535359	-0.051746	-0.073619	-2.926381
0.197800	-16285.922568	-15086.999645	31372.922213	1198.922924	47658.844781	2.823398	-2.923152	-1.940512	0.258736	-0.117214	-0.142855	-0.785509	-0.528034	-0.055361	-0.073617	-2.926383
0.198000	-16285.976585	-15087.086466	31373.063050	1198.890119	47659.039635	2.848528	-2.634028	0.476410	0.237685	-0.265975	0.070480	-0.787680	-0.478230	0.136574	-0.073615	-2.926385
0.198200	-16286.030603	-15087.173284	31373.203888	1198.857319	47659.234491	2.872402	-2.348675	2.898491	0.217370	-0.395751	0.036803	-0.787895	-0.389844	-0.148396	-0.073613	-2.926387
0.198400	-16286.084624	-15087.260100	31373.344724	1198.824524	47659.429348	2.894449	-2.067488	-0.960208	0.198327	-0.496710	-0.125746	-0.786072	-0.269224	0.087996	-0.073610	-2.926390
0.198600	-16286.138647	-15087.346914	31373.485560	1198.791733	47659.624207	2.914216	-1.791091	1.456651	0.181165	-0.561062	0.152422	-0.782985	-0.125638	0.017474	-0.073608	-2.926392
0.198800	-16286.192672	-15087.433724	31373.626396	1198.758948	47659.819067	2.931976	-1.519119	-2.402010	0.165738	-0.584185	-0.103128	-0.779058	0.030216	-0.113039	-0.073606	-2.926394
0.199000	-16286.246699	-15087.520532	31373.767231	1198.726167	47660.013929	2.947217	-1.251038	0.019037	0.152505	-0.564044	0.002923	-0.774682	0.186767	0.153535	-0.073604	-2.926396
0.199200	-16286.300728	-15087.607337	31373.908065	1198.693391	47660.208793	2.960357	-0.986638	2.438518	0.141248	-0.502199	0.099044	-0.770807	0.332018	-0.116858	-0.073601	-2.926399
0.199400	-16286.354759	-15087.694139	31374.048898	1198.660620	47660.403657	2.971779	-0.724920	-1.420703	0.131614	-0.403332	-0.151546	-0.767586	0.455326	0.022918	-0.073599	-2.926401
0.199600	-16286.408792	-15087.780939	31374.189731	1198.627853	47660.598524	2.981543	-0.465000	0.998674	0.123603	-0.274578	0.128978	-0.765672	0.547304	0.083058	-0.073597	-2.926403
0.199800	-16286.462828	-15087.867736	31374.330564	1198.595092	47660.793392	2.990757	-0.206379	-2.861991	0.116347	-0.125824	-0.042270	-0.765491	0.600995	-0.147219	-0.073595	-2.926405
0.200000	-16286.516865	-15087.954531	31374.471396	1198.562335	47660.988261	2.999706	0.052143	-0.440883	0.109552	0.031971	-0.065483	-0.766917	0.612591	0.138777	-0.073592	-2.926408
