#model:pLinear_up	end_point_b=0.20
#t	l_1	l_2	l_3	l_2-l_1	l_3-l_1	phase_1	phase_2	phase_3	RePsi_1	RePsi_2	RePsi_3	ImPsi_1	ImPsi_2	ImPsi_3
0.100200	-162103.067129	-149593.479864	311696.546992	12509.587265	473799.614121	1.584632	-2.044997	0.645758	0.818642	-0.492365	0.092076	-0.011327	-0.252712	0.122192	-0.077171	-2.922829
0.100400	-162103.118266	-149593.570423	311696.688689	12509.547843	473799.806956	1.594639	0.613887	-0.279296	0.821053	0.316606	-0.042180	-0.019580	0.449264	0.147075	-0.077170	-2.922830
0.100600	-162103.169404	-149593.660982	311696.830386	12509.508422	473799.999790	1.611451	-2.995338	-1.204031	0.819427	-0.080354	-0.142850	-0.033332	-0.545485	0.054875	-0.077170	-2.922830
0.100800	-162103.220542	-149593.751541	311696.972083	12509.469001	473800.192625	1.620126	-0.339446	-2.128981	0.818619	-0.183829	-0.129798	-0.040415	0.520595	-0.081049	-0.077170	-2.922830
0.101000	-162103.271680	-149593.842100	311697.113780	12509.429580	473800.385460	1.636410	2.333295	-3.053745	0.819896	0.397027	-0.013423	-0.053874	-0.379248	-0.152408	-0.077170	-2.922830
0.101200	-162103.322818	-149593.932659	311697.255477	12509.390160	473800.578296	1.647445	-1.288820	2.304351	0.816139	-0.531831	0.113645	-0.062678	0.154069	-0.102432	-0.077169	-2.922831
0.101400	-162103.373957	-149594.023217	311697.397174	12509.350740	473800.771131	1.660170	1.375984	1.379304	0.818735	0.538159	0.150175	-0.073369	0.106187	0.029114	-0.077169	-2.922831
0.101600	-162103.425096	-149594.113775	311697.538870	12509.311321	473800.963966	1.675207	-2.237293	0.454289	0.814548	-0.434657	0.067142	-0.085358	-0.341888	0.137486	-0.077169	-2.922831
0.101800	-162103.476235	-149594.204332	311697.680567	12509.271902	473801.156802	1.684512	0.419891	-0.470725	0.815535	0.224330	-0.069395	-0.093141	0.502486	0.136368	-0.077168	-2.922832
0.102000	-162103.527374	-149594.294890	311697.822264	12509.232484	473801.349638	1.701681	3.094495	-1.395433	0.813592	0.025923	-0.150682	-0.107099	-0.550008	0.026698	-0.077168	-2.922832
0.102200	-162103.578513	-149594.385447	311697.963960	12509.193066	473801.542473	1.710750	-0.532081	-2.320391	0.811164	-0.280429	-0.112005	-0.114272	0.476340	-0.104259	-0.077168	-2.922832
0.102400	-162103.629653	-149594.476004	311698.105657	12509.153649	473801.735309	1.726301	2.138882	3.038000	0.812024	0.462466	0.015820	-0.127301	-0.295179	-0.152171	-0.077168	-2.922832
0.102600	-162103.680792	-149594.566561	311698.247353	12509.114232	473801.928145	1.738555	-1.480683	2.112882	0.807008	-0.551517	0.131058	-0.136667	0.049834	-0.078932	-0.077167	-2.922833
0.102800	-162103.731932	-149594.657117	311698.389049	12509.074815	473802.120982	1.750178	1.181530	1.187834	0.808630	0.507773	0.141893	-0.146629	0.208287	0.057162	-0.077167	-2.922833
0.103000	-162103.783072	-149594.747673	311698.530746	12509.035399	473802.313818	1.766260	-2.429575	0.262851	0.803801	-0.360929	0.039758	-0.159146	-0.418204	0.147756	-0.077167	-2.922833
0.103200	-162103.834213	-149594.838229	311698.672442	12508.995983	473802.506654	1.775142	0.226528	-0.662123	0.803267	0.123760	-0.094072	-0.166468	0.536955	0.120681	-0.077167	-2.922833
0.103400	-162103.885353	-149594.928785	311698.814138	12508.956568	473802.699491	1.792331	2.901024	-1.586813	0.801031	0.131015	-0.153009	-0.180417	-0.534056	-0.002451	-0.077166	-2.922834
0.103600	-162103.936494	-149595.019340	311698.955834	12508.917153	473802.892328	1.802110	-0.724135	-2.511788	0.797005	-0.366549	-0.090124	-0.187718	0.414455	-0.123658	-0.077166	-2.922834
0.103800	-162103.987634	-149595.109896	311699.097530	12508.877739	473803.085165	1.816707	1.944560	2.846569	0.797358	0.510556	0.044482	-0.200129	-0.200240	-0.146375	-0.077166	-2.922834
0.104000	-162104.038775	-149595.200451	311699.239226	12508.838325	473803.278002	1.830254	-1.672289	1.921428	0.791200	-0.550767	0.143682	-0.210017	-0.056091	-0.052551	-0.077165	-2.922835
0.104200	-162104.089917	-149595.291005	311699.380922	12508.798911	473803.470839	1.840865	0.987540	0.996392	0.791714	0.458501	0.128427	-0.219172	0.302534	0.083118	-0.077165	-2.922835
0.104400	-162104.141058	-149595.381560	311699.522618	12508.759498	473803.663676	1.857756	-2.621915	0.071446	0.786351	-0.273981	0.010923	-0.232056	-0.478876	0.152628	-0.077165	-2.922835
0.104600	-162104.192200	-149595.472114	311699.664314	12508.720086	473803.856513	1.866542	0.033824	-0.853493	0.784230	0.018660	-0.115311	-0.238940	0.551478	0.100587	-0.077165	-2.922835
0.104800	-162104.243341	-149595.562668	311699.806009	12508.680674	473804.049351	1.883413	2.707459	-1.778175	0.781709	0.231029	-0.149747	-0.252660	-0.498300	-0.031507	-0.077164	-2.922836
0.105000	-162104.294483	-149595.653222	311699.947705	12508.641262	473804.242188	1.894173	-0.915681	-2.703175	0.776140	-0.439037	-0.064953	-0.260117	0.337315	-0.138538	-0.077164	-2.922836
0.105200	-162104.345626	-149595.743775	311700.089401	12508.601851	473804.435026	1.907675	1.750436	2.655147	0.775886	0.539588	0.071516	-0.271738	-0.097988	-0.135234	-0.077164	-2.922836
0.105400	-162104.396768	-149595.834328	311700.231096	12508.562440	473804.627864	1.922491	-1.863745	1.729992	0.768717	-0.529691	0.151056	-0.282081	-0.159769	-0.024253	-0.077164	-2.922836
0.105600	-162104.447910	-149595.924881	311700.372792	12508.523029	473804.820702	1.932274	0.794106	0.804978	0.768004	0.392247	0.110272	-0.290375	0.385475	0.106037	-0.077163	-2.922837
0.105800	-162104.499053	-149596.015434	311700.514487	12508.483619	473805.013540	1.949675	-2.814365	-0.119927	0.762207	-0.177086	-0.018308	-0.303445	-0.521714	0.151925	-0.077163	-2.922837
0.106000	-162104.550196	-149596.105986	311700.656182	12508.444210	473805.206379	1.958711	-0.158227	-1.044836	0.758464	-0.087057	-0.132338	-0.309923	0.545606	0.076822	-0.077163	-2.922837
0.106200	-162104.601339	-149596.196539	311700.797878	12508.404801	473805.399217	1.974952	2.513855	-1.969521	0.755648	0.322290	-0.141019	-0.323191	-0.444136	-0.059410	-0.077163	-2.922837
0.106400	-162104.652482	-149596.287091	311700.939573	12508.365392	473805.592055	1.986897	-1.106815	-2.894554	0.748622	-0.495267	-0.037414	-0.330819	0.247840	-0.148357	-0.077162	-2.922838
0.106600	-162104.703626	-149596.377642	311701.081268	12508.325984	473805.784894	1.999255	1.556623	2.463738	0.747656	0.548569	0.095935	-0.341497	0.007776	-0.119156	-0.077162	-2.922838
0.106800	-162104.754770	-149596.468194	311701.222963	12508.286576	473805.977733	2.015221	-2.055153	1.538579	0.739620	-0.489150	0.152913	-0.352205	-0.257371	0.004928	-0.077162	-2.922838
0.107000	-162104.805913	-149596.558745	311701.364658	12508.247169	473806.170572	2.024434	0.601294	0.613595	0.737576	0.311531	0.088093	-0.359605	0.454102	0.125081	-0.077161	-2.922839
0.107200	-162104.857058	-149596.649296	311701.506353	12508.207762	473806.363411	2.042009	-3.006945	-0.311268	0.731438	-0.073857	-0.046868	-0.372662	-0.545205	0.145676	-0.077161	-2.922839
0.107400	-162104.908202	-149596.739847	311701.648048	12508.168355	473806.556250	2.051632	-0.349663	-1.236157	0.726070	-0.189488	-0.144532	-0.378771	0.519648	0.050256	-0.077161	-2.922839
0.107600	-162104.959346	-149596.830397	311701.789743	12508.128949	473806.749089	2.066985	2.320295	-2.160855	0.722935	0.401471	-0.127143	-0.391371	-0.373633	-0.085140	-0.077161	-2.922839
0.107800	-162105.010491	-149596.920947	311701.931438	12508.089544	473806.941929	2.080231	-1.297642	-3.085924	0.714565	-0.533232	-0.008513	-0.399168	0.149389	-0.152759	-0.077160	-2.922840
0.108000	-162105.061636	-149597.011497	311702.073133	12508.050138	473807.134768	2.091497	1.363234	2.272344	0.712781	0.537256	0.116848	-0.408774	0.113144	-0.098729	-0.077160	-2.922840
0.108200	-162105.112781	-149597.102047	311702.214827	12508.010734	473807.327608	2.108403	-2.246598	1.347192	0.704029	-0.430715	0.149187	-0.419729	-0.345322	0.033926	-0.077160	-2.922840
0.108400	-162105.163926	-149597.192596	311702.356522	12507.971329	473807.520448	2.117365	0.409144	0.422245	0.700574	0.219388	0.062699	-0.426225	0.505953	0.139558	-0.077160	-2.922840
0.108600	-162105.215071	-149597.283146	311702.498217	12507.931926	473807.713288	2.134762	3.083541	-0.502579	0.694174	0.031880	-0.073714	-0.439057	-0.548557	0.134110	-0.077159	-2.922841
0.108800	-162105.266217	-149597.373695	311702.639911	12507.892522	473807.906128	2.145276	-0.540549	-1.427458	0.687214	-0.284872	-0.151449	-0.444838	0.474647	0.021858	-0.077159	-2.922841
0.109000	-162105.317362	-149597.464243	311702.781606	12507.853119	473808.098968	2.159558	2.126881	-2.352178	0.683719	0.465712	-0.108629	-0.456563	-0.289444	-0.107760	-0.077159	-2.922841
0.109200	-162105.368508	-149597.554792	311702.923300	12507.813717	473808.291808	2.174124	-1.488275	3.005901	0.674147	-0.551607	0.020696	-0.464509	0.045623	-0.151584	-0.077159	-2.922841
0.109400	-162105.419655	-149597.645340	311703.064994	12507.774315	473808.484649	2.184445	1.170369	2.080968	0.671442	0.506151	0.133494	-0.472939	0.214252	-0.074701	-0.077158	-2.922842
0.109600	-162105.470801	-149597.735888	311703.206689	12507.734913	473808.677490	2.202012	-2.438144	1.155833	0.662128	-0.356602	0.140016	-0.484001	-0.420422	0.061683	-0.077158	-2.922842
0.109800	-162105.521947	-149597.826436	311703.348383	12507.695512	473808.870330	2.211072	0.217664	0.230928	0.657208	0.119254	0.035019	-0.489601	0.539201	0.148940	-0.077158	-2.922842
0.110000	-162105.573094	-149597.916983	311703.490077	12507.656111	473809.063171	2.227957	2.890766	-0.693864	0.650610	0.136240	-0.097869	-0.501989	-0.531726	0.117651	-0.077157	-2.922843
0.110200	-162105.624241	-149598.007530	311703.631771	12507.616711	473809.256012	2.239602	-0.730974	-1.618743	0.642124	-0.369735	-0.152839	-0.507479	0.412341	-0.007334	-0.077157	-2.922843
0.110400	-162105.675388	-149598.098077	311703.773465	12507.577311	473809.448853	2.252720	1.933729	-2.543493	0.638220	0.512725	-0.086152	-0.518138	-0.194710	-0.126444	-0.077157	-2.922843
0.110600	-162105.726535	-149598.188624	311703.915159	12507.537911	473809.641694	2.268525	-1.678822	2.814551	0.627604	-0.549795	0.049146	-0.526192	-0.059624	-0.144877	-0.077157	-2.922843
0.110800	-162105.777683	-149598.279170	311704.056853	12507.498512	473809.834536	2.278137	0.978111	1.889612	0.623886	0.456482	0.145266	-0.533370	0.307419	-0.047949	-0.077156	-2.922844
0.111000	-162105.828830	-149598.369717	311704.198547	12507.459114	473810.027377	2.296031	-2.629826	0.964506	0.614162	-0.269589	0.125737	-0.544376	-0.479969	0.087187	-0.077156	-2.922844
0.111200	-162105.879978	-149598.460263	311704.340241	12507.419716	473810.220219	2.305545	0.026830	0.039644	0.607752	0.014833	0.006064	-0.549107	0.552709	0.152887	-0.077156	-2.922844
0.111400	-162105.931126	-149598.550808	311704.481934	12507.380318	473810.413061	2.321626	2.697990	-0.885124	0.601006	0.235411	-0.118450	-0.560827	-0.495404	0.096902	-0.077156	-2.922844
0.111600	-162105.982274	-149598.641354	311704.623628	12507.340921	473810.605903	2.334563	-0.921044	-1.810015	0.591094	-0.441011	-0.148652	-0.566059	0.335086	-0.036255	-0.077155	-2.922845
0.111800	-162106.033423	-149598.731899	311704.765322	12507.301524	473810.798745	2.346525	1.740957	-2.734800	0.586721	0.540864	-0.060536	-0.575482	-0.092932	-0.140512	-0.077155	-2.922845
0.112000	-162106.084571	-149598.822444	311704.907015	12507.262128	473810.991587	2.363392	-1.869379	2.623216	0.575240	-0.527943	0.075799	-0.583581	-0.162493	-0.132885	-0.077155	-2.922845
0.112200	-162106.135720	-149598.912989	311705.048709	12507.222732	473811.184429	2.372598	0.786512	1.698282	0.570429	0.390145	0.151737	-0.589456	0.389277	-0.019450	-0.077155	-2.922845
0.112400	-162106.186869	-149599.003533	311705.190402	12507.183336	473811.377271	2.390461	-2.821646	0.773211	0.560440	-0.172903	0.106871	-0.600228	-0.521847	0.109508	-0.077154	-2.922846
0.112600	-162106.238018	-149599.094077	311705.332096	12507.143941	473811.570114	2.400759	-0.163415	-0.151610	0.552549	-0.090039	-0.023109	-0.604130	0.546074	0.151257	-0.077154	-2.922846
0.112800	-162106.289168	-149599.184621	311705.473789	12507.104546	473811.762957	2.415812	2.505309	-1.076364	0.545688	0.325800	-0.134708	-0.614966	-0.440995	0.072621	-0.077154	-2.922846
0.113000	-162106.340317	-149599.275165	311705.615482	12507.065152	473811.955799	2.430103	-1.110872	-2.001277	0.534482	-0.496150	-0.139044	-0.619961	0.245770	-0.063849	-0.077153	-2.922847
0.113200	-162106.391467	-149599.365708	311705.757175	12507.025759	473812.148642	2.441020	1.548674	-2.926098	0.529575	0.549189	-0.032714	-0.628003	0.012151	-0.149453	-0.077153	-2.922847
0.113400	-162106.442617	-149599.456252	311705.898869	12506.986365	473812.341485	2.458689	-2.060023	2.431897	0.517419	-0.486925	0.099684	-0.636061	-0.259237	-0.116046	-0.077153	-2.922847
0.113600	-162106.493767	-149599.546795	311706.040562	12506.946972	473812.534329	2.467839	0.595595	1.506979	0.511454	0.309633	0.152672	-0.640613	0.456896	0.009756	-0.077153	-2.922847
0.113800	-162106.544917	-149599.637337	311706.182255	12506.907580	473812.727172	2.485317	-3.013575	0.581949	0.501337	-0.070102	0.084109	-0.650957	-0.544598	0.127833	-0.077152	-2.922848
0.114000	-162106.596068	-149599.727880	311706.323948	12506.868188	473812.920015	2.496678	-0.353152	-0.342836	0.492006	-0.191536	-0.051438	-0.654080	0.519624	0.144110	-0.077152	-2.922848
0.114200	-162106.647218	-149599.818422	311706.465640	12506.828796	473813.112859	2.510567	2.312839	-1.267586	0.485047	0.404158	-0.146052	-0.663823	-0.370549	0.045693	-0.077152	-2.922848
0.114400	-162106.698369	-149599.908964	311706.607333	12506.789405	473813.305703	2.526172	-1.300572	-2.192530	0.472707	-0.533208	-0.124366	-0.668592	0.147698	-0.089112	-0.077152	-2.922848
0.114600	-162106.749520	-149599.999506	311706.749026	12506.750015	473813.498546	2.536248	1.356974	-3.117386	0.467202	0.537483	-0.003703	-0.675135	0.116710	-0.152942	-0.077151	-2.922849
0.114800	-162106.800672	-149600.090047	311706.890719	12506.710624	473813.691390	2.554397	-2.250802	2.240598	0.454568	-0.428307	0.119930	-0.683046	-0.346360	-0.094977	-0.077151	-2.922849
0.115000	-162106.851823	-149600.180588	311707.032411	12506.671235	473813.884234	2.563856	0.405348	1.315708	0.447411	0.217937	0.148038	-0.686278	0.507881	0.038604	-0.077151	-2.922849
0.115200	-162106.902975	-149600.271129	311707.174104	12506.631845	473814.077079	2.580629	3.077638	0.390721	0.437288	0.035061	0.058281	-0.695994	-0.547471	0.141495	-0.077151	-2.922849
0.115400	-162106.954126	-149600.361670	311707.315796	12506.592456	473814.269923	2.593253	-0.542484	-0.534038	0.426595	-0.285979	-0.077887	-0.698395	0.474408	0.131710	-0.077150	-2.922850
0.115600	-162107.005278	-149600.452210	311707.457489	12506.553068	473814.462767	2.605942	2.120700	-1.458796	0.419539	0.467698	-0.152069	-0.706851	-0.286686	0.017103	-0.077150	-2.922850
0.115800	-162107.056431	-149600.542751	311707.599181	12506.513680	473814.655612	2.622719	-1.490252	-2.383775	0.406252	-0.550909	-0.105155	-0.711390	0.044469	-0.111122	-0.077150	-2.922850
0.116000	-162107.107583	-149600.633291	311707.740874	12506.474292	473814.848457	2.632239	1.165925	2.974524	0.400088	0.506262	0.025440	-0.716348	0.216957	-0.150853	-0.077149	-2.922851
0.116200	-162107.158736	-149600.723830	311707.882566	12506.434905	473815.041302	2.650508	-2.441734	2.049323	0.387174	-0.354282	0.135802	-0.723985	-0.420739	-0.070446	-0.077149	-2.922851
0.116400	-162107.209888	-149600.814370	311708.024258	12506.395519	473815.234147	2.660632	0.215727	1.124469	0.378813	0.118434	0.138008	-0.725928	0.540459	0.066041	-0.077149	-2.922851
0.116600	-162107.261041	-149600.904909	311708.165950	12506.356132	473815.426992	2.676438	2.885711	0.199524	0.368792	0.138772	0.030331	-0.734812	-0.530441	0.149997	-0.077149	-2.922851
0.116800	-162107.312194	-149600.995448	311708.307642	12506.316746	473815.619837	2.690432	-0.731526	-0.725217	0.356848	-0.369971	-0.101495	-0.736548	0.412146	0.114510	-0.077148	-2.922852
0.117000	-162107.363348	-149601.085987	311708.449335	12506.277361	473815.812682	2.701990	1.929012	-1.649994	0.349686	0.514187	-0.152543	-0.743546	-0.192495	-0.012106	-0.077148	-2.922852
0.117200	-162107.414501	-149601.176525	311708.591027	12506.237976	473816.005528	2.719705	-1.679997	-2.575012	0.335656	-0.548688	-0.082114	-0.747833	-0.060156	-0.129078	-0.077148	-2.922852
0.117400	-162107.465655	-149601.267063	311708.732718	12506.198592	473816.198373	2.729012	0.975564	2.783265	0.328780	0.456743	0.053652	-0.751150	0.309289	-0.143265	-0.077148	-2.922852
0.117600	-162107.516809	-149601.357601	311708.874410	12506.159208	473816.391219	2.747033	-2.632801	1.858076	0.315782	-0.267583	0.146721	-0.758373	-0.479735	-0.043349	-0.077147	-2.922853
0.117800	-162107.567963	-149601.448139	311709.016102	12506.119824	473816.584065	2.758132	0.026657	0.933263	0.306235	0.014759	0.122948	-0.759075	0.553532	0.091069	-0.077147	-2.922853
0.118000	-162107.619117	-149601.538677	311709.157794	12506.080441	473816.776911	2.772791	2.693944	0.008356	0.296406	0.237296	0.001279	-0.766927	-0.494204	0.153031	-0.077147	-2.922853
0.118200	-162107.670272	-149601.629214	311709.299486	12506.041058	473816.969757	2.788160	-0.920397	-0.916379	0.283354	-0.440517	-0.121401	-0.768056	0.335161	0.093139	-0.077147	-2.922853
0.118400	-162107.721426	-149601.719751	311709.441177	12506.001676	473817.162604	2.798758	1.737879	-1.841184	0.276067	0.542026	-0.147456	-0.773449	-0.091415	-0.040871	-0.077146	-2.922854
0.118600	-162107.772581	-149601.810287	311709.582869	12505.962294	473817.355450	2.817104	-1.869872	-2.766240	0.261516	-0.526701	-0.056082	-0.777446	-0.162394	-0.142327	-0.077146	-2.922854
0.118800	-162107.823736	-149601.900824	311709.724560	12505.922912	473817.548296	2.826570	0.785893	2.592025	0.253889	0.390796	0.079906	-0.779099	0.390410	-0.130456	-0.077146	-2.922854
0.119000	-162107.874891	-149601.991360	311709.866252	12505.883531	473817.741143	2.843996	-2.823951	1.666859	0.240994	-0.171384	0.152291	-0.785752	-0.521282	-0.014675	-0.077145	-2.922855
0.119200	-162107.926047	-149602.081896	311710.007943	12505.844151	473817.933990	2.856311	-0.161958	0.742092	0.230309	-0.089327	0.103408	-0.785284	0.546713	0.112776	-0.077145	-2.922855
0.119400	-162107.977203	-149602.172432	311710.149634	12505.804771	473818.126837	2.869744	2.502459	-0.182786	0.220744	0.327114	-0.027818	-0.791910	-0.440143	0.150489	-0.077145	-2.922855
0.119600	-162108.028358	-149602.262967	311710.291326	12505.765391	473818.319684	2.886382	-1.109210	-1.107526	0.206759	-0.495125	-0.136881	-0.792485	0.246288	0.068376	-0.077145	-2.922855
0.119800	-162108.079514	-149602.353503	311710.433017	12505.726012	473818.512531	2.896282	1.547382	-2.032366	0.199320	0.550298	-0.136997	-0.796157	0.012887	-0.068143	-0.077144	-2.922856
0.120000	-162108.130670	-149602.444037	311710.574708	12505.686633	473818.705378	2.914901	-2.059907	-2.957457	0.184480	-0.485814	-0.028009	-0.799807	-0.258573	-0.150388	-0.077144	-2.922856
0.120200	-162108.181827	-149602.534572	311710.716399	12505.647255	473818.898226	2.924899	0.596880	2.400807	0.176078	0.310869	0.103245	-0.799806	0.457453	-0.112893	-0.077144	-2.922856
0.120400	-162108.232983	-149602.625107	311710.858090	12505.607877	473819.091073	2.941433	-3.015102	1.475675	0.163462	-0.069175	0.152312	-0.805726	-0.543958	0.014532	-0.077144	-2.922856
0.120600	-162108.284140	-149602.715641	311710.999781	12505.568499	473819.283921	2.955118	-0.350233	0.550952	0.151720	-0.190074	0.080103	-0.804172	0.520334	0.130373	-0.077143	-2.922857
0.120800	-162108.335297	-149602.806175	311711.141472	12505.529122	473819.476769	2.967352	2.311381	-0.373905	0.142474	0.405041	-0.055898	-0.809395	-0.370273	0.142464	-0.077143	-2.922857
0.121000	-162108.386454	-149602.896709	311711.283163	12505.489746	473819.669617	2.985056	-1.298064	-1.298663	0.127756	-0.531894	-0.147372	-0.809460	0.148772	0.041125	-0.077143	-2.922857
0.121200	-162108.437611	-149602.987242	311711.424854	12505.450369	473819.862465	2.994587	1.357573	-2.223541	0.120136	0.538796	-0.121548	-0.811325	0.116657	-0.092929	-0.077143	-2.922857
0.121400	-162108.488769	-149603.077775	311711.566544	12505.410994	473820.055313	3.013101	-2.250100	3.134527	0.105243	-0.427568	0.001081	-0.814555	-0.345266	-0.152968	-0.077142	-2.922858
0.121600	-162108.539927	-149603.168308	311711.708235	12505.371618	473820.248162	3.023971	0.408460	2.209617	0.096063	0.219894	0.122820	-0.812942	0.508073	-0.091220	-0.077142	-2.922858
0.121800	-162108.591085	-149603.258841	311711.849925	12505.332244	473820.441010	3.039394	3.077040	1.284525	0.083887	0.035361	0.146784	-0.817962	-0.547028	0.043207	-0.077142	-2.922858
0.122000	-162108.642243	-149603.349373	311711.991616	12505.292869	473820.633859	3.054495	-0.538291	0.359843	0.071201	-0.283879	0.053882	-0.815415	0.475423	0.143218	-0.077141	-2.922859
0.122200	-162108.693401	-149603.439906	311712.133306	12505.253495	473820.826707	3.065664	2.120824	-0.565006	0.062311	0.468345	-0.081939	-0.819078	-0.287162	0.129252	-0.077141	-2.922859
0.122400	-162108.744559	-149603.530438	311712.274997	12505.214122	473821.019556	3.084145	-1.487034	-1.489791	0.047082	-0.549574	-0.152494	-0.818667	0.046141	0.012380	-0.077141	-2.922859
0.122600	-162108.795718	-149603.620969	311712.416687	12505.174749	473821.212405	3.093682	1.168468	-2.414708	0.039253	0.508021	-0.101673	-0.818676	0.216183	-0.114326	-0.077141	-2.922859
0.122800	-162108.846877	-149603.711501	311712.558378	12505.135376	473821.405254	3.111722	-2.440410	2.943344	0.024543	-0.354112	0.030128	-0.821400	-0.419410	-0.149975	-0.077140	-2.922860
0.123000	-162108.898036	-149603.802032	311712.700068	12505.096004	473821.598104	3.123745	0.220542	2.018457	0.014605	0.121180	0.137919	-0.818244	0.540529	-0.066225	-0.077140	-2.922860
0.123200	-162108.949195	-149603.892563	311712.841758	12505.056632	473821.790953	3.137932	2.886228	1.093408	0.003010	0.138485	0.135910	-0.822197	-0.530463	0.070306	-0.077140	-2.922860
0.123400	-162109.000354	-149603.983094	311712.983448	12505.017261	473821.983802	-3.128800	-0.726251	0.168761	-0.010475	-0.367410	0.025702	-0.818760	0.413663	0.150847	-0.077140	-2.922860
0.123600	-162109.051514	-149604.073624	311713.125138	12504.977890	473822.176652	-3.118462	1.930884	-0.756091	-0.018987	0.514832	-0.104992	-0.820729	-0.193836	0.111334	-0.077139	-2.922861
0.123800	-162109.102674	-149604.164154	311713.266828	12504.938519	473822.369502	-3.099553	-1.676168	-1.680911	-0.034487	-0.547608	-0.152062	-0.819864	-0.057917	-0.016812	-0.077139	-2.922861
0.124000	-162109.153834	-149604.254684	311713.408518	12504.899149	473822.562352	-3.089625	0.980049	-2.605863	-0.042548	0.459161	-0.078097	-0.818005	0.307931	-0.131557	-0.077139	-2.922861
0.124200	-162109.204994	-149604.345214	311713.550208	12504.859780	473822.755202	-3.072387	-2.630766	2.752182	-0.056848	-0.268123	0.058075	-0.820121	-0.478412	-0.141521	-0.077138	-2.922862
0.124400	-162109.256154	-149604.435744	311713.691898	12504.820411	473822.948052	-3.059016	0.033013	1.827329	-0.067496	0.018287	0.147995	-0.815518	0.553742	-0.038821	-0.077138	-2.922862
0.124600	-162109.307315	-149604.526273	311713.833587	12504.781042	473823.140902	-3.046081	2.695776	0.902325	-0.078391	0.236534	0.120088	-0.818246	-0.494938	0.094842	-0.077138	-2.922862
0.124800	-162109.358475	-149604.616802	311713.975277	12504.741674	473823.333753	-3.028444	-0.914221	-0.022298	-0.092501	-0.437728	-0.003412	-0.814023	0.337327	0.152983	-0.077138	-2.922862
0.125000	-162109.409636	-149604.707330	311714.116967	12504.702306	473823.526603	-3.018625	1.741625	-0.947166	-0.100627	0.542926	-0.124221	-0.814197	-0.093660	0.089365	-0.077137	-2.922863
0.125200	-162109.460797	-149604.797859	311714.258656	12504.662938	473823.719454	-2.999672	-1.865476	-1.872025	-0.116146	-0.526140	-0.146093	-0.812885	-0.159692	-0.045389	-0.077137	-2.922863
0.125400	-162109.511959	-149604.888387	311714.400346	12504.623572	473823.912305	-2.988987	0.792262	-2.797005	-0.124453	0.394039	-0.051681	-0.809183	0.388667	-0.143996	-0.077137	-2.922863
0.125600	-162109.563120	-149604.978915	311714.542035	12504.584205	473824.105155	-2.972810	-2.821065	2.561047	-0.138126	-0.172706	0.083905	-0.810582	-0.520238	-0.127914	-0.077137	-2.922863
0.125800	-162109.614282	-149605.069443	311714.683725	12504.544839	473824.298006	-2.958000	-0.154249	1.636236	-0.149411	-0.085100	0.152682	-0.804651	0.547321	-0.010006	-0.077136	-2.922864
0.126000	-162109.665444	-149605.159970	311714.825414	12504.505473	473824.490858	-2.946221	2.505808	0.711273	-0.159506	0.326051	0.099897	-0.806007	-0.441796	0.115924	-0.077136	-2.922864
0.126200	-162109.716606	-149605.250498	311714.967103	12504.466108	473824.683709	-2.927664	-1.102292	-0.213338	-0.174041	-0.492380	-0.032398	-0.801101	0.249187	0.149550	-0.077136	-2.922864
0.126400	-162109.767768	-149605.341025	311715.108792	12504.426743	473824.876560	-2.917995	1.553080	-1.138231	-0.181786	0.551713	-0.138925	-0.799410	0.009775	0.064146	-0.077136	-2.922864
0.126600	-162109.818930	-149605.431551	311715.250482	12504.387379	473825.069412	-2.899384	-2.054933	-2.063131	-0.197066	-0.486008	-0.134806	-0.797646	-0.255581	-0.072309	-0.077135	-2.922865
0.126800	-162109.870093	-149605.522078	311715.392171	12504.348015	473825.262264	-2.887627	0.605022	-2.988130	-0.205621	0.315043	-0.023386	-0.792160	0.455571	-0.151191	-0.077135	-2.922865
0.127000	-162109.921256	-149605.612604	311715.533860	12504.308652	473825.455116	-2.872679	-3.011185	2.369942	-0.218467	-0.071278	0.106678	-0.792729	-0.543479	-0.109652	-0.077135	-2.922865
0.127200	-162109.972419	-149605.703130	311715.675549	12504.269289	473825.647967	-2.856449	-0.341370	1.445176	-0.230286	-0.185305	0.151810	-0.785605	0.521575	0.019171	-0.077134	-2.922866
0.127400	-162110.023582	-149605.793656	311715.817238	12504.229926	473825.840820	-2.845625	2.316430	0.520249	-0.239506	0.403906	0.076071	-0.785463	-0.372997	0.132784	-0.077134	-2.922866
0.127600	-162110.074745	-149605.884181	311715.958926	12504.190564	473826.033672	-2.826486	-1.290521	-0.404361	-0.254245	-0.529489	-0.060201	-0.779972	0.152415	0.140675	-0.077134	-2.922866
0.127800	-162110.125909	-149605.974706	311716.100615	12504.151203	473826.226524	-2.816572	1.365243	-1.329290	-0.261618	0.540972	-0.148571	-0.776383	0.112791	0.036595	-0.077134	-2.922866
0.128000	-162110.177073	-149606.065231	311716.242304	12504.111841	473826.419377	-2.798660	-2.244475	-2.254227	-0.276401	-0.428703	-0.118615	-0.774147	-0.342217	-0.096594	-0.077133	-2.922867
0.128200	-162110.228237	-149606.155756	311716.383993	12504.072481	473826.612229	-2.785594	0.418221	3.103953	-0.285192	0.225034	0.005757	-0.766973	0.506332	-0.152882	-0.077133	-2.922867
0.128400	-162110.279401	-149606.246280	311716.525681	12504.033120	473826.805082	-2.771936	3.082193	2.178869	-0.297032	0.032553	0.125567	-0.766596	-0.547392	-0.087401	-0.077133	-2.922867
0.128600	-162110.330565	-149606.336805	311716.667370	12503.993760	473826.997935	-2.754418	-0.528468	1.254151	-0.309256	-0.278791	0.145415	-0.758432	0.477495	0.047648	-0.077133	-2.922867
0.128800	-162110.381730	-149606.427329	311716.809058	12503.954401	473827.190788	-2.744256	2.127723	0.329250	-0.317548	0.467404	0.049480	-0.756685	-0.291042	0.144812	-0.077132	-2.922868
0.129000	-162110.432894	-149606.517852	311716.950747	12503.915042	473827.383641	-2.724920	-1.478937	-0.595373	-0.332251	-0.547812	-0.085811	-0.750701	0.050464	0.126683	-0.077132	-2.922868
0.129200	-162110.484059	-149606.608376	311717.092435	12503.875683	473827.576494	-2.714374	1.178072	-1.520341	-0.339268	0.511171	-0.152810	-0.745220	0.211749	0.007717	-0.077132	-2.922868
0.129400	-162110.535224	-149606.698899	311717.234123	12503.836325	473827.769348	-2.697458	-2.434009	-2.445310	-0.353303	-0.356316	-0.098108	-0.742480	-0.416581	-0.117361	-0.077132	-2.922868
0.129600	-162110.586389	-149606.789422	311717.375812	12503.796967	473827.962201	-2.682946	0.231736	2.912875	-0.362297	0.127243	0.034688	-0.733745	0.539223	-0.149010	-0.077131	-2.922869
0.129800	-162110.637555	-149606.879945	311717.517500	12503.757610	473828.155055	-2.670523	2.892827	1.987831	-0.372975	0.135123	0.139885	-0.732311	-0.531924	-0.061972	-0.077131	-2.922869
0.130000	-162110.688721	-149606.970467	311717.659188	12503.718253	473828.347908	-2.651952	-0.715643	1.063158	-0.385449	-0.362282	0.133730	-0.723268	0.416709	0.074389	-0.077131	-2.922869
0.130200	-162110.739886	-149607.060989	311717.800876	12503.678897	473828.540762	-2.642093	1.939733	0.138270	-0.392783	0.514375	0.021092	-0.719840	-0.198878	0.151570	-0.077130	-2.922870
0.130400	-162110.791052	-149607.151511	311717.942564	12503.639541	473828.733616	-2.622959	-1.667526	-0.786377	-0.407197	-0.546775	-0.108295	-0.713444	-0.053055	0.108083	-0.077130	-2.922870
0.130600	-162110.842219	-149607.242033	311718.084252	12503.600185	473828.926470	-2.611435	0.991493	-1.711386	-0.413874	0.463448	-0.151489	-0.706116	0.303176	-0.021439	-0.077130	-2.922870
0.130800	-162110.893385	-149607.332555	311718.225940	12503.560830	473829.119325	-2.595724	-2.623416	-2.636377	-0.426923	-0.271452	-0.074035	-0.702830	-0.476112	-0.133856	-0.077130	-2.922870
0.131000	-162110.944552	-149607.423076	311718.367628	12503.521476	473829.312179	-2.579743	0.045437	2.721826	-0.436067	0.025152	0.062355	-0.692688	0.553160	-0.139717	-0.077129	-2.922871
0.131200	-162110.995718	-149607.513597	311718.509315	12503.482122	473829.505034	-2.568387	2.704021	1.796827	-0.445457	0.232836	0.149113	-0.690097	-0.497706	-0.034290	-0.077129	-2.922871
0.131400	-162111.046885	-149607.604118	311718.651003	12503.442768	473829.697888	-2.549084	-0.902969	0.872194	-0.458001	-0.432879	0.117182	-0.680340	0.341422	0.098422	-0.077129	-2.922871
0.131600	-162111.098053	-149607.694638	311718.792691	12503.403415	473829.890743	-2.539130	1.752469	-0.052693	-0.464364	0.543244	-0.008060	-0.675186	-0.099793	0.152814	-0.077129	-2.922871
0.131800	-162111.149220	-149607.785158	311718.934378	12503.364062	473830.083598	-2.520579	-1.856238	-0.977373	-0.478234	-0.526491	-0.126838	-0.668447	-0.154502	0.085555	-0.077128	-2.922872
0.132000	-162111.200387	-149607.875678	311719.076066	12503.324709	473830.276453	-2.507801	0.805401	-1.902422	-0.484585	0.399563	-0.144657	-0.659355	0.383890	-0.049812	-0.077128	-2.922872
0.132200	-162111.251555	-149607.966198	311719.217753	12503.285357	473830.469308	-2.493401	-2.812562	-2.827423	-0.496426	-0.177135	-0.047271	-0.655474	-0.518787	-0.145480	-0.077128	-2.922872
0.132400	-162111.302723	-149608.056717	311719.359441	12503.246006	473830.662164	-2.476043	-0.140800	2.530810	-0.505647	-0.077634	0.087751	-0.644107	0.547730	-0.125343	-0.077128	-2.922872
0.132600	-162111.353891	-149608.147237	311719.501128	12503.206655	473830.855019	-2.465488	2.515868	1.605858	-0.513650	0.322290	0.152918	-0.640269	-0.446022	-0.005364	-0.077127	-2.922873
0.132800	-162111.405060	-149608.237756	311719.642815	12503.167304	473831.047875	-2.445831	-1.090486	0.681255	-0.526065	-0.488155	0.096375	-0.629966	0.254331	0.118873	-0.077127	-2.922873
0.133000	-162111.456228	-149608.328274	311719.784502	12503.127954	473831.240730	-2.435379	1.565901	-0.243643	-0.531463	0.553083	-0.036915	-0.623076	0.002707	0.148502	-0.077127	-2.922873
0.133200	-162111.507397	-149608.418793	311719.926190	12503.088604	473831.433586	-2.417741	-2.044989	-1.168363	-0.544530	-0.487746	-0.140766	-0.616050	-0.250336	0.059919	-0.077126	-2.922874
0.133400	-162111.558566	-149608.509311	311720.067877	12503.049255	473831.626442	-2.403530	0.619675	-2.093445	-0.550562	0.321826	-0.132566	-0.605317	0.451105	-0.076369	-0.077126	-2.922874
0.133600	-162111.609735	-149608.599829	311720.209564	12503.009906	473831.819298	-2.390428	-3.001311	-3.018445	-0.560998	-0.076703	-0.018790	-0.600786	-0.543188	-0.151812	-0.077126	-2.922874
0.133800	-162111.660904	-149608.690347	311720.351251	12502.970557	473832.012154	-2.371896	-0.327087	2.339829	-0.570202	-0.177508	0.109954	-0.588395	0.523200	-0.106412	-0.077126	-2.922874
0.134000	-162111.712073	-149608.780864	311720.492938	12502.931209	473832.205011	-2.361795	2.328431	1.414921	-0.576747	0.400397	0.151162	-0.583243	-0.378760	0.023755	-0.077125	-2.922875
0.134200	-162111.763243	-149608.871381	311720.634624	12502.891861	473832.397867	-2.342192	-1.278197	0.490337	-0.588818	-0.526237	0.072066	-0.572555	0.158527	0.135000	-0.077125	-2.922875
0.134400	-162111.814413	-149608.961898	311720.776311	12502.852514	473832.590724	-2.330867	1.379965	-0.434585	-0.593272	0.543635	-0.064424	-0.563956	0.105020	0.138791	-0.077125	-2.922875
0.134600	-162111.865583	-149609.052415	311720.917998	12502.813168	473832.783581	-2.314396	-2.233663	-1.359346	-0.605286	-0.431965	-0.149573	-0.556688	-0.337239	0.032107	-0.077125	-2.922875
0.134800	-162111.916753	-149609.142932	311721.059685	12502.773821	473832.976438	-2.298681	0.434183	-2.284454	-0.610998	0.233018	-0.115655	-0.544470	0.502525	-0.100147	-0.077124	-2.922876
0.135000	-162111.967923	-149609.233448	311721.201371	12502.734476	473833.169295	-2.286749	3.093651	3.073747	-0.619859	0.026319	0.010371	-0.539236	-0.548548	-0.152624	-0.077124	-2.922876
0.135200	-162112.019094	-149609.323964	311721.343058	12502.695130	473833.362152	-2.267341	-0.513511	2.148883	-0.628929	-0.270992	0.128157	-0.526035	0.480502	-0.083615	-0.077124	-2.922876
0.135400	-162112.070265	-149609.414480	311721.484744	12502.655785	473833.555009	-2.257296	2.141732	1.224015	-0.633976	0.464489	0.143912	-0.519523	-0.298336	0.052008	-0.077124	-2.922876
0.135600	-162112.121436	-149609.504995	311721.626431	12502.616441	473833.747866	-2.238150	-1.466064	0.299436	-0.645477	-0.545864	0.045140	-0.508607	0.057379	0.146218	-0.077123	-2.922877
0.135800	-162112.172607	-149609.595510	311721.768117	12502.577097	473833.940724	-2.225639	1.194564	-0.625520	-0.649019	0.515316	-0.089589	-0.498366	0.203576	0.124037	-0.077123	-2.922877
0.136000	-162112.223778	-149609.686025	311721.909803	12502.537753	473834.133581	-2.210483	-2.422129	-1.550321	-0.659742	-0.361161	-0.152943	-0.490886	-0.412228	0.003132	-0.077123	-2.922877
0.136200	-162112.274950	-149609.776540	311722.051490	12502.498410	473834.326439	-2.193317	0.248793	-2.475442	-0.665122	0.136282	-0.094542	-0.477372	0.536423	-0.120281	-0.077122	-2.922878
0.136400	-162112.326121	-149609.867054	311722.193176	12502.459067	473834.519297	-2.182316	2.906058	2.882786	-0.672269	0.128338	0.039152	-0.471384	-0.534768	-0.147887	-0.077122	-2.922878
0.136600	-162112.377293	-149609.957569	311722.334862	12502.419725	473834.712155	-2.162401	-0.700126	1.957971	-0.681071	-0.354857	0.141702	-0.457599	0.421193	-0.057780	-0.077122	-2.922878
0.136800	-162112.428465	-149610.048083	311722.476548	12502.380383	473834.905013	-2.151997	1.955756	1.033134	-0.684609	0.512399	0.131432	-0.449710	-0.207611	0.078367	-0.077122	-2.922878
0.137000	-162112.479638	-149610.138596	311722.618234	12502.341041	473835.097872	-2.133669	-1.654014	0.108548	-0.695309	-0.546430	0.016578	-0.438711	-0.045578	0.152122	-0.077121	-2.922879
0.137200	-162112.530810	-149610.229110	311722.759920	12502.301700	473835.290730	-2.119751	1.009579	-0.816449	-0.697979	0.469197	-0.111494	-0.426931	0.294959	0.104776	-0.077121	-2.922879
0.137400	-162112.581983	-149610.319623	311722.901606	12502.262360	473835.483589	-2.105943	-2.610245	-1.741286	-0.707193	-0.277852	-0.150753	-0.419260	-0.472756	-0.025954	-0.077121	-2.922879
0.137600	-162112.633156	-149610.410136	311723.043292	12502.223020	473835.676447	-2.087492	0.063385	-2.666406	-0.712215	0.035016	-0.069995	-0.404668	0.551690	-0.136042	-0.077121	-2.922879
0.137800	-162112.684329	-149610.500649	311723.184977	12502.183680	473835.869306	-2.077094	2.719173	2.691860	-0.717543	0.225823	0.066508	-0.397884	-0.502413	-0.137777	-0.077120	-2.922880
0.138000	-162112.735502	-149610.591161	311723.326663	12502.144341	473836.062165	-2.057082	-0.886950	1.767094	-0.725924	-0.426230	0.150096	-0.383743	0.347395	-0.029848	-0.077120	-2.922880
0.138200	-162112.786675	-149610.681673	311723.468349	12502.105002	473836.255024	-2.045921	1.770448	0.842275	-0.727969	0.542541	0.114179	-0.374489	-0.109782	0.101877	-0.077120	-2.922880
0.138400	-162112.837849	-149610.772185	311723.610034	12502.065664	473836.447883	-2.028702	-1.841937	-0.082331	-0.737637	-0.527991	-0.012584	-0.363539	-0.146775	0.152497	-0.077120	-2.922880
0.138600	-162112.889023	-149610.862697	311723.751720	12502.026326	473836.640743	-2.013263	0.824877	-1.007372	-0.739480	0.406954	-0.129345	-0.350364	0.376027	0.081711	-0.077119	-2.922881
0.138800	-162112.940197	-149610.953209	311723.893405	12501.986988	473836.833602	-2.000714	-2.797874	-1.932236	-0.746991	-0.184974	-0.143085	-0.342511	-0.516794	-0.054093	-0.077119	-2.922881
0.139000	-162112.991371	-149611.043720	311724.035091	12501.947651	473837.026462	-1.981251	-0.122141	-2.857342	-0.751616	-0.067252	-0.042906	-0.327082	0.547869	-0.146858	-0.077119	-2.922881
0.139200	-162113.042545	-149611.134231	311724.176776	12501.908314	473837.219321	-1.971064	2.533034	2.500970	-0.755056	0.315423	0.091446	-0.319471	-0.452690	-0.122662	-0.077118	-2.922882
0.139400	-162113.093720	-149611.224741	311724.318461	12501.868978	473837.412181	-1.951373	-1.073960	1.576247	-0.762852	-0.482692	0.153037	-0.305203	0.261716	-0.000834	-0.077118	-2.922882
0.139600	-162113.144895	-149611.315252	311724.460147	12501.829643	473837.605041	-1.939108	1.585721	0.651434	-0.763445	0.553951	0.092780	-0.294630	-0.008268	0.121683	-0.077118	-2.922882
0.139800	-162113.196069	-149611.405762	311724.601832	12501.790307	473837.797901	-1.923191	-2.029704	-0.273204	-0.771856	-0.491264	-0.041284	-0.283846	-0.242728	0.147333	-0.077118	-2.922882
0.140000	-162113.247245	-149611.496272	311724.743517	12501.750972	473837.990761	-1.906240	0.640320	-1.198288	-0.772919	0.330810	-0.142494	-0.269454	0.444016	0.055680	-0.077117	-2.922883
0.140200	-162113.298420	-149611.586782	311724.885202	12501.711638	473838.183622	-1.894744	-2.984900	-2.123166	-0.778564	-0.085772	-0.130220	-0.261423	-0.542899	-0.080264	-0.077117	-2.922883
0.140400	-162113.349595	-149611.677291	311725.026887	12501.672304	473838.376482	-1.874625	-0.307853	-3.048246	-0.782737	-0.166983	-0.014262	-0.245416	0.525167	-0.152338	-0.077117	-2.922883
0.140600	-162113.400771	-149611.767801	311725.168572	12501.632971	473838.569343	-1.864224	2.347639	2.310115	-0.784258	0.394083	0.113060	-0.236963	-0.387397	-0.103092	-0.077117	-2.922883
0.140800	-162113.451947	-149611.858310	311725.310257	12501.593637	473838.762204	-1.845243	-1.261092	1.385427	-0.791294	-0.522356	0.150419	-0.222790	0.167155	0.028207	-0.077116	-2.922884
0.141000	-162113.503123	-149611.948818	311725.451941	12501.554305	473838.955064	-1.831611	1.401459	0.460606	-0.790498	0.546318	0.068013	-0.210979	0.093406	0.137067	-0.077116	-2.922884
0.141200	-162113.554299	-149612.039327	311725.593626	12501.514973	473839.147925	-1.817074	-2.217170	-0.464070	-0.797442	-0.437591	-0.068482	-0.200462	-0.330162	0.136818	-0.077116	-2.922884
0.141400	-162113.605476	-149612.129835	311725.735311	12501.475641	473839.340787	-1.798741	0.455781	-1.389193	-0.797769	0.243451	-0.150466	-0.185064	0.496632	0.027630	-0.077116	-2.922884
0.141600	-162113.656652	-149612.220343	311725.876995	12501.436309	473839.533648	-1.787992	3.111954	-2.314074	-0.801419	0.016313	-0.112626	-0.176854	-0.550258	-0.103517	-0.077115	-2.922885
0.141800	-162113.707829	-149612.310851	311726.018680	12501.396979	473839.726509	-1.767625	-0.493785	3.044070	-0.805071	-0.260754	0.014899	-0.160539	0.484440	-0.152285	-0.077115	-2.922885
0.142000	-162113.759006	-149612.401358	311726.160364	12501.357648	473839.919371	-1.756592	2.162946	2.119294	-0.804678	0.459144	0.130566	-0.151250	-0.308854	-0.079781	-0.077115	-2.922885
0.142200	-162113.810184	-149612.491865	311726.302049	12501.318318	473840.112232	-1.738648	-1.448246	1.194630	-0.810775	-0.543930	0.142340	-0.137382	0.066995	0.056221	-0.077114	-2.922886
0.142400	-162113.861361	-149612.582372	311726.443733	12501.278989	473840.305094	-1.723491	1.217529	0.269788	-0.808672	0.519989	0.040781	-0.124449	0.191738	0.147473	-0.077114	-2.922886
0.142600	-162113.912539	-149612.672879	311726.585418	12501.239659	473840.497956	-1.710288	-2.404192	-0.654932	-0.813957	-0.368887	-0.093188	-0.114283	-0.406114	0.121337	-0.077114	-2.922886
0.142800	-162113.963716	-149612.763386	311726.727102	12501.200331	473840.690818	-1.690816	0.271147	-1.580085	-0.813590	0.147928	-0.152973	-0.098118	0.532127	-0.001421	-0.077114	-2.922886
0.143000	-162114.014894	-149612.853892	311726.868786	12501.161002	473840.883680	-1.680431	2.926372	-2.504953	-0.815153	0.117765	-0.090944	-0.089729	-0.538706	-0.123008	-0.077113	-2.922887
0.143200	-162114.066072	-149612.944398	311727.010470	12501.121675	473841.076543	-1.660245	-0.679926	2.853236	-0.818204	-0.345371	0.043515	-0.073383	0.427154	-0.146703	-0.077113	-2.922887
0.143400	-162114.117251	-149613.034903	311727.152154	12501.082347	473841.269405	-1.648202	1.978877	1.928504	-0.815937	0.508435	0.143330	-0.063285	-0.219822	-0.053575	-0.077113	-2.922887
0.143600	-162114.168429	-149613.125409	311727.293838	12501.043020	473841.462268	-1.631531	-1.635295	1.003851	-0.820917	-0.546750	0.129095	-0.049920	-0.035314	0.082190	-0.077113	-2.922887
0.143800	-162114.219608	-149613.215914	311727.435522	12501.003694	473841.655130	-1.614815	1.033792	0.078977	-0.817603	0.475947	0.012071	-0.036013	0.283362	0.152523	-0.077112	-2.922888
0.144000	-162114.270787	-149613.306419	311727.577206	12500.964368	473841.847993	-1.602776	-2.590642	-0.845786	-0.821064	-0.287570	-0.114509	-0.026266	-0.468040	0.101452	-0.077112	-2.922888
0.144200	-162114.321966	-149613.396924	311727.718890	12500.925042	473842.040856	-1.582502	0.086337	-1.770958	-0.820036	0.047547	-0.149926	-0.009600	0.549350	-0.030417	-0.077112	-2.922888
0.144400	-162114.373145	-149613.487428	311727.860574	12500.885717	473842.233719	-1.572054	2.741550	-2.695801	-0.819462	0.215112	-0.065962	-0.001031	-0.508727	-0.138032	-0.077112	-2.922888
0.144600	-162114.424325	-149613.577933	311728.002257	12500.846392	473842.426582	-1.552461	-0.866225	2.662439	-0.821821	-0.417975	0.070550	0.015070	0.355335	-0.135795	-0.077111	-2.922889
0.144800	-162114.475505	-149613.668437	311728.143941	12500.807068	473842.619446	-1.539105	1.795321	1.737743	-0.817755	0.540336	0.150890	0.025924	-0.123400	-0.025427	-0.077111	-2.922889
0.145000	-162114.526684	-149613.758940	311728.285625	12500.767744	473842.812309	-1.523831	-1.822095	0.813086	-0.821445	-0.530801	0.111165	0.038608	-0.136270	0.105174	-0.077111	-2.922889
0.145200	-162114.577864	-149613.849444	311728.427308	12500.728421	473843.005173	-1.505646	0.850109	-0.111830	-0.817029	0.415774	-0.017073	0.053305	0.365168	0.152036	-0.077110	-2.922890
0.145400	-162114.629045	-149613.939947	311728.568992	12500.689098	473843.198036	-1.494490	-2.776415	-1.036631	-0.818531	-0.196474	-0.131670	0.062580	-0.513893	0.077886	-0.077110	-2.922890
0.145600	-162114.680225	-149614.030450	311728.710675	12500.649775	473843.390900	-1.473818	-0.098697	-1.961809	-0.816867	-0.054241	-0.141436	0.079467	0.547784	-0.058306	-0.077110	-2.922890
0.145800	-162114.731406	-149614.120953	311728.852358	12500.610453	473843.583764	-1.462872	2.557461	-2.886614	-0.814148	0.305049	-0.038588	0.088209	-0.461433	-0.148045	-0.077110	-2.922890
0.146000	-162114.782587	-149614.211455	311728.994042	12500.571131	473843.776628	-1.444232	-1.052593	2.471677	-0.815714	-0.476144	0.095022	0.103795	0.271487	-0.119960	-0.077109	-2.922891
0.146200	-162114.833768	-149614.301957	311729.135725	12500.531810	473843.969492	-1.429363	1.612148	1.547005	-0.809955	0.553835	0.152974	0.115325	-0.022915	0.003640	-0.077109	-2.922891
0.146400	-162114.884949	-149614.392459	311729.277408	12500.492489	473844.162357	-1.415481	-2.008496	0.622330	-0.812196	-0.496707	0.089204	0.127171	-0.232446	0.124338	-0.077109	-2.922891
0.146600	-162114.936130	-149614.482961	311729.419091	12500.453169	473844.355221	-1.396039	0.666361	-0.302632	-0.806793	0.341591	-0.045594	0.142446	0.434402	0.146031	-0.077109	-2.922891
0.146800	-162114.987312	-149614.573462	311729.560774	12500.413849	473844.548086	-1.385399	-2.961443	-1.227464	-0.806236	-0.098745	-0.144050	0.151210	-0.542187	0.051497	-0.077108	-2.922892
0.147000	-162115.038493	-149614.663964	311729.702457	12500.374530	473844.740951	-1.364764	-0.283960	-2.152632	-0.803954	-0.153966	-0.127814	0.168024	0.527556	-0.084076	-0.077108	-2.922892
0.147200	-162115.089675	-149614.754465	311729.844140	12500.335211	473844.933816	-1.352914	2.374035	-3.077391	-0.799124	0.384545	-0.009816	0.176923	-0.398517	-0.152684	-0.077108	-2.922892
0.147400	-162115.140858	-149614.844965	311729.985823	12500.295892	473845.126681	-1.335504	-1.238907	2.280947	-0.799793	-0.517959	0.116045	0.191737	0.178508	-0.099774	-0.077108	-2.922892
0.147600	-162115.192040	-149614.935466	311730.127506	12500.256574	473845.319546	-1.319042	1.429214	1.356286	-0.792475	0.548551	0.149508	0.203834	0.078188	0.032572	-0.077107	-2.922893
0.147800	-162115.243222	-149615.025966	311730.269189	12500.217256	473845.512411	-1.306420	-2.194360	0.431581	-0.793124	-0.445708	0.064009	0.214709	-0.320599	0.138988	-0.077107	-2.922893
0.148000	-162115.294405	-149615.116466	311730.410871	12500.177939	473845.705276	-1.286037	0.482450	-0.493428	-0.786855	0.255977	-0.072457	0.230324	0.488758	0.134729	-0.077107	-2.922893
0.148200	-162115.345588	-149615.206966	311730.552554	12500.138622	473845.898142	-1.275487	3.137489	-1.418278	-0.784177	0.002266	-0.151202	0.238550	-0.552044	0.023242	-0.077106	-2.922894
0.148400	-162115.396771	-149615.297465	311730.694236	12500.099306	473846.091008	-1.255322	-0.469415	-2.343423	-0.781284	-0.248252	-0.109556	0.254991	0.489426	-0.106793	-0.077106	-2.922894
0.148600	-162115.447954	-149615.387964	311730.835919	12500.059990	473846.283873	-1.242228	2.191170	3.015054	-0.774420	0.450944	0.019310	0.264020	-0.322187	-0.151784	-0.077106	-2.922894
0.148800	-162115.499138	-149615.478463	311730.977601	12500.020674	473846.476739	-1.226213	-1.425023	2.090246	-0.774088	-0.542077	0.132855	0.277821	0.079585	-0.075971	-0.077106	-2.922894
0.149000	-162115.550322	-149615.568962	311731.119284	12499.981359	473846.669605	-1.208208	1.246376	1.165580	-0.765369	0.524741	0.140619	0.290351	0.176472	0.060319	-0.077105	-2.922895
0.149200	-162115.601505	-149615.659461	311731.260966	12499.942045	473846.862471	-1.196597	-2.379569	0.240837	-0.764308	-0.379609	0.036495	0.300145	-0.397784	0.148595	-0.077105	-2.922895
0.149400	-162115.652689	-149615.749959	311731.402648	12499.902731	473847.055338	-1.175666	0.298316	-0.684215	-0.757291	0.161879	-0.096688	0.315839	0.526450	0.118540	-0.077105	-2.922895
0.149600	-162115.703874	-149615.840457	311731.544331	12499.863417	473847.248204	-1.164759	2.953992	-1.609071	-0.752474	0.103121	-0.152868	0.323510	-0.543219	-0.005854	-0.077105	-2.922895
0.149800	-162115.755058	-149615.930955	311731.686013	12499.824104	473847.441071	-1.145453	-0.654981	-2.534180	-0.748970	-0.333933	-0.087325	0.339281	0.434755	-0.125634	-0.077104	-2.922896
0.150000	-162115.806243	-149616.021452	311731.827695	12499.784791	473847.633937	-1.130872	2.008736	2.824350	-0.740188	0.502055	0.047732	0.348397	-0.235095	-0.145378	-0.077104	-2.922896
0.150200	-162115.857428	-149616.111949	311731.969377	12499.745478	473847.826804	-1.116294	-1.610788	1.899569	-0.738754	-0.547760	0.144846	0.360970	-0.021918	-0.049415	-0.077104	-2.922896
0.150400	-162115.908613	-149616.202446	311732.111059	12499.706166	473848.019671	-1.096922	1.063504	0.974884	-0.728810	0.483287	0.126632	0.373770	0.268616	0.085876	-0.077104	-2.922896
0.150600	-162115.959798	-149616.292943	311732.252741	12499.666855	473848.212538	-1.085973	-2.564041	0.050097	-0.725949	-0.300712	0.007662	0.382398	-0.461446	0.152811	-0.077103	-2.922897
0.150800	-162116.010983	-149616.383439	311732.394422	12499.627544	473848.405406	-1.064934	0.113937	-0.874989	-0.718303	0.062511	-0.117409	0.397896	0.546271	0.098054	-0.077103	-2.922897
0.151000	-162116.062169	-149616.473936	311732.536104	12499.588233	473848.598273	-1.053239	2.771196	-1.799836	-0.711372	0.200410	-0.148990	0.405000	-0.516097	-0.034734	-0.077103	-2.922897
0.151200	-162116.113354	-149616.564432	311732.677786	12499.548923	473848.791140	-1.035107	-0.840542	-2.724900	-0.707247	-0.408157	-0.061929	0.419811	0.365453	-0.139918	-0.077102	-2.922898
0.151400	-162116.164540	-149616.654927	311732.819468	12499.509613	473848.984008	-1.018914	1.826590	2.633678	-0.696701	0.536213	0.074422	0.428957	-0.140232	-0.133702	-0.077102	-2.922898
0.151600	-162116.215726	-149616.745423	311732.961149	12499.470304	473849.176876	-1.005681	-1.796055	1.708911	-0.694074	-0.534901	0.151584	0.440111	-0.122571	-0.021070	-0.077102	-2.922898
0.151800	-162116.266913	-149616.835918	311733.102831	12499.430995	473849.369743	-0.985233	0.880488	0.784196	-0.683098	0.425661	0.108054	0.452996	0.351534	0.108315	-0.077102	-2.922898
0.152000	-162116.318099	-149616.926413	311733.244512	12499.391686	473849.562611	-0.974526	-2.747732	-0.140637	-0.678379	-0.211737	-0.021446	0.460399	-0.509505	0.151485	-0.077101	-2.922899
0.152200	-162116.369286	-149617.016908	311733.386194	12499.352378	473849.755480	-0.953826	-0.070661	-1.065748	-0.670215	-0.038760	-0.133871	0.475413	0.547624	0.074014	-0.077101	-2.922899
0.152400	-162116.420473	-149617.107402	311733.527875	12499.313071	473849.948348	-0.940971	2.589005	-1.990570	-0.661241	0.290870	-0.139709	0.481944	-0.471678	-0.062352	-0.077101	-2.922899
0.152600	-162116.471660	-149617.197896	311733.669556	12499.273764	473850.141216	-0.924221	-1.025958	-2.915583	-0.656480	-0.468480	-0.034290	0.495520	0.283911	-0.149128	-0.077101	-2.922899
0.152800	-162116.522847	-149617.288390	311733.811238	12499.234457	473850.334085	-0.906423	1.644584	2.443036	-0.644358	0.552339	0.098410	0.504620	-0.040830	-0.117180	-0.077100	-2.922900
0.153000	-162116.574035	-149617.378884	311733.952919	12499.195151	473850.526953	-0.894318	-1.980694	1.518267	-0.640459	-0.504018	0.152826	0.514195	-0.219001	0.008035	-0.077100	-2.922900
0.153200	-162116.625222	-149617.469378	311734.094600	12499.155845	473850.719822	-0.873174	0.697254	0.593511	-0.628654	0.353865	0.085562	0.526958	0.422473	0.126824	-0.077100	-2.922900
0.153400	-162116.676410	-149617.559871	311734.236281	12499.116539	473850.912691	-0.862255	-2.930644	-0.331363	-0.622056	-0.115723	-0.049773	0.533099	-0.540420	0.144668	-0.077100	-2.922900
0.153600	-162116.727598	-149617.650364	311734.377962	12499.077234	473851.105560	-0.842311	-0.255410	-1.256484	-0.613479	-0.138530	-0.145476	0.547342	0.530537	0.047293	-0.077099	-2.922901
0.153800	-162116.778786	-149617.740856	311734.519643	12499.037930	473851.298429	-0.828010	2.407295	-2.181269	-0.602576	0.371486	-0.125364	0.553292	-0.411534	-0.087707	-0.077099	-2.922901
0.154000	-162116.829975	-149617.831349	311734.661324	12498.998626	473851.491298	-0.812728	-1.211072	-3.106230	-0.597161	-0.512944	-0.005410	0.565381	0.192912	-0.152931	-0.077099	-2.922901
0.154200	-162116.881163	-149617.921841	311734.803004	12498.959322	473851.684168	-0.793464	1.462578	2.252418	-0.583681	0.549966	0.118830	0.574341	0.059750	-0.096412	-0.077098	-2.922902
0.154400	-162116.932352	-149618.012333	311734.944685	12498.920019	473851.877037	-0.782159	-2.164608	1.327634	-0.578451	-0.456230	0.148528	0.582210	-0.307996	0.036846	-0.077098	-2.922902
0.154600	-162116.983541	-149618.102825	311735.086366	12498.880716	473852.069907	-0.760759	0.513766	0.402830	-0.566024	0.270362	0.059971	0.594627	0.479099	0.140734	-0.077098	-2.922902
0.154800	-162117.034730	-149618.193316	311735.228047	12498.841414	473852.262777	-0.749178	-3.112822	-0.522078	-0.557566	-0.015921	-0.076292	0.599493	-0.553236	0.132607	-0.077098	-2.922902
0.155000	-162117.085920	-149618.283808	311735.369727	12498.802112	473852.455647	-0.730341	-0.440203	-1.447193	-0.548672	-0.233469	-0.151808	0.612678	0.495657	0.018860	-0.077097	-2.922903
0.155200	-162117.137109	-149618.374298	311735.511408	12498.762811	473852.648517	-0.714424	2.225922	-2.371931	-0.535996	0.439597	-0.106477	0.618040	-0.337753	-0.109882	-0.077097	-2.922903
0.155400	-162117.188299	-149618.464789	311735.653088	12498.723510	473852.841387	-0.700559	-1.395729	2.986342	-0.529908	-0.540134	0.023663	0.628416	0.095538	-0.151192	-0.077097	-2.922903
0.155600	-162117.239489	-149618.555280	311735.794768	12498.684209	473853.034257	-0.680091	1.280452	2.061820	-0.515314	0.529247	0.134941	0.637125	0.158133	-0.072154	-0.077097	-2.922903
0.155800	-162117.290679	-149618.645770	311735.936449	12498.644909	473853.227128	-0.669178	-2.347739	1.137007	-0.508715	-0.393214	0.138850	0.643196	-0.386620	0.064317	-0.077096	-2.922904
0.156000	-162117.341869	-149618.736260	311736.078129	12498.605609	473853.419998	-0.647981	0.330034	0.212155	-0.495874	0.177989	0.032211	0.655031	0.519580	0.149542	-0.077096	-2.922904
0.156200	-162117.393060	-149618.826750	311736.219809	12498.566310	473853.612869	-0.635333	2.988833	-0.712777	-0.485615	0.084309	-0.100043	0.658627	-0.547608	0.115742	-0.077096	-2.922904
0.156400	-162117.444250	-149618.917239	311736.361489	12498.527011	473853.805740	-0.617853	-0.624902	-1.637871	-0.476491	-0.320434	-0.152638	0.670479	0.444223	-0.010254	-0.077096	-2.922904
0.156600	-162117.495441	-149619.007728	311736.503170	12498.487713	473853.998611	-0.600284	2.044734	-2.562556	-0.462240	0.492978	-0.083733	0.675243	-0.252863	-0.128073	-0.077095	-2.922905
0.156800	-162117.546632	-149619.098217	311736.644850	12498.448415	473854.191482	-0.587653	-1.579790	2.795759	-0.455462	-0.549225	0.051876	0.683711	-0.004939	-0.143975	-0.077095	-2.922905
0.157000	-162117.597824	-149619.188706	311736.786530	12498.409118	473854.384353	-0.566345	1.098117	1.871237	-0.440016	0.490947	0.146162	0.692041	0.251042	-0.045284	-0.077095	-2.922905
0.157200	-162117.649015	-149619.279194	311736.928209	12498.369821	473854.577224	-0.555365	-2.530073	0.946385	-0.432036	-0.317145	0.124141	0.696258	-0.452300	0.089455	-0.077094	-2.922906
0.157400	-162117.700207	-149619.369683	311737.069889	12498.330524	473854.770096	-0.534812	0.146114	0.021486	-0.418986	0.079855	0.003286	0.707268	0.542630	0.152931	-0.077094	-2.922906
0.157600	-162117.751398	-149619.460171	311737.211569	12498.291228	473854.962968	-0.520774	2.807832	-0.903454	-0.407030	0.181622	-0.120168	0.709618	-0.523809	0.094685	-0.077094	-2.922906
0.157800	-162117.802590	-149619.550658	311737.353249	12498.251932	473855.155839	-0.504779	-0.809349	-1.828515	-0.397751	-0.396569	-0.147937	0.719879	0.378014	-0.038993	-0.077094	-2.922906
0.158000	-162117.853783	-149619.641146	311737.494928	12498.212637	473855.348711	-0.485659	1.863584	-2.753143	-0.382160	0.529910	-0.057958	0.724028	-0.159742	-0.141623	-0.077093	-2.922907
0.158200	-162117.904975	-149619.731633	311737.636608	12498.173342	473855.541583	-0.473959	-1.763142	2.605202	-0.374680	-0.540002	0.078207	0.730433	-0.105167	-0.131544	-0.077093	-2.922907
0.158400	-162117.956168	-149619.822120	311737.778288	12498.134048	473855.734455	-0.452245	0.915522	1.680664	-0.358658	0.436410	0.152087	0.738242	0.335407	-0.016777	-0.077093	-2.922907
0.158600	-162118.007360	-149619.912607	311737.919967	12498.094754	473855.927328	-0.440733	-2.711643	0.755765	-0.349316	-0.230616	0.104938	0.740582	-0.502913	0.111349	-0.077093	-2.922907
0.158800	-162118.058553	-149620.003093	311738.061647	12498.055460	473856.120200	-0.421209	-0.037896	-0.169172	-0.336253	-0.020760	-0.025754	0.750524	0.547557	0.150779	-0.077092	-2.922908
0.159000	-162118.109747	-149620.093579	311738.203326	12498.016167	473856.313072	-0.405568	2.627216	-1.094104	-0.322745	0.272790	-0.135937	0.751667	-0.482712	0.070199	-0.077092	-2.922908
0.159200	-162118.160940	-149620.184065	311738.345005	12497.976875	473856.505945	-0.391050	-0.993384	-2.019121	-0.313378	-0.459403	-0.137878	0.760105	0.299291	-0.066318	-0.077092	-2.922908
0.159400	-162118.212133	-149620.274551	311738.486684	12497.937582	473856.698818	-0.370607	1.682341	-2.943697	-0.296711	0.549231	-0.030086	0.763614	-0.061519	-0.150042	-0.077092	-2.922908
0.159600	-162118.263327	-149620.365036	311738.628364	12497.898291	473856.891691	-0.359444	-1.945713	2.414664	-0.288529	-0.512857	0.101704	0.767839	-0.201825	-0.114351	-0.077091	-2.922909
0.159800	-162118.314521	-149620.455522	311738.770043	12497.858999	473857.084564	-0.337791	0.732664	1.490097	-0.272212	0.367508	0.152503	0.774973	0.408467	0.012334	-0.077091	-2.922909
0.160000	-162118.365715	-149620.546007	311738.911722	12497.819708	473857.277437	-0.325316	-2.892526	0.565150	-0.261560	-0.136547	0.081937	0.775451	-0.536851	0.129208	-0.077091	-2.922909
0.160200	-162118.416909	-149620.636491	311739.053401	12497.780418	473857.470310	-0.307111	-0.221861	-0.359814	-0.248669	-0.120519	-0.053858	0.784087	0.534275	0.143166	-0.077090	-2.922910
0.160400	-162118.468104	-149620.726976	311739.195080	12497.741128	473857.663184	-0.289786	2.446833	-1.284724	-0.233794	0.354813	-0.146781	0.784073	-0.425757	0.043174	-0.077090	-2.922910
0.160600	-162118.519299	-149620.817460	311739.336759	12497.701838	473857.856057	-0.276599	-1.176856	-2.209689	-0.224399	-0.506921	-0.122827	0.790484	0.210711	-0.091239	-0.077090	-2.922910
0.160800	-162118.570493	-149620.907944	311739.478437	12497.662549	473858.048931	-0.255175	1.500902	-3.134220	-0.206947	0.550372	-0.001128	0.793322	0.038531	-0.153028	-0.077090	-2.922910
0.161000	-162118.621688	-149620.998428	311739.620116	12497.623261	473858.241805	-0.244092	-2.127475	2.224142	-0.198074	-0.468774	0.121515	0.795293	-0.291733	-0.093019	-0.077089	-2.922911
0.161200	-162118.672884	-149621.088911	311739.761795	12497.583972	473858.434679	-0.222963	0.549585	1.299535	-0.181747	0.286575	0.147398	0.801593	0.467851	0.040994	-0.077089	-2.922911
0.161400	-162118.724079	-149621.179394	311739.903474	12497.544685	473858.627553	-0.209165	-3.072833	0.374542	-0.169869	-0.038089	0.055972	0.800252	-0.553068	0.142386	-0.077089	-2.922911
0.161600	-162118.775275	-149621.269877	311740.045152	12497.505397	473858.820427	-0.192451	-0.405626	-0.550435	-0.157324	-0.216137	-0.080008	0.807357	0.503300	0.130370	-0.077089	-2.922911
0.161800	-162118.826471	-149621.360360	311740.186831	12497.466110	473859.013301	-0.173499	2.266527	-1.475308	-0.141304	0.425016	-0.152310	0.806246	-0.354896	0.014588	-0.077088	-2.922912
0.162000	-162118.877667	-149621.450843	311740.328509	12497.426824	473859.206176	-0.161369	-1.359642	-2.400220	-0.131931	-0.537630	-0.103331	0.810466	0.115241	-0.112855	-0.077088	-2.922912
0.162200	-162118.928863	-149621.541325	311740.470187	12497.387538	473859.399050	-0.139391	1.319203	2.958468	-0.114007	0.533368	0.027868	0.812592	0.137097	-0.150475	-0.077088	-2.922912
0.162400	-162118.980059	-149621.631807	311740.611866	12497.348252	473859.591925	-0.127909	-2.308446	2.033629	-0.104469	-0.409289	0.136925	0.812281	-0.371957	-0.068323	-0.077088	-2.922912
0.162600	-162119.031256	-149621.722288	311740.753544	12497.308967	473859.784800	-0.107720	0.366373	1.108975	-0.088412	0.196324	0.136957	0.817580	0.511663	0.068166	-0.077087	-2.922913
0.162800	-162119.082452	-149621.812770	311740.895222	12497.269683	473859.977675	-0.092343	3.030480	0.183945	-0.075428	0.061488	0.027983	0.814497	-0.551107	0.150408	-0.077087	-2.922913
0.163000	-162119.133649	-149621.903251	311741.036900	12497.230398	473860.170550	-0.077155	-0.589025	-0.741030	-0.063383	-0.304493	-0.103260	0.819865	0.455729	0.112855	-0.077087	-2.922913
0.163200	-162119.184846	-149621.993732	311741.178579	12497.191114	473860.363425	-0.056774	2.086158	-1.665855	-0.046475	0.481132	-0.152325	0.817722	-0.272523	-0.014524	-0.077086	-2.922914
0.163400	-162119.236044	-149622.084213	311741.320257	12497.151831	473860.556300	-0.045321	-1.541653	-2.590715	-0.037172	-0.550600	-0.080097	0.819625	0.016051	-0.130384	-0.077086	-2.922914
0.163600	-162119.287241	-149622.174693	311741.461935	12497.112548	473860.749176	-0.023260	1.137225	2.767992	-0.019100	0.498849	0.055852	0.820994	0.230943	-0.142476	-0.077086	-2.922914
0.163800	-162119.338439	-149622.265173	311741.603612	12497.073266	473860.942052	-0.010925	-2.488693	1.843124	-0.008942	-0.336434	0.147378	0.818415	-0.439903	-0.041157	-0.077086	-2.922914
0.164000	-162119.389637	-149622.355653	311741.745290	12497.033984	473861.134927	0.007996	0.183156	0.918419	0.006577	0.099753	0.121561	0.822551	0.538530	0.092868	-0.077085	-2.922915
0.164200	-162119.440835	-149622.446133	311741.886968	12496.994702	473861.327803	0.025076	2.850887	-0.006638	0.020512	0.158899	-0.001015	0.817829	-0.531113	0.152984	-0.077085	-2.922915
0.164400	-162119.492033	-149622.536613	311742.028646	12496.955421	473861.520679	0.038846	-0.771899	-0.931594	0.031919	-0.382723	-0.122772	0.821279	0.393198	0.091257	-0.077085	-2.922915
0.164600	-162119.543232	-149622.627092	311742.170324	12496.916140	473861.713555	0.060340	1.905612	-1.856364	0.049429	0.521372	-0.146827	0.818174	-0.181393	-0.043107	-0.077085	-2.922915
0.164800	-162119.594430	-149622.717571	311742.312001	12496.876860	473861.906432	0.071567	-1.722845	-2.781180	0.058619	-0.545492	-0.053966	0.817679	-0.083587	-0.143193	-0.077084	-2.922916
0.165000	-162119.645629	-149622.808049	311742.453679	12496.837580	473862.099308	0.093232	0.954997	2.577531	0.076508	0.448018	0.081812	0.818237	0.317012	-0.129322	-0.077084	-2.922916
0.165200	-162119.696828	-149622.898528	311742.595356	12496.798300	473862.292184	0.106814	-2.668319	1.652621	0.087220	-0.252664	0.152496	0.813450	-0.493397	-0.012506	-0.077084	-2.922916
0.165400	-162119.748027	-149622.989006	311742.737034	12496.759021	473862.485061	0.124252	0.000089	0.727869	0.101948	0.000049	0.101767	0.816266	0.547647	0.114206	-0.077084	-2.922916
0.165600	-162119.799227	-149623.079484	311742.878711	12496.719743	473862.677938	0.143017	2.671414	-0.197200	0.116645	0.250955	-0.029974	0.810031	-0.493821	0.150024	-0.077083	-2.922917
0.165800	-162119.850426	-149623.169962	311743.020388	12496.680465	473862.870815	0.155612	-0.954112	-1.122122	0.127295	-0.448319	-0.137840	0.811414	0.317820	0.066359	-0.077083	-2.922917
0.166000	-162119.901626	-149623.260439	311743.162066	12496.641187	473863.063692	0.177807	1.724809	-2.046834	0.145097	0.544482	-0.136018	0.807417	-0.084526	-0.070129	-0.077083	-2.922917
0.166200	-162119.952826	-149623.350916	311743.303743	12496.601910	473863.256569	0.189295	-1.903226	-2.971619	0.154132	-0.522560	-0.025885	0.804493	-0.180409	-0.150821	-0.077082	-2.922918
0.166400	-162120.004026	-149623.441393	311743.445420	12496.562633	473863.449446	0.210121	0.772596	2.387080	0.171508	0.382601	0.104809	0.804183	0.392525	-0.111492	-0.077082	-2.922918
0.166600	-162120.055227	-149623.531870	311743.587097	12496.523357	473863.642324	0.225246	-2.847463	1.462122	0.182686	-0.160773	0.152097	0.797290	-0.530752	0.016594	-0.077082	-2.922918
0.166800	-162120.106427	-149623.622347	311743.728774	12496.484081	473863.835201	0.241121	-0.182661	0.537329	0.196390	-0.099526	0.078294	0.798641	0.538795	0.131409	-0.077082	-2.922918
0.167000	-162120.157628	-149623.712823	311743.870451	12496.444805	473864.028079	0.261413	2.491911	-0.387736	0.211631	0.334666	-0.057846	0.791040	-0.440522	0.141636	-0.077081	-2.922919
0.167200	-162120.208829	-149623.803299	311744.012128	12496.405530	473864.220957	0.273193	-1.135560	-1.312614	0.221425	-0.499202	-0.147920	0.790243	0.232116	0.039062	-0.077081	-2.922919
0.167400	-162120.260030	-149623.893774	311744.153805	12496.366256	473864.413835	0.295615	1.543715	-2.237269	0.239192	0.549776	-0.120290	0.785424	0.014892	-0.094611	-0.077081	-2.922919
0.167600	-162120.311231	-149623.984250	311744.295481	12496.326982	473864.606713	0.307841	-2.082847	3.121149	0.248028	-0.482640	0.003128	0.780088	-0.271269	-0.152993	-0.077081	-2.922919
0.167800	-162120.362433	-149624.074725	311744.437158	12496.287708	473864.799591	0.327462	0.590141	2.196635	0.264569	0.304787	0.124013	0.778850	0.455069	-0.089631	-0.077080	-2.922920
0.168000	-162120.413635	-149624.165200	311744.578835	12496.248435	473864.992469	0.344296	-3.026279	1.271625	0.276102	-0.063800	0.146196	0.769992	-0.550820	0.045091	-0.077080	-2.922920
0.168200	-162120.464837	-149624.255675	311744.720511	12496.209162	473865.185348	0.358677	-0.364926	0.346803	0.288574	-0.195735	0.051991	0.769750	0.512347	0.143856	-0.077080	-2.922920
0.168400	-162120.516039	-149624.346149	311744.862188	12496.169889	473865.378226	0.380206	2.312251	-0.578241	0.304114	0.407334	-0.083622	0.760947	-0.373021	0.128126	-0.077080	-2.922920
0.168600	-162120.567241	-149624.436623	311745.003864	12496.130617	473865.571105	0.391614	-1.316186	-1.503066	0.312969	-0.533790	-0.152649	0.757899	0.138924	0.010355	-0.077079	-2.922921
0.168800	-162120.618443	-149624.527097	311745.145541	12496.091346	473865.763984	0.413773	1.362346	-2.427673	0.330365	0.537153	-0.100213	0.752326	0.113620	-0.115670	-0.077079	-2.922921
0.169000	-162120.669646	-149624.617571	311745.287217	12496.052075	473865.956863	0.427162	-2.261805	2.930747	0.338955	-0.427111	0.032025	0.744644	-0.353235	-0.149632	-0.077079	-2.922921
0.169200	-162120.720849	-149624.708045	311745.428893	12496.012804	473866.149742	0.445320	0.407786	2.006194	0.354355	0.217155	0.138729	0.742420	0.502671	-0.064532	-0.077078	-2.922922
0.169400	-162120.772052	-149624.798518	311745.570570	12495.973534	473866.342621	0.463890	3.078254	1.081134	0.366109	0.035075	0.135008	0.731776	-0.553022	0.071953	-0.077078	-2.922922
0.169600	-162120.823255	-149624.888991	311745.712246	12495.934264	473866.535501	0.476986	-0.546558	0.156298	0.377169	-0.285476	0.023811	0.729837	0.469240	0.151100	-0.077078	-2.922922
0.169800	-162120.874458	-149624.979463	311745.853922	12495.894995	473866.728380	0.499354	2.132343	-0.768710	0.392738	0.466643	-0.106373	0.720006	-0.293568	0.109983	-0.077078	-2.922922
0.170000	-162120.925662	-149625.069936	311745.995598	12495.855726	473866.921260	0.510884	-1.495980	-1.693480	0.400592	-0.551038	-0.151858	0.714679	0.041304	-0.018724	-0.077077	-2.922923
0.170200	-162120.976866	-149625.160408	311746.137274	12495.816458	473867.114140	0.532313	1.180767	-2.618049	0.417278	0.507095	-0.076515	0.708418	0.208461	-0.132545	-0.077077	-2.922923
0.170400	-162121.028070	-149625.250880	311746.278950	12495.777190	473867.307020	0.547197	-2.440233	2.740356	0.425569	-0.357850	0.059761	0.698507	-0.423684	-0.140862	-0.077077	-2.922923
0.170600	-162121.079274	-149625.341352	311746.420626	12495.737922	473867.499900	0.563771	0.225699	1.815754	0.439543	0.122580	0.148427	0.695243	0.533859	-0.037104	-0.077077	-2.922923
0.170800	-162121.130478	-149625.431823	311746.562301	12495.698655	473867.692780	0.583953	2.899607	0.890653	0.451363	0.132633	0.118940	0.683022	-0.537363	0.096210	-0.077076	-2.922924
0.171000	-162121.181683	-149625.522294	311746.703977	12495.659388	473867.885660	0.596100	-0.727440	-0.034182	0.460861	-0.365877	-0.005228	0.679309	0.410951	0.152879	-0.077076	-2.922924
0.171200	-162121.232888	-149625.612765	311746.845653	12495.620122	473868.078540	0.618840	1.952136	-0.959141	0.476172	0.510725	-0.125275	0.668632	-0.204784	0.087866	-0.077076	-2.922924
0.171400	-162121.284092	-149625.703236	311746.987328	12495.580856	473868.271421	0.630986	-1.674985	-1.883857	0.482980	-0.550471	-0.145577	0.661049	-0.057561	-0.047124	-0.077076	-2.922924
0.171600	-162121.335298	-149625.793707	311747.129004	12495.541591	473868.464302	0.651283	0.999089	-2.808404	0.498621	0.460645	-0.050054	0.654160	0.296370	-0.144626	-0.077075	-2.922925
0.171800	-162121.386503	-149625.884177	311747.270680	12495.502326	473868.657182	0.667874	-2.618285	2.549969	0.506555	-0.277164	0.085333	0.642184	-0.480386	-0.127001	-0.077075	-2.922925
0.172000	-162121.437708	-149625.974647	311747.412355	12495.463062	473868.850063	0.682889	0.044055	1.625317	0.518847	0.024145	0.152759	0.637835	0.547702	-0.008337	-0.077075	-2.922925
0.172200	-162121.488914	-149626.065116	311747.554030	12495.423798	473869.042944	0.704423	2.720828	0.700186	0.530555	0.225723	0.098574	0.624273	-0.504421	0.116987	-0.077074	-2.922926
0.172400	-162121.540120	-149626.155586	311747.695706	12495.384534	473869.235826	0.716054	-0.907499	-0.224630	0.538375	-0.434389	-0.034075	0.618743	0.339432	0.149132	-0.077074	-2.922926
0.172600	-162121.591326	-149626.246055	311747.837381	12495.345271	473869.428707	0.738666	1.771633	-1.149533	0.553131	0.538220	-0.139648	0.607406	-0.109572	0.062575	-0.077074	-2.922926
0.172800	-162121.642532	-149626.336524	311747.979056	12495.306008	473869.621588	0.751882	-1.853286	-2.074203	0.558860	-0.532194	-0.134036	0.597636	-0.154471	-0.073818	-0.077074	-2.922926
0.173000	-162121.693739	-149626.426993	311748.120731	12495.266746	473869.814470	0.770750	0.817459	-2.998744	0.573138	0.399368	-0.021787	0.590179	0.374547	-0.151480	-0.077073	-2.922927
0.173200	-162121.744945	-149626.517461	311748.262406	12495.227484	473870.007352	0.789115	-2.796129	2.359586	0.580646	-0.187710	0.107818	0.576346	-0.521568	-0.108552	-0.077073	-2.922927
0.173400	-162121.796152	-149626.607929	311748.404081	12495.188223	473870.200233	0.802744	-0.136987	1.434886	0.591032	-0.074968	0.151568	0.570876	0.543837	0.020728	-0.077073	-2.922927
0.173600	-162121.847359	-149626.698397	311748.545756	12495.148962	473870.393115	0.825253	2.541812	0.509738	0.602437	0.311361	0.074647	0.556234	-0.455330	0.133533	-0.077073	-2.922927
0.173800	-162121.898566	-149626.788865	311748.687431	12495.109701	473870.585997	0.836863	-1.086713	-0.415043	0.608494	-0.488866	-0.061687	0.548877	0.257052	0.139995	-0.077072	-2.922928
0.174000	-162121.949774	-149626.879332	311748.829106	12495.070441	473870.778880	0.858857	1.590886	-1.339886	0.622393	0.548312	-0.148973	0.537067	-0.011017	0.035024	-0.077072	-2.922928
0.174200	-162122.000981	-149626.969800	311748.970781	12495.031182	473870.971762	0.873513	-2.031011	-2.264522	0.627026	-0.496877	-0.117652	0.525231	-0.246310	-0.097842	-0.077072	-2.922928
0.174400	-162122.052189	-149627.060267	311749.112456	12494.991922	473871.164645	0.890787	0.636049	3.094112	0.639640	0.325296	0.007263	0.517261	0.440529	-0.152860	-0.077072	-2.922928
0.174600	-162122.103397	-149627.150733	311749.254130	12494.952664	473871.357527	0.910842	-2.973930	2.169205	0.646646	-0.092406	0.126404	0.501818	-0.545970	-0.086183	-0.077071	-2.922929
0.174800	-162122.154605	-149627.241200	311749.395805	12494.913405	473871.550410	0.923396	-0.317299	1.244463	0.654943	-0.171577	0.144901	0.495209	0.522473	0.049039	-0.077071	-2.922929
0.175000	-162122.205813	-149627.331666	311749.537479	12494.874147	473871.743293	0.946417	2.362494	0.319317	0.665835	0.386826	0.048025	0.479762	-0.391731	0.145252	-0.077071	-2.922929
0.175200	-162122.257022	-149627.422132	311749.679154	12494.834890	473871.936176	0.958516	-1.265108	-0.605418	0.670079	-0.527626	-0.087069	0.470609	0.166508	0.125800	-0.077070	-2.922930
0.175400	-162122.308231	-149627.512598	311749.820828	12494.795633	473872.129059	0.979461	1.409996	-1.530203	0.682822	0.540749	-0.152916	0.458509	0.087710	0.006211	-0.077070	-2.922930
0.175600	-162122.359440	-149627.603063	311749.962503	12494.756377	473872.321942	0.995810	-2.208313	-2.454819	0.686354	-0.445734	-0.097021	0.444775	-0.330151	-0.118329	-0.077070	-2.922930
0.175800	-162122.410649	-149627.693528	311750.104177	12494.717120	473872.514826	1.011473	0.455038	2.903787	0.697032	0.240855	0.036048	0.436347	0.492261	-0.148718	-0.077070	-2.922930
0.176000	-162122.461858	-149627.783993	311750.245851	12494.677865	473872.707709	1.032988	3.131350	1.978826	0.703452	0.005663	0.140421	0.419578	-0.552878	-0.060703	-0.077069	-2.922931
0.176200	-162122.513067	-149627.874458	311750.387525	12494.638610	473872.900593	1.044885	-0.496791	1.054054	0.709516	-0.262602	0.132999	0.411830	0.484378	0.075576	-0.077069	-2.922931
0.176400	-162122.564277	-149627.964922	311750.529199	12494.599355	473873.093476	1.067912	2.182862	0.128927	0.719679	0.449744	0.019670	0.395862	-0.315719	0.151722	-0.077069	-2.922931
0.176600	-162122.615487	-149628.055387	311750.670873	12494.560100	473873.286360	1.080980	-1.442763	-0.795752	0.722093	-0.549503	-0.109303	0.384986	0.070741	0.107062	-0.077069	-2.922931
0.176800	-162122.666697	-149628.145850	311750.812547	12494.520847	473873.479244	1.100540	1.229106	-1.720487	0.733390	0.515848	-0.151335	0.372773	0.183456	-0.022824	-0.077068	-2.922932
0.177000	-162122.717907	-149628.236314	311750.954221	12494.481593	473873.672129	1.118691	-2.385361	-2.645101	0.735824	-0.380475	-0.072888	0.357356	-0.403342	-0.134539	-0.077068	-2.922932
0.177200	-162122.769118	-149628.326778	311751.095895	12494.442340	473873.865013	1.132881	0.274593	2.713466	0.744330	0.148788	0.063527	0.348522	0.528160	-0.139204	-0.077068	-2.922932
0.177400	-162122.820328	-149628.417241	311751.237569	12494.403087	473874.057897	1.155499	2.953222	1.788452	0.750073	0.103349	0.149364	0.330740	-0.542144	-0.033033	-0.077068	-2.922932
0.177600	-162122.871539	-149628.507704	311751.379243	12494.363835	473874.250782	1.167232	-0.675427	0.863665	0.753806	-0.345166	0.116295	0.321876	0.430851	0.099380	-0.077067	-2.922933
0.177800	-162122.922750	-149628.598166	311751.520916	12494.324584	473874.443667	1.189759	2.002956	-0.061427	0.763018	0.498158	-0.009392	0.305678	-0.229769	0.152712	-0.077067	-2.922933
0.178000	-162122.973961	-149628.688629	311751.662590	12494.285332	473874.636551	1.204200	-1.619797	-0.986048	0.763616	-0.553877	-0.127587	0.293192	-0.027162	0.084460	-0.077067	-2.922933
0.178200	-162123.025173	-149628.779091	311751.804264	12494.246082	473874.829436	1.222169	1.048387	-1.910743	0.773196	0.474479	-0.144290	0.281036	0.273189	-0.051032	-0.077066	-2.922934
0.178400	-162123.076384	-149628.869553	311751.945937	12494.206831	473875.022321	1.242078	-2.562325	-2.835372	0.774544	-0.303244	-0.046125	0.264192	-0.463590	-0.145890	-0.077066	-2.922934
0.178600	-162123.127596	-149628.960015	311752.087611	12494.167581	473875.215207	1.255075	0.094858	2.523146	0.780682	0.052059	0.088708	0.255008	0.547161	-0.124666	-0.077066	-2.922934
0.178800	-162123.178808	-149629.050476	311752.229284	12494.128332	473875.408092	1.278343	2.774793	1.598085	0.785648	0.197540	0.152912	0.236548	-0.514180	-0.004174	-0.077066	-2.922934
0.179000	-162123.230020	-149629.140937	311752.370957	12494.089083	473875.600977	1.290433	-0.853220	0.673302	0.786997	-0.416679	0.095392	0.226614	0.363673	0.119593	-0.077065	-2.922935
0.179200	-162123.281232	-149629.231398	311752.512631	12494.049834	473875.793863	1.311999	1.822865	-0.251742	0.795039	0.530592	-0.038114	0.210474	-0.136652	0.148187	-0.077065	-2.922935
0.179400	-162123.332445	-149629.321859	311752.654304	12494.010586	473875.986749	1.328108	-1.796360	-1.176306	0.793865	-0.540689	-0.141264	0.196535	-0.124071	0.058810	-0.077065	-2.922935
0.179600	-162123.383658	-149629.412319	311752.795977	12493.971338	473876.179634	1.344427	0.868020	-2.100978	0.801482	0.418029	-0.132036	0.184595	0.354090	-0.077394	-0.077065	-2.922935
0.179800	-162123.434870	-149629.502780	311752.937650	12493.932091	473876.372520	1.365897	-2.739364	-3.025639	0.801762	-0.216553	-0.017701	0.166619	-0.509030	-0.151972	-0.077064	-2.922936
0.180000	-162123.486084	-149629.593240	311753.079323	12493.892844	473876.565407	1.378101	-0.084066	2.332828	0.805382	-0.046240	0.110683	0.157143	0.548743	-0.105628	-0.077064	-2.922936
0.180200	-162123.537297	-149629.683699	311753.220996	12493.853598	473876.758293	1.401511	2.596037	1.407733	0.809468	0.285260	0.150938	0.138355	-0.469945	0.024833	-0.077064	-2.922936
0.180400	-162123.588510	-149629.774159	311753.362669	12493.814352	473876.951179	1.414460	-1.030237	0.482970	0.808428	-0.474923	0.071048	0.127426	0.285044	0.135486	-0.077064	-2.922936
0.180600	-162123.639724	-149629.864618	311753.504342	12493.775106	473877.144066	1.434695	1.642728	-0.442017	0.815087	0.546086	-0.065456	0.111625	-0.039349	0.138313	-0.077063	-2.922937
0.180800	-162123.690938	-149629.955077	311753.646015	12493.735861	473877.336952	1.452624	-1.972623	-1.366531	0.812213	-0.510438	-0.149840	0.096431	-0.216909	0.031040	-0.077063	-2.922937
0.181000	-162123.742152	-149630.045536	311753.787687	12493.696616	473877.529839	1.467391	0.688182	-2.291197	0.817652	0.348354	-0.115018	0.084852	0.423642	-0.100960	-0.077063	-2.922937
0.181200	-162123.793366	-149630.135994	311753.929360	12493.657372	473877.722726	1.490089	-2.916608	3.067282	0.816888	-0.123191	0.011358	0.066072	-0.538282	-0.152568	-0.077062	-2.922938
0.181400	-162123.844580	-149630.226452	311754.071033	12493.618128	473877.915613	1.501987	-0.262125	2.142513	0.817890	-0.142988	0.128660	0.056367	0.532942	-0.082779	-0.077062	-2.922938
0.181600	-162123.895795	-149630.316910	311754.212705	12493.578885	473878.108500	1.525017	2.416978	1.217401	0.820990	0.363759	0.143515	0.037611	-0.410903	0.052940	-0.077062	-2.922938
0.181800	-162123.947010	-149630.407368	311754.354378	12493.539642	473878.301387	1.539264	-1.206590	0.292674	0.817603	-0.518114	0.044140	0.025789	0.197512	0.146487	-0.077062	-2.922938
0.182000	-162123.998225	-149630.497825	311754.496050	12493.500400	473878.494275	1.557919	1.462711	-0.632253	0.822678	0.544227	-0.090434	0.010595	0.059053	0.123448	-0.077061	-2.922939
0.182200	-162124.049440	-149630.588282	311754.637722	12493.461158	473878.687162	1.577664	-2.148762	-1.556729	0.818201	-0.464156	-0.153008	-0.005619	-0.302752	0.002153	-0.077061	-2.922939
0.182400	-162124.100655	-149630.678739	311754.779395	12493.421916	473878.880050	1.591130	0.509030	-2.481407	0.821287	0.267716	-0.093852	-0.016702	0.479705	-0.120880	-0.077061	-2.922939
0.182600	-162124.151871	-149630.769196	311754.921067	12493.382675	473879.072938	1.614615	-3.094149	2.877019	0.819504	-0.026137	0.040004	-0.035932	-0.550486	-0.147657	-0.077061	-2.922939
0.182800	-162124.203087	-149630.859652	311755.062739	12493.343434	473879.265826	1.626735	-0.439321	1.952207	0.817843	-0.235137	0.141991	-0.045797	0.500342	-0.056945	-0.077060	-2.922940
0.183000	-162124.254303	-149630.950109	311755.204411	12493.304194	473879.458714	1.648899	2.237697	1.027094	0.819853	0.430601	0.130914	-0.064163	-0.338979	0.079134	-0.077060	-2.922940
0.183200	-162124.305519	-149631.040565	311755.346083	12493.264954	473879.651602	1.664777	-1.382426	0.102418	0.814205	-0.544957	0.015643	-0.076745	0.103885	0.152200	-0.077060	-2.922940
0.183400	-162124.356735	-149631.131020	311755.487755	12493.225715	473879.844490	1.681752	1.283000	-0.822450	0.817517	0.525152	-0.112147	-0.091082	0.155453	0.104130	-0.077060	-2.922940
0.183600	-162124.407951	-149631.221476	311755.629427	12493.186476	473880.037379	1.703151	-2.324943	-1.746906	0.811556	-0.403373	-0.150654	-0.108045	-0.378918	-0.026809	-0.077059	-2.922941
0.183800	-162124.459168	-149631.311931	311755.771099	12493.147237	473880.230267	1.715695	0.330677	-2.671611	0.812157	0.178706	-0.069302	-0.118511	0.520580	-0.136436	-0.077059	-2.922941
0.184000	-162124.510385	-149631.402386	311755.912771	12493.107999	473880.423156	1.739458	3.011158	2.686756	0.809385	0.071536	0.067203	-0.137822	-0.545329	-0.137419	-0.077059	-2.922941
0.184200	-162124.561602	-149631.492841	311756.054443	12493.068762	473880.616045	1.752324	-0.615708	1.761915	0.805067	-0.319805	0.150197	-0.147768	0.452053	-0.029060	-0.077058	-2.922942
0.184400	-162124.612819	-149631.583295	311756.196114	12493.029524	473880.808934	1.773215	2.058323	0.836819	0.805888	0.483738	0.113590	-0.165392	-0.256486	0.102470	-0.077058	-2.922942
0.184600	-162124.664037	-149631.673749	311756.337786	12492.990288	473881.001823	1.790919	-1.557916	-0.087797	0.798109	-0.554680	-0.013417	-0.178575	0.007145	0.152422	-0.077058	-2.922942
0.184800	-162124.715254	-149631.764203	311756.479458	12492.951051	473881.194712	1.806275	1.103780	-1.012615	0.799503	0.489540	-0.129812	-0.191824	0.246835	0.081057	-0.077058	-2.922942
0.185000	-162124.766472	-149631.854657	311756.621129	12492.911816	473881.387601	1.829021	-2.501308	-1.937067	0.792195	-0.330064	-0.142867	-0.209236	-0.443048	-0.054801	-0.077057	-2.922943
0.185200	-162124.817690	-149631.945110	311756.762801	12492.872580	473881.580491	1.841122	0.153193	-2.861815	0.790229	0.084159	-0.042255	-0.218979	0.545059	-0.147068	-0.077057	-2.922943
0.185400	-162124.868909	-149632.035563	311756.904472	12492.833345	473881.773380	1.864627	2.832953	2.496498	0.786500	0.166760	0.091973	-0.237987	-0.523042	-0.122225	-0.077057	-2.922943
0.185600	-162124.920127	-149632.126016	311757.046143	12492.794111	473881.966270	1.878707	-0.791390	1.571642	0.779590	-0.394367	0.152984	-0.247929	0.389669	-0.000129	-0.077057	-2.922943
0.185800	-162124.971346	-149632.216469	311757.187815	12492.754877	473882.159160	1.898039	1.879021	0.646581	0.779130	0.521566	0.092170	-0.264473	-0.166052	0.122108	-0.077056	-2.922944
0.186000	-162125.022564	-149632.306921	311757.329486	12492.715643	473882.352050	1.917605	-1.733240	-0.277972	0.769389	-0.547051	-0.041990	-0.278070	-0.089655	0.147146	-0.077056	-2.922944
0.186200	-162125.073783	-149632.397374	311757.471157	12492.676410	473882.544940	1.931560	0.925217	-1.202751	0.768743	0.438584	-0.142794	-0.290027	0.330365	0.055064	-0.077056	-2.922944
0.186400	-162125.125002	-149632.487826	311757.612828	12492.637177	473882.737830	1.955228	-2.677962	-2.127219	0.760239	-0.246580	-0.129928	-0.307563	-0.493181	-0.080812	-0.077056	-2.922944
0.186600	-162125.176222	-149632.578277	311757.754499	12492.597945	473882.930721	1.967417	-0.023409	-3.052017	0.755676	-0.012935	-0.013687	-0.316489	0.552457	-0.152395	-0.077055	-2.922945
0.186800	-162125.227441	-149632.668729	311757.896170	12492.558713	473883.123611	1.990156	2.654491	2.306247	0.751026	0.256569	0.113424	-0.334811	-0.484393	-0.102624	-0.077055	-2.922945
0.187000	-162125.278661	-149632.759180	311758.037841	12492.519481	473883.316502	2.005819	-0.966510	1.381396	0.741641	-0.456531	0.150252	-0.344651	0.315211	0.028803	-0.077055	-2.922945
0.187200	-162125.329881	-149632.849631	311758.179512	12492.480250	473883.509393	2.023451	1.699978	0.456383	0.739823	0.542975	0.067427	-0.359801	-0.070535	0.137340	-0.077054	-2.922946
0.187400	-162125.381101	-149632.940081	311758.321183	12492.441020	473883.702284	2.044755	-1.908571	-0.468110	0.728324	-0.522386	-0.069046	-0.373598	-0.183480	0.136565	-0.077054	-2.922946
0.187600	-162125.432321	-149633.030532	311758.462853	12492.401790	473883.895175	2.057666	0.747440	-1.392867	0.725551	0.373950	-0.150626	-0.384088	0.403474	0.027087	-0.077054	-2.922946
0.187800	-162125.483542	-149633.120982	311758.604524	12492.362560	473884.088066	2.081748	-2.854962	-2.317366	0.716018	-0.155570	-0.112306	-0.401406	-0.527808	-0.103907	-0.077054	-2.922946
0.188000	-162125.534763	-149633.211432	311758.746195	12492.323331	473884.280957	2.094565	-0.199173	3.040967	0.708883	-0.109529	0.015370	-0.409434	0.542626	-0.152226	-0.077053	-2.922947
0.188200	-162125.585983	-149633.301882	311758.887865	12492.284102	473884.473849	2.116099	2.475891	2.116009	0.703349	0.338188	0.130781	-0.426694	-0.430658	-0.079324	-0.077053	-2.922947
0.188400	-162125.637205	-149633.392331	311759.029536	12492.244873	473884.666740	2.133582	-1.141238	1.191182	0.691660	-0.504411	0.142103	-0.436324	0.231064	0.056694	-0.077053	-2.922947
0.188600	-162125.688426	-149633.482780	311759.171206	12492.205646	473884.859632	2.149535	1.521386	0.266226	0.688422	0.547374	0.040255	-0.449792	0.027068	0.147618	-0.077053	-2.922947
0.188800	-162125.739647	-149633.573229	311759.312876	12492.166418	473885.052524	2.172299	-2.084064	-0.658214	0.675399	-0.481524	-0.093610	-0.463557	-0.271414	0.121061	-0.077052	-2.922948
0.189000	-162125.790869	-149633.663678	311759.454547	12492.127191	473885.245416	2.184632	0.570532	-1.582967	0.670457	0.297718	-0.153026	-0.472433	0.463938	-0.001863	-0.077052	-2.922948
0.189200	-162125.842091	-149633.754126	311759.596217	12492.087964	473885.438308	2.208584	-3.032308	-2.507512	0.660065	-0.059899	-0.090637	-0.489182	-0.545914	-0.123252	-0.077052	-2.922948
0.189400	-162125.893313	-149633.844574	311759.737887	12492.048738	473885.631200	2.222525	-0.374193	2.850768	0.650440	-0.202614	0.043869	-0.496244	0.515956	-0.146568	-0.077052	-2.922948
0.189600	-162125.944535	-149633.935022	311759.879557	12492.009513	473885.824092	2.242528	2.297316	1.925792	0.644064	0.409117	0.143422	-0.512080	-0.363570	-0.053167	-0.077051	-2.922949
0.189800	-162125.995757	-149634.025470	311760.021227	12491.970287	473886.016985	2.261909	-1.315757	1.001004	0.630290	-0.536577	0.128831	-0.521381	0.139895	0.082539	-0.077051	-2.922949
0.190000	-162126.046980	-149634.115917	311760.162897	12491.931062	473886.209877	2.276368	1.343420	0.076109	0.625592	0.534710	0.011635	-0.532916	0.123720	0.152575	-0.077051	-2.922949
0.190200	-162126.098203	-149634.206365	311760.304567	12491.891838	473886.402770	2.300184	-2.259835	-0.848291	0.611308	-0.425806	-0.114798	-0.546397	-0.350745	0.101196	-0.077050	-2.922950
0.190400	-162126.149426	-149634.296812	311760.446237	12491.852614	473886.595663	2.312474	0.394520	-1.773058	0.604195	0.212313	-0.149911	-0.553546	0.509941	-0.030742	-0.077050	-2.922950
0.190600	-162126.200649	-149634.387258	311760.587907	12491.813391	473886.788556	2.335765	3.073241	-2.697659	0.593123	0.037447	-0.065704	-0.569371	-0.547007	-0.138152	-0.077050	-2.922950
0.190800	-162126.251872	-149634.477705	311760.729577	12491.774167	473886.981449	2.351233	-0.548607	2.660578	0.581147	-0.289311	0.070784	-0.575409	0.473357	-0.135628	-0.077050	-2.922950
0.191000	-162126.303096	-149634.568151	311760.871246	12491.734945	473887.174342	2.369524	2.118952	1.735601	0.573975	0.467212	0.150891	-0.589484	-0.285266	-0.025095	-0.077049	-2.922951
0.191200	-162126.354319	-149634.658597	311761.012916	12491.695723	473887.367235	2.390716	-1.490248	0.810867	0.558382	-0.552097	0.110917	-0.598330	0.044567	0.105407	-0.077049	-2.922951
0.191400	-162126.405543	-149634.749042	311761.154586	12491.656501	473887.560129	2.404015	1.166223	-0.113969	0.552207	0.505457	-0.017402	-0.607717	0.216434	0.152033	-0.077049	-2.922951
0.191600	-162126.456767	-149634.839488	311761.296255	12491.617280	473887.753023	2.428381	-2.435954	-1.038346	0.536943	-0.357019	-0.131847	-0.620651	-0.419050	0.077686	-0.077049	-2.922951
0.191800	-162126.507992	-149634.929933	311761.437925	12491.578059	473887.945916	2.441180	0.219373	-1.963145	0.527708	0.120428	-0.141394	-0.625992	0.540129	-0.058509	-0.077048	-2.922952
0.192000	-162126.559216	-149635.020378	311761.579594	12491.538838	473888.138810	2.463340	2.895426	-2.887805	0.516136	0.133452	-0.038407	-0.640546	-0.531126	-0.148071	-0.077048	-2.922952
0.192200	-162126.610441	-149635.110823	311761.721263	12491.499618	473888.331704	2.480613	-0.722583	2.470401	0.502001	-0.366961	0.095145	-0.645514	0.416222	-0.119801	-0.077048	-2.922952
0.192400	-162126.661666	-149635.201267	311761.862933	12491.460399	473888.524598	2.497173	1.940997	1.545443	0.494086	0.510739	0.152922	-0.657522	-0.198215	0.003878	-0.077048	-2.922952
0.192600	-162126.712891	-149635.291711	311762.004602	12491.421180	473888.717493	2.519929	-1.664874	0.620772	0.476978	-0.550562	0.089008	-0.665776	-0.051949	0.124474	-0.077047	-2.922953
0.192800	-162126.764116	-149635.382155	311762.146271	12491.381961	473888.910387	2.532520	0.989892	-0.304014	0.469338	0.460601	-0.045810	-0.672848	0.302367	0.146013	-0.077047	-2.922953
0.193000	-162126.815341	-149635.472599	311762.287940	12491.342743	473889.103282	2.556885	-2.612438	-1.228386	0.453390	-0.277341	-0.144143	-0.684964	-0.474264	0.051380	-0.077047	-2.922953
0.193200	-162126.866567	-149635.563042	311762.429609	12491.303525	473889.296176	2.570714	0.045007	-2.153231	0.442129	0.024935	-0.127784	-0.688450	0.553645	-0.084166	-0.077046	-2.922954
0.193400	-162126.917793	-149635.653485	311762.571278	12491.264307	473889.489071	2.591380	2.717588	-3.077948	0.430238	0.225166	-0.009729	-0.701401	-0.498834	-0.152654	-0.077046	-2.922954
0.193600	-162126.969019	-149635.743928	311762.712947	12491.225091	473889.681966	2.610577	-0.896307	2.280244	0.414188	-0.433205	0.116075	-0.705262	0.346385	-0.099659	-0.077046	-2.922954
0.193800	-162127.020245	-149635.834371	311762.854616	12491.185874	473889.874861	2.625557	1.763636	1.355322	0.405591	0.538429	0.149442	-0.714936	-0.105137	0.032709	-0.077046	-2.922954
0.194000	-162127.071471	-149635.924813	311762.996285	12491.146658	473890.067756	2.649488	-1.839765	0.430719	0.387305	-0.532090	0.063895	-0.722457	-0.146669	0.139056	-0.077045	-2.922955
0.194200	-162127.122698	-149636.015256	311763.137954	12491.107442	473890.260652	2.661906	0.814468	-0.494031	0.378242	0.401602	-0.072565	-0.727090	0.378906	0.134734	-0.077045	-2.922955
0.194400	-162127.173925	-149636.105697	311763.279622	12491.068227	473890.453547	2.685720	-2.789241	-1.418418	0.361913	-0.189269	-0.151246	-0.738119	-0.514744	0.023227	-0.077045	-2.922955
0.194600	-162127.225152	-149636.196139	311763.421291	12491.029013	473890.646443	2.701016	-0.128710	-2.343319	0.348774	-0.071204	-0.109573	-0.739735	0.550153	-0.106787	-0.077045	-2.922955
0.194800	-162127.276379	-149636.286581	311763.562959	12490.989798	473890.839338	2.719966	2.539915	3.015102	0.336740	0.309793	0.019296	-0.750773	-0.451196	-0.151737	-0.077044	-2.922956
0.195000	-162127.327606	-149636.377022	311763.704628	12490.950584	473891.032234	2.741038	-1.069966	2.090115	0.319067	-0.486049	0.132822	-0.753499	0.266054	-0.075929	-0.077044	-2.922956
0.195200	-162127.378834	-149636.467463	311763.846296	12490.911371	473891.225130	2.754745	1.587024	1.165242	0.309857	0.549509	0.140580	-0.760620	-0.008918	0.060359	-0.077044	-2.922956
0.195400	-162127.430061	-149636.557903	311763.987965	12490.872158	473891.418026	2.779359	-2.015005	0.240703	0.290757	-0.497319	0.036482	-0.767262	-0.236690	0.148628	-0.077044	-2.922956
0.195600	-162127.481289	-149636.648344	311764.129633	12490.832946	473891.610922	2.792167	0.639935	-0.684027	0.280347	0.330343	-0.096703	-0.769384	0.443745	0.118604	-0.077043	-2.922957
0.195800	-162127.532517	-149636.738784	311764.271301	12490.793734	473891.803819	2.814933	-2.966263	-1.608447	0.263944	-0.095538	-0.152901	-0.779061	-0.539313	-0.005760	-0.077043	-2.922957
0.196000	-162127.583746	-149636.829224	311764.412969	12490.754522	473891.996715	2.832010	-0.301944	-2.533406	0.249121	-0.165028	-0.087417	-0.778825	0.529839	-0.125559	-0.077043	-2.922957
0.196200	-162127.634974	-149636.919663	311764.554638	12490.715311	473892.189612	2.849187	2.362607	2.824981	0.237117	0.384776	0.047623	-0.787672	-0.389743	-0.145355	-0.077042	-2.922958
0.196400	-162127.686203	-149637.010103	311764.696306	12490.676100	473892.382509	2.871916	-1.243733	1.900018	0.218155	-0.523928	0.144783	-0.789245	0.177741	-0.049466	-0.077042	-2.922958
0.196600	-162127.737432	-149637.100542	311764.837974	12490.636890	473892.575405	2.884789	1.411273	0.975205	0.208412	0.543723	0.126657	-0.793642	0.087480	0.085833	-0.077042	-2.922958
0.196800	-162127.788661	-149637.190981	311764.979642	12490.597680	473892.768302	2.909532	-2.190623	0.050721	0.188880	-0.447382	0.007759	-0.799260	-0.319273	0.152848	-0.077042	-2.922958
0.197000	-162127.839890	-149637.281420	311765.121310	12490.558470	473892.961200	2.923271	0.466216	-0.874009	0.177231	0.249068	-0.117357	-0.798848	0.494953	0.098206	-0.077041	-2.922959
0.197200	-162127.891119	-149637.371858	311765.262977	12490.519261	473893.154097	2.944589	3.139831	-1.798476	0.161056	0.000964	-0.149051	-0.806924	-0.547289	-0.034535	-0.077041	-2.922959
0.197400	-162127.942349	-149637.462296	311765.404645	12490.480053	473893.346994	2.963608	-0.474883	-2.723490	0.144789	-0.253671	-0.062117	-0.804882	0.493403	-0.139808	-0.077041	-2.922959
0.197600	-162127.993579	-149637.552734	311765.546313	12490.440845	473893.539892	2.979126	2.185859	2.634879	0.132982	0.447874	0.074232	-0.811301	-0.316415	-0.133739	-0.077041	-2.922959
0.197800	-162128.044809	-149637.643172	311765.687981	12490.401637	473893.732789	3.003147	-1.417749	1.709960	0.113101	-0.545745	0.151530	-0.811709	0.084183	-0.021225	-0.077040	-2.922960
0.198000	-162128.096039	-149637.733609	311765.829648	12490.362430	473893.925687	3.015716	1.236438	0.785209	0.102916	0.521331	0.108174	-0.813270	0.181112	0.108215	-0.077040	-2.922960
0.198200	-162128.147269	-149637.824046	311765.971316	12490.323223	473894.118585	3.040023	-2.366589	-0.139234	0.083343	-0.383865	-0.021240	-0.817722	-0.391930	0.151565	-0.077040	-2.922960
0.198400	-162128.198500	-149637.914483	311766.112983	12490.284017	473894.311483	3.055163	0.293187	-1.063983	0.070599	0.160312	-0.133784	-0.814805	0.531031	0.074274	-0.077040	-2.922960
0.198600	-162128.249731	-149638.004920	311766.254651	12490.244811	473894.504381	3.074772	2.962859	-1.988506	0.054945	0.097287	-0.139835	-0.821050	-0.538505	-0.062063	-0.077039	-2.922961
0.198800	-162128.300962	-149638.095356	311766.396318	12490.205605	473894.697279	3.095719	-0.647720	-2.913566	0.037518	-0.334445	-0.034582	-0.817279	0.442030	-0.149022	-0.077039	-2.922961
0.199000	-162128.352193	-149638.185792	311766.537985	12490.166400	473894.890178	3.109858	2.009839	2.444806	0.026065	0.497225	0.098165	-0.821076	-0.233503	-0.117309	-0.077039	-2.922961
0.199200	-162128.403424	-149638.276228	311766.679652	12490.127196	473895.083076	3.134690	-1.592111	1.519943	0.005662	-0.550903	0.152822	-0.820318	-0.011744	0.007778	-0.077038	-2.922962
0.199400	-162128.454656	-149638.366664	311766.821320	12490.087992	473895.275975	-3.135657	1.062513	0.595251	-0.004862	0.483099	0.085799	-0.818988	0.269138	0.126700	-0.077038	-2.922962
0.199600	-162128.505887	-149638.457099	311766.962987	12490.048788	473895.468874	-3.112311	-2.542811	-0.329168	-0.024081	-0.308759	-0.049472	-0.822140	-0.452494	0.144827	-0.077038	-2.922962
0.199800	-162128.557119	-149638.547535	311767.104654	12490.009585	473895.661773	-3.095417	0.120686	-1.253954	-0.037743	0.066816	-0.145393	-0.816795	0.550949	0.047673	-0.077038	-2.922962
0.200000	-162128.608351	-149638.637969	311767.246321	12489.970382	473895.854672	-3.077616	2.786209	-2.178536	-0.052597	0.190509	-0.125587	-0.821008	-0.513306	-0.087353	-0.077037	-2.922963
