#model:pLinear_up	end_point_b=1.00
#t	l_1	l_2	l_3	l_2-l_1	l_3-l_1	phase_1	phase_2	phase_3	RePsi_1	RePsi_2	RePsi_3	ImPsi_1	ImPsi_2	ImPsi_3
0.101800	-1687.520846	-1575.617336	3263.138182	111.903510	4950.659028	1.738800	1.976414	-3.137008	0.805143	0.510704	-0.000713	-0.136554	-0.219312	-0.155504	-0.066312	-2.933688
0.103600	-1688.202079	-1576.158395	3264.360474	112.043684	4952.562552	1.906458	2.372420	-1.593028	0.756195	0.401501	-0.159196	-0.263809	-0.414746	-0.003540	-0.066369	-2.933631
0.105400	-1688.885049	-1576.697302	3265.582350	112.187747	4954.467399	2.073288	2.751611	-0.063479	0.679847	0.232202	-0.010065	-0.373604	-0.564922	0.158340	-0.066427	-2.933573
0.107200	-1689.569746	-1577.234067	3266.803813	112.335679	4956.373558	2.239262	3.111671	1.487889	0.581670	0.019542	0.154272	-0.459379	-0.652905	0.012820	-0.066488	-2.933512
0.109000	-1690.256158	-1577.768703	3268.024862	112.487455	4958.281020	2.402822	-2.829797	3.064814	0.469215	-0.214940	0.011768	-0.515147	-0.666877	-0.152966	-0.066551	-2.933449
0.110800	-1690.944276	-1578.301222	3269.245497	112.643054	4960.189773	2.560562	-2.504557	-1.650363	0.353068	-0.445845	-0.155729	-0.537688	-0.602537	-0.012417	-0.066615	-2.933385
0.112600	-1691.634086	-1578.831635	3270.465720	112.802451	4962.099806	2.708831	-2.193504	-0.108134	0.244272	-0.647568	-0.017136	-0.528765	-0.464957	0.157850	-0.066683	-2.933317
0.114400	-1692.325578	-1579.359954	3271.685532	112.965624	4964.011110	2.844073	-1.893785	1.429221	0.151328	-0.798270	0.156213	-0.493535	-0.267189	0.022265	-0.066752	-2.933248
0.116200	-1693.018740	-1579.886191	3272.904931	113.132549	4965.923672	2.959428	-1.602270	2.984321	0.080718	-0.881256	0.024309	-0.438194	-0.027746	-0.153289	-0.066823	-2.933177
0.118000	-1693.713561	-1580.410359	3274.123920	113.303202	4967.837481	3.039249	-1.316410	-1.730338	0.038082	-0.885533	-0.152549	-0.370797	0.230256	-0.024547	-0.066896	-2.933104
0.119800	-1694.410029	-1580.932470	3275.342498	113.477559	4969.752527	3.055461	-1.034694	-0.167674	0.026109	-0.808103	-0.026030	-0.302385	0.480129	0.153783	-0.066972	-2.933028
0.121600	-1695.108131	-1581.452536	3276.560667	113.655596	4971.668798	2.970719	-0.756105	1.383058	0.042169	-0.655825	0.154675	-0.244380	0.695418	0.029384	-0.067049	-2.932951
0.123400	-1695.807857	-1581.970569	3277.778426	113.837288	4973.586283	2.770459	-0.479255	2.929070	0.079883	-0.443880	0.033252	-0.205265	0.854167	-0.154103	-0.067129	-2.932871
0.125200	-1696.509193	-1582.486583	3278.995777	114.022610	4975.504970	2.537349	-0.202260	-1.805346	0.131817	-0.192851	-0.152368	-0.190933	0.940445	-0.036408	-0.067210	-2.932790
0.127000	-1697.212129	-1583.000590	3280.212719	114.211539	4977.424848	2.399481	0.076596	-0.248360	0.188926	0.072505	-0.038138	-0.206033	0.944737	0.150391	-0.067294	-2.932706
0.128800	-1697.916651	-1583.512603	3281.429254	114.404048	4979.345904	2.381894	0.358422	1.317980	0.239387	0.324420	0.149712	-0.252019	0.866038	0.038677	-0.067379	-2.932621
0.130600	-1698.622747	-1584.022634	3282.645381	114.600113	4981.268128	2.445611	0.644261	2.882177	0.271235	0.536056	0.040096	-0.324660	0.713610	-0.151080	-0.067466	-2.932534
0.132400	-1699.330405	-1584.530697	3283.861102	114.799708	4983.191507	2.555433	0.936029	-1.853885	0.275990	0.686044	-0.152289	-0.415643	0.505232	-0.044301	-0.067556	-2.932444
0.134200	-1700.039613	-1585.036804	3285.076416	115.002809	4985.116029	2.692514	1.236763	-0.317642	0.248496	0.760113	-0.049393	-0.515640	0.263788	0.150235	-0.067647	-2.932353
0.136000	-1700.750357	-1585.540968	3286.291326	115.209389	4987.041683	2.848434	1.550030	1.233761	0.185364	0.751228	0.146077	-0.614080	0.015602	0.051186	-0.067740	-2.932260
0.137800	-1701.462626	-1586.043204	3287.505830	115.419423	4988.968456	3.018000	1.879485	2.810892	0.086707	0.661352	0.049714	-0.697982	-0.210894	-0.144807	-0.067835	-2.932165
0.139600	-1702.176407	-1586.543522	3288.719929	115.632885	4990.896336	-3.086889	2.229357	-1.899371	-0.041321	0.502989	-0.147803	-0.754601	-0.389214	-0.050391	-0.067932	-2.932068
0.141400	-1702.891687	-1587.041938	3289.933625	115.849749	4992.825312	-2.903483	2.605046	-0.358798	-0.188189	0.297117	-0.056141	-0.775354	-0.499571	0.149698	-0.068031	-2.931969
0.143200	-1703.608454	-1587.538464	3291.146917	116.069990	4994.755371	-2.716142	3.011886	1.168441	-0.342484	0.069201	0.146038	-0.755824	-0.530524	0.062150	-0.068132	-2.931868
0.145000	-1704.326694	-1588.033113	3292.359807	116.293581	4996.686500	-2.524806	-2.832321	2.722625	-0.492060	-0.152976	0.062623	-0.693951	-0.478760	-0.140621	-0.068234	-2.931766
0.146800	-1705.046395	-1588.525899	3293.572294	116.520496	4998.618688	-2.330325	-2.369991	-1.974745	-0.622893	-0.340824	-0.140216	-0.591471	-0.350361	-0.059936	-0.068339	-2.931661
0.148600	-1705.767544	-1589.016834	3294.784379	116.750710	5000.551923	-2.134700	-1.903341	-0.402568	-0.721717	-0.469063	-0.061382	-0.456414	-0.162001	0.144149	-0.068445	-2.931555
0.150400	-1706.490129	-1589.505934	3295.996062	116.984195	5002.486191	-1.939392	-1.453117	1.132165	-0.780190	-0.520581	0.145139	-0.301347	0.061546	0.068086	-0.068553	-2.931447
0.152200	-1707.214136	-1589.993210	3297.207345	117.220926	5004.421481	-1.744387	-1.031527	2.660137	-0.795029	-0.487996	0.073317	-0.139413	0.292034	-0.140330	-0.068662	-2.931338
0.154000	-1707.939552	-1590.478676	3298.418228	117.460876	5006.357780	-1.549584	-0.640388	-2.063787	-0.765881	-0.372918	-0.135418	0.016249	0.500463	-0.072751	-0.068773	-2.931227
0.155800	-1708.666365	-1590.962346	3299.628711	117.704019	5008.295076	-1.356746	-0.275988	-0.479783	-0.696352	-0.186567	-0.070650	0.151373	0.658746	0.135777	-0.068886	-2.931114
0.157600	-1709.394562	-1591.444233	3300.838794	117.950329	5010.233356	-1.169390	0.066509	1.087007	-0.596385	0.049541	0.138813	0.253137	0.743776	0.072937	-0.069001	-2.930999
0.159400	-1710.124129	-1591.924350	3302.048479	118.199779	5012.172608	-0.991115	0.391716	2.625054	-0.480345	0.306599	0.078728	0.314488	0.742261	-0.138612	-0.069118	-2.930882
0.161200	-1710.855054	-1592.402712	3303.257766	118.452342	5014.112820	-0.825902	0.704145	-2.121825	-0.362574	0.553820	-0.134499	0.334332	0.652015	-0.082652	-0.069236	-2.930764
0.163000	-1711.587324	-1592.879331	3304.466655	118.707993	5016.053979	-0.683153	1.007973	-0.564228	-0.256358	0.761690	-0.082806	0.314979	0.480542	0.130845	-0.069355	-2.930645
0.164800	-1712.320926	-1593.354221	3305.675147	118.966705	5017.996073	-0.587901	1.306263	1.007854	-0.175061	0.903713	0.130314	0.262649	0.244799	0.082235	-0.069477	-2.930523
0.166600	-1713.055846	-1593.827395	3306.883242	119.228451	5019.939088	-0.600007	1.600738	2.573419	-0.129724	0.960271	0.083831	0.189614	-0.028761	-0.131315	-0.069600	-2.930400
0.168400	-1713.792073	-1594.298868	3308.090941	119.493205	5021.883014	-0.838599	1.892580	-2.158044	-0.124692	0.923199	-0.131291	0.112084	-0.307766	-0.087384	-0.069724	-2.930276
0.170200	-1714.529593	-1594.768651	3309.298244	119.760941	5023.827837	-1.290928	2.183429	-0.613962	-0.157495	0.796628	-0.091157	0.045266	-0.559906	0.129331	-0.069851	-2.930149
0.172000	-1715.268392	-1595.236760	3310.505152	120.031632	5025.773545	-1.562272	2.475495	0.932072	-0.221928	0.594658	0.125987	0.001892	-0.756638	0.093553	-0.069978	-2.930022
0.173800	-1716.008459	-1595.703206	3311.711666	120.305253	5027.720125	-1.592144	2.770822	2.490327	-0.308228	0.340099	0.093749	-0.006581	-0.874853	-0.122997	-0.070108	-2.929892
0.175600	-1716.749780	-1596.168005	3312.917785	120.581776	5029.667566	-1.501308	3.070894	-2.220241	-0.401261	0.063754	-0.122543	0.027928	-0.900261	-0.093050	-0.070238	-2.929762
0.177400	-1717.492343	-1596.631168	3314.123511	120.861175	5031.615854	-1.354945	-2.905842	-0.651371	-0.482848	-0.199732	-0.094753	0.105873	-0.831463	0.124288	-0.070371	-2.929629
0.179200	-1718.236134	-1597.092709	3315.328844	121.143425	5033.564978	-1.181834	-2.590039	0.893494	-0.537181	-0.418405	0.124242	0.220159	-0.680062	0.099917	-0.070505	-2.929495
0.181000	-1718.981141	-1597.552642	3316.533784	121.428499	5035.514925	-0.993578	-2.260031	2.424326	-0.552670	-0.566999	0.104416	0.359898	-0.467235	-0.119709	-0.070640	-2.929360
0.182800	-1719.727352	-1598.010980	3317.738332	121.716372	5037.465683	-0.794302	-1.909468	-2.308461	-0.520560	-0.628240	-0.114312	0.511372	-0.221293	-0.103889	-0.070777	-2.929223
0.184600	-1720.474752	-1598.467736	3318.942488	122.007016	5039.417240	-0.586736	-1.530784	-0.724780	-0.436549	-0.595453	-0.100848	0.656623	0.023838	0.113880	-0.070915	-2.929085
0.186400	-1721.223330	-1598.922923	3320.146253	122.300406	5041.369583	-0.374192	-1.115005	0.855212	-0.304720	-0.475778	0.117527	0.775972	0.233235	0.102164	-0.071054	-2.928946
0.188200	-1721.973073	-1599.376555	3321.349628	122.596517	5043.322700	-0.159226	-0.653431	2.395827	-0.137107	-0.289300	0.108920	0.853794	0.377858	-0.117914	-0.071195	-2.928805
0.190000	-1722.723968	-1599.828645	3322.552612	122.895323	5045.276580	0.057672	-0.145674	-2.365462	0.050842	-0.064336	-0.111890	0.880606	0.438518	-0.113983	-0.071338	-2.928662
0.191800	-1723.476002	-1600.279205	3323.755207	123.196797	5047.231210	0.277072	0.388250	-0.815678	0.242105	0.166252	-0.112272	0.851324	0.406474	0.105671	-0.071482	-2.928518
0.193600	-1724.229164	-1600.728249	3324.957413	123.500915	5049.186577	0.498513	0.911146	0.773388	0.417076	0.367311	0.105908	0.766157	0.284866	0.108483	-0.071627	-2.928373
0.195400	-1724.983440	-1601.175790	3326.159230	123.807650	5051.142671	0.720082	1.393474	2.354436	0.556155	0.506235	0.110257	0.634003	0.090720	-0.109870	-0.071773	-2.928227
0.197200	-1725.738819	-1601.621841	3327.360660	124.116978	5053.099478	0.940070	1.827781	-2.388962	0.645690	0.559832	-0.109614	0.471501	-0.147121	-0.117043	-0.071921	-2.928079
0.199000	-1726.495287	-1602.066414	3328.561701	124.428873	5055.056988	1.158238	2.221304	-0.864221	0.680078	0.517837	-0.121326	0.297654	-0.394077	0.103563	-0.072070	-2.927930
0.200800	-1727.252833	-1602.509523	3329.762356	124.743310	5057.015188	1.374530	2.585122	0.686610	0.659395	0.382366	0.098122	0.131105	-0.614692	0.119711	-0.072221	-2.927779
0.202600	-1728.011443	-1602.951180	3330.962623	125.060263	5058.974067	1.586315	2.928527	2.268115	0.589315	0.167751	0.116973	-0.009146	-0.775371	-0.097990	-0.072372	-2.927628
0.204400	-1728.771107	-1603.391398	3332.162505	125.379709	5060.933612	1.786881	-3.025576	-2.438864	0.483724	-0.098946	-0.100312	-0.106183	-0.849033	-0.118437	-0.072525	-2.927475
0.206200	-1729.531811	-1603.830190	3333.362001	125.701621	5062.893812	1.964734	-2.706971	-0.889584	0.363179	-0.381331	-0.123186	-0.150961	-0.821432	0.099863	-0.072680	-2.927320
0.208000	-1730.293544	-1604.267568	3334.561112	126.025976	5064.854656	2.095981	-2.395657	0.647487	0.248691	-0.641008	0.095878	-0.144108	-0.693706	0.126782	-0.072835	-2.927165
0.209800	-1731.056293	-1604.703545	3335.759838	126.352749	5066.816131	2.100416	-2.088417	2.193910	0.158251	-0.843337	0.127272	-0.092641	-0.480202	-0.091460	-0.072992	-2.927008
0.211600	-1731.820047	-1605.138133	3336.958180	126.681915	5068.778227	1.650817	-1.782507	-2.526480	0.107476	-0.960179	-0.089102	-0.008619	-0.206372	-0.126107	-0.073150	-2.926850
0.213400	-1732.584794	-1605.571345	3338.156138	127.013449	5070.740932	0.879186	-1.476221	-0.954073	0.107680	-0.973767	-0.125586	0.089164	0.092370	0.089037	-0.073309	-2.926691
0.215200	-1733.350521	-1606.003192	3339.353713	127.347328	5072.704234	0.736050	-1.168464	0.614325	0.160641	-0.881833	0.089851	0.177332	0.375259	0.127380	-0.073469	-2.926531
0.217000	-1734.117217	-1606.433689	3340.550906	127.683528	5074.668123	0.831390	-0.857568	2.165476	0.257464	-0.698614	0.131496	0.234808	0.604412	-0.088938	-0.073630	-2.926370
0.218800	-1734.884870	-1606.862845	3341.747716	128.022025	5076.632586	0.998545	-0.540540	-2.582332	0.383074	-0.450669	-0.084555	0.246757	0.750909	-0.135089	-0.073793	-2.926207
0.220600	-1735.653469	-1607.290675	3342.944144	128.362794	5078.597613	1.196887	-0.213351	-1.040038	0.518993	-0.172640	-0.134650	0.203636	0.796868	0.079031	-0.073956	-2.926044
0.222400	-1736.423002	-1607.717189	3344.140191	128.705813	5080.563193	1.413162	0.128653	0.532493	0.642610	0.095443	0.077350	0.102145	0.737765	0.131264	-0.074121	-2.925879
0.224200	-1737.193457	-1608.142400	3345.335857	129.051057	5082.529315	1.639944	0.491560	2.120971	0.729756	0.313568	0.130841	-0.050541	0.585677	-0.080250	-0.074287	-2.925713
0.226000	-1737.964824	-1608.566320	3346.531143	129.398504	5084.495967	1.871966	0.885152	-2.601807	0.761878	0.450197	-0.081639	-0.236653	0.368278	-0.136260	-0.074454	-2.925546
0.227800	-1738.737090	-1608.988960	3347.726050	129.748130	5086.463139	2.106857	1.324902	-1.077019	0.729996	0.487849	-0.142091	-0.433681	0.122437	0.076481	-0.074622	-2.925378
0.229600	-1739.510244	-1609.410332	3348.920576	130.099912	5088.430821	2.344743	1.829271	0.452454	0.632929	0.423631	0.068751	-0.618596	-0.112003	0.141439	-0.074791	-2.925209
0.231400	-1740.284276	-1609.830449	3350.114724	130.453827	5090.399000	2.585956	2.403553	2.025657	0.476759	0.269219	0.136186	-0.767867	-0.296007	-0.066604	-0.074961	-2.925039
0.233200	-1741.059173	-1610.249320	3351.308494	130.809853	5092.367667	2.829320	3.012156	-2.659447	0.277644	0.051644	-0.070624	-0.860018	-0.396758	-0.134948	-0.075132	-2.924868
0.235000	-1741.834926	-1610.666960	3352.501885	131.167966	5094.336811	3.072881	-2.693706	-1.094605	0.060735	-0.189944	-0.140809	-0.882515	-0.395346	0.072627	-0.075304	-2.924696
0.236800	-1742.611522	-1611.083377	3353.694899	131.528145	5096.306422	-2.967365	-2.184701	0.429806	-0.146987	-0.412682	0.067332	-0.835100	-0.290837	0.146889	-0.075478	-2.924522
0.238600	-1743.388952	-1611.498585	3354.887536	131.890367	5098.276488	-2.724367	-1.739492	1.957847	-0.322076	-0.577619	0.146302	-0.726626	-0.098377	-0.059634	-0.075652	-2.924348
0.240400	-1744.167204	-1611.912593	3356.079797	132.254610	5100.247001	-2.481060	-1.339722	-2.757583	-0.444874	-0.653663	-0.057195	-0.572584	0.153792	-0.141547	-0.075827	-2.924173
0.242200	-1744.946267	-1612.325415	3357.271682	132.620853	5102.217949	-2.239650	-0.969938	-1.166439	-0.501359	-0.621858	-0.140151	-0.396269	0.426220	0.059976	-0.076003	-2.923997
0.244000	-1745.726131	-1612.737059	3358.463191	132.989072	5104.189322	-2.004720	-0.620328	0.402774	-0.488958	-0.481115	0.061453	-0.226572	0.673449	0.144234	-0.076180	-2.923820
0.245800	-1746.506786	-1613.147539	3359.654324	133.359247	5106.161110	-1.782426	-0.284628	1.941847	-0.418590	-0.249761	0.148969	-0.089933	0.853676	-0.057960	-0.076358	-2.923642
0.247600	-1747.288220	-1613.556863	3360.845084	133.731357	5108.133304	-1.585232	0.042066	-2.806402	-0.309622	0.039425	-0.052235	-0.004470	0.936667	-0.149955	-0.076537	-2.923463
0.249400	-1748.070424	-1613.965045	3362.035469	134.105379	5110.105893	-1.464888	0.363962	-1.253742	-0.185257	0.345335	-0.147817	0.019694	0.906550	0.048502	-0.076716	-2.923284
0.251200	-1748.853387	-1614.372093	3363.225480	134.481293	5112.078867	-1.832304	0.684108	0.317610	-0.072159	0.622711	0.047918	-0.019312	0.763615	0.145763	-0.076897	-2.923103
0.253000	-1749.637098	-1614.778020	3364.415118	134.859078	5114.052216	3.120430	1.004237	1.893942	0.002353	0.828386	0.146075	-0.111164	0.526957	-0.048918	-0.077078	-2.922922
0.254800	-1750.421548	-1615.182835	3365.604383	135.238713	5116.025932	3.062651	1.325687	-2.824433	0.018442	0.930836	-0.048956	-0.233128	0.232838	-0.149148	-0.077261	-2.922739
0.256600	-1751.206727	-1615.586549	3366.793276	135.620178	5118.000004	-3.055370	1.650708	-1.280419	-0.030869	0.916836	-0.153076	-0.357132	-0.073422	0.045743	-0.077444	-2.922556
0.258400	-1751.992625	-1615.989173	3367.981798	136.003452	5119.974422	-2.840745	1.983010	0.252248	-0.141572	0.791589	0.039724	-0.456292	-0.346134	0.154126	-0.077628	-2.922372
0.260200	-1752.779231	-1616.390717	3369.169947	136.388514	5121.949178	-2.605304	2.327423	1.801074	-0.300871	0.576839	0.150714	-0.506179	-0.544567	-0.035333	-0.077813	-2.922187
0.262000	-1753.566535	-1616.791191	3370.357726	136.775344	5123.924262	-2.357843	2.689960	-2.898970	-0.485665	0.309763	-0.036391	-0.487268	-0.638594	-0.147037	-0.077998	-2.922002
0.263800	-1754.354529	-1617.190605	3371.545135	137.163924	5125.899664	-2.103912	3.079716	-1.309029	-0.664258	0.038185	-0.148959	-0.391985	-0.616336	0.039908	-0.078185	-2.921815
0.265600	-1755.143203	-1617.588970	3372.732173	137.554232	5127.875376	-1.847319	-2.770462	0.242974	-0.805044	-0.189852	0.038547	-0.228466	-0.487845	0.155513	-0.078372	-2.921628
0.267400	-1755.932546	-1617.986296	3373.918842	137.946250	5129.851388	-1.589175	-2.268052	1.761939	-0.884092	-0.335880	0.158772	-0.016250	-0.281336	-0.030723	-0.078560	-2.921440
0.269200	-1756.722549	-1618.382592	3375.105142	138.339957	5131.827691	-1.328651	-1.669050	-2.987925	-0.886142	-0.375565	-0.023924	0.218870	-0.037020	-0.154459	-0.078749	-2.921251
0.271000	-1757.513204	-1618.777869	3376.291073	138.735335	5133.804276	-1.065300	-0.991172	-1.405315	-0.805348	-0.301711	-0.148608	0.445729	0.197510	0.024819	-0.078938	-2.921062
0.272800	-1758.304500	-1619.172136	3377.476636	139.132364	5135.781135	-0.800345	-0.329987	0.195797	-0.649964	-0.128129	0.029667	0.630819	0.374089	0.149579	-0.079129	-2.920871
0.274600	-1759.096428	-1619.565403	3378.661831	139.531026	5137.758259	-0.535572	0.239123	1.756458	-0.443558	0.110901	0.156422	0.747453	0.454907	-0.029380	-0.079320	-2.920680
0.276400	-1759.888980	-1619.957679	3379.846659	139.931301	5139.735639	-0.271425	0.719134	-3.004980	-0.217888	0.368712	-0.022053	0.782947	0.421127	-0.160423	-0.079511	-2.920489
0.278200	-1760.682146	-1620.348974	3381.031120	140.333172	5141.713266	-0.006852	1.139393	-1.475651	-0.005056	0.596114	-0.157199	0.737828	0.274403	0.015002	-0.079704	-2.920296
0.280000	-1761.475917	-1620.739298	3382.215215	140.736619	5143.691131	0.258574	1.523623	0.093945	0.164913	0.748016	0.014310	0.623503	0.035312	0.151879	-0.079897	-2.920103
0.281800	-1762.270284	-1621.128659	3383.398943	141.141625	5145.669227	0.522441	1.886148	1.685710	0.266981	0.790025	0.151214	0.463663	-0.257736	-0.017453	-0.080091	-2.919909
0.283600	-1763.065239	-1621.517068	3384.582307	141.548171	5147.647545	0.778974	2.234767	-3.025519	0.288977	0.707212	-0.018101	0.292714	-0.553385	-0.155242	-0.080285	-2.919715
0.285400	-1763.860772	-1621.904533	3385.765305	141.956239	5149.626077	1.016852	2.574148	-1.482039	0.236644	0.509070	-0.159028	0.146375	-0.798706	0.014152	-0.080480	-2.919520
0.287200	-1764.656876	-1622.291063	3386.947939	142.365812	5151.604814	1.186803	2.908161	0.053208	0.129645	0.226054	0.008482	0.052383	-0.950743	0.159261	-0.080676	-2.919324
0.289000	-1765.453540	-1622.676668	3388.130208	142.776873	5153.583749	-0.161972	-3.042678	1.599860	-0.004625	-0.097494	0.156514	0.028302	-0.982423	-0.004550	-0.080873	-2.919127
0.290800	-1766.250758	-1623.061356	3389.312114	143.189402	5155.562873	-1.024915	-2.709000	-3.116492	-0.132926	-0.409101	-0.003850	0.080746	-0.885957	-0.153338	-0.081070	-2.918930
0.292600	-1767.048521	-1623.445136	3390.493657	143.603385	5157.542178	-0.830416	-2.371924	-1.534099	-0.219625	-0.655832	-0.152613	0.200690	-0.676795	0.005603	-0.081267	-2.918733
0.294400	-1767.846820	-1623.828017	3391.674837	144.018802	5159.521656	-0.579118	-2.029336	0.041806	-0.236686	-0.796320	0.006518	0.361956	-0.393088	0.155820	-0.081466	-2.918534
0.296200	-1768.645646	-1624.210008	3392.855654	144.435638	5161.501301	-0.314830	-1.677360	1.588590	-0.172259	-0.810734	0.160369	0.528952	-0.086724	-0.002854	-0.081665	-2.918335
0.298000	-1769.444993	-1624.591117	3394.036110	144.853876	5163.481103	-0.045548	-1.308897	3.113447	-0.030369	-0.702701	0.004525	0.666295	0.188364	-0.160740	-0.081864	-2.918136
0.299800	-1770.244851	-1624.971353	3395.216204	145.273498	5165.461055	0.228076	-0.912370	-1.630010	0.172374	-0.496842	-0.155349	0.742625	0.384350	-0.009210	-0.082064	-2.917936
0.301600	-1771.045213	-1625.350724	3396.395937	145.694489	5167.441151	0.505910	-0.468836	-0.045777	0.406515	-0.236375	-0.006887	0.733780	0.466680	0.150336	-0.082265	-2.917735
0.303400	-1771.846071	-1625.729239	3397.575310	146.116833	5169.421381	0.786299	0.054039	1.556007	0.631949	0.022881	0.152519	0.630812	0.422997	0.002256	-0.082466	-2.917534
0.305200	-1772.647417	-1626.106905	3398.754322	146.540512	5171.401739	1.067246	0.698967	3.117111	0.808420	0.225295	0.003908	0.445376	0.268041	-0.159617	-0.082668	-2.917332
0.307000	-1773.449243	-1626.483732	3399.932975	146.965512	5173.382218	1.348318	1.452375	-1.648085	0.906585	0.328625	-0.162358	0.205090	0.039099	-0.012574	-0.082870	-2.917130
0.308800	-1774.251542	-1626.859726	3401.111268	147.391815	5175.362810	1.630772	2.172570	-0.123973	0.911055	0.310607	-0.019555	-0.054706	-0.213308	0.156929	-0.083073	-2.916927
0.310600	-1775.054306	-1627.234897	3402.289203	147.819408	5177.343509	1.915678	2.764797	1.448762	0.820405	0.171464	0.150241	-0.294722	-0.433315	0.018426	-0.083276	-2.916724
0.312400	-1775.857527	-1627.609253	3403.466779	148.248274	5179.324306	2.202366	-3.029922	3.052600	0.650646	-0.063755	0.013423	-0.475962	-0.568546	-0.150434	-0.083480	-2.916520
0.314200	-1776.661198	-1627.982800	3404.643998	148.678398	5181.305195	2.489064	-2.603996	-1.654859	0.435804	-0.347398	-0.156344	-0.570273	-0.582719	-0.013174	-0.083684	-2.916316
0.316000	-1777.465311	-1628.355547	3405.820858	149.109764	5183.286169	2.775081	-2.214776	-0.120822	0.218641	-0.620353	-0.019442	-0.569591	-0.465729	0.160133	-0.083889	-2.916111
0.317800	-1778.269860	-1628.727502	3406.997362	149.542358	5185.267222	3.062047	-1.847147	1.405854	0.038668	-0.826254	0.157795	-0.485085	-0.234332	0.026266	-0.084094	-2.915906
0.319600	-1779.074837	-1629.098672	3408.173509	149.976165	5187.248346	-2.930536	-1.491554	2.957223	-0.073185	-0.921126	0.028481	-0.341592	0.073146	-0.152725	-0.084300	-2.915700
0.321400	-1779.880235	-1629.469065	3409.349300	150.411170	5189.229534	-2.634477	-1.142056	-1.747442	-0.097456	-0.880148	-0.149996	-0.175413	0.402313	-0.026775	-0.084506	-2.915494
0.323200	-1780.686046	-1629.838688	3410.524735	150.847358	5191.210781	-2.317608	-0.795403	-0.163528	-0.033039	-0.704979	-0.024945	-0.030583	0.691013	0.151183	-0.084713	-2.915287
0.325000	-1781.492265	-1630.207550	3411.699814	151.284715	5193.192079	1.078244	-0.449594	1.404812	0.098558	-0.426463	0.154625	0.052893	0.883763	0.025904	-0.084920	-2.915080
0.326800	-1782.298883	-1630.575656	3412.874539	151.723227	5195.173422	1.375731	-0.102175	2.950177	0.259952	-0.096984	0.030480	0.051361	0.945893	-0.157285	-0.085128	-2.914872
0.328600	-1783.105894	-1630.943015	3414.048909	152.162880	5197.154803	1.667385	0.250737	-1.802127	0.409286	0.222644	-0.156084	-0.039656	0.869269	-0.036765	-0.085336	-2.914664
0.330400	-1783.913292	-1631.309633	3415.222925	152.603659	5199.136217	1.960101	0.614459	-0.260606	0.506545	0.473963	-0.040212	-0.207806	0.671738	0.150791	-0.085544	-2.914456
0.332200	-1784.721069	-1631.675518	3416.396587	153.045551	5201.117656	2.255888	0.995992	1.317223	0.518366	0.610481	0.146238	-0.423565	0.395450	0.037898	-0.085753	-2.914247
0.334000	-1785.529219	-1632.040677	3417.569896	153.488542	5203.099116	2.553762	1.406599	2.918232	0.427945	0.609322	0.033617	-0.642157	0.100958	-0.147993	-0.085962	-2.914038
0.335800	-1786.337736	-1632.405117	3418.742853	153.932619	5205.080588	2.851713	1.868712	-1.793190	0.243168	0.479106	-0.154484	-0.815229	-0.147111	-0.034934	-0.086172	-2.913828
0.337600	-1787.146612	-1632.768845	3419.915457	154.377768	5207.062069	-3.134093	2.427986	-0.268553	-0.006788	0.256834	-0.043288	-0.905197	-0.296637	0.157294	-0.086382	-2.913618
0.339400	-1787.955842	-1633.131867	3421.087709	154.823975	5209.043550	-2.836000	-3.133581	1.247845	-0.281165	-0.002546	0.151758	-0.891243	-0.317830	0.050788	-0.086593	-2.913407
0.341200	-1788.765419	-1633.494190	3422.259609	155.271228	5211.025028	-2.535587	-2.290742	2.807222	-0.533719	-0.236301	0.049987	-0.770169	-0.207229	-0.143884	-0.086804	-2.913196
0.343000	-1789.575336	-1633.855822	3423.431158	155.719514	5213.006495	-2.232769	-1.545910	-1.869382	-0.718408	-0.384746	-0.142897	-0.559835	0.009577	-0.043982	-0.087015	-2.912985
0.344800	-1790.385589	-1634.216768	3424.602357	156.168820	5214.987946	-1.928864	-0.966673	-0.277034	-0.801608	-0.406051	-0.042394	-0.299961	0.280259	0.149092	-0.087226	-2.912774
0.346600	-1791.196169	-1634.577036	3425.773205	156.619133	5216.969375	-1.624627	-0.492278	1.264125	-0.773888	-0.288768	0.153922	-0.041699	0.538427	0.048741	-0.087438	-2.912562
0.348400	-1792.007072	-1634.936632	3426.943704	157.070441	5218.950776	-1.318537	-0.074040	2.782932	-0.650303	-0.053488	0.056767	0.167615	0.721108	-0.151428	-0.087651	-2.912349
0.350200	-1792.818292	-1635.295561	3428.113853	157.522730	5220.932144	-1.006960	0.314340	-1.959633	-0.463138	0.254070	-0.144854	0.292845	0.781465	-0.059346	-0.087863	-2.912137
0.352000	-1793.629821	-1635.653832	3429.283653	157.975990	5222.913474	-0.684834	0.686900	-0.381807	-0.257018	0.571364	-0.056627	0.314708	0.696668	0.141036	-0.088076	-2.911924
0.353800	-1794.441655	-1636.011449	3430.453104	158.430207	5224.894760	-0.339186	1.050917	1.209169	-0.083391	0.829733	0.142327	0.236355	0.474941	0.053837	-0.088289	-2.911711
0.355600	-1795.253788	-1636.368419	3431.622207	158.885369	5226.875996	0.148615	1.410134	2.783184	0.013082	0.971141	0.054694	0.087378	0.157382	-0.146011	-0.088503	-2.911497
0.357400	-1796.066214	-1636.724749	3432.790963	159.341465	5228.857177	3.031391	1.767341	-1.950699	0.009354	0.964545	-0.148400	-0.084537	-0.192055	-0.059256	-0.088717	-2.911283
0.359200	-1796.878927	-1637.080444	3433.959371	159.798483	5230.838298	-2.758714	2.126004	-0.417387	-0.092164	0.812093	-0.065234	-0.228834	-0.503736	0.147107	-0.088931	-2.911069
0.361000	-1797.691921	-1637.435511	3435.127432	160.256411	5232.819353	-2.415492	2.490603	1.118854	-0.268144	0.546041	0.142021	-0.301992	-0.716809	0.068944	-0.089146	-2.910854
0.362800	-1798.505192	-1637.789955	3436.295147	160.715237	5234.800339	-2.090786	2.866437	2.683078	-0.477489	0.223060	0.067486	-0.273385	-0.790103	-0.136721	-0.089360	-2.910640
0.364600	-1799.318733	-1638.143782	3437.462515	161.174951	5236.781248	-1.770341	-3.022495	-2.002327	-0.665966	-0.085329	-0.136573	-0.134682	-0.713065	-0.062889	-0.089576	-2.910424
0.366400	-1800.132539	-1638.496999	3438.629538	161.635540	5238.762077	-1.452299	-2.596478	-0.411169	-0.780449	-0.310327	-0.062014	0.092916	-0.511750	0.142227	-0.089791	-2.910209
0.368200	-1800.946605	-1638.849610	3439.796215	162.096994	5240.742820	-1.136616	-2.109206	1.132786	-0.786201	-0.405173	0.146751	0.364554	-0.241998	0.068731	-0.090007	-2.909993
0.370000	-1801.760925	-1639.201623	3440.962548	162.559302	5242.723473	-0.821971	-1.496035	2.645214	-0.673940	-0.355286	0.077581	0.626364	0.026611	-0.143241	-0.090222	-2.909778
0.371800	-1802.575494	-1639.553042	3442.128536	163.022452	5244.704030	-0.506107	-0.669438	-2.105095	-0.457987	-0.178869	-0.134390	0.826304	0.226034	-0.079520	-0.090439	-2.909561
0.373600	-1803.390307	-1639.903873	3443.294180	163.486435	5246.684487	-0.187708	0.245750	-0.516046	-0.175075	0.075950	-0.073720	0.921720	0.302809	0.129944	-0.090655	-2.909345
0.375400	-1804.205359	-1640.254121	3444.459480	163.951238	5248.664839	0.132750	0.970228	1.095981	0.119005	0.339001	0.134275	0.891180	0.232206	0.069023	-0.090872	-2.909128
0.377200	-1805.020644	-1640.603793	3445.624437	164.416852	5250.645081	0.454275	1.518542	2.665881	0.363733	0.535731	0.072586	0.744839	0.028020	-0.140896	-0.091089	-2.908911
0.379000	-1805.836158	-1640.952893	3446.789051	164.883265	5252.625210	0.777609	1.975981	-2.092756	0.513090	0.608654	-0.141200	0.521146	-0.261063	-0.081213	-0.091306	-2.908694
0.380800	-1806.651896	-1641.301427	3447.953323	165.350469	5254.605219	1.106558	2.388325	-0.570101	0.545465	0.530811	-0.086479	0.273135	-0.566067	0.134889	-0.091523	-2.908477
0.382600	-1807.467852	-1641.649400	3449.117253	165.818452	5256.585105	1.448482	2.777852	0.986116	0.464304	0.309615	0.128673	0.057076	-0.813322	0.085166	-0.091741	-2.908259
0.384400	-1808.284023	-1641.996818	3450.280841	166.287204	5258.564863	1.820863	-3.127342	2.574343	0.298837	-0.013383	0.081215	-0.076327	-0.939066	-0.127477	-0.091959	-2.908041
0.386200	-1809.100402	-1642.343686	3451.444088	166.756716	5260.544489	2.323890	-2.755271	-2.119059	0.102150	-0.368600	-0.130461	-0.095754	-0.906180	-0.079675	-0.092177	-2.907823
0.388000	-1809.916985	-1642.690008	3452.606993	167.226977	5262.523979	-1.608750	-2.385943	-0.551065	-0.062908	-0.675851	-0.082343	-0.002389	-0.717308	0.133984	-0.092395	-2.907605
0.389800	-1810.733768	-1643.035791	3453.769559	167.697978	5264.503327	-0.701594	-2.016203	0.991855	-0.144461	-0.867457	0.134769	0.170957	-0.414126	0.088092	-0.092613	-2.907387
0.391600	-1811.550746	-1643.381038	3454.931784	168.169708	5266.482531	-0.296761	-1.641592	2.520675	-0.113950	-0.904482	0.093724	0.372640	-0.064141	-0.131029	-0.092832	-2.907168
0.393400	-1812.367915	-1643.725756	3456.093670	168.642159	5268.461585	0.057159	-1.256010	-2.223046	0.031126	-0.783337	-0.124332	0.543948	0.255065	-0.094960	-0.093051	-2.906949
0.395200	-1813.185269	-1644.069948	3457.255217	169.115321	5270.440486	0.398681	-0.850836	-0.645409	0.264915	-0.537776	-0.090578	0.628895	0.471628	0.120291	-0.093270	-2.906730
0.397000	-1814.002804	-1644.413620	3458.416425	169.589184	5272.419229	0.735867	-0.410641	0.962386	0.533957	-0.234337	0.123364	0.589656	0.538219	0.085930	-0.093489	-2.906511
0.398800	-1814.820517	-1644.756777	3459.577294	170.063739	5274.397810	1.070030	0.099710	2.545262	0.771081	0.044808	0.088305	0.422011	0.447894	-0.130097	-0.093708	-2.906292
0.400600	-1815.638401	-1645.099424	3460.737825	170.538977	5276.376226	1.401861	0.764986	-2.208195	0.917552	0.226331	-0.131551	0.156498	0.235765	-0.097414	-0.093928	-2.906072
0.402400	-1816.456454	-1645.441565	3461.898019	171.014890	5278.354473	1.733358	1.695681	-0.698249	0.937588	0.264294	-0.104318	-0.153773	-0.033179	0.124291	-0.094148	-2.905852
0.404200	-1817.274671	-1645.783204	3463.057875	171.491467	5280.332546	2.067014	2.653085	0.846563	0.822859	0.148887	0.115525	-0.445497	-0.280141	0.102191	-0.094367	-2.905633
0.406000	-1818.093047	-1646.124347	3464.217394	171.968700	5282.310442	2.404143	-2.934941	2.447602	0.595902	-0.090020	0.095126	-0.655973	-0.429392	-0.114324	-0.094587	-2.905413
0.407800	-1818.911579	-1646.464999	3465.376577	172.446580	5284.288156	2.744654	-2.407986	-2.227378	0.310178	-0.386471	-0.120380	-0.739948	-0.428730	-0.092770	-0.094808	-2.905192
0.409600	-1819.730262	-1646.805162	3466.535424	172.925099	5286.265686	3.089089	-1.958057	-0.665693	0.036102	-0.655657	-0.098371	-0.686973	-0.267414	0.125271	-0.095028	-2.904972
0.411400	-1820.549092	-1647.144844	3467.693935	173.404248	5288.243027	-2.840973	-1.545749	0.859628	-0.162484	-0.819768	0.123238	-0.524115	0.020538	0.106178	-0.095248	-2.904752
0.413200	-1821.368065	-1647.484046	3468.852111	173.884019	5290.220177	-2.463503	-1.152626	2.387483	-0.244821	-0.828560	0.109557	-0.303934	0.368195	-0.116636	-0.095469	-2.904531
0.415000	-1822.187178	-1647.822775	3470.009952	174.364403	5292.197130	-2.000268	-0.768492	-2.339882	-0.199028	-0.669609	-0.111201	-0.091151	0.692642	-0.107631	-0.095690	-2.904310
0.416800	-1823.006425	-1648.161034	3471.167459	174.845391	5294.173884	-0.751525	-0.387443	-0.756345	-0.046024	-0.372605	-0.103801	0.049253	0.913095	0.110015	-0.095910	-2.904090
0.418600	-1823.825804	-1648.498827	3472.324631	175.326976	5296.150435	1.158864	-0.006065	0.836606	0.160272	-0.005900	0.112738	0.070028	0.972786	0.101745	-0.096131	-2.903869
0.420400	-1824.645310	-1648.836160	3473.481470	175.809150	5298.126780	1.684419	0.378558	2.414325	0.347425	0.341390	0.103986	-0.039646	0.858320	-0.116837	-0.096353	-2.903647
0.422200	-1825.464940	-1649.173035	3474.637975	176.291904	5300.102915	2.079372	0.771172	-2.323576	0.449565	0.586841	-0.118001	-0.250628	0.603780	-0.110543	-0.096574	-2.903426
0.424000	-1826.284689	-1649.509458	3475.794147	176.775231	5302.078836	2.442651	1.180766	-0.802712	0.425668	0.677047	-0.116972	-0.506457	0.278328	0.112991	-0.096795	-2.903205
0.425800	-1827.104555	-1649.845432	3476.949987	177.259122	5304.054542	2.795663	1.624549	0.729110	0.266088	0.598725	0.104601	-0.738265	-0.032214	0.117093	-0.097016	-2.902984
0.427600	-1827.924532	-1650.180962	3478.105495	177.743570	5306.030027	-3.137196	2.140096	2.309656	-0.003860	0.382798	0.110619	-0.878090	-0.244984	-0.100774	-0.097238	-2.902762
0.429400	-1828.744619	-1650.516051	3479.260670	178.228568	5308.005289	-2.787525	2.822676	-2.356087	-0.324487	0.100060	-0.105533	-0.877834	-0.303040	-0.105511	-0.097460	-2.902540
0.431200	-1829.564811	-1650.850704	3480.415514	178.714107	5309.980325	-2.438676	-2.461192	-0.769277	-0.617417	-0.158092	-0.109195	-0.728700	-0.195339	0.112773	-0.097681	-2.902319
0.433000	-1830.385104	-1651.184924	3481.570028	179.200180	5311.955131	-2.090271	-1.443657	0.759557	-0.812531	-0.308940	0.112904	-0.464658	0.039492	0.118895	-0.097903	-2.902097
0.434800	-1831.205495	-1651.518715	3482.724210	179.686779	5313.929705	-1.740012	-0.745574	2.269313	-0.867838	-0.302142	0.124687	-0.148270	0.327220	-0.104707	-0.098125	-2.901875
0.436600	-1832.025980	-1651.852082	3483.878063	180.173898	5315.904043	-1.384220	-0.222231	-2.471177	-0.776113	-0.130778	-0.096498	0.146508	0.578756	-0.121697	-0.098347	-2.901653
0.438400	-1832.846557	-1652.185028	3485.031585	180.661529	5317.878142	-1.018727	0.229317	-0.878025	-0.567164	0.166093	-0.115138	0.349348	0.711551	0.095565	-0.098569	-2.901431
0.440200	-1833.667222	-1652.517556	3486.184778	181.149665	5319.851999	-0.636670	0.648250	0.727236	-0.305468	0.509902	0.100446	0.413140	0.673184	0.112867	-0.098791	-2.901209
0.442000	-1834.487970	-1652.849671	3487.337642	181.638299	5321.825612	-0.214431	1.050336	2.301243	-0.072591	0.804120	0.116798	0.333325	0.460900	-0.104618	-0.099013	-2.900987
0.443800	-1835.308800	-1653.181377	3488.490177	182.127423	5323.798976	0.390017	1.443404	-2.440020	0.061734	0.965575	-0.104081	0.150176	0.123676	-0.123176	-0.099235	-2.900765
0.445600	-1836.129707	-1653.512676	3489.642383	182.617032	5325.772090	2.413573	1.833124	-0.910230	0.060575	0.949001	-0.127757	-0.067959	-0.254822	0.099269	-0.099458	-2.900542
0.447400	-1836.950689	-1653.843573	3490.794262	183.107117	5327.744951	-2.846321	2.224810	0.626989	-0.074481	0.756864	0.092836	-0.244871	-0.580180	0.128136	-0.099680	-2.900320
0.449200	-1837.771742	-1654.174071	3491.945813	183.597672	5329.717555	-2.371665	2.623771	2.191029	-0.303721	0.438943	0.124075	-0.313267	-0.770518	-0.088622	-0.099902	-2.900098
0.451000	-1838.592863	-1654.504173	3493.097036	184.088690	5331.689900	-1.970510	3.036378	-2.493174	-0.554673	0.082370	-0.090137	-0.234325	-0.779980	-0.118960	-0.100125	-2.899875
0.452800	-1839.414049	-1654.833884	3494.247933	184.580165	5333.661982	-1.591865	-2.809043	-0.890153	-0.742297	-0.212910	-0.118883	-0.015642	-0.616458	0.096263	-0.100347	-2.899653
0.454600	-1840.235297	-1655.163206	3495.398504	185.072091	5335.633801	-1.223896	-2.318096	0.669608	-0.799821	-0.367329	0.099901	0.289151	-0.340354	0.126198	-0.100570	-2.899430
0.456400	-1841.056604	-1655.492144	3496.548748	185.564460	5337.605351	-0.861343	-1.695185	2.184803	-0.699979	-0.346087	0.134789	0.600987	-0.043273	-0.095013	-0.100792	-2.899208
0.458200	-1841.877966	-1655.820700	3497.698666	186.057266	5339.576632	-0.499928	-0.746178	-2.582944	-0.458403	-0.166117	-0.084895	0.839244	0.179687	-0.135818	-0.101015	-2.898985
0.460000	-1842.699381	-1656.148878	3498.848259	186.550503	5341.547640	-0.136388	0.404724	-1.017458	-0.129016	0.109090	-0.128629	0.940076	0.254662	0.079455	-0.101238	-2.898762
0.461800	-1843.520846	-1656.476682	3499.997527	187.044164	5343.518373	0.230801	1.196221	0.599048	0.205586	0.384242	0.083370	0.874878	0.151059	0.122111	-0.101460	-2.898540
0.463600	-1844.342357	-1656.804113	3501.146471	187.538244	5345.488828	0.602307	1.755252	2.202177	0.457367	0.560165	0.123934	0.665233	-0.104514	-0.090625	-0.101683	-2.898317
0.465400	-1845.163913	-1657.131177	3502.295090	188.032736	5347.459003	0.980885	2.223917	-2.531056	0.565034	0.568116	-0.092363	0.378249	-0.434688	-0.132001	-0.101906	-2.898094
0.467200	-1845.985510	-1657.457876	3503.443385	188.527634	5349.428895	1.376696	2.653102	-1.010330	0.514140	0.392290	-0.138372	0.101067	-0.738150	0.086842	-0.102128	-2.897872
0.469000	-1846.807144	-1657.784212	3504.591357	189.022932	5351.398501	1.823344	3.063844	0.519881	0.336331	0.071770	0.079341	-0.086793	-0.921243	0.138611	-0.102351	-2.897649
0.470800	-1847.628815	-1658.110191	3505.739006	189.518624	5353.367820	2.500217	-2.816273	2.080112	0.098829	-0.311353	0.134484	-0.132357	-0.923064	-0.075104	-0.102574	-2.897426
0.472600	-1848.450518	-1658.435813	3506.886331	190.014705	5355.336849	-1.791212	-2.414821	-2.614860	-0.110357	-0.652593	-0.075595	-0.024726	-0.733975	-0.129992	-0.102797	-2.897203
0.474400	-1849.272251	-1658.761084	3508.033335	190.511167	5357.305586	-0.818297	-2.011141	-1.016191	-0.208437	-0.856092	-0.128503	0.195154	-0.403393	0.079602	-0.103020	-2.896980
0.476200	-1850.094011	-1659.086005	3509.180016	191.008007	5359.274028	-0.324801	-1.601066	0.565254	-0.149896	-0.868436	0.083832	0.445156	-0.026295	0.132165	-0.103242	-2.896758
0.478000	-1850.915796	-1659.410579	3510.326376	191.505217	5361.242172	0.089489	-1.176751	2.108737	0.056803	-0.696846	0.139735	0.633050	0.289743	-0.083371	-0.103465	-2.896535
0.479800	-1851.737603	-1659.734810	3511.472414	192.002793	5363.210017	0.478501	-0.721096	-2.658812	0.356482	-0.403623	-0.076070	0.687250	0.459180	-0.145130	-0.103688	-2.896312
0.481600	-1852.559430	-1660.058701	3512.618131	192.500728	5365.177561	0.858598	-0.192118	-1.131027	0.665341	-0.085930	-0.142542	0.574428	0.441763	0.067066	-0.103911	-2.896089
0.483400	-1853.381273	-1660.382255	3513.763528	192.999018	5367.144801	1.236591	0.534831	0.450482	0.891295	0.150843	0.064915	0.309484	0.254619	0.134219	-0.104133	-2.895867
0.485200	-1854.203131	-1660.705474	3514.908605	193.497657	5369.111735	1.614774	1.697426	2.074404	0.961555	0.225608	0.129608	-0.042314	-0.028722	-0.071413	-0.104356	-2.895644
0.487000	-1855.025000	-1661.028361	3516.053361	193.996638	5371.078361	1.993615	2.784546	-2.613743	0.852093	0.111997	-0.078441	-0.383406	-0.300233	-0.134540	-0.104579	-2.895421
0.488800	-1855.846878	-1661.350920	3517.197798	194.495958	5373.044677	2.374499	-2.821647	-1.078259	0.598042	-0.151088	-0.144101	-0.620347	-0.456006	0.077332	-0.104802	-2.895198
0.490600	-1856.668764	-1661.673153	3518.341916	194.995611	5375.010680	2.761971	-2.308176	0.433143	0.277584	-0.475135	0.068827	-0.695743	-0.431563	0.148837	-0.105024	-2.894976
0.492400	-1857.490653	-1661.995062	3519.485715	195.495591	5376.976369	-3.117284	-1.855275	1.967384	-0.014625	-0.751500	0.145577	-0.601529	-0.219746	-0.060964	-0.105247	-2.894753
0.494200	-1858.312545	-1662.316651	3520.629196	195.995894	5378.941741	-2.673282	-1.427701	-2.738441	-0.192325	-0.882815	-0.059385	-0.380206	0.127196	-0.139234	-0.105470	-2.894530
0.496000	-1859.134436	-1662.637923	3521.772359	196.496514	5380.906795	-2.092124	-1.011267	-1.136683	-0.204031	-0.813884	-0.135804	-0.117180	0.509731	0.062960	-0.105692	-2.894308
0.497800	-1859.956325	-1662.958879	3522.915204	196.997446	5382.871529	-0.584463	-0.599483	0.456521	-0.056206	-0.554603	0.067446	0.084959	0.811561	0.137330	-0.105915	-2.894085
0.499600	-1860.778208	-1663.279523	3524.057732	197.498685	5384.835940	0.904701	-0.188094	2.022822	0.186024	-0.179238	0.142736	0.146200	0.941657	-0.069306	-0.106138	-2.893862
0.501400	-1861.600085	-1663.599858	3525.199942	198.000227	5386.800027	1.480470	0.228119	-2.723794	0.425587	0.201099	-0.066213	0.038547	0.866209	-0.149150	-0.106360	-2.893640
0.503200	-1862.421951	-1663.919885	3526.341836	198.502066	5388.763787	1.923812	0.657768	-1.203487	0.567943	0.476372	-0.151878	-0.209259	0.616635	0.058438	-0.106583	-2.893417
0.505000	-1863.243806	-1664.239608	3527.483414	199.004198	5390.727220	2.332870	1.116941	0.333309	0.547533	0.570376	0.051088	-0.522569	0.278240	0.147557	-0.106805	-2.893195
0.506800	-1864.065647	-1664.559029	3528.624676	199.506618	5392.690322	2.730560	1.643709	1.920807	0.348451	0.465027	0.139479	-0.799457	-0.033967	-0.050915	-0.107028	-2.892972
0.508600	-1864.887471	-1664.878151	3529.765622	200.009320	5394.653093	3.123810	2.359367	-2.738092	0.016761	0.210915	-0.058195	-0.942451	-0.212257	-0.136311	-0.107250	-2.892750
0.510400	-1865.709277	-1665.196976	3530.906253	200.512302	5396.615530	-2.768430	-2.722859	-1.145610	-0.351396	-0.087619	-0.142557	-0.897550	-0.196872	0.064551	-0.107472	-2.892528
0.512200	-1866.531063	-1665.515506	3532.046569	201.015557	5398.577632	-2.377915	-1.566850	0.386135	-0.647223	-0.311629	0.061946	-0.675969	0.001230	0.152372	-0.107695	-2.892305
0.514000	-1867.352826	-1665.833745	3533.186571	201.519081	5400.539396	-1.984010	-0.878291	1.893603	-0.788640	-0.370248	0.156000	-0.345785	0.307142	-0.052183	-0.107917	-2.892083
0.515800	-1868.174564	-1666.151694	3534.326258	202.022870	5402.500822	-1.580168	-0.359446	-2.855638	-0.743064	-0.228791	-0.044380	-0.006964	0.608858	-0.150947	-0.108139	-2.891861
0.517600	-1868.996276	-1666.469356	3535.465632	202.526919	5404.461907	-1.155062	0.100676	-1.271815	-0.536620	0.079986	-0.143566	0.236900	0.791802	0.044250	-0.108361	-2.891639
0.519400	-1869.817958	-1666.786734	3536.604692	203.031224	5406.422650	-0.678731	0.536615	0.337196	-0.251422	0.462196	0.049345	0.311719	0.777012	0.140751	-0.108583	-2.891417
0.521200	-1870.639610	-1667.103829	3537.743439	203.535781	5408.383049	-0.001189	0.961383	1.929705	-0.000243	0.792682	0.143751	0.204718	0.553328	-0.053929	-0.108805	-2.891195
0.523000	-1871.461229	-1667.420644	3538.881873	204.040585	5410.343102	1.799644	1.381430	-2.792468	0.118455	0.962181	-0.054525	-0.027592	0.184415	-0.149780	-0.109027	-2.890973
0.524800	-1872.282813	-1667.737182	3540.019995	204.545631	5412.302808	2.938580	1.802180	-1.257402	0.058499	0.917817	-0.155351	-0.284186	-0.216240	0.050345	-0.109249	-2.890751
0.526600	-1873.104361	-1668.053444	3541.157805	205.050916	5414.262166	-2.800898	2.230610	0.265760	-0.162301	0.678591	0.042699	-0.457808	-0.526455	0.156866	-0.109471	-2.890529
0.528400	-1873.925870	-1668.369434	3542.295303	205.556436	5416.221173	-2.353541	2.677587	1.803920	-0.470268	0.327522	0.152116	-0.467779	-0.654459	-0.036118	-0.109693	-2.890307
0.530200	-1874.747338	-1668.685152	3543.432490	206.062185	5418.179828	-1.933417	-3.118287	-2.894751	-0.755638	-0.013279	-0.036341	-0.286687	-0.569671	-0.144221	-0.109915	-2.890085
0.532000	-1875.568764	-1669.000602	3544.569366	206.568161	5420.138129	-1.523594	-2.528449	-1.271021	-0.908386	-0.223746	-0.141094	0.042910	-0.317998	0.043611	-0.110136	-2.889864
0.533800	-1876.390145	-1669.315786	3545.705931	207.074359	5422.096076	-1.118834	-1.605616	0.328039	-0.863575	-0.232876	0.050093	0.419246	-0.008112	0.147188	-0.110358	-2.889642
0.535600	-1877.211481	-1669.630705	3546.842186	207.580776	5424.053666	-0.716235	-0.200931	1.865697	-0.628845	-0.047080	0.157133	0.722454	0.231146	-0.047730	-0.110579	-2.889421
0.537400	-1878.032768	-1669.945362	3547.978130	208.087406	5426.010899	-0.311827	0.705093	-2.911219	-0.277428	0.255092	-0.037783	0.860661	0.299744	-0.161094	-0.110801	-2.889199
0.539200	-1878.854006	-1670.259760	3549.113766	208.594246	5427.967772	0.100508	1.289528	-1.384503	0.080488	0.553021	-0.155920	0.798113	0.159783	0.029388	-0.111022	-2.888978
0.541000	-1879.675192	-1670.573899	3550.249091	209.101293	5429.924284	0.530391	1.777434	0.193555	0.331732	0.724044	0.028977	0.565669	-0.151782	0.147835	-0.111243	-2.888757
0.542800	-1880.496325	-1670.887783	3551.384108	209.608542	5431.880434	0.999700	2.229781	1.804769	0.398153	0.686518	0.144364	0.255820	-0.531694	-0.034407	-0.111464	-2.888536
0.544600	-1881.317403	-1671.201413	3552.518817	210.115990	5433.836220	1.597898	2.666610	-2.879239	0.271273	0.434610	-0.039519	-0.007354	-0.845135	-0.147160	-0.111686	-2.888314
0.546400	-1882.138425	-1671.514792	3553.653217	210.623633	5435.791641	2.979129	3.096529	-1.312489	0.019571	0.044144	-0.153229	-0.119403	-0.978924	0.040485	-0.111907	-2.888093
0.548200	-1882.959388	-1671.827921	3554.787309	211.131467	5437.746696	-1.727947	-2.757702	0.226454	-0.241687	-0.357968	0.036623	-0.038297	-0.886213	0.158951	-0.112127	-2.887873
0.550000	-1883.780291	-1672.140803	3555.921093	211.639488	5439.701384	-1.095284	-2.322867	1.749911	-0.396742	-0.642522	0.160943	0.204291	-0.601061	-0.029140	-0.112348	-2.887652
0.551800	-1884.601132	-1672.453439	3557.054571	212.147693	5441.655702	-0.618076	-1.871863	-3.002084	-0.367777	-0.722360	-0.022016	0.517262	-0.224297	-0.156785	-0.112569	-2.887431
0.553600	-1885.421910	-1672.765831	3558.187741	212.656079	5443.609651	-0.180147	-1.384629	-1.430235	-0.141715	-0.582952	-0.148618	0.778138	0.109798	0.021029	-0.112790	-2.887210
0.555400	-1886.242623	-1673.077982	3559.320605	213.164641	5445.563228	0.243990	-0.804496	0.190210	0.217956	-0.292228	0.027709	0.875502	0.281274	0.143917	-0.113010	-2.886990
0.557200	-1887.063269	-1673.389893	3560.453162	213.673376	5447.516432	0.662008	0.093656	1.804680	0.590099	0.021967	0.148396	0.757191	0.233860	-0.035355	-0.113231	-2.886769
0.559000	-1887.883848	-1673.701566	3561.585414	214.182282	5449.469262	1.077431	1.572431	-2.923670	0.846395	0.223916	-0.035089	0.455122	-0.000366	-0.158460	-0.113451	-2.886549
0.560800	-1888.704356	-1674.013004	3562.717360	214.691353	5451.421716	1.494343	2.523327	-1.413328	0.903929	0.224821	-0.164290	0.069243	-0.316073	0.026086	-0.113671	-2.886329
0.562600	-1889.524794	-1674.324207	3563.849001	215.200587	5453.373795	1.919412	3.117097	0.102239	0.752201	0.014141	0.016501	-0.273395	-0.577155	0.160838	-0.113891	-2.886109
0.564400	-1890.345159	-1674.635178	3564.980337	215.709980	5455.325495	2.364250	-2.671991	1.661994	0.454268	-0.337747	0.152608	-0.461647	-0.665557	-0.013956	-0.114111	-2.885889
0.566200	-1891.165449	-1674.945919	3566.111368	216.219530	5457.276817	2.856930	-2.212948	-3.018400	0.128581	-0.701950	-0.018236	-0.439431	-0.524984	-0.147283	-0.114331	-2.885669
0.568000	-1891.985664	-1675.256432	3567.242095	216.729232	5459.227759	-2.764130	-1.768342	-1.410104	-0.092539	-0.937685	-0.148001	-0.233406	-0.187684	0.023990	-0.114551	-2.885449
0.569800	-1892.805801	-1675.566717	3568.372519	217.239084	5461.178320	-1.157265	-1.329588	0.173805	-0.119903	-0.950784	0.026879	0.052618	0.233891	0.153093	-0.114771	-2.885229
0.571600	-1893.625860	-1675.876778	3569.502639	217.749082	5463.128499	0.184347	-0.890912	1.726785	0.052779	-0.734045	0.159553	0.283051	0.593453	-0.025092	-0.114991	-2.885009
0.573400	-1894.445839	-1676.186616	3570.632455	218.259224	5465.078294	0.788849	-0.445153	-3.029550	0.350473	-0.367616	-0.018424	0.348063	0.770536	-0.163751	-0.115210	-2.884790
0.575200	-1895.265737	-1676.496232	3571.761969	218.769505	5467.027705	1.268349	0.020076	-1.510093	0.649546	0.014347	-0.161786	0.202671	0.714519	0.009833	-0.115429	-2.884571
0.577000	-1896.085551	-1676.805629	3572.891180	219.279923	5468.976731	1.713639	0.532583	0.037698	0.821156	0.272546	0.005795	-0.118101	0.462420	0.153648	-0.115649	-2.884351
0.578800	-1896.905281	-1677.114807	3574.020089	219.790474	5470.925370	2.147366	1.183472	1.642297	0.778714	0.314996	0.146084	-0.506379	0.128497	-0.010463	-0.115868	-2.884132
0.580600	-1897.724926	-1677.423770	3575.148696	220.301156	5472.873622	2.576963	2.356695	-3.010172	0.518802	0.137828	-0.019422	-0.819052	-0.137966	-0.146934	-0.116087	-2.883913
0.582400	-1898.544484	-1677.732518	3576.277001	220.811966	5474.821485	3.005789	-2.476880	-1.424052	0.128420	-0.169384	-0.155960	-0.939812	-0.216139	0.023052	-0.116306	-2.883694
0.584200	-1899.363953	-1678.041053	3577.405005	221.322900	5476.768958	-2.845248	-1.712642	0.103503	-0.253641	-0.462515	0.017080	-0.830695	-0.066049	0.164431	-0.116525	-2.883475
0.586000	-1900.183332	-1678.349376	3578.532709	221.833956	5478.716041	-2.401356	-1.167791	1.613116	-0.496355	-0.604038	0.164869	-0.543341	0.257526	-0.006981	-0.116743	-2.883257
0.587800	-1901.002621	-1678.657491	3579.660111	222.345130	5480.662732	-1.926374	-0.686970	-3.135316	-0.524434	-0.515987	-0.000994	-0.194755	0.629058	-0.158374	-0.116962	-2.883038
0.589600	-1901.821817	-1678.965397	3580.787214	222.856421	5482.609031	-1.358087	-0.229411	-1.558691	-0.345128	-0.209956	-0.151310	0.074539	0.899083	0.001832	-0.117180	-2.882820
0.591400	-1902.640920	-1679.273096	3581.914016	223.367824	5484.554937	-0.321775	0.219655	0.045376	-0.051158	0.212579	0.006730	0.153462	0.952171	0.148214	-0.117399	-2.882601
0.593200	-1903.459928	-1679.580591	3583.040519	223.879337	5486.500447	1.515666	0.667174	1.650387	0.212191	0.597416	0.150063	0.011710	0.758465	-0.011969	-0.117617	-2.882383
0.595000	-1904.278840	-1679.887883	3584.166723	224.390957	5488.445563	2.305758	1.118711	-3.050187	0.312007	0.803837	-0.014309	-0.282021	0.390367	-0.156110	-0.117835	-2.882165
0.596800	-1905.097655	-1680.194973	3585.292628	224.902681	5490.390282	2.833880	1.583296	-1.505059	0.188257	0.766012	-0.163354	-0.592362	-0.009575	0.010754	-0.118053	-2.881947
0.598600	-1905.916371	-1680.501863	3586.418234	225.414508	5492.334605	-2.982603	2.081861	0.009591	-0.124696	0.517558	0.001592	-0.777686	-0.290225	0.165999	-0.118271	-2.881729
0.600400	-1906.734987	-1680.808555	3587.543542	225.926433	5494.278529	-2.536180	2.679122	1.528025	-0.515395	0.175147	0.160246	-0.744670	-0.351328	0.006858	-0.118489	-2.881511
0.602200	-1907.553503	-1681.115049	3588.668552	226.438454	5496.222054	-2.095668	-2.614403	3.094828	-0.835744	-0.106387	0.007031	-0.483936	-0.182749	-0.150241	-0.118706	-2.881294
0.604000	-1908.371916	-1681.421348	3589.793264	226.950569	5498.165180	-1.654757	-0.995462	-1.563475	-0.958033	-0.195921	-0.145399	-0.080627	0.127059	0.001065	-0.118924	-2.881076
0.605800	-1909.190227	-1681.727452	3590.917679	227.462774	5500.107905	-1.209630	-0.106874	0.059201	-0.834186	-0.045531	0.008906	0.315101	0.424401	0.150253	-0.119141	-2.880859
0.607600	-1910.008432	-1682.033364	3592.041797	227.975068	5502.050229	-0.754328	0.471112	1.625714	-0.522092	0.284601	0.159628	0.555586	0.558738	-0.008775	-0.119358	-2.880642
0.609400	-1910.826533	-1682.339085	3593.165618	228.487448	5503.992150	-0.272514	0.967161	-3.133306	-0.157405	0.653827	-0.001369	0.563234	0.450805	-0.165153	-0.119575	-2.880425
0.611200	-1911.644526	-1682.644616	3594.289142	228.999910	5505.933669	0.293048	1.433791	-1.613412	0.108471	0.903675	-0.163715	0.359490	0.124588	-0.006981	-0.119792	-2.880208
0.613000	-1912.462412	-1682.949959	3595.412371	229.512454	5507.874784	1.273369	1.889770	-0.072753	0.168476	0.922529	-0.011509	0.051641	-0.304666	0.157908	-0.120009	-2.879991
0.614800	-1913.280190	-1683.255115	3596.535304	230.025075	5509.815494	3.133028	2.344640	1.497783	0.001781	0.691114	0.151430	-0.207946	-0.675325	0.011076	-0.120226	-2.879774
0.616600	-1914.097857	-1683.560085	3597.657942	230.537772	5511.755799	-2.308351	2.805208	3.099533	-0.311228	0.295486	0.006205	-0.282787	-0.845032	-0.147446	-0.120442	-2.879558
0.618400	-1914.915413	-1683.864871	3598.780284	231.050541	5513.695697	-1.758408	-3.002976	-1.567115	-0.617721	-0.105448	-0.149172	-0.117271	-0.755842	0.000549	-0.120658	-2.879342
0.620200	-1915.732857	-1684.169475	3599.902332	231.563382	5515.635189	-1.275332	-2.492949	0.022146	-0.763365	-0.351525	0.003479	0.232348	-0.463713	0.157089	-0.120875	-2.879125
0.622000	-1916.550188	-1684.473897	3601.024085	232.076291	5517.574273	-0.816451	-1.875875	1.558436	-0.665588	-0.354796	0.165514	0.625484	-0.111729	0.002046	-0.121091	-2.878909
0.623800	-1917.367405	-1684.778140	3602.145545	232.589265	5519.512950	-0.366617	-0.784653	3.063226	-0.346681	-0.135508	0.013065	0.902873	0.135710	-0.166381	-0.121307	-2.878693
0.625600	-1918.184507	-1685.082203	3603.266710	233.102303	5521.451217	0.083123	0.862542	-1.698772	0.079303	0.189504	-0.158230	0.951842	0.162309	-0.020361	-0.121522	-2.878478
0.627400	-1919.001492	-1685.386089	3604.387582	233.615403	5523.389074	0.540138	1.683160	-0.121314	0.450727	0.454719	-0.018115	0.751690	-0.051310	0.148586	-0.121738	-2.878262
0.629200	-1919.818361	-1685.689800	3605.508160	234.128561	5525.326521	1.013579	2.247526	1.502668	0.624065	0.515964	0.145781	0.388842	-0.414457	0.009947	-0.121953	-2.878047
0.631000	-1920.635111	-1685.993335	3606.628446	234.641776	5527.263557	1.524858	2.745230	3.115686	0.542632	0.318874	0.003905	0.024945	-0.761921	-0.150697	-0.122169	-2.877831
0.632800	-1921.451742	-1686.296697	3607.748439	235.155045	5529.200181	2.160355	-3.064961	-1.596724	0.268137	-0.071445	-0.158121	-0.179361	-0.930488	-0.004101	-0.122384	-2.877616
0.634600	-1922.268253	-1686.599887	3608.868140	235.668366	5531.136393	-2.799662	-2.601860	-0.057070	-0.050612	-0.501018	-0.009329	-0.142204	-0.836331	0.163281	-0.122599	-2.877401
0.636400	-1923.084643	-1686.902906	3609.987549	236.181737	5533.072192	-1.169031	-2.139792	1.468481	-0.249741	-0.798839	0.164088	0.106109	-0.510899	0.016848	-0.122814	-2.877186
0.638200	-1923.900911	-1687.205756	3611.106667	236.695155	5535.007578	-0.463664	-1.669832	2.995145	-0.220476	-0.850753	0.023548	0.440934	-0.084531	-0.159646	-0.123029	-2.876971
0.640000	-1924.717056	-1687.508437	3612.225493	237.208619	5536.942549	0.065360	-1.178200	-1.735366	0.045463	-0.648030	-0.151309	0.694591	0.268345	-0.025128	-0.123243	-2.876757
0.641800	-1925.533077	-1687.810950	3613.344028	237.722127	5538.877105	0.549709	-0.630890	-0.131762	0.445719	-0.295400	-0.019193	0.727461	0.404393	0.144817	-0.123458	-2.876542
0.643600	-1926.348974	-1688.113298	3614.462272	238.235676	5540.811246	1.018274	0.114414	1.502157	0.806985	0.032212	0.146579	0.497571	0.280312	0.010077	-0.123672	-2.876328
0.645400	-1927.164745	-1688.415481	3615.580226	238.749263	5542.744971	1.480834	1.700925	3.099293	0.968286	0.172873	0.006605	0.087345	-0.022624	-0.156052	-0.123886	-2.876114
0.647200	-1927.980389	-1688.717501	3616.697890	239.262888	5544.678279	1.943645	2.975289	-1.648665	0.861152	0.056777	-0.164799	-0.336834	-0.338250	-0.012859	-0.124100	-2.875900
0.649000	-1928.795906	-1689.019358	3617.815264	239.776548	5546.611170	2.415350	-2.653854	-0.141326	0.538180	-0.263161	-0.023508	-0.605940	-0.496076	0.165229	-0.124314	-2.875686
0.650800	-1929.611295	-1689.321054	3618.932349	240.290240	5548.543644	2.913395	-2.128525	1.383114	0.144503	-0.638358	0.158163	-0.622203	-0.398201	0.030038	-0.124528	-2.875472
0.652600	-1930.426554	-1689.622590	3620.049145	240.803964	5550.475699	-2.794793	-1.641065	2.948840	-0.144463	-0.889958	0.029305	-0.399724	-0.062640	-0.150146	-0.124741	-2.875259
0.654400	-1931.241684	-1689.923967	3621.165651	241.317716	5552.407335	-1.878352	-1.166519	-1.733924	-0.199294	-0.888701	-0.146067	-0.063303	0.380226	-0.024041	-0.124955	-2.875045
0.656200	-1932.056683	-1690.225187	3622.281870	241.831496	5554.338552	-0.012337	-0.694894	-0.121844	-0.002514	-0.619662	-0.017997	0.203728	0.743359	0.146975	-0.125168	-2.874832
0.658000	-1932.871550	-1690.526250	3623.397800	242.345300	5556.269349	0.930446	-0.219517	1.478339	0.336071	-0.194881	0.152410	0.250403	0.873469	0.014132	-0.125381	-2.874619
0.659800	-1933.686285	-1690.827157	3624.513442	242.859128	5558.199726	1.513153	0.269512	3.044102	0.634512	0.201041	0.015679	0.036616	0.727797	-0.160318	-0.125594	-2.874406
0.661600	-1934.500886	-1691.127910	3625.628796	243.372976	5560.129682	2.017622	0.797111	-1.714384	0.730790	0.401759	-0.165333	-0.350155	0.392456	-0.023904	-0.125807	-2.874193
0.663400	-1935.315353	-1691.428510	3626.743863	243.886844	5562.059217	2.496819	1.456955	-0.207241	0.556861	0.335634	-0.034072	-0.740515	0.038375	0.162048	-0.126019	-2.873981
0.665200	-1936.129686	-1691.728957	3627.858643	244.400729	5563.988329	2.968886	2.794980	1.326616	0.167285	0.056762	0.151880	-0.958957	-0.157151	0.037841	-0.126232	-2.873768
0.667000	-1936.943883	-1692.029254	3628.973137	244.914629	5565.917020	-2.840077	-1.891291	2.921950	-0.280644	-0.277222	0.032020	-0.902398	-0.092021	-0.143430	-0.126444	-2.873556
0.668800	-1937.757944	-1692.329400	3630.087344	245.428543	5567.845287	-2.356224	-1.160522	-1.726448	-0.595222	-0.476675	-0.143756	-0.595257	0.207333	-0.022558	-0.126656	-2.873344
0.670600	-1938.571867	-1692.629398	3631.201265	245.942469	5569.773132	-1.849737	-0.610677	-0.117949	-0.646769	-0.415150	-0.017932	-0.185240	0.593133	0.151326	-0.126868	-2.873132
0.672400	-1939.385653	-1692.929247	3632.314900	246.456405	5571.700552	-1.279180	-0.110438	1.440820	-0.437183	-0.096452	0.159223	0.131231	0.869805	0.020813	-0.127080	-2.872920
0.674200	-1940.199299	-1693.228950	3633.428250	246.970349	5573.627549	-0.428275	0.371475	2.971441	-0.096080	0.348023	0.027949	0.210455	0.893372	-0.162674	-0.127291	-2.872709
0.676000	-1941.012807	-1693.528507	3634.541314	247.484300	5575.554121	1.420371	0.848178	-1.787175	0.187767	0.725968	-0.161035	0.028460	0.640093	-0.035399	-0.127503	-2.872497
0.677800	-1941.826174	-1693.827919	3635.654094	247.998255	5577.480268	2.455995	1.329122	-0.254672	0.255116	0.874899	-0.040375	-0.311892	0.215655	0.155094	-0.127714	-2.872286
0.679600	-1942.639401	-1694.127188	3636.766589	248.512213	5579.405990	3.062122	1.825802	1.305367	0.049880	0.738238	0.146920	-0.626340	-0.192445	0.039939	-0.127925	-2.872075
0.681400	-1943.452486	-1694.426313	3637.878799	249.026173	5581.331286	-2.699873	2.362957	2.913252	-0.347098	0.397036	0.032932	-0.734003	-0.402443	-0.141706	-0.128136	-2.871864
0.683200	-1944.265429	-1694.725297	3638.990726	249.540132	5583.256155	-2.205413	3.036176	-1.734986	-0.750049	0.035054	-0.144744	-0.552194	-0.331292	-0.023981	-0.128347	-2.871653
0.685000	-1945.078229	-1695.024140	3640.102369	250.054089	5585.180598	-1.720965	-1.829811	-0.136948	-0.963654	-0.155027	-0.021321	-0.145809	-0.041077	0.154711	-0.128557	-2.871443
0.686800	-1945.890885	-1695.322843	3641.213729	250.568042	5587.104614	-1.237813	-0.242513	1.399468	-0.887049	-0.072679	0.163173	0.306796	0.293794	0.028233	-0.128768	-2.871232
0.688600	-1946.703398	-1695.621408	3642.324805	251.081990	5589.028203	-0.746031	0.467669	2.906575	-0.561800	0.241407	0.039043	0.607871	0.478000	-0.163059	-0.128978	-2.871022
0.690400	-1947.515765	-1695.919834	3643.435599	251.595930	5590.951364	-0.226571	1.013551	-1.854854	-0.146499	0.628521	-0.155577	0.635490	0.391643	-0.045421	-0.129188	-2.870812
0.692200	-1948.327986	-1696.218124	3644.546110	252.109862	5592.874097	0.376906	1.516569	-0.293410	0.158188	0.888408	-0.044499	0.399636	0.048223	0.147286	-0.129398	-2.870602
0.694000	-1949.140062	-1696.516278	3645.656340	252.623784	5594.796401	1.367339	2.005886	1.303945	0.204810	0.876552	0.142867	0.042255	-0.407417	0.039056	-0.129608	-2.870392
0.695800	-1949.951990	-1696.814296	3646.766287	253.137694	5596.718277	-3.049625	2.492647	2.917896	-0.021013	0.581572	0.032603	-0.227835	-0.766697	-0.143309	-0.129817	-2.870183
0.697600	-1950.763771	-1697.112181	3647.875952	253.651590	5598.639724	-2.138336	2.984393	-1.756438	-0.385399	0.137222	-0.148458	-0.245693	-0.865711	-0.027881	-0.130027	-2.869973
0.699400	-1951.575404	-1697.409932	3648.985336	254.165472	5600.560741	-1.545166	-2.790154	-0.178940	-0.677497	-0.247121	-0.028354	0.017368	-0.673980	0.156762	-0.130236	-2.869764
0.701200	-1952.386888	-1697.707551	3650.094440	254.679337	5602.481328	-1.024251	-2.230728	1.353340	-0.724284	-0.397698	0.162970	0.440627	-0.308612	0.036008	-0.130445	-2.869555
0.703000	-1953.198223	-1698.005039	3651.203262	255.193184	5604.401485	-0.526916	-1.459391	2.858922	-0.477455	-0.263691	0.046775	0.820677	0.029499	-0.161043	-0.130654	-2.869346
0.704800	-1954.009408	-1698.302396	3652.311804	255.707011	5606.321212	-0.035276	0.364848	-1.903000	-0.034307	0.059914	-0.151295	0.972118	0.156864	-0.052195	-0.130863	-2.869137
0.706600	-1954.820442	-1698.599624	3653.420066	256.220818	5608.240508	0.461468	1.573036	-0.326696	0.406776	0.378212	-0.047984	0.818004	-0.000847	0.141614	-0.131071	-2.868929
0.708400	-1955.631325	-1698.896723	3654.528048	256.734602	5610.159373	0.974920	2.208791	1.300481	0.641957	0.493503	0.139544	0.435312	-0.365899	0.038667	-0.131280	-2.868720
0.710200	-1956.442056	-1699.193694	3655.635751	257.248362	5612.077807	1.530805	2.743637	2.923449	0.572307	0.312404	0.032167	0.022899	-0.743137	-0.145110	-0.131488	-2.868512
0.712000	-1957.252635	-1699.490539	3656.743174	257.762097	5613.995809	2.233771	-3.035304	-1.777285	0.263311	-0.098610	-0.152928	-0.205615	-0.924258	-0.032034	-0.131696	-2.868304
0.713800	-1958.063061	-1699.787257	3657.850318	258.275804	5615.913379	-2.563988	-2.542015	-0.228425	-0.092057	-0.548573	-0.036873	-0.141246	-0.802575	0.158605	-0.131904	-2.868096
0.715600	-1958.873334	-1700.083850	3658.957184	258.789484	5617.830518	-1.040423	-2.049323	1.300690	-0.281423	-0.826012	0.160311	0.165032	-0.428485	0.044386	-0.132111	-2.867889
0.717400	-1959.683453	-1700.380318	3660.063771	259.303134	5619.747223	-0.329798	-1.546238	2.820839	-0.182895	-0.808343	0.052042	0.534313	0.019856	-0.156647	-0.132319	-2.867681
0.719200	-1960.493417	-1700.676663	3661.170080	259.816753	5621.663497	0.228573	-1.011701	-1.928882	0.174617	-0.523395	-0.147885	0.750592	0.327483	-0.055341	-0.132526	-2.867474
0.721000	-1961.303226	-1700.972886	3662.276111	260.330340	5623.579337	0.747226	-0.373612	-0.348373	0.620883	-0.138227	-0.050540	0.670190	0.352597	0.139159	-0.132733	-2.867267
0.722800	-1962.112879	-1701.268986	3663.381865	260.843893	5625.494744	1.253688	0.869111	1.285871	0.927321	0.125123	0.137807	0.304332	0.105750	0.040363	-0.132940	-2.867060
0.724600	-1962.922376	-1701.564965	3664.487341	261.357411	5627.409718	1.758955	2.721123	2.916446	0.933300	0.111854	0.033324	-0.177711	-0.250157	-0.145500	-0.133147	-2.866853
0.726400	-1963.731717	-1701.860824	3665.592541	261.870892	5629.324258	2.272515	-2.796402	-1.793953	0.640691	-0.176077	-0.155676	-0.541532	-0.489664	-0.035328	-0.133354	-2.866646
0.728200	-1964.540900	-1702.156564	3666.697464	262.384336	5631.238364	2.813536	-2.231440	-0.267502	0.211202	-0.581656	-0.043976	-0.620535	-0.452026	0.160455	-0.133560	-2.866440
0.730000	-1965.349926	-1702.452185	3667.802110	262.897741	5633.152036	-2.837359	-1.714900	1.249655	-0.126730	-0.881449	0.157968	-0.403622	-0.127907	0.052549	-0.133766	-2.866234
0.731800	-1966.158793	-1702.747688	3668.906481	263.411105	5635.065274	-1.749429	-1.213514	2.781866	-0.198735	-0.904943	0.056951	-0.035883	0.337818	-0.151428	-0.133972	-2.866028
0.733600	-1966.967502	-1703.043074	3670.010575	263.924428	5636.978077	0.100110	-0.713758	-1.944998	0.025749	-0.624407	-0.144094	0.256346	0.720954	-0.056586	-0.134178	-2.865822
0.735400	-1967.776051	-1703.338343	3671.114394	264.437708	5638.890446	0.967866	-0.205831	-0.356041	0.411488	-0.174455	-0.051501	0.283288	0.835560	0.138484	-0.134384	-2.865616
0.737200	-1968.584441	-1703.633497	3672.217938	264.950944	5640.802379	1.568796	0.325471	1.268338	0.723862	0.215705	0.138154	0.001448	0.639178	0.043108	-0.134590	-2.865410
0.739000	-1969.392671	-1703.928536	3673.321207	265.464135	5642.713878	2.107184	0.928723	2.893865	0.762022	0.350578	0.036733	-0.453045	0.262152	-0.145236	-0.134795	-2.865205
0.740800	-1970.200740	-1704.223461	3674.424201	265.977278	5644.624941	2.624220	1.918853	-1.813432	0.478717	0.181945	-0.155695	-0.841215	-0.066014	-0.038536	-0.135000	-2.865000
0.742600	-1971.008648	-1704.518273	3675.526921	266.490375	5646.535569	3.135628	-2.303925	-0.291571	0.005727	-0.165523	-0.048362	-0.960231	-0.149065	0.161141	-0.135205	-2.864795
0.744400	-1971.816394	-1704.812972	3676.629367	267.003422	5648.445761	-2.629180	-1.427297	1.213503	-0.424185	-0.467693	0.157183	-0.754065	0.067578	0.058679	-0.135410	-2.864590
0.746200	-1972.623979	-1705.107560	3677.731538	267.516419	5650.355517	-2.083902	-0.841067	2.743068	-0.603137	-0.524421	0.062219	-0.339834	0.469058	-0.147769	-0.135615	-2.864385
0.748000	-1973.431401	-1705.402036	3678.833437	268.029364	5652.264837	-1.455822	-0.312653	-1.966600	-0.458457	-0.268850	-0.139984	0.052944	0.831695	-0.058493	-0.135819	-2.864181
0.749800	-1974.238660	-1705.696402	3679.935062	268.542257	5654.173722	-0.448738	0.198845	-0.359821	-0.098366	0.190199	-0.051638	0.204291	0.943878	0.137264	-0.136023	-2.863977
0.751600	-1975.045755	-1705.990659	3681.036414	269.055097	5656.082169	1.436941	0.706970	1.258063	0.241145	0.622786	0.139368	0.032473	0.729025	0.045064	-0.136227	-2.863773
0.753400	-1975.852687	-1706.284806	3682.137493	269.567881	5657.990181	2.381373	1.220538	2.866962	0.333611	0.809482	0.041035	-0.350849	0.295722	-0.145644	-0.136431	-2.863569
0.755200	-1976.659455	-1706.578845	3683.238300	270.080610	5659.897755	3.001400	1.754200	-1.840233	0.099616	0.671313	-0.154250	-0.705905	-0.124521	-0.042597	-0.136635	-2.863365
0.757000	-1977.466058	-1706.872777	3684.338835	270.593281	5661.804893	-2.734604	2.355674	-0.309271	-0.348516	0.313751	-0.051076	-0.808518	-0.313424	0.159852	-0.136838	-2.863162
0.758800	-1978.272496	-1707.166602	3685.439098	271.105895	5663.711594	-2.210165	-2.946000	1.195697	-0.775678	-0.037483	0.156993	-0.576765	-0.189190	0.061815	-0.137042	-2.862958
0.760600	-1979.078769	-1707.460320	3686.539089	271.618449	5665.617858	-1.689303	-0.829403	2.715424	-0.954825	-0.163903	0.066653	-0.113686	0.150078	-0.146816	-0.137245	-2.862755
0.762400	-1979.884876	-1707.753934	3687.638810	272.130942	5667.523685	-1.158301	0.048483	-1.996241	-0.791608	0.023277	-0.137175	0.346409	0.479725	-0.062157	-0.137448	-2.862552
0.764200	-1980.690816	-1708.047442	3688.738259	272.643374	5669.429075	-0.596767	0.640243	-0.374469	-0.384027	0.427485	-0.052951	0.565243	0.573866	0.134732	-0.137651	-2.862349
0.766000	-1981.496590	-1708.340847	3689.837437	273.155744	5671.334027	0.057921	1.175750	1.252105	0.025660	0.816209	0.139247	0.442514	0.340332	0.045943	-0.137853	-2.862147
0.767800	-1982.302197	-1708.634147	3690.936345	273.668050	5673.238542	1.168689	1.693643	2.849613	0.194708	0.958042	0.044028	0.082806	-0.118288	-0.146482	-0.138056	-2.861944
0.769600	-1983.107637	-1708.927346	3692.034982	274.180291	5675.142619	3.030424	2.207278	-1.867085	0.029858	0.763714	-0.153317	-0.267479	-0.564453	-0.046804	-0.138258	-2.861742
0.771400	-1983.912908	-1709.220442	3693.133350	274.692467	5677.046258	-2.373387	2.727117	-0.328774	-0.359162	0.338158	-0.053752	-0.371729	-0.768606	0.157559	-0.138460	-2.861540
0.773200	-1984.718012	-1709.513436	3694.231448	275.204576	5678.949460	-1.761573	-3.011165	1.187115	-0.729545	-0.084247	0.156042	-0.140894	-0.642261	0.062992	-0.138662	-2.861338
0.775000	-1985.522947	-1709.806330	3695.329277	275.716617	5680.852224	-1.210660	-2.376633	2.704072	-0.845254	-0.275015	0.069007	0.318287	-0.286493	-0.147529	-0.138863	-2.861137
0.776800	-1986.327713	-1710.099123	3696.426836	276.228589	5682.754549	-0.676780	-1.144455	-2.022470	-0.611185	-0.142478	-0.136911	0.760795	0.064714	-0.066419	-0.139065	-2.860935
0.778600	-1987.132310	-1710.391817	3697.524127	276.740492	5684.656437	-0.143055	0.866539	-0.404418	-0.135490	0.210259	-0.056620	0.940648	0.178634	0.132287	-0.139266	-2.860734
0.780400	-1987.936737	-1710.684413	3698.621149	277.252324	5686.557886	0.403676	1.633374	1.237323	0.325203	0.540798	0.136809	0.761361	-0.033886	0.047392	-0.139467	-2.860533
0.782200	-1988.740994	-1710.976909	3699.717903	277.764085	5688.458897	0.989159	2.211045	2.842386	0.521178	0.614745	0.045014	0.342680	-0.457943	-0.145927	-0.139668	-2.860332
0.784000	-1989.545081	-1711.269308	3700.814389	278.275773	5690.359470	1.713234	2.745344	-1.881574	0.367162	0.353002	-0.153266	-0.052654	-0.843739	-0.049227	-0.139869	-2.860131
0.785800	-1990.348997	-1711.561610	3701.910607	278.787387	5692.259605	-3.098709	-3.017265	-0.346604	-0.007890	-0.120136	-0.056413	-0.183886	-0.961308	0.156190	-0.140070	-2.859930
0.787600	-1991.152742	-1711.853816	3703.006558	279.298926	5694.159300	-1.500852	-2.497294	1.178094	-0.344644	-0.554620	0.154585	0.024145	-0.738267	0.064032	-0.140270	-2.859730
0.789400	-1991.956316	-1712.145926	3704.102242	279.810390	5696.058558	-0.746791	-1.964946	2.701861	-0.407683	-0.722905	0.069707	0.440442	-0.300666	-0.148171	-0.140470	-2.859530
0.791200	-1992.759718	-1712.437940	3705.197658	280.321778	5697.957377	-0.152572	-1.392516	-2.035880	-0.123420	-0.553668	-0.138569	0.802639	0.099767	-0.069534	-0.140670	-2.859330
0.793000	-1993.562949	-1712.729860	3706.292808	280.833089	5699.855757	0.401273	-0.652827	-0.438276	0.368976	-0.178620	-0.061711	0.869622	0.233589	0.131670	-0.140870	-2.859130
0.794800	-1994.366006	-1713.021686	3707.387692	281.344321	5701.753698	0.944327	1.316676	1.205500	0.792921	0.142192	0.133361	0.573853	0.036932	0.051005	-0.141070	-2.858930
0.796600	-1995.168892	-1713.313418	3708.482310	281.855474	5703.651201	1.490544	2.652425	2.832286	0.906333	0.182478	0.045598	0.072892	-0.342797	-0.142687	-0.141269	-2.858731
0.798400	-1995.971604	-1713.605057	3709.576661	282.366547	5705.548265	2.056991	-2.979990	-1.881713	0.658945	-0.104139	-0.152350	-0.348259	-0.638792	-0.048956	-0.141468	-2.858532
0.800200	-1996.774143	-1713.896604	3710.670747	282.877539	5707.444890	2.691160	-2.423360	-0.351523	0.222297	-0.555094	-0.057329	-0.459682	-0.635159	0.156313	-0.141667	-2.858333
0.802000	-1997.576509	-1714.188060	3711.764568	283.388449	5709.341077	-2.647011	-1.892300	1.170465	-0.122395	-0.902798	0.154253	-0.226957	-0.300685	0.065277	-0.141866	-2.858134
0.803800	-1998.378700	-1714.479424	3712.858124	283.899277	5711.236824	-0.734399	-1.366952	2.699382	-0.156233	-0.938624	0.070300	0.173040	0.194028	-0.148473	-0.142065	-2.857935
0.805600	-1999.180718	-1714.770697	3713.951415	284.410021	5713.132133	0.308945	-0.835093	-2.039892	0.146324	-0.639283	-0.140533	0.458459	0.578705	-0.071226	-0.142263	-2.857737
0.807400	-1999.982561	-1715.061881	3715.044441	284.920680	5715.027002	0.965609	-0.279231	-0.462509	0.596014	-0.185436	-0.066331	0.412310	0.646747	0.133040	-0.142462	-2.857538
0.809200	-2000.784229	-1715.352974	3716.137204	285.431255	5716.921433	1.543859	0.358417	1.163721	0.898690	0.145227	0.131082	0.024214	0.387689	0.056517	-0.142660	-2.857340
0.811000	-2001.585723	-1715.643979	3717.229702	285.941743	5718.815425	2.099096	1.570108	2.806264	0.843900	0.154898	0.047976	-0.492529	0.000107	-0.137668	-0.142858	-2.857142
0.812800	-2002.387041	-1715.934896	3718.321937	286.452145	5720.708978	2.650379	-2.595553	-1.879879	0.447436	-0.143023	-0.148712	-0.836409	-0.235363	-0.047486	-0.143055	-2.856945
0.814600	-2003.188183	-1716.225724	3719.413908	286.962459	5722.602091	-3.069662	-1.827650	-0.339924	-0.058786	-0.532838	-0.055212	-0.815855	-0.139953	0.156119	-0.143253	-2.856747
0.816400	-2003.989150	-1716.516466	3720.505616	287.472684	5724.494766	-2.461703	-1.245110	1.175638	-0.379612	-0.738116	0.155752	-0.469538	0.249270	0.064964	-0.143450	-2.856550
0.818200	-2004.789941	-1716.807120	3721.597061	287.982821	5726.387002	-1.676460	-0.702285	2.698245	-0.341900	-0.597040	0.071174	-0.036262	0.705552	-0.149878	-0.143647	-2.856353
0.820000	-2005.590555	-1717.097688	3722.688243	288.492867	5728.278798	0.002977	-0.169572	-2.042647	0.000578	-0.163342	-0.142343	0.194016	0.954012	-0.072637	-0.143844	-2.856156
0.821800	-2006.390993	-1717.388171	3723.779163	289.002822	5730.170156	1.420979	0.366240	-0.475967	0.396996	0.323420	-0.069707	0.059926	0.843243	0.135223	-0.144041	-2.855959
0.823600	-2007.191254	-1717.678568	3724.869821	289.512686	5732.061075	2.150230	0.919157	1.126729	0.553192	0.585310	0.130920	-0.361987	0.446471	0.062286	-0.144238	-2.855762
0.825400	-2007.991337	-1717.968880	3725.960217	290.022457	5733.951555	2.752935	1.527342	2.764190	0.326283	0.487505	0.052790	-0.796810	0.021198	-0.133173	-0.144434	-2.855566
0.827200	-2008.791243	-1718.259109	3727.050352	290.532135	5735.841595	-2.962565	2.448789	-1.892608	-0.172167	0.131906	-0.142533	-0.951385	-0.158911	-0.047521	-0.144630	-2.855370
0.829000	-2009.590972	-1718.549253	3728.140225	291.041719	5737.731197	-2.403914	-1.512976	-0.322842	-0.648492	-0.210041	-0.051216	-0.713536	0.012158	0.153090	-0.144826	-2.855174
0.830800	-2010.390523	-1718.839314	3729.229837	291.551209	5739.620360	-1.837266	-0.605719	1.199145	-0.824359	-0.279684	0.157270	-0.225018	0.403837	0.061298	-0.145022	-2.854978
0.832600	-2011.189896	-1719.129293	3730.319189	292.060603	5741.509084	-1.233682	-0.000312	2.710740	-0.616538	-0.000231	0.070460	0.216093	0.738053	-0.153290	-0.145218	-2.854782
0.834400	-2011.989090	-1719.419189	3731.408279	292.569901	5743.397369	-0.491812	0.553042	-2.042228	-0.185951	0.475172	-0.145360	0.347105	0.769761	-0.074100	-0.145413	-2.854587
0.836200	-2012.788106	-1719.709004	3732.497110	293.079102	5745.285216	0.991499	1.093269	-0.484715	0.163828	0.859898	-0.072561	0.107171	0.444973	0.137787	-0.145609	-2.854391
0.838000	-2013.586943	-1719.998738	3733.585680	293.588205	5747.172623	2.626588	1.634795	1.100624	0.179782	0.917213	0.132324	-0.317666	-0.058781	0.067245	-0.145804	-2.854196
0.839800	-2014.385601	-1720.288390	3734.673991	294.097211	5749.059592	-2.872564	2.190650	2.718638	-0.167896	0.620105	0.058908	-0.608952	-0.442561	-0.130872	-0.145998	-2.854002
0.841600	-2015.184079	-1720.577963	3735.762042	294.606117	5750.946122	-2.251656	2.793652	-1.927433	-0.655577	0.176220	-0.136005	-0.531073	-0.485862	-0.050671	-0.146193	-2.853807
0.843400	-2015.982379	-1720.867455	3736.849834	295.114923	5752.832213	-1.673480	-2.632814	-0.319132	-0.956182	-0.111286	-0.048415	-0.098531	-0.199524	0.146523	-0.146388	-2.853612
0.845200	-2016.780498	-1721.156869	3737.937367	295.623630	5754.717865	-1.106789	-0.277686	1.231358	-0.865574	-0.051934	0.155649	0.433177	0.182193	0.054961	-0.146582	-2.853418
0.847000	-2017.578438	-1721.446203	3739.024641	296.132235	5756.603079	-0.532855	0.697415	2.744315	-0.438805	0.304565	0.065845	0.744043	0.363495	-0.156928	-0.146776	-2.853224
0.848800	-2018.376198	-1721.735459	3740.111657	296.640738	5758.487855	0.077882	1.313592	-2.025411	0.051641	0.704949	-0.150624	0.661733	0.185423	-0.073619	-0.146970	-2.853030
0.850600	-2019.173777	-1722.024637	3741.198414	297.149139	5760.372191	0.826431	1.874042	-0.486112	0.295240	0.860566	-0.075035	0.271953	-0.269268	0.142004	-0.147164	-2.852836
0.852400	-2019.971176	-1722.313738	3742.284914	297.657437	5762.256090	2.314434	2.420886	1.083352	0.146607	0.638774	0.135066	-0.134847	-0.727269	0.071600	-0.147357	-2.852643
0.854200	-2020.768394	-1722.602762	3743.371156	298.165632	5764.139550	-2.321678	2.968914	2.680630	-0.270887	0.157600	0.065078	-0.252804	-0.903586	-0.131034	-0.147551	-2.852449
0.856000	-2021.565431	-1722.891709	3744.457140	298.673722	5766.022571	-1.529619	-2.751700	-1.976710	-0.639771	-0.286836	-0.131524	0.026359	-0.698018	-0.056527	-0.147744	-2.852256
0.857800	-2022.362287	-1723.180580	3745.542867	299.181707	5767.905154	-0.901470	-2.139295	-0.343415	-0.668238	-0.423332	-0.049486	0.528683	-0.270447	0.138389	-0.147937	-2.852063
0.859600	-2023.158962	-1723.469376	3746.628338	299.689586	5769.787299	-0.315981	-1.232831	1.251206	-0.299938	-0.197122	0.149245	0.917424	0.069278	0.049390	-0.148130	-2.851870
0.861400	-2023.955455	-1723.758096	3747.713551	300.197359	5771.669006	0.258851	1.179971	2.790093	0.246642	0.193078	0.057563	0.931455	0.079552	-0.156963	-0.148322	-2.851678
0.863200	-2024.751767	-1724.046741	3748.798508	300.705025	5773.550275	0.843242	2.085222	-1.983438	0.633474	0.436487	-0.156257	0.564123	-0.246696	-0.068405	-0.148515	-2.851485
0.865000	-2025.547897	-1724.335313	3749.883209	301.212584	5775.431106	1.471527	2.696742	-0.466180	0.633073	0.324167	-0.074896	0.063052	-0.679995	0.148849	-0.148707	-2.851293
0.866800	-2026.343844	-1724.623810	3750.967654	301.720035	5777.311499	2.272821	-3.022863	1.079810	0.280033	-0.108575	0.140277	-0.236839	-0.910164	0.075000	-0.148899	-2.851101
0.868600	-2027.139610	-1724.912233	3752.051843	302.227377	5779.191454	-2.324275	-2.470430	2.655345	-0.148198	-0.601597	0.070755	-0.139027	-0.757538	-0.133860	-0.149091	-2.850909
0.870400	-2027.935193	-1725.200584	3753.135777	302.734609	5781.070971	-0.860242	-1.915053	-2.024916	-0.316695	-0.844236	-0.130498	0.272513	-0.302687	-0.063702	-0.149282	-2.850718
0.872200	-2028.730594	-1725.488862	3754.219456	303.241732	5782.950050	-0.105116	-1.341558	-0.394678	-0.071985	-0.694685	-0.054966	0.682291	0.162098	0.131959	-0.149474	-2.850526
0.874000	-2029.525812	-1725.777068	3755.302880	303.748744	5784.828692	0.520090	-0.701840	1.236703	0.439348	-0.286208	0.139787	0.767177	0.338532	0.048521	-0.149665	-2.850335
0.875800	-2030.320847	-1726.065202	3756.386049	304.255645	5786.706896	1.110239	0.453575	2.823806	0.873697	0.067259	0.049591	0.433479	0.137975	-0.150763	-0.149856	-2.850144
0.877600	-2031.115699	-1726.353265	3757.468964	304.762435	5788.584663	1.693928	2.776460	-1.925924	0.939585	0.098046	-0.157623	-0.116281	-0.256482	-0.058455	-0.150047	-2.849953
0.879400	-2031.910368	-1726.641256	3758.551624	305.269112	5790.461992	2.293412	-2.734598	-0.416147	0.602590	-0.225842	-0.068959	-0.531308	-0.523919	0.156031	-0.150237	-2.849763
0.881200	-2032.704854	-1726.929177	3759.634031	305.775676	5792.338885	2.955773	-2.136756	1.104504	0.104867	-0.680604	0.148519	-0.557841	-0.432376	0.074751	-0.150428	-2.849572
0.883000	-2033.499156	-1727.217028	3760.716184	306.282127	5794.215340	-2.382660	-1.572484	2.652565	-0.202601	-0.942376	0.074641	-0.213619	-0.001590	-0.140266	-0.150618	-2.849382
0.884800	-2034.293274	-1727.504809	3761.798084	306.788465	5796.091358	-0.440188	-1.014693	-2.055702	-0.103557	-0.813774	-0.133847	0.219862	0.505788	-0.070519	-0.150808	-2.849192
0.886600	-2035.087209	-1727.792521	3762.879730	307.294687	5797.966939	0.691153	-0.450024	-0.452300	0.323297	-0.369560	-0.063269	0.390796	0.765000	0.130211	-0.150998	-2.849002
0.888400	-2035.880959	-1728.080164	3763.961123	307.800795	5799.842083	1.393379	0.142045	1.181492	0.750773	0.089305	0.131739	0.134615	0.624474	0.054045	-0.151188	-2.848812
0.890200	-2036.674526	-1728.367738	3765.042264	308.306788	5801.716790	2.010970	0.851928	2.815026	0.841317	0.253340	0.047410	-0.396254	0.221690	-0.139978	-0.151378	-2.848622
0.892000	-2037.467908	-1728.655244	3766.123153	308.812664	5803.591061	2.605314	2.857451	-1.882098	0.500604	0.034151	-0.151139	-0.842227	-0.116938	-0.048631	-0.151567	-2.848433
0.893800	-2038.261106	-1728.942683	3767.203789	309.318423	5805.464895	-3.082483	-1.878743	-0.348709	-0.053480	-0.371802	-0.057402	-0.903712	-0.118257	0.157886	-0.151756	-2.848244
0.895600	-2039.054120	-1729.230054	3768.284173	309.824066	5807.338293	-2.458170	-1.208538	1.163722	-0.453896	-0.630234	0.156544	-0.557381	0.238848	0.067495	-0.151945	-2.848055
0.897400	-2039.846948	-1729.517357	3769.364306	310.329591	5809.211254	-1.721608	-0.624242	2.686424	-0.448411	-0.511702	0.073327	-0.068143	0.710369	-0.149815	-0.152134	-2.847866
0.899200	-2040.639592	-1729.804594	3770.444187	310.834998	5811.083779	-0.371655	-0.059243	-2.051795	-0.077986	-0.057044	-0.142025	0.200082	0.961752	-0.074120	-0.152322	-2.847678
0.901000	-2041.432052	-1730.091765	3771.523817	311.340286	5812.955868	1.443605	0.505255	-0.484151	0.348226	0.447169	-0.070997	0.044532	0.808412	0.135002	-0.152511	-2.847489
0.902800	-2042.224326	-1730.378870	3772.603196	311.845455	5814.827521	2.299468	1.084019	1.114685	0.472243	0.672138	0.130152	-0.421491	0.355733	0.063855	-0.152699	-2.847301
0.904600	-2043.016415	-1730.665910	3773.682324	312.350505	5816.698739	2.957764	1.714490	2.751101	0.156534	0.491541	0.053854	-0.841908	-0.071122	-0.130832	-0.152887	-2.847113
0.906400	-2043.808318	-1730.952884	3774.761202	312.855434	5818.569520	-2.713983	2.691548	-1.892286	-0.402774	0.081668	-0.138881	-0.883798	-0.169047	-0.046253	-0.153075	-2.846925
0.908200	-2044.600036	-1731.239793	3775.839830	313.360243	5820.439866	-2.112595	-1.082722	-0.300677	-0.821133	-0.210416	-0.046575	-0.494222	0.111713	0.150204	-0.153262	-2.846738
0.910000	-2045.391569	-1731.526638	3776.918207	313.864931	5822.309776	-1.497798	-0.242390	1.238411	-0.818451	-0.131198	0.157543	0.059852	0.530628	0.054383	-0.153450	-2.846550
0.911800	-2046.182916	-1731.813419	3777.996335	314.369497	5824.179251	-0.822981	0.372569	2.756580	-0.426719	0.289462	0.063860	0.395792	0.740649	-0.157587	-0.153637	-2.846363
0.913600	-2046.974078	-1732.100136	3779.074214	314.873941	5826.048291	0.130263	0.948574	-2.002603	0.039107	0.762758	-0.152621	0.298513	0.547103	-0.070329	-0.153824	-2.846176
0.915400	-2047.765053	-1732.386790	3780.151843	315.378263	5827.916896	2.095945	1.516672	-0.464995	0.213502	0.953883	-0.073065	-0.123707	0.051679	0.145639	-0.154011	-2.845989
0.917200	-2048.555843	-1732.673381	3781.229223	315.882462	5829.785066	-3.044077	2.091969	1.089430	-0.050444	0.729423	0.137682	-0.515650	-0.418776	0.071918	-0.154198	-2.845802
0.919000	-2049.346446	-1732.959909	3782.306355	316.386538	5831.652801	-2.330764	2.698022	2.677590	-0.563758	0.262356	0.065470	-0.535790	-0.552154	-0.130823	-0.154384	-2.845616
0.920800	-2050.136863	-1733.246374	3783.383238	316.890489	5833.520101	-1.699314	-2.835076	-1.970451	-0.934381	-0.091791	-0.129661	-0.120750	-0.290027	-0.054767	-0.154570	-2.845430
0.922600	-2050.927094	-1733.532778	3784.459872	317.394317	5835.386967	-1.088027	-0.504682	-0.322608	-0.867853	-0.066965	-0.045662	0.454872	0.121226	0.136595	-0.154757	-2.845243
0.924400	-2051.717139	-1733.819120	3785.536259	317.898019	5837.253398	-0.471585	0.760064	1.281036	-0.401707	0.303766	0.147637	0.787720	0.319561	0.044018	-0.154942	-2.845058
0.926200	-2052.506997	-1734.105401	3786.612398	318.401597	5839.119395	0.183814	1.417100	2.833044	0.122894	0.713398	0.049696	0.661034	0.110519	-0.155919	-0.155128	-2.844872
0.928000	-2053.296669	-1734.391620	3787.688289	318.905048	5840.984958	1.002580	2.007187	-1.921248	0.328177	0.820656	-0.158376	0.209527	-0.382737	-0.057893	-0.155314	-2.844686
0.929800	-2054.086154	-1734.677779	3788.763933	319.408374	5842.850087	2.708815	2.581540	-0.394573	0.087572	0.511671	-0.065107	-0.189555	-0.816032	0.156352	-0.155499	-2.844501
0.931600	-2054.875452	-1734.963878	3789.839330	319.911574	5844.714782	-2.061006	-3.125473	1.133893	-0.381916	-0.014280	0.151034	-0.203812	-0.885783	0.070533	-0.155684	-2.844316
0.933400	-2055.664563	-1735.249917	3790.914480	320.414646	5846.579043	-1.282321	-2.528246	2.671156	-0.682403	-0.393684	0.072434	0.202505	-0.559280	-0.142443	-0.155869	-2.844131
0.935200	-2056.453487	-1735.535896	3791.989383	320.917591	5848.442871	-0.631385	-1.842542	-2.041425	-0.536668	-0.374331	-0.133246	0.733917	-0.104303	-0.067790	-0.156054	-2.843946
0.937000	-2057.242225	-1735.821816	3793.064041	321.420409	5850.306265	-0.010388	-0.128785	-0.416383	-0.010216	-0.014574	-0.057170	0.983381	0.112537	0.129272	-0.156238	-2.843762
0.938800	-2058.030775	-1736.107677	3794.138452	321.923098	5852.169226	0.611422	1.806609	1.235280	0.528083	0.355432	0.133740	0.753287	-0.085404	0.046635	-0.156423	-2.843577
0.940600	-2058.819138	-1736.393479	3795.212617	322.425659	5854.031755	1.263804	2.510414	2.855264	0.695205	0.393996	0.042197	0.220390	-0.539039	-0.143322	-0.156607	-2.843393
0.942400	-2059.607314	-1736.679222	3796.286536	322.928091	5855.893850	2.038075	3.115117	-1.854323	0.402327	0.023257	-0.152129	-0.202993	-0.878224	-0.044327	-0.156791	-2.843209
0.944200	-2060.395302	-1736.964908	3797.360210	323.430394	5857.755512	-2.776856	-2.585551	-0.306592	-0.076316	-0.508177	-0.049869	-0.199875	-0.817729	0.157527	-0.156975	-2.843025
0.946000	-2061.183103	-1737.250536	3798.433639	323.932567	5859.616742	-1.013566	-2.005193	1.227683	-0.325658	-0.823452	0.159650	0.202917	-0.382043	0.057034	-0.157159	-2.842841
0.947800	-2061.970716	-1737.536107	3799.506823	324.434610	5861.477539	-0.173503	-1.409410	2.749322	-0.115799	-0.712437	0.065139	0.660709	0.115986	-0.157451	-0.157342	-2.842658
0.949600	-2062.758142	-1737.821620	3800.579762	324.936522	5863.337905	0.493764	-0.745817	-2.013669	0.419710	-0.294522	-0.149518	0.779792	0.318811	-0.070916	-0.157525	-2.842475
0.951400	-2063.545381	-1738.107076	3801.652457	325.438304	5865.197838	1.122384	0.610026	-0.465351	0.882941	0.072266	-0.069610	0.424782	0.103391	0.138628	-0.157708	-2.842292
0.953200	-2064.332431	-1738.392476	3802.724908	325.939955	5867.057339	1.749443	2.919961	1.137269	0.919792	0.071375	0.131413	-0.166088	-0.316753	0.060831	-0.157891	-2.842109
0.955000	-2065.119294	-1738.677820	3803.797114	326.441473	5868.916408	2.405113	-2.626327	2.778971	0.507990	-0.314799	0.050048	-0.560290	-0.555894	-0.131913	-0.158074	-2.841926
0.956800	-2065.905969	-1738.963108	3804.869077	326.942860	5870.775045	-3.111526	-2.011082	-1.871696	-0.014440	-0.782578	-0.138064	-0.480134	-0.368696	-0.042844	-0.158256	-2.841744
0.958600	-2066.692456	-1739.248341	3805.940796	327.444115	5872.633252	-1.727911	-1.420519	-0.269440	-0.222399	-0.951662	-0.040258	-0.035232	0.144099	0.145781	-0.158439	-2.841561
0.960400	-2067.478754	-1739.533518	3807.012272	327.945237	5874.491027	0.122406	-0.833416	1.308246	0.045150	-0.677631	0.153467	0.367010	0.615490	0.041245	-0.158621	-2.841379
0.962200	-2068.264865	-1739.818640	3808.083505	328.446226	5876.348370	0.998166	-0.233155	2.859976	0.555381	-0.169079	0.046368	0.358046	0.711990	-0.160273	-0.158803	-2.841197
0.964000	-2069.050788	-1740.103707	3809.154495	328.947081	5878.205283	1.677410	0.429268	-1.900602	0.875286	0.184017	-0.162832	-0.093673	0.402016	-0.055738	-0.158985	-2.841015
0.965800	-2069.836523	-1740.388720	3810.225242	329.447803	5880.061765	2.312614	1.745120	-0.391381	0.720431	0.124261	-0.065147	-0.660223	-0.021884	0.157866	-0.159166	-2.840834
0.967600	-2070.622069	-1740.673678	3811.295748	329.948391	5881.917817	2.944701	-2.159420	1.136163	0.182516	-0.267039	0.147428	-0.914975	-0.178266	0.068442	-0.159347	-2.840653
0.969400	-2071.407427	-1740.958583	3812.366011	330.448844	5883.773438	-2.676655	-1.421464	2.707650	-0.338031	-0.632018	0.063933	-0.673887	0.095089	-0.137964	-0.159529	-2.840471
0.971200	-2072.192597	-1741.243434	3813.436032	330.949163	5885.628629	-1.896918	-0.803091	-1.964135	-0.450625	-0.624243	-0.133795	-0.152400	0.602535	-0.055520	-0.159710	-2.840290
0.973000	-2072.977579	-1741.528232	3814.505811	331.449347	5887.483390	-0.460066	-0.207198	-0.338221	-0.099939	-0.198286	-0.047263	0.201680	0.943255	0.134372	-0.159890	-2.840110
0.974800	-2073.762372	-1741.812977	3815.575349	331.949395	5889.337721	1.360443	0.387136	1.288117	0.378534	0.343842	0.138212	0.080821	0.843349	0.040145	-0.160071	-2.839929
0.976600	-2074.546976	-1742.097669	3816.644646	332.449307	5891.191622	2.231097	0.996746	2.905114	0.537991	0.601754	0.035113	-0.417797	0.389153	-0.145705	-0.160252	-2.839748
0.978400	-2075.331392	-1742.382309	3817.713701	332.949083	5893.045094	2.916569	1.677198	-1.794395	0.199809	0.413036	-0.155911	-0.872907	-0.044114	-0.035454	-0.160432	-2.839568
0.980200	-2076.115620	-1742.666897	3818.782516	333.448723	5894.898136	-2.723885	-3.023219	-0.256316	-0.397365	-0.012849	-0.042927	-0.895317	-0.108042	0.163792	-0.160612	-2.839388
0.982000	-2076.899659	-1742.951432	3819.851091	333.948227	5896.750750	-2.083864	-0.870540	1.255157	-0.799825	-0.272908	0.164243	-0.450616	0.229987	0.053635	-0.160792	-2.839208
0.983800	-2077.683509	-1743.235916	3820.919425	334.447593	5898.602934	-1.410093	-0.158194	2.772142	-0.712940	-0.105647	0.061090	0.115569	0.662253	-0.157760	-0.160971	-2.839029
0.985600	-2078.467170	-1743.520349	3821.987519	334.946822	5900.454690	-0.591779	0.458025	-1.968185	-0.242366	0.391782	-0.149212	0.360592	0.794703	-0.062627	-0.161151	-2.838849
0.987400	-2079.250643	-1743.804730	3823.055373	335.445913	5902.306017	1.044591	1.056254	-0.399591	0.188368	0.838960	-0.059939	0.109410	0.474296	0.141931	-0.161330	-2.838670
0.989200	-2080.033927	-1744.089061	3824.122988	335.944866	5904.156915	2.697063	1.656417	1.191328	0.186595	0.885675	0.136275	-0.391739	-0.076018	0.054346	-0.161509	-2.838491
0.991000	-2080.817022	-1744.373341	3825.190363	336.443682	5906.007386	-2.758426	2.278281	2.813392	-0.271598	0.511148	0.045467	-0.673793	-0.437116	-0.133525	-0.161688	-2.838312
0.992800	-2081.599929	-1744.657571	3826.257500	336.942358	5907.857428	-2.074870	3.002337	-1.822677	-0.809713	0.049058	-0.136844	-0.446641	-0.350006	-0.035216	-0.161867	-2.838133
0.994600	-2082.382646	-1744.941750	3827.324397	337.440896	5909.707043	-1.424390	-1.031226	-0.195767	-0.971788	-0.096971	-0.029060	0.143301	0.058070	0.146538	-0.162046	-2.837954
0.996400	-2083.165175	-1745.225880	3828.391055	337.939295	5911.556230	-0.770940	0.474905	1.377722	-0.618861	0.196924	0.157464	0.637020	0.383007	0.030786	-0.162224	-2.837776
0.998200	-2083.947515	-1745.509961	3829.457475	338.437554	5913.404990	-0.071503	1.156523	2.912538	-0.047264	0.668970	0.038181	0.659877	0.294160	-0.163766	-0.162402	-2.837598
1.000000	-2084.729665	-1745.793992	3830.523657	338.935674	5915.253322	0.843638	1.770952	-1.845078	0.269250	0.898729	-0.164346	0.239582	-0.182327	-0.046243	-0.162580	-2.837420
