#model:pLinear_up	end_point_b=1.00
#t	l_1	l_2	l_3	l_2-l_1	l_3-l_1	phase_1	phase_2	phase_3	RePsi_1	RePsi_2	RePsi_3	ImPsi_1	ImPsi_2	ImPsi_3
0.101800	-249.852976	-190.245484	440.098460	59.607492	689.951435	1.742240	1.766075	2.507075	0.808286	0.537969	0.096234	-0.139949	-0.106410	-0.130743
0.103600	-250.538287	-190.518937	441.057225	60.019350	691.595512	1.913545	1.960606	-2.921791	0.768029	0.507331	-0.040320	-0.274058	-0.208428	-0.180476
0.105400	-251.222174	-190.792330	442.014504	60.429844	693.236677	2.083700	2.152727	-2.154583	0.704678	0.458939	-0.175288	-0.396858	-0.301950	-0.115794
0.107200	-251.904644	-191.065664	442.970308	60.838980	694.874952	2.252723	2.341762	-1.443821	0.622458	0.395846	-0.227448	-0.505344	-0.384582	0.029037
0.109000	-252.585707	-191.338940	443.924647	61.246767	696.510355	2.421793	2.528174	-0.760393	0.524699	0.320551	-0.163742	-0.598483	-0.455315	0.172142
0.110800	-253.265372	-191.612160	444.877533	61.653212	698.142905	2.592912	2.713296	-0.081001	0.413025	0.234428	-0.018853	-0.675660	-0.513466	0.232238
0.112600	-253.943648	-191.885326	445.828974	62.058322	699.772621	2.768214	2.898722	0.616866	0.287959	0.138143	0.125173	-0.735048	-0.557565	0.176502
0.114400	-254.620542	-192.158438	446.778981	62.462104	701.399523	2.949194	3.085608	1.361018	0.150579	0.032781	0.187274	-0.772956	-0.584917	0.039873
0.116200	-255.296065	-192.431498	447.727563	62.864566	703.023628	3.136226	-3.008971	2.186804	0.004211	-0.078998	0.135141	-0.784642	-0.592169	-0.095666
0.118000	-255.970224	-192.704508	448.674732	63.265716	704.644956	-2.954668	-2.819349	3.113627	-0.144914	-0.192520	0.004184	-0.766200	-0.576614	-0.149576
0.119800	-256.643028	-192.977469	449.620496	63.665559	706.263524	-2.758741	-2.630094	-2.202652	-0.288545	-0.301723	-0.123515	-0.716485	-0.537517	-0.090408
0.121600	-257.314485	-193.250381	450.564866	64.064104	707.879351	-2.561085	-2.442774	-1.305708	-0.418429	-0.400552	-0.167863	-0.637952	-0.476694	0.045571
0.123400	-257.984604	-193.523246	451.507850	64.461359	709.492455	-2.363282	-2.258588	-0.509735	-0.528376	-0.484402	-0.098272	-0.535919	-0.397999	0.175796
0.125200	-258.653394	-193.796065	452.449459	64.857329	711.102852	-2.166063	-2.077899	0.214870	-0.615258	-0.550812	0.048065	-0.416659	-0.306010	0.220241
0.127000	-259.320861	-194.068839	453.389701	65.252022	712.710562	-1.969027	-1.899985	0.901135	-0.678431	-0.599085	0.187966	-0.285423	-0.204658	0.148813
0.128800	-259.987016	-194.341570	454.328586	65.645446	714.315601	-1.770774	-1.723150	1.573747	-0.717994	-0.629096	0.241273	-0.145528	-0.096593	-0.000712
0.130600	-260.651865	-194.614258	455.266123	66.037607	715.917987	-1.569462	-1.545218	2.253527	-0.733014	-0.640084	0.178132	0.000978	0.016376	-0.144855
0.132400	-261.315417	-194.886904	456.202321	66.428512	717.517737	-1.363592	-1.364220	2.963900	-0.720862	-0.630203	0.036566	0.151541	0.132069	-0.203611
0.134200	-261.977679	-195.159509	457.137189	66.818170	719.114868	-1.152660	-1.178981	-2.545828	-0.678163	-0.597177	-0.100051	0.301335	0.246741	-0.147582
0.136000	-262.638660	-195.432075	458.070735	67.206585	720.709396	-0.937388	-0.989365	-1.670110	-0.602865	-0.539724	-0.152331	0.442712	0.354715	-0.015179
0.137800	-263.298368	-195.704602	459.002970	67.593767	722.301338	-0.719539	-0.796143	-0.694274	-0.496253	-0.458944	-0.091833	0.566336	0.449185	0.110303
0.139600	-263.956811	-195.977090	459.933901	67.979720	723.890711	-0.501426	-0.600588	0.273620	-0.363703	-0.358824	0.042148	0.663504	0.523830	0.150177
0.141400	-264.613995	-196.249541	460.863536	68.364454	725.477531	-0.285309	-0.403943	1.135547	-0.213662	-0.245531	0.165919	0.728448	0.574409	0.077150
0.143200	-265.269929	-196.521956	461.791885	68.747973	727.061814	-0.072793	-0.206895	1.898275	-0.055374	-0.125830	0.201069	0.759360	0.599482	-0.068305
0.145000	-265.924621	-196.794335	462.718956	69.130285	728.643577	0.135634	-0.009176	2.600967	0.103398	-0.005505	0.121098	0.757646	0.599908	-0.201735
0.146800	-266.578077	-197.066680	463.644757	69.511397	730.222834	0.340778	0.190547	-3.008917	0.257423	0.111387	-0.032642	0.725928	0.577470	-0.244579
0.148600	-267.230306	-197.338990	464.569296	69.891316	731.799602	0.544477	0.394401	-2.343148	0.403309	0.222052	-0.175147	0.666040	0.533510	-0.170635
0.150400	-267.881315	-197.611267	465.492582	70.270047	733.373897	0.748953	0.604666	-1.665309	0.537607	0.323681	-0.227826	0.578293	0.468418	-0.021597
0.152200	-268.531111	-197.883512	466.414623	70.647599	734.945733	0.956019	0.823036	-0.951091	0.655013	0.412231	-0.164788	0.462475	0.382312	0.117570
0.154000	-269.179701	-198.155725	467.335426	71.023977	736.515127	1.166502	1.050067	-0.163999	0.747922	0.482135	-0.027941	0.320009	0.276520	0.168843
0.155800	-269.827093	-198.427906	468.254999	71.399188	738.082093	1.380086	1.285001	0.740809	0.807804	0.527274	0.098055	0.155952	0.154934	0.107213
0.157600	-270.473294	-198.700057	469.173351	71.773238	739.646645	1.595542	1.525956	1.750159	0.827795	0.542767	0.136150	-0.020489	0.024354	-0.024685
0.159400	-271.118312	-198.972177	470.090489	72.146134	741.208801	1.811203	1.770355	2.725768	0.805118	0.526646	0.062743	-0.197373	-0.106515	-0.142091
0.161200	-271.762152	-199.244269	471.006421	72.517883	742.768572	2.025523	2.015477	-2.707406	0.741992	0.480492	-0.078202	-0.362758	-0.228960	-0.168649
0.163000	-272.404822	-199.516332	471.921154	72.888491	744.325976	2.237625	2.259037	-1.957960	0.644547	0.408684	-0.201171	-0.507326	-0.336095	-0.082026
0.164800	-273.046329	-199.788366	472.834696	73.257963	745.881025	2.447708	2.499673	-1.265268	0.520384	0.316715	-0.229836	-0.625546	-0.423681	0.072491
0.166600	-273.686681	-200.060373	473.747054	73.626307	747.433734	2.657176	2.737189	-0.599397	0.376204	0.209551	-0.142457	-0.714893	-0.489613	0.208499
0.168400	-274.325882	-200.332353	474.658236	73.993529	748.984118	2.868343	2.972406	0.060049	0.216854	0.090962	0.014995	-0.773761	-0.532502	0.249420
0.170200	-274.963942	-200.604307	475.568249	74.359635	750.532190	3.083776	-3.076545	0.731220	0.046277	-0.035850	0.155826	-0.799517	-0.550358	0.173696
0.172000	-275.600865	-200.876234	476.477100	74.724631	752.077965	-2.977667	-2.842154	1.437029	-0.130351	-0.166798	0.203718	-0.788051	-0.540286	0.027415
0.173800	-276.236660	-201.148136	477.384796	75.088523	753.621456	-2.748662	-2.607163	2.213718	-0.304754	-0.295657	0.137671	-0.735258	-0.499519	-0.103128
0.175600	-276.871332	-201.420014	478.291345	75.451318	755.162677	-2.512687	-2.372001	3.112878	-0.465338	-0.413943	0.004098	-0.639693	-0.427241	-0.142666
0.177400	-277.504887	-201.691866	479.196754	75.813021	756.701641	-2.271082	-2.137808	-2.143223	-0.599062	-0.512225	-0.111096	-0.504875	-0.326165	-0.071590
0.179200	-278.137334	-201.963695	480.101029	76.173639	758.238362	-2.025803	-1.906057	-1.133849	-0.694575	-0.582313	-0.133892	-0.339818	-0.202886	0.062535
0.181000	-278.768677	-202.235500	481.004177	76.533177	759.772854	-1.778913	-1.678090	-0.261790	-0.745055	-0.619233	-0.046471	-0.157337	-0.066696	0.173440
0.182800	-279.398923	-202.507282	481.906206	76.891641	761.305129	-1.532060	-1.454653	0.497311	-0.749279	-0.621977	0.101891	0.029039	0.072565	0.187708
0.184600	-280.028079	-202.779042	482.807121	77.249037	762.835200	-1.286044	-1.235514	1.193167	-0.710471	-0.592730	0.223865	0.207960	0.206529	0.088800
0.186400	-280.656151	-203.050779	483.706930	77.605372	764.363081	-1.040602	-1.019302	1.858139	-0.633730	-0.535094	0.245832	0.371479	0.329170	-0.072649
0.188200	-281.283145	-203.322495	484.605640	77.960650	765.888784	-0.794548	-0.803668	2.512551	-0.523648	-0.452458	0.151651	0.514152	0.436220	-0.208412
0.190000	-281.909067	-203.594189	485.503256	78.314878	767.412323	-0.546291	-0.585811	-3.110517	-0.383569	-0.347474	-0.007605	0.630855	0.523693	-0.244636
0.191800	-282.533923	-203.865862	486.399785	78.668061	768.933709	-0.294549	-0.363158	-2.425886	-0.216890	-0.222932	-0.143742	0.714926	0.586643	-0.165315
0.193600	-283.157720	-204.137515	487.295235	79.020205	770.452955	-0.038917	-0.133947	-1.687210	-0.029518	-0.083430	-0.183532	0.758091	0.619130	-0.021463
0.195400	-283.780463	-204.409147	488.189610	79.371316	771.970074	0.219916	0.102516	-0.843801	0.168209	0.063336	-0.111838	0.752506	0.615649	0.099482
0.197200	-284.402159	-204.680760	489.082919	79.721399	773.485077	0.480337	0.345939	0.156489	0.361586	0.206654	0.019852	0.693971	0.573348	0.125824
0.199000	-285.022813	-204.952353	489.975165	80.070460	774.997978	0.740202	0.595359	1.228934	0.533948	0.334486	0.124566	0.584534	0.493818	0.044325
0.200800	-285.642431	-205.223927	490.866357	80.418504	776.508788	0.997342	0.849549	2.178916	0.670401	0.436071	0.132127	0.432980	0.383427	-0.091976
0.202600	-286.261019	-205.495482	491.756500	80.765537	778.017519	1.250064	1.107434	2.982115	0.761053	0.504184	0.031448	0.252824	0.251912	-0.195518
0.204400	-286.878582	-205.767018	492.645601	81.111564	779.524183	1.497599	1.368437	-2.585005	0.802198	0.535975	-0.122372	0.058824	0.109965	-0.196675
0.206200	-287.495127	-206.038537	493.533664	81.456591	781.028792	1.740410	1.632673	-1.913115	0.795031	0.532108	-0.240457	-0.136157	-0.032967	-0.085686
0.208000	-288.110660	-206.310037	494.420697	81.800622	782.531357	1.980214	1.900879	-1.260947	0.742920	0.494900	-0.252808	-0.322382	-0.169561	0.080939
0.209800	-288.725185	-206.581521	495.306705	82.143664	784.031890	2.219620	2.174026	-0.612348	0.649038	0.426691	-0.149913	-0.492198	-0.293942	0.213424
0.211600	-289.338708	-206.852987	496.191694	82.485721	785.530402	2.461453	2.452726	0.047542	0.515867	0.329496	0.011492	-0.637745	-0.400150	0.241541
0.213400	-289.951235	-207.124436	497.075671	82.826799	787.026906	2.708015	2.736691	0.738738	0.346873	0.206148	0.141951	-0.749253	-0.481000	0.155856
0.215200	-290.562771	-207.395868	497.958639	83.166903	788.521411	2.960575	3.024523	1.496405	0.149235	0.062141	0.172180	-0.815400	-0.528374	0.012832
0.217000	-291.173323	-207.667284	498.840607	83.506039	790.013929	-3.063940	-2.969302	2.384036	-0.064269	-0.093111	0.093837	-0.825983	-0.535074	-0.099214
0.218800	-291.782894	-207.938684	499.721578	83.844210	791.504472	-2.800003	-2.681247	-2.832309	-0.275762	-0.246654	-0.036115	-0.775645	-0.497407	-0.113021
0.220600	-292.391491	-208.210068	500.601559	84.181423	792.993050	-2.532223	-2.397320	-1.742925	-0.465337	-0.384152	-0.130042	-0.666690	-0.417123	-0.022608
0.222400	-292.999119	-208.481437	501.480556	84.517682	794.479674	-2.262166	-2.119860	-0.825185	-0.615429	-0.492947	-0.122604	-0.509355	-0.301593	0.113217
0.224200	-293.605782	-208.752790	502.358573	84.852992	795.964355	-1.991100	-1.850338	-0.050564	-0.714433	-0.564581	-0.010433	-0.319306	-0.162068	0.206163
0.226000	-294.211488	-209.024129	503.235617	85.187359	797.447104	-1.719616	-1.589066	0.648609	-0.757881	-0.595649	0.145218	-0.113628	-0.010884	0.191577
0.227800	-294.816239	-209.295453	504.111692	85.520787	798.927931	-1.447394	-1.335039	1.311021	-0.746924	-0.586774	0.254506	0.092643	0.140957	0.067643
0.229600	-295.420043	-209.566762	504.986804	85.853281	800.406847	-1.173238	-1.086030	1.957559	-0.685340	-0.540570	0.252297	0.287787	0.284710	-0.102754
0.231400	-296.022903	-209.838057	505.860959	86.184846	801.883862	-0.895470	-0.838991	2.602027	-0.577092	-0.459964	0.136964	0.462228	0.413127	-0.228715
0.233200	-296.624824	-210.109337	506.734162	86.515487	803.358986	-0.612578	-0.590705	-3.025774	-0.426009	-0.347963	-0.028474	0.606192	0.518900	-0.244748
0.235000	-297.225813	-210.380604	507.606418	86.845209	804.832231	-0.323861	-0.338449	-2.341447	-0.237730	-0.208967	-0.153575	0.708204	0.593671	-0.149111
0.236800	-297.825873	-210.651858	508.477731	87.174016	806.303605	-0.029780	-0.080433	-1.595128	-0.022519	-0.050674	-0.173900	0.755947	0.628657	-0.004232
0.238600	-298.425011	-210.923098	509.348109	87.501913	807.773119	0.268080	0.184098	-0.720867	0.203136	0.114874	-0.088767	0.739503	0.616918	0.101032
0.240400	-299.023229	-211.194325	510.217554	87.828905	809.240784	0.567349	0.455055	0.357972	0.417684	0.272145	0.039178	0.655463	0.556186	0.104728
0.242200	-299.620535	-211.465539	511.086073	88.154996	810.706608	0.865351	0.731829	1.498500	0.598441	0.404867	0.122282	0.509656	0.450745	0.008856
0.244000	-300.216931	-211.736740	511.953671	88.480191	812.170602	1.159589	1.013662	2.449381	0.726655	0.499578	0.101179	0.316870	0.311219	-0.122040
0.245800	-300.812424	-212.007928	512.820352	88.804495	813.632776	1.448197	1.299980	-3.047379	0.791397	0.548340	-0.018892	0.097514	0.152240	-0.199926
0.247600	-301.407017	-212.279105	513.686122	89.127913	815.093139	1.730327	1.590644	-2.344675	0.790545	0.549457	-0.170510	-0.127197	-0.010907	-0.166626
0.249400	-302.000716	-212.550269	514.550985	89.450448	816.551701	2.006412	1.886044	-1.682253	0.728740	0.506089	-0.263920	-0.339182	-0.165047	-0.029538
0.251200	-302.593525	-212.821421	515.414946	89.772105	818.008471	2.278197	2.186951	-1.038300	0.613873	0.423843	-0.240532	-0.524873	-0.300131	0.141739
0.253000	-303.185449	-213.092561	516.278010	90.092888	819.463460	2.548437	2.494098	-0.399663	0.454325	0.308861	-0.108117	-0.673937	-0.408407	0.255961
0.254800	-303.776493	-213.363690	517.140182	90.412803	820.916675	2.820284	2.807618	0.244631	0.258573	0.167525	0.063366	-0.776861	-0.482819	0.253839
0.256600	-304.366660	-213.634807	518.001467	90.731853	822.368127	3.096559	3.126605	0.908217	0.037116	0.007736	0.182896	-0.823619	-0.516138	0.142704
0.258400	-304.955956	-213.905913	518.861869	91.050043	823.817825	-2.903992	-2.834123	1.614765	-0.194927	-0.159353	0.191918	-0.804901	-0.501837	-0.008444
0.260200	-305.544385	-214.177007	519.721392	91.367377	825.265777	-2.614188	-2.510949	2.414564	-0.416836	-0.318731	0.098321	-0.715677	-0.436557	-0.110525
0.262000	-306.131951	-214.448091	520.580043	91.683860	826.711994	-2.317444	-2.190040	-2.874969	-0.604375	-0.453025	-0.029412	-0.559261	-0.322901	-0.107688
0.263800	-306.718659	-214.719164	521.437824	91.999495	828.156483	-2.014765	-1.874121	-1.670286	-0.734646	-0.545906	-0.104315	-0.349426	-0.170859	-0.010413
0.265600	-307.304514	-214.990227	522.294741	92.314287	829.599255	-1.707607	-1.565334	-0.586310	-0.791712	-0.586009	-0.074015	-0.108996	0.003201	0.111430
0.267400	-307.889519	-215.261279	523.150798	92.628240	831.040317	-1.397552	-1.265022	0.268263	-0.770382	-0.569574	0.047112	0.134816	0.179800	0.171386
0.269200	-308.473679	-215.532321	524.006000	92.941358	832.479678	-1.085993	-0.973565	1.000289	-0.676459	-0.500639	0.186079	0.356312	0.340475	0.119404
0.271000	-309.056998	-215.803352	524.860350	93.253646	833.917348	-0.773855	-0.690225	1.675773	-0.523596	-0.388876	0.254937	0.535826	0.470956	-0.026861
0.272800	-309.639481	-216.074374	525.713855	93.565107	835.353335	-0.461400	-0.413073	2.324565	-0.328694	-0.246399	0.203824	0.661098	0.562183	-0.191322
0.274600	-310.221131	-216.345386	526.566517	93.875745	836.787647	-0.148223	-0.139087	2.961842	-0.108350	-0.085287	0.051592	0.725636	0.609234	-0.283921
0.276400	-310.801953	-216.616388	527.418341	94.185565	838.220294	0.166504	0.135465	-2.685698	0.121994	0.083066	-0.124428	0.725898	0.609438	-0.253756
0.278200	-311.381951	-216.887380	528.269331	94.494571	839.651282	0.483592	0.414441	-2.042445	0.346467	0.246931	-0.233507	0.659704	0.561307	-0.119098
0.280000	-311.961129	-217.158363	529.119493	94.802766	841.080622	0.803407	0.701215	-1.378768	0.546643	0.392856	-0.224548	0.527300	0.465267	0.043657
0.281800	-312.539492	-217.429337	529.968829	95.110155	842.508321	1.125617	0.998250	-0.670401	0.701272	0.505563	-0.115369	0.334593	0.325869	0.145501
0.283600	-313.117043	-217.700301	530.817344	95.416741	843.934387	1.449224	1.306940	0.138855	0.789184	0.570005	0.019215	0.096418	0.153990	0.137491
0.285400	-313.693786	-217.971257	531.665043	95.722529	845.358829	1.772767	1.627628	1.174362	0.794652	0.575113	0.093281	-0.162715	-0.032720	0.039047
0.287200	-314.269725	-218.242203	532.511929	96.027522	846.781654	2.094613	1.959678	2.451186	0.712833	0.517560	0.062007	-0.411762	-0.212069	-0.075068
0.289000	-314.844865	-218.513141	533.358006	96.331724	848.202871	2.413249	2.301497	-2.741615	0.552485	0.403638	-0.051229	-0.619419	-0.361732	-0.121175
0.290800	-315.419209	-218.784070	534.203279	96.635139	849.622488	2.727562	2.650526	-1.903668	0.334420	0.248166	-0.169201	-0.761028	-0.464071	-0.058499
0.292600	-315.992761	-219.054991	535.047752	96.937771	851.040513	3.037127	3.003345	-1.183267	0.086305	0.070870	-0.208044	-0.823157	-0.509361	0.084917
0.294400	-316.565525	-219.325903	535.891428	97.239623	852.456953	-2.940722	-2.927109	-0.514668	-0.163741	-0.108096	-0.128909	-0.804164	-0.496229	0.227955
0.296200	-317.137505	-219.596806	536.734312	97.540699	853.871817	-2.637991	-2.578067	0.129663	-0.391871	-0.271471	0.037101	-0.711215	-0.429630	0.284527
0.298000	-317.708705	-219.867702	537.576407	97.841003	855.285112	-2.335192	-2.235200	0.763224	-0.579884	-0.405931	0.205896	-0.556024	-0.317919	0.215236
0.299800	-318.279128	-220.138589	538.417717	98.140539	856.696845	-2.028973	-1.899384	1.394474	-0.713739	-0.501141	0.289272	-0.352002	-0.170863	0.051541
0.301600	-318.848778	-220.409469	539.258247	98.439310	858.107026	-1.715945	-1.570004	2.030876	-0.781394	-0.548353	0.246504	-0.114222	0.000435	-0.122155
0.303400	-319.417660	-220.680340	540.098000	98.737319	859.515660	-1.393408	-1.245558	2.682154	-0.772478	-0.540224	0.107778	0.138484	0.182170	-0.217844
0.305200	-319.985776	-220.951204	540.936980	99.034572	860.922756	-1.059910	-0.924377	-2.917264	-0.680918	-0.472657	-0.044531	0.381671	0.356652	-0.195166
0.307000	-320.553130	-221.222060	541.775191	99.331070	862.328321	-0.715517	-0.605113	-2.160141	-0.509480	-0.347917	-0.125437	0.586170	0.503011	-0.083868
0.308800	-321.119727	-221.492909	542.612636	99.626818	863.732363	-0.361798	-0.286919	-1.219731	-0.273524	-0.177178	-0.097913	0.722735	0.600478	0.035859
0.310600	-321.685569	-221.763750	543.449319	99.921819	865.134888	-0.001572	0.030624	0.071474	-0.001209	0.019402	0.005956	0.769121	0.633339	0.083188
0.312400	-322.250661	-222.034584	544.285244	100.216077	866.535905	0.361507	0.347727	1.326255	0.270963	0.215826	0.105910	0.716599	0.595457	0.026428
0.314200	-322.815005	-222.305410	545.120415	100.509595	867.935420	0.723505	0.664669	2.237227	0.505953	0.385734	0.123796	0.572806	0.492250	-0.097360
0.316000	-323.378606	-222.576229	545.954835	100.802377	869.333441	1.080849	0.982104	2.983255	0.674207	0.508013	0.032710	0.359568	0.339182	-0.204852
0.317800	-323.941467	-222.847041	546.788508	101.094425	870.729975	1.430949	1.301339	-2.620519	0.758671	0.570342	-0.124862	0.106795	0.157514	-0.217534
0.319600	-324.503591	-223.117847	547.621438	101.385745	872.125029	1.772677	1.624510	-1.971233	0.755233	0.569559	-0.261110	-0.154572	-0.030622	-0.110530
0.321400	-325.064982	-223.388645	548.453627	101.676337	873.518609	2.106571	1.954523	-1.336324	0.669485	0.509482	-0.294888	-0.397474	-0.205698	0.070439
0.323200	-325.625644	-223.659436	549.285080	101.966207	874.910723	2.434678	2.294600	-0.707354	0.512524	0.398022	-0.200420	-0.600020	-0.351780	0.234426
0.325000	-326.185579	-223.930221	550.115800	102.255358	876.301379	2.760031	2.647395	-0.078341	0.298541	0.245505	-0.023390	-0.744076	-0.455658	0.297961
0.326800	-326.744791	-224.200999	550.945790	102.543793	877.690582	3.085941	3.013896	0.556816	0.045332	0.064952	0.145382	-0.813719	-0.505876	0.233538
0.328600	-327.303285	-224.471770	551.775055	102.831514	879.078339	-2.867862	-2.890595	1.207091	-0.223519	-0.126501	0.222936	-0.796069	-0.493366	0.084858
0.330400	-327.861062	-224.742535	552.603597	103.118526	880.464658	-2.532898	-2.503742	1.890312	-0.477541	-0.306964	0.182055	-0.685160	-0.414140	-0.060233
0.332200	-328.418126	-225.013294	553.431420	103.404832	881.849546	-2.191173	-2.114325	2.652040	-0.681855	-0.451605	0.065379	-0.487170	-0.272876	-0.122705
0.334000	-328.974481	-225.284046	554.258527	103.690434	883.233008	-1.842337	-1.728027	-2.648410	-0.803709	-0.537255	-0.042564	-0.223766	-0.085176	-0.079191
0.335800	-329.530129	-225.554792	555.084922	103.975337	884.615051	-1.486696	-1.349387	-1.213225	-0.820977	-0.548330	-0.068239	0.069207	0.123429	0.025496
0.337600	-330.085075	-225.825532	555.910607	104.259543	885.995682	-1.125052	-0.981262	0.048901	-0.728972	-0.481566	0.005268	0.348316	0.322110	0.107641
0.339400	-330.639321	-226.096266	556.735587	104.543055	887.374908	-0.758577	-0.624881	0.917365	-0.542350	-0.347340	0.127662	0.572253	0.481546	0.097742
0.341200	-331.192871	-226.366994	557.559865	104.825877	888.752736	-0.388725	-0.280091	1.640868	-0.291150	-0.166910	0.212405	0.710876	0.580249	-0.014908
0.343000	-331.745727	-226.637716	558.383443	105.108012	890.129170	-0.017113	0.054434	2.309559	-0.012837	0.033130	0.190508	0.750094	0.608026	-0.173519
0.344800	-332.297894	-226.908432	559.206325	105.389462	891.504219	0.354679	0.381133	2.953792	0.256036	0.226688	0.054457	0.691354	0.565692	-0.286558
0.346600	-332.849373	-227.179142	560.028515	105.670231	892.877888	0.725371	0.703515	-2.696920	0.485218	0.391996	-0.134574	0.547271	0.462088	-0.282421
0.348400	-333.400169	-227.449846	560.850015	105.950323	894.250184	1.094242	1.026015	-2.069591	0.652001	0.512592	-0.280980	0.336588	0.310604	-0.153061
0.350200	-333.950284	-227.720545	561.670829	106.229739	895.621112	1.461237	1.353633	-1.442929	0.739736	0.576410	-0.310092	0.081371	0.127180	0.039868
0.352000	-334.499721	-227.991238	562.490959	106.508483	896.990680	1.826851	1.691375	-0.812679	0.736564	0.574989	-0.211481	-0.192833	-0.069669	0.200246
0.353800	-335.048484	-228.261926	563.310410	106.786558	898.358893	2.191840	2.043602	-0.173009	0.636742	0.504430	-0.044221	-0.455580	-0.258016	0.253041
0.355600	-335.596575	-228.532608	564.129183	107.063967	899.725758	2.556930	2.413376	0.486978	0.444707	0.368193	0.098952	-0.671912	-0.412906	0.186874
0.357400	-336.143998	-228.803285	564.947283	107.340713	901.091280	2.922620	2.801807	1.193806	0.179530	0.180103	0.146848	-0.806726	-0.509491	0.058141
0.359200	-336.690755	-229.073956	565.764711	107.616799	902.455466	-2.994040	-3.075777	2.033788	-0.123786	-0.034845	0.091043	-0.832836	-0.528671	-0.045447
0.361000	-337.236850	-229.344623	566.581472	107.892227	903.818322	-2.626654	-2.657488	-2.947700	-0.418596	-0.243563	-0.011688	-0.739751	-0.463189	-0.059521
0.362800	-337.782285	-229.615284	567.397568	108.167001	905.179853	-2.258474	-2.233637	-1.347173	-0.656189	-0.411595	-0.076900	-0.539019	-0.321318	0.017489
0.364600	-338.327063	-229.885940	568.213003	108.441124	906.540066	-1.889533	-1.812558	-0.360551	-0.797423	-0.511249	-0.046810	-0.263140	-0.126066	0.124154
0.366400	-338.871188	-230.156590	569.027778	108.714598	907.898966	-1.519701	-1.401714	0.389787	-0.821863	-0.527991	0.071974	0.042030	0.090134	0.175202
0.368200	-339.414662	-230.427236	569.841898	108.987426	909.256560	-1.148567	-1.006008	1.067182	-0.730948	-0.462693	0.210648	0.328378	0.293180	0.116068
0.370000	-339.957488	-230.697877	570.655365	109.259611	910.612853	-0.775374	-0.627155	1.715311	-0.544628	-0.329336	0.279333	0.555658	0.454404	-0.040651
0.371800	-340.499669	-230.968513	571.468182	109.531156	911.967851	-0.399056	-0.263978	2.349760	-0.293960	-0.149895	0.222314	0.697115	0.554580	-0.219471
0.373600	-341.041208	-231.239144	572.280351	109.802064	913.321559	-0.018440	0.086881	2.977592	-0.013644	0.050891	0.053776	0.739831	0.584280	-0.324959
0.375400	-341.582107	-231.509770	573.091877	110.072337	914.673984	0.367392	0.430183	-2.680407	0.262439	0.248699	-0.147937	0.681896	0.542014	-0.297704
0.377200	-342.122369	-231.780392	573.902761	110.341978	916.025130	0.758697	0.771337	-2.054979	0.502216	0.420453	-0.284493	0.529778	0.432446	-0.149626
0.379000	-342.661998	-232.051009	574.713007	110.610990	917.375005	1.154828	1.115744	-1.426371	0.675107	0.544258	-0.293820	0.298226	0.266306	0.042733
0.380800	-343.200996	-232.321621	575.522617	110.879375	918.723612	1.554330	1.468297	-0.790353	0.753515	0.600546	-0.184743	0.012409	0.061772	0.182921
0.382600	-343.739365	-232.592228	576.331594	111.147137	920.070959	1.955324	1.833101	-0.138748	0.717829	0.575620	-0.029377	-0.290485	-0.154549	0.210365
0.384400	-344.277109	-232.862831	577.139940	111.414278	921.417049	2.355965	2.213329	0.549101	0.563828	0.466770	0.081780	-0.563570	-0.349372	0.133655
0.386200	-344.814230	-233.133430	577.947660	111.680800	922.761890	2.754766	2.611025	1.346604	0.308817	0.286472	0.094534	-0.758112	-0.488294	0.021556
0.388000	-345.350731	-233.404024	578.754755	111.946707	924.105485	-3.132447	3.026649	2.658230	-0.007640	0.062810	0.022184	-0.835314	-0.544030	-0.042264
0.389800	-345.886614	-233.674614	579.561228	112.212000	925.447841	-2.739798	-2.824891	-1.762057	-0.330427	-0.165273	-0.065614	-0.777640	-0.504293	-0.012705
0.391600	-346.421882	-233.945199	580.367081	112.476683	926.788963	-2.350511	-2.382220	-0.791152	-0.601565	-0.356854	-0.089128	-0.594765	-0.375930	0.088108
0.393400	-346.956538	-234.215780	581.172319	112.740758	928.128857	-1.964171	-1.936449	-0.060664	-0.774305	-0.478886	-0.011219	-0.321341	-0.183351	0.184708
0.395200	-347.490585	-234.486357	581.976942	113.004227	929.467526	-1.579878	-1.496716	0.607117	-0.823318	-0.513343	0.136347	-0.007478	0.038098	0.196286
0.397000	-348.024024	-234.756930	582.780954	113.267094	930.804978	-1.196176	-1.070672	1.251000	-0.747617	-0.459327	0.269633	0.293954	0.251006	0.089292
0.398800	-348.556859	-235.027499	583.584358	113.529361	932.141217	-0.811040	-0.662379	1.883860	-0.566445	-0.330280	0.302589	0.538116	0.423477	-0.097951
0.400600	-349.089092	-235.298063	584.387155	113.791029	933.476247	-0.422021	-0.271843	2.511262	-0.311506	-0.148609	0.200152	0.693779	0.533138	-0.274323
0.402400	-349.620726	-235.568623	585.189349	114.052103	934.810076	-0.026644	0.104143	3.136143	-0.019819	0.059318	0.001895	0.743686	0.567526	-0.347750
0.404200	-350.151763	-235.839180	585.990943	114.312583	936.142706	0.376958	0.470685	-2.522785	0.270190	0.266002	-0.198545	0.682488	0.522775	-0.278811
0.406000	-350.682206	-236.109732	586.791938	114.572474	937.474144	0.789371	0.833589	-1.897546	0.519809	0.443753	-0.306302	0.515695	0.402920	-0.103805
0.407800	-351.212057	-236.380281	587.592338	114.831777	938.804395	1.209549	1.198515	-1.269442	0.691216	0.565678	-0.278786	0.261161	0.220892	0.086653
0.409600	-351.741319	-236.650825	588.392144	115.090494	940.133463	1.635031	1.570515	-0.635406	0.751696	0.608719	-0.147872	-0.048351	0.000171	0.200524
0.411400	-352.269994	-236.921366	589.191360	115.348628	941.461354	2.062670	1.953890	0.011124	0.681520	0.559177	0.002189	-0.365156	-0.225351	0.196783
0.413200	-352.798085	-237.191903	589.989988	115.606182	942.788073	2.489474	2.352174	0.688918	0.482868	0.418866	0.087195	-0.632397	-0.415512	0.105881
0.415000	-353.325594	-237.462436	590.788030	115.863158	944.113624	2.913199	2.768005	1.483479	0.185016	0.208634	0.073492	-0.795941	-0.532236	0.006433
0.416800	-353.852523	-237.732965	591.585489	116.119558	945.438012	-2.950639	-3.080574	-2.983890	-0.158328	-0.033587	-0.004271	-0.819041	-0.549760	-0.026859
0.418600	-354.378876	-238.003491	592.382367	116.375385	946.761243	-2.536096	-2.628403	-1.177078	-0.480391	-0.260767	-0.068627	-0.693970	-0.462719	0.028508
0.420400	-354.904654	-238.274013	593.178667	116.630641	948.083321	-2.126074	-2.163461	-0.383096	-0.718036	-0.428445	-0.051761	-0.445463	-0.288524	0.128436
0.422200	-355.429859	-238.544532	593.974391	116.885328	949.404250	-1.719709	-1.694300	0.295224	-0.827657	-0.505843	0.058005	-0.124167	-0.062793	0.190738
0.424000	-355.954495	-238.815046	594.769541	117.139448	950.724036	-1.315603	-1.231332	0.942719	-0.794429	-0.482358	0.205094	0.207252	0.170337	0.148934
0.425800	-356.478563	-239.085558	595.564121	117.393005	952.042684	-0.911841	-0.783420	1.578033	-0.632275	-0.367618	0.298502	0.489654	0.369075	-0.002160
0.427600	-357.002066	-239.356066	596.358132	117.646000	953.360197	-0.506050	-0.355191	2.207600	-0.376250	-0.186232	0.267541	0.678926	0.502077	-0.197870
0.429400	-357.525006	-239.626570	597.151576	117.898436	954.676582	-0.095620	0.053480	2.834255	-0.071994	0.029539	0.107387	0.750623	0.551819	-0.338339
0.431200	-358.047385	-239.897071	597.944456	118.150314	955.991842	0.321818	0.446333	-2.823721	0.232991	0.245936	-0.113881	0.698817	0.513929	-0.346113
0.433000	-358.569206	-240.167568	598.736775	118.401638	957.305981	0.747707	0.829149	-2.199093	0.494092	0.431154	-0.291782	0.532815	0.394987	-0.211982
0.434800	-359.090471	-240.438063	599.528534	118.652409	958.619006	1.181955	1.208459	-1.574448	0.671657	0.556978	-0.344019	0.275179	0.211136	-0.001256
0.436600	-359.611183	-240.708554	600.319736	118.902629	959.930919	1.622784	1.590690	-0.949247	0.733629	0.600753	-0.256163	-0.038174	-0.011953	0.183477
0.438400	-360.131343	-240.979041	601.110384	119.152302	961.241726	2.067249	1.981731	-0.322797	0.661124	0.549342	-0.087209	-0.358135	-0.239372	0.260718
0.440200	-360.650953	-241.249525	601.900479	119.401428	962.551432	2.512202	2.386752	0.306170	0.456272	0.404549	0.067793	-0.626591	-0.430060	0.214460
0.442000	-361.170017	-241.520006	602.690023	119.650010	963.860040	2.955156	2.810049	0.940785	0.148404	0.187310	0.134833	-0.786759	-0.544110	0.098311
0.443800	-361.688535	-241.790484	603.479020	119.898051	965.167555	-2.888475	-3.028594	1.592334	-0.206429	-0.062773	0.102807	-0.798056	-0.553154	-0.002215
0.445600	-362.206511	-242.060959	604.267470	120.145552	966.473982	-2.452663	-2.562240	2.359653	-0.535437	-0.294491	0.024965	-0.650166	-0.450124	-0.025138
0.447400	-362.723947	-242.331431	605.055377	120.392516	967.779324	-2.020116	-2.077470	-0.596812	-0.766925	-0.457504	-0.020053	-0.369824	-0.253915	0.029513
0.449200	-363.240844	-242.601899	605.842743	120.638945	969.083587	-1.589804	-1.582590	0.169898	-0.850052	-0.516125	0.017513	-0.016160	-0.006087	0.102086
0.451000	-363.757205	-242.872364	606.629570	120.884841	970.386775	-1.160332	-1.089433	0.822251	-0.768933	-0.459151	0.123529	0.334627	0.239835	0.114744
0.452800	-364.273032	-243.142827	607.415859	121.130205	971.688891	-0.730064	-0.609464	1.458181	-0.545713	-0.302033	0.226698	0.609713	0.432637	0.025638
0.454600	-364.788327	-243.413286	608.201614	121.375041	972.989941	-0.297258	-0.149984	2.088906	-0.232063	-0.080989	0.243395	0.757545	0.535930	-0.138748
0.456400	-365.303093	-243.683742	608.986835	121.619350	974.289928	0.139721	0.287099	2.717488	0.106497	0.157903	0.132891	0.757248	0.534800	-0.294330
0.458200	-365.817331	-243.954196	609.771527	121.863135	975.588857	0.582042	0.704233	-2.938121	0.406713	0.369981	-0.071753	0.618019	0.435503	-0.347764
0.460000	-366.331043	-244.224646	610.555689	122.106397	976.886732	1.029951	1.106591	-2.311094	0.618721	0.519871	-0.277301	0.371591	0.260298	-0.253352
0.461800	-366.844232	-244.495094	611.339326	122.349138	978.183557	1.482440	1.500830	-1.684480	0.710605	0.584830	-0.381412	0.062951	0.040985	-0.043548
0.463600	-367.356899	-244.765539	612.122438	122.591360	979.479337	1.937376	1.894308	-1.058340	0.668681	0.555102	-0.330930	-0.256729	-0.186121	0.186178
0.465400	-367.869047	-245.035981	612.905027	122.833066	980.774074	2.392200	2.294555	-0.432903	0.497258	0.433825	-0.152378	-0.534421	-0.383388	0.329724
0.467200	-368.380677	-245.306420	613.687097	123.074258	982.067774	2.844869	2.708812	0.191384	0.219965	0.237915	0.063726	-0.719428	-0.514977	0.328898
0.469000	-368.891793	-245.576856	614.468648	123.314937	983.360441	-2.988694	-3.139733	0.813693	-0.118735	-0.001027	0.215122	-0.770502	-0.551931	0.203280
0.470800	-369.402395	-245.847289	615.249684	123.555105	984.652079	-2.541770	-2.680201	1.432351	-0.455784	-0.238453	0.245005	-0.666471	-0.479608	0.034138
0.472600	-369.912485	-246.117720	616.030205	123.794765	985.942691	-2.096265	-2.194839	2.043357	-0.719116	-0.423706	0.169883	-0.416977	-0.305081	-0.086842
0.474400	-370.422067	-246.388148	616.810215	124.033918	987.232281	-1.650371	-1.688254	2.634212	-0.844606	-0.511893	0.062263	-0.067351	-0.060404	-0.111999
0.476200	-370.931141	-246.658574	617.589714	124.272567	988.520855	-1.202063	-1.171073	3.137136	-0.795598	-0.477480	0.000276	0.307424	0.201720	-0.061942
0.478000	-371.439709	-246.928996	618.368706	124.510713	989.808415	-0.749323	-0.656951	1.891977	-0.577150	-0.324154	0.016623	0.620369	0.420307	-0.005530
0.479800	-371.947775	-247.199416	619.147191	124.748358	991.094966	-0.290341	-0.157370	1.688815	-0.238043	-0.086160	0.079148	0.796703	0.542977	-0.009385
0.481600	-372.455338	-247.469834	619.925172	124.985505	992.380511	0.176182	0.321738	2.233753	0.141662	0.180391	0.115060	0.795731	0.541195	-0.089845
0.483400	-372.962403	-247.740249	620.702651	125.222154	993.665054	0.650582	0.779826	2.834373	0.473383	0.413396	0.063028	0.621954	0.418029	-0.198659
0.485200	-373.468969	-248.010661	621.479630	125.458309	994.948600	1.131675	1.219812	-2.832434	0.684487	0.561830	-0.080579	0.321509	0.205711	-0.252282
0.487000	-373.975041	-248.281071	622.256111	125.693970	996.231152	1.616400	1.646409	-2.209391	0.735586	0.597862	-0.251738	-0.033569	-0.045292	-0.186881
0.488800	-374.480618	-248.551478	623.032096	125.929140	997.512713	2.100135	2.065331	-1.582987	0.625730	0.520589	-0.353018	-0.366070	-0.280716	-0.004304
0.490600	-374.985703	-248.821883	623.807586	126.163820	998.793289	2.577917	2.483116	-0.954810	0.386409	0.351964	-0.312006	-0.611327	-0.454930	0.220859
0.492400	-375.490298	-249.092285	624.582583	126.398013	1000.072882	3.046138	2.907092	-0.325820	0.069628	0.128540	-0.128147	-0.727212	-0.538060	0.379290
0.494200	-375.994406	-249.362685	625.357090	126.631721	1001.351496	-2.779426	-2.938155	0.303265	-0.263926	-0.106834	0.121485	-0.696599	-0.517876	0.388233
0.496000	-376.498026	-249.633082	626.131109	126.864944	1002.629135	-2.330721	-2.479193	0.931776	-0.553444	-0.311139	0.322216	-0.525942	-0.398918	0.239414
0.497800	-377.001163	-249.903477	626.904640	127.097685	1003.905803	-1.887260	-1.995198	1.558933	-0.744106	-0.445649	0.384390	-0.243672	-0.201372	0.004560
0.499600	-377.503817	-250.173870	627.677687	127.329947	1005.181503	-1.444407	-1.488220	2.183633	-0.793809	-0.480786	0.291466	0.100867	0.039792	-0.204944
0.501400	-378.005990	-250.444260	628.450250	127.561729	1006.456240	-0.997415	-0.967681	2.804046	-0.682423	-0.402621	0.105305	0.440675	0.277293	-0.300033
0.503200	-378.507684	-250.714648	629.222332	127.793035	1007.730016	-0.541974	-0.447157	-2.866484	-0.421747	-0.219745	-0.073523	0.700441	0.458227	-0.260474
0.505000	-379.008900	-250.985034	629.993934	128.023867	1009.002835	-0.074569	0.061927	-2.269199	-0.060760	0.033226	-0.165355	0.813302	0.535844	-0.138826
0.506800	-379.509642	-251.255417	630.765059	128.254225	1010.274701	0.407162	0.554330	-1.707664	0.319734	0.299541	-0.154333	0.741394	0.483849	-0.021256
0.508600	-380.009910	-251.525798	631.535708	128.484111	1011.545618	0.903883	1.030534	-1.257811	0.625273	0.513073	-0.089189	0.492242	0.307734	0.028863
0.510400	-380.509706	-251.796177	632.305883	128.713529	1012.815589	1.413898	1.494284	-1.374078	0.774612	0.617063	-0.043370	0.122543	0.047305	0.008643
0.512200	-381.009032	-252.066554	633.075585	128.942478	1014.084617	1.932761	1.950610	-2.006497	0.725817	0.582260	-0.061525	-0.274829	-0.232436	-0.028642
0.514000	-381.507889	-252.336928	633.844817	129.170961	1015.352707	2.453779	2.404937	-1.695149	0.490931	0.417100	-0.127620	-0.597481	-0.459880	-0.015952
0.515800	-382.006280	-252.607300	634.613581	129.398980	1016.619861	2.969622	2.862898	-1.164642	0.132741	0.165455	-0.175680	-0.764256	-0.578227	0.075554
0.517600	-382.504207	-252.877670	635.381877	129.626536	1017.886083	-2.808829	-2.952863	-0.576683	-0.255208	-0.107278	-0.136471	-0.738415	-0.561655	0.209815
0.519400	-383.001670	-253.148038	636.149708	129.853632	1019.151377	-2.318373	-2.470354	0.033762	-0.577179	-0.334051	0.010242	-0.535091	-0.420576	0.303256
0.521200	-383.498671	-253.418404	636.917075	130.080268	1020.415746	-1.842356	-1.968779	0.655078	-0.761280	-0.464359	0.212599	-0.211969	-0.195224	0.276733
0.523000	-383.995213	-253.688767	637.683981	130.306446	1021.679194	-1.378417	-1.448584	1.282284	-0.774437	-0.474772	0.369657	0.150851	0.058314	0.109712
0.524800	-384.491297	-253.959129	638.450426	130.532168	1022.941723	-0.922348	-0.917359	1.912825	-0.623878	-0.370130	0.388407	0.472749	0.283387	-0.138281
0.526600	-384.986925	-254.229488	639.216413	130.757437	1024.203338	-0.468707	-0.388693	2.545156	-0.348823	-0.177856	0.240601	0.688911	0.434294	-0.354388
0.528400	-385.482098	-254.499845	639.981943	130.982252	1025.464041	-0.011418	0.124305	-3.105035	-0.008665	0.060272	-0.015840	0.758805	0.482375	-0.433093
0.530200	-385.976818	-254.770201	640.747018	131.206617	1026.723836	0.455446	0.615431	-2.472417	0.327709	0.295682	-0.265096	0.669080	0.418200	-0.335178
0.532000	-386.471086	-255.040554	641.511640	131.430533	1027.982727	0.936607	1.086310	-1.841370	0.590846	0.479437	-0.395542	0.434597	0.252340	-0.109714
0.533800	-386.964905	-255.310905	642.275811	131.654000	1029.240716	1.434303	1.543322	-1.213525	0.720435	0.569197	-0.359138	0.098950	0.015642	0.134063
0.535600	-387.458276	-255.581254	643.039531	131.877022	1030.497807	1.947262	1.994461	-0.591415	0.677878	0.538073	-0.193348	-0.267979	-0.242658	0.287889
0.537400	-387.951201	-255.851602	643.802803	132.099599	1031.754003	2.470690	2.447725	0.020590	0.460147	0.384243	0.006217	-0.579732	-0.461908	0.301884
0.539200	-388.443681	-256.121947	644.565628	132.321734	1033.009308	2.997796	2.910678	0.614010	0.108951	0.137188	0.144212	-0.752445	-0.583510	0.204584
0.541000	-388.935717	-256.392290	645.328007	132.543427	1034.263725	-2.760951	-2.892719	1.169837	-0.292140	-0.144477	0.178550	-0.730064	-0.568488	0.075692
0.542800	-389.427312	-256.662632	646.089944	132.764680	1035.517256	-2.243156	-2.389682	1.636788	-0.636426	-0.386169	0.136128	-0.506660	-0.412940	-0.008996
0.544600	-389.918467	-256.932971	646.851438	132.985496	1036.769905	-1.733096	-1.859154	1.854205	-0.825218	-0.519051	0.083911	-0.135121	-0.153964	-0.024439
0.546400	-390.409184	-257.203309	647.612492	133.205875	1038.021676	-1.229546	-1.302152	1.642169	-0.800738	-0.502890	0.076506	0.284378	0.138445	-0.005470
0.548200	-390.899463	-257.473644	648.373108	133.425819	1039.272571	-0.729838	-0.728212	1.690011	-0.567383	-0.340802	0.115935	0.634213	0.382192	-0.013887
0.550000	-391.389308	-257.743978	649.133286	133.645330	1040.522594	-0.230598	-0.154438	2.094158	-0.191792	-0.079278	0.150628	0.816921	0.509243	-0.086917
0.551800	-391.878719	-258.014310	649.893029	133.864408	1041.771748	0.271709	0.401862	2.627856	0.218977	0.206991	0.114412	0.785993	0.487049	-0.202759
0.553600	-392.367697	-258.284640	650.652338	134.083057	1043.020035	0.780213	0.930841	-3.070161	0.552374	0.439396	-0.020598	0.558132	0.327119	-0.287874
0.555400	-392.856245	-258.554969	651.411214	134.301277	1044.267459	1.296862	1.431557	-2.460377	0.724487	0.559185	-0.213410	0.203580	0.078368	-0.263250
0.557200	-393.344364	-258.825295	652.169659	134.519069	1045.514024	1.821410	1.908901	-1.837226	0.701078	0.542194	-0.368569	-0.179473	-0.190638	-0.100589
0.559000	-393.832056	-259.095620	652.927676	134.736436	1046.759731	2.350663	2.370493	-1.206281	0.500361	0.400915	-0.389534	-0.494856	-0.412547	0.148633
0.560800	-394.319321	-259.365943	653.685264	134.953378	1048.004585	2.878898	2.825178	-0.570727	0.180664	0.176032	-0.239144	-0.671840	-0.537641	0.372501
0.562600	-394.806162	-259.636264	654.442426	135.169898	1049.248588	-2.883271	-3.000573	0.067352	-0.178801	-0.076953	0.030867	-0.676701	-0.542067	0.457597
0.564400	-395.292580	-259.906584	655.199163	135.385996	1050.491743	-2.373490	-2.530124	0.706386	-0.496228	-0.300557	0.301504	-0.513697	-0.428689	0.353354
0.566200	-395.778576	-260.176901	655.955477	135.601674	1051.734053	-1.875274	-2.036692	1.345000	-0.701047	-0.445154	0.448469	-0.220304	-0.223830	0.103019
0.568000	-396.264152	-260.447217	656.711369	135.816935	1052.975521	-1.385557	-1.513181	1.981769	-0.744386	-0.476456	0.408607	0.139488	0.027482	-0.178066
0.569800	-396.749310	-260.717532	657.466841	136.031778	1054.216151	-0.899175	-0.959863	2.614953	-0.608604	-0.382253	0.211931	0.483777	0.267696	-0.364510
0.571600	-397.234050	-260.987844	658.221895	136.246206	1055.455945	-0.410173	-0.387877	-3.041084	-0.315730	-0.178239	-0.038994	0.726089	0.436245	-0.386665
0.573400	-397.718375	-261.258155	658.976530	136.460220	1056.694906	0.087282	0.184255	-2.423854	0.069586	0.090107	-0.228678	0.795224	0.483489	-0.261922
0.575200	-398.202286	-261.528465	659.730750	136.673821	1057.933036	0.598257	0.740801	-1.823313	0.448800	0.353801	-0.290756	0.658468	0.386854	-0.075022
0.577000	-398.685784	-261.798772	660.484556	136.887012	1059.170340	1.126357	1.275704	-1.252420	0.712936	0.536811	-0.235842	0.339511	0.163173	0.077731
0.578800	-399.168871	-262.069078	661.237949	137.099792	1060.406819	1.672713	1.791403	-0.738338	0.776431	0.579628	-0.131177	-0.079407	-0.129986	0.144143
0.580600	-399.651547	-262.339383	661.990930	137.312165	1061.642477	2.234855	2.294548	-0.340490	0.609512	0.461709	-0.048723	-0.477021	-0.408025	0.137522
0.582400	-400.133816	-262.609685	662.743501	137.524130	1062.877317	2.806345	2.793081	-0.152412	0.254581	0.212755	-0.017382	-0.730717	-0.585550	0.113160
0.584200	-400.615677	-262.879986	663.495663	137.735691	1064.111341	-2.904957	-2.987982	-0.088856	-0.183065	-0.093819	-0.010595	-0.759119	-0.605945	0.118923
0.586000	-401.097133	-263.150286	664.247419	137.946847	1065.344552	-2.341143	-2.473979	0.154300	-0.569075	-0.364428	0.024178	-0.552197	-0.462250	0.155449
0.587800	-401.578184	-263.420584	664.998768	138.157600	1066.576952	-1.790696	-1.940122	0.588551	-0.785956	-0.517210	0.116216	-0.175672	-0.200206	0.174117
0.589600	-402.058833	-263.690880	665.749713	138.367952	1067.808546	-1.254923	-1.380640	1.121964	-0.772658	-0.509540	0.238345	0.252517	0.098078	0.114790
0.591400	-402.539080	-263.961175	666.500255	138.577905	1069.039335	-0.731887	-0.796194	1.704741	-0.542295	-0.350389	0.315172	0.603675	0.342904	-0.042470
0.593200	-403.018927	-264.231469	667.250396	138.787459	1070.269323	-0.217600	-0.198418	2.314162	-0.172574	-0.093760	0.270251	0.780521	0.466323	-0.248436
0.595000	-403.498376	-264.501760	668.000136	138.996615	1071.498512	0.293051	0.392069	2.939145	0.224542	0.182327	0.082441	0.744161	0.440963	-0.401643
0.596800	-403.977427	-264.772051	668.749478	139.205376	1072.726904	0.805616	0.956568	-2.709453	0.539775	0.401525	-0.186606	0.518379	0.283168	-0.404597
0.598600	-404.456082	-265.042340	669.498422	139.413742	1073.954503	1.325324	1.487620	-2.068803	0.695987	0.509741	-0.415389	0.174362	0.042497	-0.225854
0.600400	-404.934342	-265.312627	670.246969	139.621716	1075.181312	1.855880	1.988743	-1.424446	0.662569	0.485342	-0.485953	-0.194176	-0.215546	0.071631
0.602200	-405.412210	-265.582913	670.995122	139.829297	1076.407332	2.397902	2.469416	-0.778158	0.455483	0.339351	-0.351236	-0.495155	-0.426426	0.356359
0.604000	-405.889685	-265.853197	671.742882	140.036488	1077.632567	2.947947	2.941229	-0.131475	0.128663	0.109523	-0.065569	-0.656097	-0.539287	0.495840
0.605800	-406.366770	-266.123480	672.490250	140.243290	1078.857019	-2.783644	-2.866948	0.514081	-0.237931	-0.148056	0.241289	-0.636072	-0.525458	0.427265
0.607600	-406.843465	-266.393762	673.237227	140.449704	1080.080692	-2.236894	-2.376736	1.156799	-0.552187	-0.368834	0.432359	-0.433976	-0.384306	0.189975
0.609400	-407.319772	-266.664042	673.983814	140.655731	1081.303587	-1.698306	-1.859967	1.794529	-0.727447	-0.492252	0.434279	-0.093263	-0.146450	-0.098817
0.611200	-407.795693	-266.934320	674.730013	140.861373	1082.525707	-1.167241	-1.307992	2.424293	-0.704601	-0.477226	0.270070	0.300857	0.128386	-0.309607
0.613000	-408.271229	-267.204597	675.475826	141.066631	1083.747055	-0.640073	-0.719528	3.041591	-0.474427	-0.317630	0.036915	0.637108	0.362495	-0.367911
0.614800	-408.746380	-267.474873	676.221253	141.271507	1084.967633	-0.111625	-0.105936	-2.644082	-0.090576	-0.051158	-0.154461	0.808061	0.481107	-0.284420
0.616600	-409.221149	-267.745148	676.966296	141.476001	1086.187445	0.423725	0.510632	-2.078952	0.337092	0.245502	-0.240050	0.747354	0.438248	-0.133694
0.618400	-409.695536	-268.015421	677.710956	141.680115	1087.406492	0.971242	1.109433	-1.568359	0.672721	0.477779	-0.226593	0.459793	0.237527	0.000552
0.620200	-410.169542	-268.285692	678.455235	141.883850	1088.624777	1.534905	1.681532	-1.147521	0.800784	0.565417	-0.168781	0.028754	-0.062869	0.076037
0.622000	-410.643170	-268.555963	679.199133	142.087208	1089.842303	2.116017	2.229226	-0.844672	0.670969	0.473574	-0.119840	-0.406975	-0.366353	0.106413
0.623800	-411.116421	-268.826232	679.942652	142.290189	1091.059073	2.711634	2.760429	-0.601281	0.321510	0.228929	-0.091836	-0.701113	-0.571234	0.133868
0.625600	-411.589294	-269.096499	680.685794	142.492795	1092.275088	-2.969111	-2.998415	-0.283294	-0.131374	-0.087697	-0.053285	-0.754099	-0.608313	0.183032
0.627400	-412.061793	-269.366766	681.428559	142.695027	1093.490351	-2.370218	-2.470915	0.152921	-0.535370	-0.370415	0.035730	-0.550599	-0.466895	0.231828
0.629200	-412.533918	-269.637031	682.170948	142.896887	1094.704866	-1.783959	-1.930056	0.675009	-0.758165	-0.527181	0.178002	-0.164105	-0.197987	0.222380
0.631000	-413.005670	-269.907294	682.912964	143.098375	1095.918634	-1.215047	-1.366226	1.249083	-0.734177	-0.512243	0.318742	0.272790	0.106276	0.106234
0.632800	-413.477050	-270.177557	683.654607	143.299494	1097.131657	-0.663348	-0.773582	1.854347	-0.483360	-0.339269	0.369373	0.618516	0.347384	-0.107636
0.634600	-413.948061	-270.447818	684.395878	143.500243	1098.343939	-0.125160	-0.156380	2.478976	-0.097047	-0.071637	0.263931	0.771328	0.454354	-0.338241
0.636400	-414.418702	-270.718077	685.136779	143.700624	1099.555481	0.405306	0.466789	3.116074	0.299523	0.203509	0.011926	0.698089	0.403842	-0.467239
0.638200	-414.888975	-270.988336	685.877311	143.900639	1100.766287	0.934856	1.070834	-2.521796	0.590181	0.405115	-0.289713	0.435703	0.221296	-0.405987
0.640000	-415.358882	-271.258593	686.617475	144.100289	1101.976358	1.470413	1.639810	-1.871080	0.699986	0.480693	-0.499004	0.070504	-0.033227	-0.154515
0.641800	-415.828424	-271.528849	687.357273	144.299575	1103.185697	2.017727	2.172981	-1.217003	0.608914	0.416038	-0.504460	-0.291837	-0.285963	0.186314
0.643600	-416.297601	-271.799104	688.096705	144.498497	1104.394306	2.579413	2.679631	-0.561219	0.349103	0.233475	-0.289879	-0.554140	-0.468924	0.461114
0.645400	-416.766415	-272.069358	688.835773	144.697058	1105.602188	-3.130087	-3.110389	0.094772	-0.007453	-0.016670	0.051385	-0.647764	-0.534052	0.540571
0.647200	-417.234868	-272.339610	689.574478	144.895258	1106.809345	-2.551528	-2.616949	0.749445	-0.365179	-0.267520	0.363058	-0.545328	-0.462241	0.390150
0.649000	-417.702960	-272.609861	690.312821	145.093099	1108.015780	-1.976532	-2.109568	1.401092	-0.623981	-0.449130	0.507391	-0.268044	-0.268472	0.086942
0.650800	-418.170692	-272.880111	691.050803	145.290581	1109.221495	-1.410456	-1.575088	2.047630	-0.702286	-0.504686	0.434508	0.113580	-0.002166	-0.224464
0.652600	-418.638066	-273.150359	691.788426	145.487707	1110.426492	-0.853649	-1.002767	2.686319	-0.562508	-0.408248	0.200741	0.490526	0.260540	-0.410030
0.654400	-419.105083	-273.420607	692.525690	145.684476	1111.630773	-0.302375	-0.389599	-2.969875	-0.231356	-0.178740	-0.071471	0.741667	0.435329	-0.412112
0.656200	-419.571744	-273.690853	693.262597	145.880891	1112.834341	0.249308	0.252549	-2.360257	0.196788	0.117919	-0.264601	0.772914	0.456946	-0.266760
0.658000	-420.038050	-273.961098	693.999149	146.076952	1114.037199	0.808052	0.898077	-1.776615	0.582269	0.384551	-0.324022	0.556467	0.306368	-0.067648
0.659800	-420.504003	-274.231342	694.735345	146.272660	1115.239347	1.380146	1.522897	-1.231721	0.786390	0.524880	-0.270751	0.151769	0.025161	0.095493
0.661600	-420.969602	-274.501585	695.471188	146.468017	1116.440790	1.970301	2.117643	-0.742117	0.725873	0.481261	-0.167925	-0.306471	-0.292979	0.183128
0.663400	-421.434851	-274.771827	696.206678	146.663024	1117.641529	2.579853	2.686303	-0.319648	0.411682	0.261490	-0.069574	-0.654112	-0.534094	0.210195
0.665200	-421.899749	-275.042067	696.941816	146.857682	1118.841565	-3.078367	-3.044256	0.052157	-0.048185	-0.059366	0.011092	-0.761086	-0.607974	0.212476
0.667000	-422.364298	-275.312307	697.676605	147.051991	1120.040903	-2.447495	-2.496041	0.429449	-0.487091	-0.365640	0.093895	-0.585271	-0.485443	0.205031
0.668800	-422.828499	-275.582545	698.411044	147.245954	1121.239543	-1.822516	-1.940311	0.863843	-0.744819	-0.546138	0.194662	-0.191548	-0.211522	0.166289
0.670600	-423.292353	-275.852782	699.145135	147.439571	1122.437488	-1.212480	-1.365101	1.365664	-0.731019	-0.538099	0.291277	0.273753	0.112272	0.060603
0.672400	-423.755861	-276.123018	699.878879	147.632843	1123.634740	-0.620734	-0.760088	1.921125	-0.458963	-0.350601	0.323175	0.641890	0.368813	-0.118089
0.674200	-424.219024	-276.393253	700.612278	147.825771	1124.831302	-0.045330	-0.122170	2.513981	-0.035724	-0.057828	0.229932	0.787548	0.470983	-0.316946
0.676000	-424.681844	-276.663487	701.345331	148.018357	1126.027175	0.519018	0.536210	3.132121	0.384415	0.233142	0.004141	0.672926	0.392303	-0.437175
0.677800	-425.144321	-276.933720	702.078041	148.210602	1127.222363	1.079209	1.187369	-2.515728	0.660456	0.424257	-0.280610	0.353627	0.171142	-0.388226
0.679600	-425.606457	-277.203951	702.810409	148.402506	1128.416866	1.642536	1.805296	-1.868532	0.712694	0.459865	-0.492968	-0.051217	-0.109859	-0.151270
0.681400	-426.068252	-277.474182	703.542435	148.594070	1129.610687	2.215397	2.380877	-1.213104	0.541422	0.339860	-0.511527	-0.406997	-0.357065	0.191194
0.683200	-426.529708	-277.744412	704.274120	148.785297	1130.803829	2.801282	2.920190	-0.552045	0.215336	0.111829	-0.298723	-0.608145	-0.496813	0.485002
0.685000	-426.990826	-278.014640	705.005466	148.976186	1131.996293	-2.884806	-2.846971	0.112651	-0.158714	-0.149866	0.065846	-0.604433	-0.493868	0.582039
0.686800	-427.451607	-278.284868	705.736474	149.166739	1133.188081	-2.284235	-2.339281	0.779329	-0.469469	-0.367587	0.417615	-0.406337	-0.355359	0.422714
0.688600	-427.912051	-278.555094	706.467145	149.356957	1134.379197	-1.690366	-1.824327	1.446508	-0.628498	-0.479547	0.590293	-0.075510	-0.124254	0.073746
0.690400	-428.372161	-278.825319	707.197480	149.546841	1135.569641	-1.110051	-1.286139	2.112753	-0.588641	-0.452833	0.503572	0.292188	0.132501	-0.303197
0.692200	-428.831936	-279.095544	707.927480	149.736393	1136.759416	-0.543676	-0.710128	2.776560	-0.355287	-0.291336	0.204622	0.587797	0.338861	-0.535436
0.694000	-429.291379	-279.365767	708.657146	149.925612	1137.948524	0.013841	-0.089158	-2.846965	0.009897	-0.038244	-0.160148	0.715029	0.427804	-0.527740
0.695800	-429.750489	-279.635989	709.386478	150.114500	1139.136968	0.570434	0.566543	-2.193546	0.397606	0.230185	-0.425119	0.619728	0.361868	-0.305265
0.697600	-430.209269	-279.906211	710.115479	150.303058	1140.324748	1.134800	1.228291	-1.549101	0.677310	0.423170	-0.489615	0.315558	0.150885	0.010624
0.699400	-430.667718	-280.176431	710.844149	150.491288	1141.511868	1.715024	1.867711	-0.917338	0.740012	0.465176	-0.358778	-0.107477	-0.142325	0.274707
0.701200	-431.125839	-280.446650	711.572490	150.679189	1142.698329	2.317174	2.474590	-0.303347	0.544391	0.327832	-0.122917	-0.503482	-0.416355	0.392696
0.703000	-431.583632	-280.716869	712.300501	150.866764	1143.884133	2.943149	3.054854	0.286085	0.144864	0.049198	0.104651	-0.720391	-0.565779	0.355771
0.704800	-432.041099	-280.987086	713.028185	151.054013	1145.069283	-2.694837	-2.662188	0.842800	-0.317397	-0.272650	0.248584	-0.662542	-0.524474	0.221567
0.706600	-432.498239	-281.257302	713.755541	151.240937	1146.253781	-2.041510	-2.096424	1.359721	-0.664245	-0.514207	0.295217	-0.338010	-0.298270	0.063255
0.708400	-432.955055	-281.527518	714.482572	151.427537	1147.437627	-1.393243	-1.517249	1.837339	-0.753656	-0.577142	0.272279	0.135238	0.030934	-0.074343
0.710200	-433.411547	-281.797732	715.209279	151.613815	1148.620825	-0.759157	-0.911159	2.291899	-0.543461	-0.432345	0.208757	0.572759	0.335294	-0.183502
0.712000	-433.867716	-282.067946	715.935661	151.799770	1149.803377	-0.141430	-0.267652	2.753168	-0.113937	-0.135483	0.109913	0.800225	0.494044	-0.268594
0.713800	-434.323563	-282.338158	716.661721	151.985405	1150.985284	0.463484	0.412856	-3.036187	0.364091	0.195098	-0.033322	0.728481	0.445397	-0.314962
0.715600	-434.779089	-282.608370	717.387459	152.170720	1152.166549	1.062295	1.110279	-2.500440	0.702148	0.428799	-0.211210	0.391372	0.212724	-0.282995
0.717400	-435.234296	-282.878580	718.112876	152.355716	1153.347173	1.662839	1.791620	-1.926249	0.773875	0.477962	-0.370343	-0.071431	-0.107295	-0.137479
0.719200	-435.689184	-283.148790	718.837974	152.540394	1154.527158	2.272489	2.433551	-1.321535	0.564571	0.332199	-0.425356	-0.477168	-0.388024	0.108277
0.721000	-436.143754	-283.418999	719.562753	152.724755	1155.706506	2.896121	3.032897	-0.693984	0.169640	0.057428	-0.308379	-0.677142	-0.526255	0.370622
0.722800	-436.598007	-283.689207	720.287214	152.908800	1156.885220	-2.749982	-2.683880	-0.049716	-0.252964	-0.236926	-0.025979	-0.612592	-0.480966	0.522114
0.724600	-437.051944	-283.959414	721.011358	153.092530	1158.063301	-2.107552	-2.136488	0.606684	-0.550148	-0.444563	0.318911	-0.327354	-0.282256	0.459530
0.726400	-437.505566	-284.229620	721.735186	153.275946	1159.240751	-1.473338	-1.593089	1.271808	-0.629337	-0.500952	0.564611	0.061529	-0.011169	0.174029
0.728200	-437.958874	-284.499825	722.458699	153.459049	1160.417573	-0.859452	-1.037635	1.943084	-0.481862	-0.399738	0.574129	0.415302	0.235914	-0.224195
0.730000	-438.411869	-284.770029	723.181898	153.641839	1161.593767	-0.270508	-0.453513	2.618519	-0.172502	-0.185707	0.317363	0.622068	0.381020	-0.550356
0.731800	-438.864552	-285.040233	723.904784	153.824319	1162.769336	0.297101	0.171489	-2.986672	0.191617	0.066673	-0.099871	0.625866	0.384974	-0.639492
0.733600	-439.316923	-285.310435	724.627358	154.006488	1163.944282	0.852431	0.832890	-2.307481	0.496080	0.277666	-0.482878	0.433664	0.252470	-0.437984
0.735400	-439.768985	-285.580637	725.349621	154.188348	1165.118606	1.407037	1.501808	-1.628345	0.648037	0.382506	-0.648211	0.107081	0.026431	-0.037345
0.737200	-440.220737	-285.850838	726.071574	154.369899	1166.292311	1.972838	2.143898	-0.950528	0.597270	0.346246	-0.520373	-0.253961	-0.223451	0.371709
0.739000	-440.672180	-286.121038	726.793218	154.551143	1167.465398	2.560109	2.745937	-0.275428	0.350886	0.174020	-0.169409	-0.533837	-0.416635	0.599441
0.740800	-441.123316	-286.391237	727.514553	154.732080	1168.637870	-3.108512	-2.967216	0.395298	-0.020900	-0.085088	0.231100	-0.631568	-0.482999	0.553850
0.742600	-441.574146	-286.661435	728.235581	154.912711	1169.809727	-2.468653	-2.413022	1.059606	-0.395700	-0.345878	0.498801	-0.496455	-0.387605	0.279789
0.744400	-442.024670	-286.931632	728.956302	155.093038	1170.980973	-1.814335	-1.857821	1.714932	-0.633015	-0.510869	0.533692	-0.157286	-0.150796	-0.077461
0.746200	-442.474889	-287.201829	729.676718	155.273061	1172.151608	-1.160402	-1.285467	2.358062	-0.626927	-0.506849	0.355392	0.272776	0.148676	-0.356722
0.748000	-442.924805	-287.472024	730.396829	155.452781	1173.321635	-0.517630	-0.680342	2.985065	-0.357794	-0.320556	0.072700	0.628349	0.396126	-0.460656
0.749800	-443.374418	-287.742219	731.116637	155.632198	1174.491055	0.111448	-0.029732	-2.691731	0.084639	-0.014443	-0.186928	0.756303	0.485633	-0.387107
0.751600	-443.823728	-288.012413	731.836142	155.811315	1175.659870	0.731130	0.667421	-2.110228	0.526434	0.290935	-0.340471	0.586913	0.369177	-0.203825
0.753400	-444.272738	-288.282607	732.555344	155.990131	1176.828082	1.349291	1.389511	-1.555749	0.779689	0.465574	-0.370380	0.175587	0.085339	0.005574
0.755200	-444.721447	-288.552799	733.274246	156.168648	1177.995693	1.974889	2.099436	-1.025137	0.728336	0.429294	-0.302640	-0.311455	-0.250747	0.183748
0.757000	-445.169857	-288.822991	733.992848	156.346867	1179.162705	2.616058	2.771703	-0.507486	0.386833	0.192214	-0.170257	-0.667029	-0.495733	0.306183
0.758800	-445.617969	-289.093181	734.711150	156.524788	1180.329119	-3.005562	-2.878915	0.013750	-0.100924	-0.146076	0.004951	-0.737341	-0.543256	0.360072
0.760600	-446.065783	-289.363371	735.429154	156.702412	1181.494937	-2.325499	-2.274225	0.553755	-0.525412	-0.440635	0.200915	-0.494108	-0.373732	0.324957
0.762400	-446.513301	-289.633560	736.146861	156.879740	1182.660161	-1.637536	-1.681620	1.120604	-0.707634	-0.567590	0.372176	-0.047298	-0.063161	0.179870
0.764200	-446.960522	-289.903749	736.864271	157.056773	1183.824793	-0.957414	-1.084621	1.715118	-0.579579	-0.479748	0.446071	0.408003	0.253540	-0.064828
0.766000	-447.407449	-290.173936	737.581385	157.233512	1184.988834	-0.297896	-0.466301	2.334006	-0.209610	-0.224211	0.354953	0.682698	0.445462	-0.339541
0.767800	-447.854082	-290.444123	738.298205	157.409958	1186.152286	0.336652	0.188718	2.972720	0.236712	0.084587	0.089440	0.676369	0.442884	-0.524588
0.769600	-448.300421	-290.714309	739.014730	157.586112	1187.315151	0.949626	0.885070	-2.656247	0.576402	0.319933	-0.266654	0.412518	0.261762	-0.505577
0.771400	-448.746468	-290.984495	739.730963	157.761974	1188.477431	1.548963	1.601951	-1.990127	0.687363	0.397019	-0.555223	0.015010	-0.012373	-0.247502
0.773200	-449.192224	-291.254679	740.446903	157.937545	1189.639127	2.144571	2.297378	-1.314973	0.549407	0.301485	-0.619000	-0.355086	-0.267954	0.161902
0.775000	-449.637689	-291.524863	741.162552	158.112826	1190.800240	2.746611	2.941006	-0.633062	0.236354	0.084190	-0.394286	-0.566946	-0.414074	0.537310
0.776800	-450.082864	-291.795046	741.877910	158.287818	1191.960774	-2.919919	-2.752128	0.053749	-0.126638	-0.168143	0.036914	-0.561894	-0.409677	0.686125
0.778600	-450.527750	-292.065228	742.592978	158.462522	1193.120729	-2.286234	-2.200386	0.743877	-0.413884	-0.368122	0.474921	-0.359677	-0.268171	0.516093
0.780400	-450.972349	-292.335409	743.307758	158.636939	1194.280107	-1.642397	-1.666979	1.435901	-0.536693	-0.453881	0.702470	-0.038494	-0.043791	0.095339
0.782200	-451.416659	-292.605590	744.022250	158.811069	1195.438909	-1.002385	-1.131203	2.128487	-0.461109	-0.401657	0.602137	0.294524	0.188893	-0.375575
0.784000	-451.860684	-292.875770	744.736454	158.984914	1196.597138	-0.378169	-0.571678	2.820326	-0.211131	-0.228179	0.222196	0.531425	0.354679	-0.667665
0.785800	-452.304423	-293.145949	745.450372	159.158473	1197.754795	0.227575	0.032716	-2.773104	0.136412	0.012952	-0.248945	0.589033	0.395750	-0.644726
0.787600	-452.747877	-293.416128	746.164005	159.331749	1198.911882	0.820964	0.695551	-2.086860	0.466217	0.241466	-0.584844	0.434180	0.289281	-0.331809
0.789400	-453.191047	-293.686306	746.877353	159.504741	1200.068400	1.412570	1.406226	-1.405730	0.653859	0.371032	-0.639358	0.104330	0.061618	0.106505
0.791200	-453.633934	-293.956483	747.590417	159.677451	1201.224351	2.014002	2.124103	-0.731588	0.610415	0.340256	-0.413700	-0.289765	-0.210164	0.460803
0.793000	-454.076539	-294.226659	748.303198	159.849880	1202.379737	2.635949	2.809589	-0.066665	0.328350	0.144317	-0.039095	-0.593061	-0.418595	0.585565
0.794800	-454.518862	-294.496835	749.015697	160.022027	1203.534559	-2.997087	-2.830316	0.586406	-0.096978	-0.150429	0.305730	-0.666422	-0.467555	0.460185
0.796600	-454.960905	-294.767010	749.727915	160.193895	1204.688819	-2.317512	-2.217127	1.224697	-0.492194	-0.423895	0.487256	-0.455515	-0.319799	0.175712
0.798400	-455.402667	-295.037184	750.439851	160.365483	1205.842519	-1.617164	-1.615729	1.845394	-0.677072	-0.551550	0.467364	-0.031417	-0.024799	-0.131663
0.800200	-455.844151	-295.307358	751.151509	160.536793	1206.995659	-0.912810	-1.007640	2.446707	-0.552589	-0.465181	0.293136	0.427087	0.293695	-0.351658
0.802000	-456.285356	-295.577531	751.862887	160.707825	1208.148243	-0.220492	-0.374567	3.029330	-0.159270	-0.193021	0.049006	0.710592	0.490990	-0.434699
0.803800	-456.726284	-295.847703	752.573986	160.878581	1209.300270	0.452631	0.300475	-2.685245	0.331248	0.146218	-0.188125	0.681153	0.471889	-0.383217
0.805600	-457.166935	-296.117874	753.284809	161.049060	1210.451744	1.108991	1.025215	-2.121819	0.694140	0.397201	-0.364381	0.345473	0.241117	-0.223917
0.807400	-457.607310	-296.388045	753.995355	161.219265	1211.602665	1.756791	1.782675	-1.552839	0.761442	0.443904	-0.439825	-0.143280	-0.095487	0.007899
0.809200	-458.047410	-296.658215	754.705625	161.389194	1212.753034	2.406444	2.530853	-0.969262	0.505873	0.267435	-0.381073	-0.559450	-0.382039	0.261565
0.811000	-458.487235	-296.928385	755.415620	161.558850	1213.902855	3.068088	-3.048437	-0.366113	0.052749	-0.045732	-0.176240	-0.716346	-0.489501	0.459678
0.812800	-458.926787	-297.198553	756.125341	161.728234	1215.052128	-2.534501	-2.394953	0.257551	-0.385845	-0.349123	0.134376	-0.555493	-0.377292	0.510156
0.814600	-459.366066	-297.468722	756.834788	161.897345	1216.200854	-1.835627	-1.779153	0.900069	-0.617281	-0.509528	0.442944	-0.167407	-0.107727	0.351449
0.816400	-459.805073	-297.738889	757.543962	162.066184	1217.349036	-1.130285	-1.183033	1.558641	-0.557237	-0.468389	0.603691	0.262685	0.191310	0.007338
0.818200	-460.243809	-298.009056	758.252865	162.234753	1218.496674	-0.437738	-0.587720	2.230263	-0.257189	-0.260940	0.506294	0.549527	0.391650	-0.392505
0.820000	-460.682274	-298.279222	758.961496	162.403052	1219.643771	0.226197	0.026940	2.912178	0.135844	0.011367	0.153403	0.590279	0.421834	-0.656896
0.821800	-461.120470	-298.549387	759.669857	162.571082	1220.790327	0.856745	0.681223	-2.681165	0.456855	0.234308	-0.312963	0.395909	0.289025	-0.630998
0.823600	-461.558396	-298.819552	760.377949	162.738844	1221.936345	1.459249	1.384305	-1.985363	0.593095	0.329500	-0.667215	0.066434	0.062171	-0.293622
0.825400	-461.996055	-299.089717	761.085771	162.906338	1223.081826	2.044961	2.112034	-1.285245	0.516185	0.276857	-0.717405	-0.264915	-0.166422	0.210611
0.827200	-462.433446	-299.359880	761.793326	163.073566	1224.226771	2.628028	2.811616	-0.582225	0.273350	0.108842	-0.417906	-0.484623	-0.317789	0.634774
0.829000	-462.870570	-299.630043	762.500613	163.240527	1225.371182	-3.059723	-2.832888	0.122416	-0.043362	-0.110671	0.093490	-0.528456	-0.347040	0.759887
0.830800	-463.307428	-299.900205	763.207633	163.407222	1226.515061	-2.439282	-2.248976	0.827435	-0.328597	-0.308328	0.562831	-0.388299	-0.248406	0.517395
0.832600	-463.744021	-300.170367	763.914388	163.573654	1227.658408	-1.789377	-1.696147	1.531553	-0.487672	-0.418200	0.756235	-0.108326	-0.052698	0.029692
0.834400	-464.180349	-300.440528	764.620877	163.739821	1228.801226	-1.118815	-1.149310	2.233401	-0.457855	-0.396801	0.585673	0.222289	0.177908	-0.456992
0.836200	-464.616413	-300.710688	765.327102	163.905725	1229.943515	-0.445789	-0.585345	2.931472	-0.231884	-0.239413	0.150839	0.485242	0.361195	-0.707274
0.838000	-465.052215	-300.980848	766.033063	164.071367	1231.085278	0.214941	0.017956	-2.659086	0.123789	0.007518	-0.324088	0.567024	0.418631	-0.618723
0.839800	-465.487754	-301.251007	766.738762	164.236747	1232.226516	0.860254	0.680662	-1.973759	0.474970	0.250857	-0.616038	0.408699	0.309793	-0.262611
0.841600	-465.923032	-301.521166	767.444198	164.401866	1233.367229	1.496619	1.409333	-1.297774	0.664023	0.381636	-0.614432	0.049346	0.062161	0.172050
0.843400	-466.358048	-301.791324	768.149372	164.566724	1234.507421	2.134875	2.176924	-0.633295	0.583377	0.325824	-0.358169	-0.369072	-0.225852	0.487854
0.845200	-466.792805	-302.061481	768.854286	164.731324	1235.647091	2.786759	2.930606	0.017606	0.242246	0.090185	0.010089	-0.653806	-0.421081	0.572983
0.847000	-467.227302	-302.331638	769.558940	164.895664	1236.786242	-2.820608	-2.645859	0.653406	-0.217692	-0.227174	0.330638	-0.654746	-0.420089	0.431872
0.848800	-467.661540	-302.601794	770.263335	165.059746	1237.924875	-2.115401	-1.983722	1.273912	-0.579418	-0.476387	0.497434	-0.350957	-0.208712	0.152178
0.850600	-468.095521	-302.871950	770.967471	165.223571	1239.062992	-1.385176	-1.347485	1.881210	-0.658996	-0.530621	0.480210	0.123748	0.120504	-0.154043
0.852400	-468.529244	-303.142105	771.671349	165.387139	1240.200593	-0.645961	-0.715891	2.480226	-0.407182	-0.356038	0.305958	0.540137	0.409322	-0.393111
0.854200	-468.962710	-303.412259	772.374970	165.550451	1241.337680	0.082106	-0.067707	3.078165	0.056881	-0.034919	0.031857	0.691219	0.514944	-0.501577
0.856000	-469.395921	-303.682413	773.078334	165.713508	1242.474255	0.786641	0.618292	-2.600500	0.504380	0.274856	-0.266455	0.503128	0.386396	-0.443416
0.857800	-469.828877	-303.952566	773.781443	165.876310	1243.610320	1.467269	1.357299	-1.983397	0.717395	0.422889	-0.495487	0.074537	0.091683	-0.216888
0.859600	-470.261578	-304.222719	774.484297	166.038859	1244.745874	2.131898	2.139636	-1.350481	0.602587	0.344626	-0.557290	-0.378717	-0.220331	0.124805
0.861400	-470.694025	-304.492871	775.186896	166.201154	1245.880921	2.791995	2.919094	-0.701124	0.233512	0.090595	-0.390616	-0.640508	-0.400429	0.462699
0.863200	-471.126219	-304.763023	775.889241	166.363196	1247.015460	-2.823655	-2.635804	-0.036433	-0.198830	-0.207534	-0.023380	-0.604160	-0.374718	0.641425
0.865000	-471.558160	-305.033174	776.591334	166.524987	1248.149495	-2.139232	-1.971608	0.641618	-0.492632	-0.410369	0.405763	-0.314676	-0.173894	0.543145
0.866800	-471.989850	-305.303324	777.293174	166.686526	1249.283025	-1.436251	-1.358132	1.330781	-0.534476	-0.439239	0.691747	0.072348	0.094845	0.169293
0.868600	-472.421289	-305.573474	777.994763	166.847815	1250.416052	-0.726588	-0.774982	2.028849	-0.338617	-0.303519	0.666391	0.380986	0.309909	-0.328548
0.870400	-472.852478	-305.843623	778.696101	167.008855	1251.548579	-0.033124	-0.200901	2.733794	-0.016489	-0.079906	0.305085	0.497600	0.392373	-0.706189
0.872200	-473.283417	-306.113772	779.397188	167.169645	1252.680605	0.624594	0.387754	-2.839379	0.291752	0.134639	-0.235166	0.404724	0.329650	-0.754308
0.874000	-473.714106	-306.383920	780.098026	167.330187	1253.812133	1.242065	1.018219	-2.125897	0.478216	0.265083	-0.683961	0.163123	0.163466	-0.424155
0.875800	-474.144548	-306.654068	780.798616	167.490480	1254.943163	1.828967	1.711031	-1.410373	0.493926	0.277054	-0.802420	-0.130428	-0.039109	0.129843
0.877600	-474.574742	-306.924215	781.498956	167.650527	1256.073698	2.402748	2.448847	-0.694121	0.345081	0.174643	-0.520744	-0.378805	-0.210423	0.625678
0.879400	-475.004689	-307.194361	782.199050	167.810327	1257.203738	2.983488	-3.113304	0.021580	0.080176	-0.008356	0.017442	-0.502875	-0.295297	0.808155
0.881200	-475.434389	-307.464507	782.898896	167.969882	1258.333285	-2.692900	-2.451238	0.735407	-0.218196	-0.214310	0.534077	-0.453213	-0.259476	0.590334
0.883000	-475.863844	-307.734653	783.598496	168.129191	1259.462340	-2.046173	-1.840913	1.445921	-0.443221	-0.368978	0.771711	-0.228147	-0.102164	0.096871
0.884800	-476.293054	-308.004798	784.297851	168.288256	1260.590905	-1.357249	-1.255776	2.151510	-0.491745	-0.401082	0.630591	0.106637	0.130702	-0.413787
0.886600	-476.722019	-308.274942	784.996961	168.447077	1261.718980	-0.640421	-0.670180	2.850368	-0.313139	-0.276055	0.208604	0.420209	0.348313	-0.695934
0.888400	-477.150741	-308.545086	785.695827	168.605655	1262.846567	0.079756	-0.061449	-2.742647	0.044800	-0.027424	-0.270353	0.560520	0.445717	-0.641330
0.890200	-477.579219	-308.815229	786.394449	168.763990	1263.973668	0.784831	0.592606	-2.063160	0.431670	0.240673	-0.585341	0.432160	0.357434	-0.313993
0.892000	-478.007456	-309.085372	787.092828	168.922084	1265.100283	1.471276	1.311502	-1.396122	0.654109	0.394848	-0.623610	0.065313	0.104740	0.110050
0.893800	-478.435450	-309.355514	787.790964	169.079936	1266.226415	2.146729	2.095671	-0.742629	0.578767	0.343405	-0.409276	-0.375834	-0.198849	0.445872
0.895600	-478.863203	-309.625656	788.488860	169.237547	1267.352063	2.823538	2.904659	-0.102451	0.219478	0.096207	-0.059584	-0.666638	-0.398425	0.579547
0.897400	-479.290716	-309.895797	789.186514	169.394919	1268.477230	-2.768384	-2.602862	0.526633	-0.252471	-0.228473	0.285302	-0.644784	-0.382251	0.490713
0.899200	-479.717989	-310.165938	789.883927	169.552051	1269.601917	-2.051927	-1.884552	1.149115	-0.593141	-0.462471	0.512819	-0.309649	-0.150060	0.230046
0.901000	-480.145023	-310.436078	790.581102	169.708945	1270.726125	-1.306965	-1.212216	1.771165	-0.621723	-0.481203	0.555384	0.167945	0.180347	-0.112795
0.902800	-480.571818	-310.706218	791.278037	169.865600	1271.849855	-0.543659	-0.563121	2.399170	-0.325235	-0.275708	0.393012	0.538100	0.436726	-0.428331
0.904600	-480.998376	-310.976357	791.974733	170.022018	1272.973109	0.215675	0.086382	3.038149	0.134227	0.042375	0.062415	0.612679	0.489334	-0.601223
0.906400	-481.424696	-311.246496	792.671192	170.178200	1274.095888	0.949827	0.760736	-2.592293	0.514757	0.306327	-0.331030	0.368244	0.321821	-0.540773
0.908200	-481.850779	-311.516634	793.367413	170.334145	1275.218193	1.650589	1.484369	-1.925125	0.631917	0.388836	-0.626205	-0.050530	0.033690	-0.231660
0.910000	-482.276626	-311.786772	794.063398	170.489854	1276.340025	2.322333	2.267151	-1.244358	0.453144	0.267093	-0.665832	-0.423450	-0.223310	0.225418
0.911800	-482.702238	-312.056909	794.759148	170.645329	1277.461386	2.975904	3.073867	-0.551604	0.096962	0.022467	-0.386582	-0.579840	-0.331231	0.628267
0.913600	-483.127615	-312.327046	795.454661	170.800569	1278.582276	-2.658860	-2.448436	0.151227	-0.250784	-0.216943	0.115997	-0.478513	-0.261170	0.761185
0.915400	-483.552758	-312.597182	796.149940	170.955575	1279.702698	-2.002789	-1.771026	0.862204	-0.441515	-0.348307	0.606148	-0.203554	-0.070689	0.519520
0.917200	-483.977667	-312.867318	796.844985	171.110349	1280.822652	-1.330328	-1.168543	1.579476	-0.424981	-0.336361	0.821500	0.104211	0.143105	-0.007130
0.919000	-484.402343	-313.137454	797.539797	171.264890	1281.942140	-0.644141	-0.615741	2.301300	-0.243554	-0.209880	0.624713	0.324305	0.296651	-0.559633
0.920800	-484.826787	-313.407588	798.234375	171.419199	1283.061163	0.037548	-0.084809	3.026027	0.014880	-0.029538	0.097930	0.396099	0.347455	-0.843621
0.922600	-485.250999	-313.677723	798.928722	171.573276	1284.179721	0.692918	0.454874	-2.531101	0.261214	0.142651	-0.488916	0.314620	0.291671	-0.698800
0.924400	-485.674980	-313.947857	799.622837	171.727123	1285.297817	1.315461	1.039012	-1.805239	0.422505	0.255684	-0.826074	0.110288	0.150423	-0.197295
0.926200	-486.098730	-314.217990	800.316720	171.880740	1286.415451	1.916465	1.703438	-1.081084	0.443077	0.270813	-0.740210	-0.159564	-0.036133	0.394546
0.928000	-486.522251	-314.488123	801.010374	172.034127	1287.532624	2.514778	2.456737	-0.360176	0.295168	0.169122	-0.289622	-0.407552	-0.207074	0.769035
0.929800	-486.945542	-314.758256	801.703797	172.187286	1288.649339	3.128951	-3.039546	0.355856	0.006660	-0.029535	0.278367	-0.526771	-0.288422	0.748946
0.931600	-487.368604	-315.028388	802.396991	172.340216	1289.765595	-2.508504	-2.293929	1.065262	-0.318883	-0.253164	0.675147	-0.434531	-0.223449	0.373701
0.933400	-487.791438	-315.298519	803.089957	172.492919	1290.881395	-1.819946	-1.608368	1.766176	-0.526068	-0.394470	0.727186	-0.133851	-0.014828	-0.143914
0.935200	-488.214044	-315.568650	803.782694	172.645394	1291.996739	-1.086469	-0.961344	2.456729	-0.484302	-0.363737	0.448964	0.254803	0.253927	-0.549704
0.937000	-488.636424	-315.838781	804.475205	172.797643	1293.111628	-0.321741	-0.325428	3.135320	-0.177915	-0.150659	0.004261	0.533762	0.446495	-0.679243
0.938800	-489.058577	-316.108911	805.167488	172.949665	1294.226064	0.447437	0.324431	-2.482079	0.256665	0.150413	-0.399655	0.534833	0.447239	-0.515467
0.940600	-489.480504	-316.379041	805.859545	173.101463	1295.340048	1.197868	1.013026	-1.828533	0.589109	0.380755	-0.610365	0.230481	0.237533	-0.160892
0.942400	-489.902206	-316.649170	806.551376	173.253035	1296.453581	1.922739	1.763679	-1.184669	0.626336	0.407531	-0.572842	-0.230010	-0.079595	0.232880
0.944200	-490.323683	-316.919299	807.242982	173.404384	1297.566665	2.629155	2.580989	-0.545845	0.335440	0.208238	-0.319411	-0.596270	-0.331699	0.525862
0.946000	-490.744936	-317.189427	807.934363	173.555509	1298.679299	-2.952647	-2.860403	0.093905	-0.127039	-0.109286	0.058363	-0.664334	-0.378359	0.619691
0.947800	-491.165966	-317.459555	808.625521	173.706410	1299.791487	-2.241470	-2.060494	0.740431	-0.505562	-0.369088	0.431225	-0.401088	-0.196724	0.471862
0.949600	-491.586772	-317.729683	809.316455	173.857089	1300.903228	-1.507856	-1.330336	1.398093	-0.599272	-0.432768	0.654123	0.037768	0.106117	0.114106
0.951400	-492.007357	-317.999810	810.007167	174.007547	1302.014523	-0.747534	-0.657308	2.069121	-0.377836	-0.279185	0.610029	0.407590	0.361733	-0.331934
0.953200	-492.427719	-318.269937	810.697656	174.157782	1303.125375	0.027020	-0.017272	2.753805	0.014141	-0.007642	0.275355	0.523235	0.442404	-0.674110
0.955000	-492.847860	-318.540063	811.387923	174.307797	1304.235783	0.787385	0.614100	-2.832085	0.358825	0.231876	-0.232284	0.357402	0.328883	-0.726376
0.956800	-493.267781	-318.810189	812.077970	174.457592	1305.345750	1.506630	1.262893	-2.123920	0.496750	0.329179	-0.676926	0.031918	0.104684	-0.417942
0.958600	-493.687481	-319.080314	812.767795	174.607167	1306.455276	2.174501	1.959190	-1.406874	0.400970	0.265102	-0.813999	-0.276504	-0.108474	0.134641
0.960400	-494.106962	-319.350439	813.457401	174.756523	1307.564363	2.796099	2.722056	-0.682918	0.158503	0.099138	-0.536110	-0.440371	-0.222273	0.659017
0.962200	-494.526224	-319.620563	814.146787	174.905660	1308.673011	-2.897976	-2.771668	0.046093	-0.106324	-0.082990	0.039984	-0.427773	-0.214016	0.866842
0.964000	-494.945267	-319.890688	814.835955	175.054580	1309.781222	-2.321475	-2.047294	0.778420	-0.300006	-0.216245	0.617119	-0.279865	-0.111619	0.625792
0.965800	-495.364093	-320.160811	815.524904	175.203282	1310.888997	-1.732241	-1.423593	1.512390	-0.378453	-0.269493	0.880964	-0.061636	0.039959	0.051512
0.967600	-495.782701	-320.430934	816.213635	175.351766	1311.996336	-1.105001	-0.868346	2.246329	-0.328338	-0.233187	0.685492	0.165051	0.197390	-0.549285
0.969400	-496.201092	-320.701057	816.902150	175.500035	1313.103242	-0.428685	-0.336164	2.978501	-0.153553	-0.110312	0.140776	0.335979	0.315693	-0.855506
0.971200	-496.619267	-320.971180	817.590447	175.648088	1314.209715	0.281522	0.209570	-2.576116	0.109475	0.073295	-0.454846	0.378541	0.344604	-0.716738
0.973000	-497.037227	-321.241302	818.278529	175.795925	1315.315755	0.995686	0.797763	-1.853092	0.369175	0.253903	-0.792344	0.239300	0.247701	-0.229812
0.974800	-497.454971	-321.511423	818.966394	175.943548	1316.421365	1.695204	1.455457	-1.137628	0.493792	0.340639	-0.723136	-0.061750	0.039464	0.334423
0.976600	-497.872501	-321.781545	819.654045	176.090956	1317.526546	2.380739	2.205542	-0.431710	0.381542	0.263827	-0.320437	-0.400747	-0.194284	0.695555
0.978400	-498.289816	-322.051665	820.341482	176.238151	1318.631298	3.063697	3.038937	0.262916	0.046244	0.033581	0.190890	-0.592460	-0.325974	0.709244
0.980200	-498.706918	-322.321786	821.028704	176.385133	1319.735622	-2.524521	-2.396587	0.945121	-0.354729	-0.241385	0.571685	-0.499972	-0.261718	0.413049
0.982000	-499.123807	-322.591906	821.715713	176.531902	1320.839520	-1.803274	-1.605067	1.614950	-0.593853	-0.404487	0.680341	-0.140600	-0.013868	-0.030059
0.983800	-499.540484	-322.862025	822.402509	176.678458	1321.942993	-1.045692	-0.879369	2.274220	-0.514899	-0.348459	0.506604	0.298312	0.288433	-0.429680
0.985600	-499.956948	-323.132144	823.089093	176.824804	1323.046041	-0.253663	-0.194782	2.926811	-0.145920	-0.092821	0.140072	0.562860	0.470496	-0.642101
0.987400	-500.373201	-323.402263	823.775465	176.970938	1324.148666	0.552530	0.477584	-2.704956	0.304508	0.218857	-0.279448	0.493858	0.422877	-0.598803
0.989200	-500.789244	-323.672382	824.461625	177.116862	1325.250869	1.343095	1.165780	-2.048810	0.575215	0.406889	-0.599174	0.133289	0.174441	-0.310425
0.991000	-501.205075	-323.942500	825.147575	177.262576	1326.352651	2.098954	1.899614	-1.383085	0.518678	0.369668	-0.685476	-0.302620	-0.126132	0.130204
0.992800	-501.620697	-324.212617	825.833315	177.408080	1327.454012	2.819229	2.703955	-0.704878	0.188922	0.144109	-0.471159	-0.565611	-0.307991	0.553873
0.994600	-502.036110	-324.482734	826.518845	177.553376	1328.554955	-2.768948	-2.719688	-0.013295	-0.207407	-0.127808	-0.010108	-0.530577	-0.284740	0.760235
0.996400	-502.451314	-324.752851	827.204165	177.698463	1329.655479	-2.085121	-1.884758	0.691042	-0.453710	-0.296912	0.506263	-0.256369	-0.096408	0.612102
0.998200	-502.866310	-325.022968	827.889277	177.843342	1330.755587	-1.398263	-1.143338	1.406601	-0.452533	-0.295620	0.815602	0.078861	0.134669	0.135134
1.000000	-503.281098	-325.293084	828.574181	177.988014	1331.855279	-0.697770	-0.499830	2.131418	-0.255719	-0.158991	0.724381	0.304977	0.291150	-0.454778
