#model:pLinear_up	end_point_b=1.00
#t	l_1	l_2	l_3	l_2-l_1	l_3-l_1	phase_1	phase_2	phase_3	RePsi_1	RePsi_2	RePsi_3	ImPsi_1	ImPsi_2	ImPsi_3
0.101800	-71.493500	-47.802708	119.296208	23.690792	190.789709	1.742534	1.744916	1.820323	0.809804	0.540145	0.149195	-0.140457	-0.095012	-0.038021	-0.331370	-2.668630
0.103600	-71.839149	-48.072739	119.911888	23.766410	191.751037	1.915780	1.920474	2.068148	0.772959	0.515225	0.137905	-0.277766	-0.187884	-0.074864	-0.330828	-2.669172
0.105400	-72.184103	-48.342769	120.526872	23.841333	192.710974	2.090589	2.097453	2.311495	0.712088	0.474059	0.119350	-0.407518	-0.275634	-0.109131	-0.330285	-2.669715
0.107200	-72.528371	-48.612799	121.141170	23.915572	193.669542	2.267013	2.275837	2.548318	0.628550	0.417570	0.094039	-0.525368	-0.355327	-0.139460	-0.329741	-2.670259
0.109000	-72.871965	-48.882829	121.754794	23.989137	194.626759	2.445107	2.455613	2.777423	0.524517	0.347229	0.062734	-0.627189	-0.424175	-0.164583	-0.329196	-2.670804
0.110800	-73.214894	-49.152857	122.367752	24.062037	195.582646	2.624924	2.636774	2.998394	0.402947	0.265039	0.026439	-0.709230	-0.479643	-0.183371	-0.328649	-2.671351
0.112600	-73.557169	-49.422886	122.980055	24.134283	196.537223	2.806516	2.819318	-3.071783	0.267516	0.173488	-0.013627	-0.768267	-0.519557	-0.194878	-0.328102	-2.671898
0.114400	-73.898797	-49.692914	123.591711	24.205883	197.490508	2.989930	3.003250	-2.866191	0.122537	0.075491	-0.056062	-0.801753	-0.542196	-0.198390	-0.327554	-2.672446
0.116200	-74.239789	-49.962941	124.202731	24.276848	198.442520	-3.107973	-3.094601	-2.667272	-0.027173	-0.025694	-0.099323	-0.807944	-0.546386	-0.193457	-0.327006	-2.672994
0.118000	-74.580154	-50.232969	124.813123	24.347186	199.393277	-2.920785	-2.907844	-2.474212	-0.176434	-0.126567	-0.141778	-0.786010	-0.531570	-0.179921	-0.326457	-2.673543
0.119800	-74.919901	-50.502995	125.422896	24.416906	200.342797	-2.731659	-2.719633	-2.286206	-0.319882	-0.223504	-0.181758	-0.736118	-0.497865	-0.157944	-0.325907	-2.674093
0.121600	-75.259038	-50.773022	126.032060	24.486017	201.291098	-2.540571	-2.529927	-2.102501	-0.452162	-0.312888	-0.217622	-0.659477	-0.446089	-0.128007	-0.325356	-2.674644
0.123400	-75.597574	-51.043047	126.640622	24.554527	202.238196	-2.347506	-2.338679	-1.922419	-0.568135	-0.391248	-0.247820	-0.558348	-0.377776	-0.090917	-0.324806	-2.675194
0.125200	-75.935518	-51.313073	127.248591	24.622445	203.184109	-2.152461	-2.145832	-1.745355	-0.663089	-0.455404	-0.270957	-0.436014	-0.295146	-0.047784	-0.324255	-2.675745
0.127000	-76.272877	-51.583098	127.855975	24.689779	204.128853	-1.955442	-1.951324	-1.570782	-0.732950	-0.502607	-0.285853	-0.296705	-0.201056	0.000004	-0.323703	-2.676297
0.128800	-76.609661	-51.853123	128.462783	24.756538	205.072444	-1.756467	-1.755088	-1.398236	-0.774480	-0.530675	-0.291604	-0.145474	-0.098921	0.050825	-0.323152	-2.676848
0.130600	-76.945875	-52.123147	129.069022	24.822728	206.014898	-1.555567	-1.557054	-1.227316	-0.785452	-0.538104	-0.287628	0.011963	0.007395	0.102872	-0.322600	-2.677400
0.132400	-77.281530	-52.393171	129.674701	24.888359	206.956230	-1.352784	-1.357151	-1.057668	-0.764791	-0.524175	-0.273702	0.169427	0.113723	0.154224	-0.322048	-2.677952
0.134200	-77.616631	-52.663195	130.279825	24.953436	207.896456	-1.148169	-1.155313	-0.888982	-0.712685	-0.489017	-0.249995	0.320514	0.215737	0.202912	-0.321496	-2.678504
0.136000	-77.951187	-52.933218	130.884405	25.017969	208.835591	-0.941785	-0.951481	-0.720979	-0.630638	-0.433649	-0.217069	0.458854	0.309138	0.247006	-0.320944	-2.679056
0.137800	-78.285204	-53.203241	131.488445	25.081963	209.773649	-0.733702	-0.745604	-0.553412	-0.521473	-0.359981	-0.175883	0.578382	0.389835	0.284689	-0.320392	-2.679608
0.139600	-78.618691	-53.473263	132.091954	25.145427	210.710645	-0.523997	-0.537649	-0.386052	-0.389276	-0.270772	-0.127764	0.673626	0.454134	0.314345	-0.319840	-2.680160
0.141400	-78.951654	-53.743286	132.694939	25.208368	211.646593	-0.312751	-0.327600	-0.218686	-0.239280	-0.169557	-0.074369	0.739971	0.498925	0.334636	-0.319289	-2.680711
0.143200	-79.284099	-54.013308	133.297407	25.270792	212.581506	-0.100045	-0.115464	-0.051113	-0.077685	-0.060524	-0.017627	0.773912	0.521845	0.344570	-0.318737	-2.681263
0.145000	-79.616035	-54.283329	133.899364	25.332705	213.515399	0.114042	0.098725	0.116865	0.088569	0.051646	0.040334	0.773267	0.521426	0.343561	-0.318186	-2.681814
0.146800	-79.947467	-54.553351	134.500817	25.394116	214.448284	0.329430	0.314906	0.285443	0.252089	0.161962	0.097273	0.737342	0.497202	0.331472	-0.317635	-2.682365
0.148600	-80.278401	-54.823372	135.101773	25.455030	215.380175	0.546051	0.532990	0.454825	0.405348	0.265346	0.150931	0.667037	0.449785	0.308640	-0.317084	-2.682916
0.150400	-80.608846	-55.093393	135.702238	25.515453	216.311084	0.763839	0.752855	0.625223	0.541035	0.356867	0.199135	0.564881	0.380884	0.275877	-0.316534	-2.683466
0.152200	-80.938806	-55.363413	136.302219	25.575393	217.241024	0.982741	0.974360	0.796871	0.652411	0.431982	0.239899	0.434991	0.293280	0.234457	-0.315984	-2.684016
0.154000	-81.268288	-55.633433	136.901721	25.634854	218.170008	1.202711	1.197338	0.970029	0.733664	0.486772	0.271529	0.282946	0.190740	0.186069	-0.315435	-2.684565
0.155800	-81.597298	-55.903453	137.500751	25.693844	219.098048	1.423717	1.421609	1.144998	0.780239	0.518167	0.292708	0.115592	0.077882	0.132756	-0.314886	-2.685114
0.157600	-81.925841	-56.173473	138.099314	25.752369	220.025155	1.645734	1.646989	1.322130	0.789121	0.524138	0.302579	-0.059246	-0.040013	0.076831	-0.314338	-2.685662
0.159400	-82.253925	-56.443492	138.697417	25.810433	220.951342	1.868749	1.873292	1.501852	0.759058	0.503845	0.300800	-0.233102	-0.157236	0.020771	-0.313790	-2.686210
0.161200	-82.581554	-56.713511	139.295065	25.868043	221.876620	2.092758	2.100348	1.684690	0.690711	0.457737	0.287584	-0.397276	-0.267920	-0.032896	-0.313242	-2.686758
0.163000	-82.908735	-56.983530	139.892265	25.925204	222.800999	2.317765	2.328005	1.871305	0.586708	0.387589	0.263703	-0.543262	-0.366331	-0.081720	-0.312696	-2.687304
0.164800	-83.235472	-57.253549	140.489021	25.981923	223.724493	2.543781	2.556139	2.062548	0.451597	0.296473	0.230472	-0.663206	-0.447174	-0.123450	-0.312150	-2.687850
0.166600	-83.561771	-57.523567	141.085339	26.038204	224.647110	2.770823	2.784660	2.259531	0.291697	0.188650	0.189702	-0.750348	-0.505893	-0.156165	-0.311604	-2.688396
0.168400	-83.887639	-57.793585	141.681224	26.094053	225.568862	2.998913	3.013517	2.463736	0.114842	0.069406	0.143618	-0.799428	-0.538947	-0.178380	-0.311060	-2.688940
0.170200	-84.213079	-58.063603	142.276682	26.149475	226.489760	-3.055108	-3.040488	2.677164	-0.069972	-0.055194	0.094756	-0.807043	-0.544046	-0.189143	-0.310516	-2.689484
0.172000	-84.538097	-58.333621	142.871718	26.204476	227.409814	-2.824841	-2.810955	2.902552	-0.253025	-0.178597	0.045841	-0.771916	-0.520330	-0.188104	-0.309972	-2.690028
0.173800	-84.862698	-58.603638	143.466337	26.259060	228.329035	-2.593442	-2.581002	-3.139538	-0.424377	-0.294103	-0.000361	-0.695059	-0.468487	-0.175558	-0.309430	-2.690570
0.175600	-85.186888	-58.873656	144.060543	26.313232	229.247431	-2.360877	-2.350525	-2.877688	-0.574416	-0.395235	-0.041191	-0.579821	-0.390778	-0.152444	-0.308888	-2.691112
0.177400	-85.510670	-59.143673	144.654343	26.366998	230.165013	-2.127112	-2.119386	-2.588662	-0.694410	-0.476108	-0.074256	-0.431804	-0.290981	-0.120321	-0.308347	-2.691653
0.179200	-85.834051	-59.413689	145.247741	26.420362	231.081792	-1.892110	-1.887421	-2.265499	-0.777049	-0.531800	-0.097567	-0.258639	-0.174243	-0.081300	-0.307807	-2.692193
0.181000	-86.157034	-59.683706	145.840741	26.473328	231.997775	-1.655832	-1.654440	-1.903807	-0.816930	-0.558672	-0.109678	-0.069636	-0.046839	-0.037937	-0.307268	-2.692732
0.182800	-86.479625	-59.953723	146.433348	26.525903	232.912973	-1.418233	-1.420234	-1.508040	-0.810954	-0.554641	-0.109781	0.124691	0.084145	0.006899	-0.306730	-2.693270
0.184600	-86.801828	-60.223739	147.025567	26.578089	233.827395	-1.179267	-1.184584	-1.096661	-0.758611	-0.519366	-0.097786	0.313188	0.211192	0.050182	-0.306193	-2.693807
0.186400	-87.123648	-60.493755	147.617402	26.629893	234.741050	-0.938881	-0.947263	-0.696406	-0.662121	-0.454346	-0.074344	0.484707	0.326791	0.088911	-0.305656	-2.694344
0.188200	-87.445088	-60.763771	148.208859	26.681318	235.653947	-0.697016	-0.708043	-0.327311	-0.526415	-0.362907	-0.040841	0.628780	0.423892	0.120291	-0.305121	-2.694879
0.190000	-87.766154	-61.033786	148.799940	26.732368	236.566094	-0.453609	-0.466705	0.004657	-0.358949	-0.250075	0.000661	0.736284	0.496351	0.141913	-0.304586	-2.695414
0.191800	-88.086850	-61.303802	149.390651	26.783048	237.477501	-0.208587	-0.223048	0.303220	-0.169348	-0.122338	0.047531	0.800071	0.539354	0.151920	-0.304053	-2.695947
0.193600	-88.407179	-61.573817	149.980996	26.833363	238.388176	0.038127	0.023106	0.575267	0.031107	0.012705	0.096709	0.815490	0.549773	0.149144	-0.303520	-2.696480
0.195400	-88.727147	-61.843832	150.570979	26.883315	239.298126	0.286614	0.271902	0.827368	0.230122	0.146773	0.144886	0.780792	0.526431	0.133207	-0.302989	-2.697011
0.197200	-89.046757	-62.113847	151.160604	26.932910	240.207361	0.536961	0.523438	1.064754	0.415140	0.271406	0.188707	0.697355	0.470264	0.104576	-0.302458	-2.697542
0.199000	-89.366014	-62.383862	151.749875	26.982152	241.115889	0.789254	0.777761	1.291331	0.574140	0.378511	0.224986	0.569729	0.384336	0.064566	-0.301929	-2.698071
0.200800	-89.684920	-62.653876	152.338796	27.031044	242.023717	1.043575	1.034860	1.509962	0.696448	0.460900	0.250925	0.405465	0.273738	0.015284	-0.301400	-2.698600
0.202600	-90.003481	-62.923890	152.927372	27.079591	242.930853	1.300002	1.294656	1.722753	0.773499	0.512809	0.264308	0.214734	0.145320	-0.040475	-0.300873	-2.699127
0.204400	-90.321700	-63.193905	153.515605	27.127796	243.837305	1.558596	1.557008	1.931274	0.799495	0.530336	0.263676	0.009754	0.007313	-0.099392	-0.300346	-2.699654
0.206200	-90.639581	-63.463919	154.103500	27.175662	244.743081	1.819403	1.821715	2.136719	0.771905	0.511780	0.248452	-0.195955	-0.131180	-0.157824	-0.299821	-2.700179
0.208000	-90.957127	-63.733933	154.691060	27.223195	245.648188	2.082443	2.088525	2.340020	0.691775	0.457850	0.219015	-0.388448	-0.260769	-0.212042	-0.299297	-2.700703
0.209800	-91.274343	-64.003946	155.278290	27.270397	246.552633	2.347706	2.357151	2.541928	0.563790	0.371703	0.176709	-0.554299	-0.372414	-0.258481	-0.298774	-2.701226
0.211600	-91.591232	-64.273960	155.865192	27.317272	247.456424	2.615143	2.627287	2.743073	0.396095	0.258826	0.123785	-0.681563	-0.458078	-0.293992	-0.298252	-2.701748
0.213400	-91.907797	-64.543973	156.451770	27.363824	248.359568	2.884671	2.898633	2.944004	0.199852	0.126735	0.063279	-0.760680	-0.511325	-0.316079	-0.297731	-2.702269
0.215200	-92.224042	-64.813987	157.038029	27.410056	249.262071	-3.127023	-3.112274	-3.137957	-0.011442	-0.015480	-0.001175	-0.785247	-0.527849	-0.323096	-0.297212	-2.702788
0.217000	-92.539971	-65.084000	157.623971	27.455971	250.163942	-2.853733	-2.839298	-2.935944	-0.222834	-0.157755	-0.065582	-0.752606	-0.505864	-0.314393	-0.296693	-2.703307
0.218800	-92.855586	-65.354013	158.209599	27.501574	251.065186	-2.578844	-2.565804	-2.732627	-0.418956	-0.289744	-0.125861	-0.664181	-0.446333	-0.290401	-0.296176	-2.703824
0.220600	-93.170892	-65.624026	158.794918	27.546867	251.965810	-2.302579	-2.291911	-2.527437	-0.585139	-0.401576	-0.178136	-0.525532	-0.353002	-0.252631	-0.295660	-2.704340
0.222400	-93.485892	-65.894038	159.379930	27.591853	252.865821	-2.025175	-2.017669	-2.319705	-0.708535	-0.484604	-0.219030	-0.346096	-0.232224	-0.203601	-0.295145	-2.704855
0.224200	-93.800588	-66.164051	159.964639	27.636537	253.765226	-1.746869	-1.743067	-2.108606	-0.779151	-0.532107	-0.245929	-0.138623	-0.092584	-0.146686	-0.294631	-2.705369
0.226000	-94.114984	-66.434063	160.549047	27.680920	254.664031	-1.467882	-1.468039	-1.893069	-0.790722	-0.539871	-0.257203	0.081665	0.055672	-0.085883	-0.294118	-2.705882
0.227800	-94.429083	-66.704076	161.133159	27.725007	255.562242	-1.188404	-1.192473	-1.671646	-0.741328	-0.506609	-0.252358	0.298154	0.201362	-0.025537	-0.293607	-2.706393
0.229600	-94.742889	-66.974088	161.716977	27.768801	256.459865	-0.908586	-0.916219	-1.442300	-0.633710	-0.434168	-0.232113	0.494074	0.333203	0.029991	-0.293096	-2.706904
0.231400	-95.056404	-67.244100	162.300504	27.812304	257.356907	-0.628522	-0.639110	-1.202056	-0.475225	-0.327503	-0.198376	0.653810	0.440689	0.076655	-0.292587	-2.707413
0.233200	-95.369631	-67.514112	162.883743	27.855519	258.253374	-0.348253	-0.360966	-0.946417	-0.277436	-0.194398	-0.154130	0.764182	0.514952	0.111057	-0.292080	-2.707920
0.235000	-95.682574	-67.784124	163.466698	27.898450	259.149272	-0.067754	-0.081609	-0.668392	-0.055344	-0.044947	-0.103231	0.815586	0.549535	0.130732	-0.291573	-2.708427
0.236800	-95.995235	-68.054135	164.049370	27.941100	260.044606	0.213057	0.199127	-0.357000	0.173702	0.109174	-0.050120	0.802907	0.540998	0.134378	-0.291068	-2.708932
0.238600	-96.307617	-68.324147	164.631764	27.983471	260.939382	0.494323	0.481389	0.004255	0.391331	0.255607	0.000519	0.726095	0.489314	0.121996	-0.290563	-2.709437
0.240400	-96.619724	-68.594158	165.213882	28.025566	261.833606	0.776234	0.765298	0.435270	0.579633	0.382301	0.044143	0.590355	0.397987	0.094929	-0.290061	-2.709939
0.242200	-96.931557	-68.864170	165.795727	28.067388	262.727284	1.059029	1.050945	0.942119	0.722658	0.478530	0.076728	0.405903	0.273893	0.055788	-0.289559	-2.710441
0.244000	-97.243120	-69.134181	166.377301	28.108939	263.620421	1.342980	1.338391	1.484002	0.807835	0.535839	0.095128	0.187290	0.126823	0.008277	-0.289058	-2.710942
0.245800	-97.554416	-69.404192	166.958608	28.150224	264.513023	1.628383	1.627668	1.987480	0.827154	0.548842	0.097368	-0.047686	-0.031247	-0.043095	-0.288559	-2.711441
0.247600	-97.865446	-69.674203	167.539649	28.191243	265.405095	1.915549	1.918784	2.415818	0.778016	0.515797	0.082856	-0.279380	-0.187105	-0.093376	-0.288061	-2.711939
0.249400	-98.176215	-69.944214	168.120428	28.232001	266.296643	2.204788	2.211729	2.777232	0.663647	0.438875	0.052473	-0.487944	-0.327399	-0.137583	-0.287565	-2.712435
0.251200	-98.486723	-70.214225	168.700948	28.272499	267.187671	2.496397	2.506485	3.091687	0.493022	0.324119	0.008548	-0.655047	-0.439801	-0.171146	-0.287069	-2.712931
0.253000	-98.796975	-70.484235	169.281210	28.312740	268.078185	2.790640	2.803033	-2.907913	0.280275	0.181035	-0.045301	-0.765550	-0.514132	-0.190319	-0.286575	-2.713425
0.254800	-99.106972	-70.754246	169.861218	28.352727	268.968190	3.087733	3.101362	-2.644554	0.043612	0.021871	-0.104451	-0.808961	-0.543338	-0.192550	-0.286082	-2.713918
0.256600	-99.416718	-71.024256	170.440974	28.392461	269.857692	-2.895358	-2.881712	-2.394629	-0.196176	-0.139391	-0.163653	-0.780539	-0.524235	-0.176742	-0.285590	-2.714410
0.258400	-99.726214	-71.294267	171.020480	28.431947	270.746694	-2.592201	-2.579797	-2.153748	-0.417522	-0.288246	-0.217490	-0.681925	-0.457929	-0.143412	-0.285100	-2.714900
0.260200	-100.035462	-71.564277	171.599739	28.471186	271.635202	-2.286013	-2.276042	-1.918975	-0.600023	-0.410975	-0.260865	-0.521204	-0.349861	-0.094685	-0.284611	-2.715389
0.262000	-100.344467	-71.834287	172.178754	28.510180	272.523220	-1.976936	-1.970397	-1.688266	-0.726375	-0.495945	-0.289486	-0.312377	-0.209449	-0.034163	-0.284123	-2.715877
0.263800	-100.653229	-72.104297	172.757526	28.548932	273.410754	-1.665219	-1.662809	-1.460125	-0.784090	-0.534762	-0.300285	-0.074257	-0.049344	0.033369	-0.283637	-2.716363
0.265600	-100.961751	-72.374307	173.336058	28.587444	274.297809	-1.351207	-1.353232	-1.233395	-0.766833	-0.523169	-0.291748	0.171148	0.115653	0.102350	-0.283151	-2.716849
0.267400	-101.270036	-72.644317	173.914352	28.625719	275.184388	-1.035317	-1.041642	-1.007113	-0.675238	-0.461596	-0.264109	0.400620	0.269933	0.166942	-0.282667	-2.717333
0.269200	-101.578085	-72.914327	174.492412	28.663758	276.070497	-0.718006	-0.728051	-0.780412	-0.517068	-0.355267	-0.219378	0.591918	0.398543	0.221577	-0.282184	-2.717816
0.271000	-101.885901	-73.184336	175.070238	28.701565	276.956139	-0.399735	-0.412524	-0.552435	-0.306709	-0.213856	-0.161205	0.725971	0.488663	0.261500	-0.281703	-2.718297
0.272800	-102.193487	-73.454346	175.647833	28.739141	277.841320	-0.080925	-0.095181	-0.322246	-0.063977	-0.050688	-0.094574	0.788844	0.530928	0.283255	-0.281223	-2.718777
0.274600	-102.500844	-73.724355	176.225199	28.776489	278.726044	0.238074	0.223790	-0.088728	0.187658	0.118459	-0.025359	0.773284	0.520466	0.285054	-0.280744	-2.719256
0.276400	-102.807975	-73.994365	176.802339	28.813610	279.610314	0.557015	0.544148	0.149567	0.423292	0.276842	0.040236	0.679661	0.457528	0.267006	-0.280266	-2.719734
0.278200	-103.114881	-74.264374	177.379255	28.850507	280.494136	0.875760	0.865608	0.394650	0.619039	0.408407	0.096278	0.516179	0.347635	0.231158	-0.279790	-2.720210
0.280000	-103.421565	-74.534383	177.955949	28.887182	281.377514	1.194293	1.187865	0.649504	0.754491	0.499436	0.137715	0.298299	0.201181	0.181341	-0.279315	-2.720685
0.281800	-103.728030	-74.804392	178.532422	28.923637	282.260452	1.512704	1.510622	0.918807	0.814914	0.540030	0.160909	0.047393	0.032535	0.122829	-0.278841	-2.721159
0.283600	-104.034276	-75.074401	179.108677	28.959874	283.142953	1.831184	1.833625	1.210326	0.792952	0.525247	0.164050	-0.211272	-0.141319	0.061837	-0.278369	-2.721631
0.285400	-104.340306	-75.344410	179.684717	28.995896	284.025023	2.150001	2.156686	1.537574	0.689632	0.455782	0.147391	-0.451041	-0.302465	0.004899	-0.277897	-2.722103
0.287200	-104.646122	-75.614419	180.260542	29.031703	284.906664	2.469479	2.479712	1.924365	0.514520	0.338067	0.113275	-0.646626	-0.433908	-0.041807	-0.277427	-2.722573
0.289000	-104.951727	-75.884428	180.836155	29.067299	285.787882	2.789982	2.802719	2.407750	0.284982	0.183778	0.065947	-0.776825	-0.521400	-0.073123	-0.276959	-2.723041
0.290800	-105.257121	-76.154437	181.411558	29.102684	286.668679	3.111888	3.125838	3.011947	0.024570	0.008746	0.011146	-0.826922	-0.555055	-0.085493	-0.276491	-2.723509
0.292600	-105.562307	-76.424446	181.986753	29.137862	287.549060	-2.847614	-2.833870	-2.620020	-0.239317	-0.168617	-0.044471	-0.790474	-0.530546	-0.077388	-0.276025	-2.723975
0.294400	-105.867287	-76.694454	182.561741	29.172833	288.429028	-2.521805	-2.509685	-2.055635	-0.478297	-0.329236	-0.094033	-0.670271	-0.449752	-0.049535	-0.275560	-2.724440
0.296200	-106.172063	-76.964463	183.136525	29.207600	289.308588	-2.193565	-2.184356	-1.608081	-0.666085	-0.455449	-0.131204	-0.478314	-0.320741	-0.004894	-0.275097	-2.724903
0.298000	-106.476636	-77.234471	183.711107	29.242165	290.187743	-1.862651	-1.857379	-1.241321	-0.781463	-0.533000	-0.150902	-0.234778	-0.157072	0.051599	-0.274635	-2.725365
0.299800	-106.781009	-77.504479	184.285488	29.276529	291.066497	-1.528896	-1.528218	-0.922596	-0.810807	-0.552738	-0.149907	0.033993	0.023549	0.113535	-0.274174	-2.725826
0.301600	-107.085182	-77.774488	184.859670	29.310695	291.944853	-1.192225	-1.196336	-0.632353	-0.749849	-0.511799	-0.127278	0.298258	0.201139	0.173705	-0.273714	-2.726286
0.303400	-107.389159	-78.044496	185.433655	29.344663	292.822814	-0.852660	-0.861239	-0.359515	-0.604449	-0.414122	-0.084529	0.528153	0.355631	0.224901	-0.273255	-2.726745
0.305200	-107.692941	-78.314504	186.007445	29.378437	293.700385	-0.510324	-0.522528	-0.097592	-0.390227	-0.270208	-0.025527	0.697103	0.469173	0.260738	-0.272798	-2.727202
0.307000	-107.996529	-78.584512	186.581041	29.412017	294.577569	-0.165429	-0.179950	0.157435	-0.131058	-0.096098	0.043881	0.784990	0.528249	0.276419	-0.272342	-2.727658
0.308800	-108.299925	-78.854520	187.154445	29.445405	295.454370	0.181734	0.166546	0.408219	0.143460	0.088320	0.116491	0.780689	0.525389	0.269333	-0.271888	-2.728112
0.310600	-108.603131	-79.124528	187.727659	29.478603	296.330790	0.530820	0.516771	0.656655	0.401310	0.261535	0.184542	0.683641	0.460220	0.239429	-0.271434	-2.728566
0.312400	-108.906149	-79.394536	188.300685	29.511613	297.206833	0.881462	0.870277	0.904216	0.611774	0.402913	0.240615	0.504235	0.339727	0.189292	-0.270982	-2.729018
0.314200	-109.208980	-79.664544	188.873523	29.544436	298.082503	1.233296	1.226377	1.152189	0.749136	0.495179	0.278522	0.262892	0.177629	0.123915	-0.270531	-2.729469
0.316000	-109.511626	-79.934551	189.446177	29.577074	298.957803	1.585991	1.584209	1.401840	0.795926	0.526602	0.294076	-0.012095	-0.007063	0.050164	-0.270082	-2.729918
0.317800	-109.814088	-80.204559	190.018647	29.609529	299.832735	1.939273	1.942834	1.654597	0.745283	0.492575	0.285653	-0.287762	-0.192207	-0.023994	-0.269633	-2.730367
0.319600	-110.116369	-80.474567	190.590935	29.641802	300.707304	2.292938	2.301359	1.912273	0.602104	0.396392	0.254453	-0.530373	-0.355140	-0.090432	-0.269186	-2.730814
0.321400	-110.418469	-80.744574	191.163043	29.673895	301.581512	2.646864	2.659047	2.177419	0.382787	0.249070	0.204426	-0.709552	-0.475460	-0.141852	-0.268740	-2.731260
0.323200	-110.720390	-81.014582	191.734972	29.705809	302.455362	3.001006	3.015403	2.453962	0.113522	0.068205	0.141853	-0.802163	-0.537630	-0.172705	-0.268296	-2.731704
0.325000	-111.022135	-81.284589	192.306724	29.737545	303.328858	-2.927789	-2.912961	2.748454	-0.172703	-0.124044	0.074623	-0.795417	-0.533062	-0.179932	-0.267852	-2.732148
0.326800	-111.323703	-81.554596	192.878300	29.769107	304.202003	-2.573052	-2.559588	3.072705	-0.440073	-0.303622	0.011274	-0.688786	-0.461406	-0.163401	-0.267410	-2.732590
0.328600	-111.625098	-81.824604	193.449701	29.800494	305.074799	-2.217812	-2.207311	-2.833708	-0.654429	-0.447588	-0.040069	-0.494425	-0.330831	-0.126005	-0.266969	-2.733031
0.330400	-111.926320	-82.094611	194.020930	29.831709	305.947250	-1.861863	-1.855559	-2.360317	-0.787695	-0.537087	-0.072752	-0.235974	-0.157215	-0.073354	-0.266530	-2.733470
0.332200	-112.227370	-82.364618	194.591988	29.862752	306.819358	-1.504963	-1.503596	-1.728604	-0.821687	-0.559910	-0.082486	0.054173	0.037683	-0.013126	-0.266092	-2.733908
0.334000	-112.528251	-82.634625	195.162876	29.893626	307.691127	-1.146838	-1.150585	-0.976892	-0.750764	-0.512271	-0.067968	0.338841	0.228896	0.045894	-0.265654	-2.734346
0.335800	-112.828964	-82.904632	195.733596	29.924331	308.562560	-0.787195	-0.795643	-0.316834	-0.582920	-0.399544	-0.031128	0.580828	0.391440	0.094936	-0.265219	-2.734781
0.337600	-113.129509	-83.174639	196.304149	29.954870	309.433658	-0.425732	-0.437902	0.180307	-0.339115	-0.235806	0.023045	0.747829	0.503623	0.126419	-0.264784	-2.735216
0.339400	-113.429890	-83.444646	196.874536	29.985243	310.304426	-0.062148	-0.076582	0.572947	-0.050833	-0.042205	0.087088	0.816882	0.550028	0.134991	-0.264350	-2.735650
0.341200	-113.730106	-83.714653	197.444759	30.015453	311.174865	0.303841	0.288942	0.909403	0.243855	0.155696	0.152010	0.777725	0.523767	0.118315	-0.263918	-2.736082
0.343000	-114.030159	-83.984660	198.014819	30.045499	312.044979	0.672479	0.659059	1.215016	0.505275	0.331253	0.208470	0.634530	0.427645	0.077466	-0.263487	-2.736513
0.344800	-114.330051	-84.254667	198.584718	30.075385	312.914770	1.043952	1.033846	1.502858	0.697520	0.460358	0.248046	0.405737	0.274047	0.016878	-0.263058	-2.736942
0.346600	-114.629783	-84.524673	199.154457	30.105110	313.784240	1.418361	1.413028	1.780133	0.793505	0.524827	0.264420	0.121904	0.083495	-0.056176	-0.262629	-2.737371
0.348400	-114.929357	-84.794680	199.724037	30.134677	314.653394	1.795695	1.795963	2.051152	0.778961	0.515082	0.254313	-0.178202	-0.117980	-0.132513	-0.262202	-2.737798
0.350200	-115.228773	-85.064687	200.293460	30.164086	315.522233	2.175816	2.181704	2.318748	0.654780	0.431726	0.218018	-0.452801	-0.302325	-0.202272	-0.261776	-2.738224
0.352000	-115.528033	-85.334693	200.862726	30.193340	316.390759	2.558445	2.569118	2.584999	0.437303	0.285733	0.159460	-0.662905	-0.443365	-0.256279	-0.261351	-2.738649
0.353800	-115.827138	-85.604700	201.431838	30.222438	317.258976	2.943174	2.957053	2.851651	0.156414	0.097171	0.085733	-0.777931	-0.520569	-0.287357	-0.260927	-2.739073
0.355600	-116.126090	-85.874706	202.000796	30.251383	318.126886	-2.953695	-2.938680	3.120427	-0.148367	-0.107427	0.006169	-0.780299	-0.522137	-0.291402	-0.260505	-2.739495
0.357400	-116.424889	-86.144713	202.569602	30.280176	318.994491	-2.566359	-2.552428	-2.889853	-0.433323	-0.298709	-0.068940	-0.668319	-0.446938	-0.268044	-0.260083	-2.739917
0.359200	-116.723537	-86.414719	203.138257	30.308818	319.861794	-2.178569	-2.167734	-2.610115	-0.656776	-0.448697	-0.129803	-0.456859	-0.304957	-0.220790	-0.259663	-2.740337
0.361000	-117.022036	-86.684725	203.706761	30.337311	320.728797	-1.790818	-1.784585	-2.319413	-0.785240	-0.534912	-0.168571	-0.175613	-0.116133	-0.156605	-0.259244	-2.740756
0.362800	-117.320386	-86.954732	204.275118	30.365654	321.595504	-1.403470	-1.402640	-2.010720	-0.798571	-0.543835	-0.180528	0.134883	0.092321	-0.084972	-0.258827	-2.741173
0.364600	-117.618588	-87.224738	204.843326	30.393851	322.461915	-1.016714	-1.021307	-1.670815	-0.693317	-0.473152	-0.164863	0.428980	0.289760	-0.016545	-0.258410	-2.741590
0.366400	-117.916645	-87.494744	205.411389	30.421901	323.328034	-0.630540	-0.639825	-1.272342	-0.483669	-0.332394	-0.124877	0.662612	0.446603	0.038418	-0.257995	-2.742005
0.368200	-118.214556	-87.764750	205.979306	30.449806	324.193862	-0.244739	-0.257352	-0.756533	-0.199790	-0.141811	-0.067581	0.799972	0.538818	0.071599	-0.257581	-2.742419
0.370000	-118.512323	-88.034756	206.547080	30.477567	325.059403	0.141085	0.126952	-0.034808	0.116345	0.070420	-0.002714	0.819169	0.551711	0.077938	-0.257168	-2.742832
0.371800	-118.809948	-88.304762	207.114710	30.505186	325.924659	0.527482	0.513855	0.804549	0.417058	0.272293	0.058683	0.715930	0.482421	0.056477	-0.256756	-2.743244
0.373600	-119.107431	-88.574768	207.682200	30.532663	326.789631	0.915119	0.903980	1.471040	0.656163	0.432809	0.105942	0.504721	0.340658	0.010604	-0.256346	-2.743654
0.375400	-119.404774	-88.844774	208.249548	30.559999	327.654322	1.304724	1.297744	1.952571	0.796164	0.526802	0.130438	0.216982	0.147530	-0.052367	-0.255936	-2.744064
0.377200	-119.701977	-89.114780	208.816757	30.587197	328.518734	1.697027	1.695316	2.337169	0.814340	0.539025	0.126989	-0.103344	-0.067468	-0.122247	-0.255528	-2.744472
0.379000	-119.999042	-89.384786	209.383828	30.614256	329.382870	2.092695	2.096594	2.673666	0.706694	0.466799	0.094758	-0.406409	-0.270877	-0.187507	-0.255121	-2.744879
0.380800	-120.295970	-89.654792	209.950761	30.641178	330.246731	2.492243	2.501221	2.984725	0.489068	0.320759	0.037498	-0.644207	-0.430479	-0.237078	-0.254715	-2.745285
0.382600	-120.592761	-89.924798	210.517559	30.667964	331.110320	2.895961	2.908629	-3.001606	0.195110	0.123492	-0.036936	-0.778281	-0.520465	-0.262128	-0.254310	-2.745690
0.384400	-120.889418	-90.194803	211.084221	30.694614	331.973639	-2.979352	-2.965055	-2.712784	-0.128677	-0.093792	-0.117741	-0.786155	-0.525754	-0.257537	-0.253907	-2.746093
0.386200	-121.185940	-90.464809	211.650749	30.721131	332.836690	-2.567692	-2.554164	-2.428193	-0.430148	-0.296095	-0.192841	-0.665364	-0.444696	-0.222820	-0.253504	-2.746496
0.388000	-121.482330	-90.734815	212.217145	30.747515	333.699474	-2.152956	-2.142506	-2.145160	-0.659873	-0.450247	-0.250817	-0.434368	-0.289681	-0.162314	-0.253103	-2.746897
0.389800	-121.778588	-91.004820	212.783408	30.773767	334.561995	-1.736131	-1.730543	-1.861461	-0.779322	-0.530393	-0.282792	-0.130036	-0.085457	-0.084593	-0.252703	-2.747297
0.391600	-122.074714	-91.274826	213.349540	30.799888	335.424254	-1.318343	-1.318542	-1.574849	-0.767514	-0.522457	-0.283950	0.197986	0.134661	-0.001151	-0.252304	-2.747696
0.393400	-122.370711	-91.544831	213.915542	30.825880	336.286254	-0.900680	-0.906569	-1.282557	-0.624943	-0.426771	-0.254426	0.495231	0.334120	0.075436	-0.251906	-2.748094
0.395200	-122.666579	-91.814837	214.481416	30.851742	337.147995	-0.484028	-0.494528	-0.980541	-0.374025	-0.258385	-0.199396	0.711423	0.479184	0.133580	-0.251509	-2.748491
0.397000	-122.962319	-92.084842	215.047161	30.877477	338.009480	-0.068934	-0.082208	-0.661993	-0.055861	-0.044880	-0.128315	0.809070	0.544697	0.164653	-0.251113	-2.748887
0.398800	-123.257932	-92.354848	215.612780	30.903084	338.870712	0.344452	0.330664	-0.313913	0.276296	0.178009	-0.053408	0.770155	0.518574	0.164512	-0.250719	-2.749281
0.400600	-123.553419	-92.624853	216.178272	30.928566	339.731691	0.756376	0.744374	0.091763	0.565859	0.372311	0.012358	0.599695	0.404184	0.134300	-0.250325	-2.749675
0.402400	-123.848781	-92.894858	216.743639	30.953922	340.592420	1.167428	1.159188	0.621005	0.762578	0.504310	0.057496	0.325445	0.220154	0.080366	-0.249933	-2.750067
0.404200	-124.144019	-93.164864	217.308883	30.979155	341.452901	1.578459	1.575333	1.393427	0.831414	0.550499	0.074018	-0.006371	-0.002497	0.013268	-0.249542	-2.750458
0.406000	-124.439134	-93.434869	217.874003	31.004265	342.313136	1.990491	1.993001	2.312541	0.759033	0.501933	0.058911	-0.338685	-0.225478	-0.053980	-0.249152	-2.750848
0.407800	-124.734126	-93.704874	218.439000	31.029252	343.173126	2.404610	2.412361	3.005768	0.556670	0.366155	0.014780	-0.613362	-0.409783	-0.108147	-0.248763	-2.751237
0.409600	-125.028997	-93.974879	219.003877	31.054118	344.032874	2.821865	2.833576	-2.791146	0.258734	0.166255	-0.050492	-0.781469	-0.522582	-0.138133	-0.248375	-2.751625
0.411400	-125.323748	-94.244885	219.568633	31.078864	344.892381	-3.040034	-3.026361	-2.401829	-0.082773	-0.062875	-0.125030	-0.812221	-0.543224	-0.136996	-0.247989	-2.752011
0.413200	-125.618379	-94.514890	220.133269	31.103490	345.751649	-2.614096	-2.600877	-2.057955	-0.407172	-0.280525	-0.195011	-0.698937	-0.467229	-0.103306	-0.247603	-2.752397
0.415000	-125.912892	-94.784895	220.697787	31.127997	346.610679	-2.183275	-2.172947	-1.737278	-0.655864	-0.447381	-0.247117	-0.460819	-0.307484	-0.041525	-0.247219	-2.752781
0.416800	-126.207287	-95.054900	221.262187	31.152387	347.469474	-1.747808	-1.742372	-1.429080	-0.783041	-0.532713	-0.270974	-0.140074	-0.092308	0.038661	-0.246835	-2.753165
0.418600	-126.501565	-95.324905	221.826470	31.176660	348.328035	-1.308428	-1.309022	-1.127474	-0.764375	-0.520203	-0.261116	0.205280	0.139374	0.123990	-0.246453	-2.753547
0.420400	-126.795727	-95.594910	222.390637	31.200817	349.186364	-0.866276	-0.872889	-0.828713	-0.602006	-0.411290	-0.218107	0.511732	0.344956	0.199986	-0.246072	-2.753928
0.422200	-127.089774	-95.864915	222.954689	31.224859	350.044463	-0.422731	-0.434146	-0.529941	-0.324767	-0.225320	-0.148571	0.721942	0.485971	0.253604	-0.245691	-2.754309
0.424000	-127.383707	-96.134920	223.518627	31.248787	350.902333	0.020838	0.006822	-0.228438	0.016581	0.003652	-0.064097	0.795594	0.535377	0.275691	-0.245312	-2.754688
0.425800	-127.677526	-96.404925	224.082451	31.272601	351.759977	0.463313	0.449422	0.079073	0.358385	0.232925	0.020823	0.717371	0.482904	0.262783	-0.244934	-2.755066
0.427600	-127.971233	-96.674929	224.646162	31.296303	352.617394	0.904005	0.892919	0.397451	0.635848	0.419032	0.091465	0.500441	0.337386	0.217882	-0.244557	-2.755443
0.429400	-128.264827	-96.944934	225.209761	31.319893	353.474589	1.342734	1.336540	0.735217	0.795347	0.526005	0.135664	0.184600	0.125524	0.150011	-0.244181	-2.755819
0.431200	-128.558311	-97.214939	225.773250	31.343372	354.331561	1.779803	1.779611	1.109743	0.804972	0.532442	0.146187	-0.170738	-0.112827	0.072620	-0.243807	-2.756193
0.433000	-128.851684	-97.484944	226.336628	31.366741	355.188313	2.215915	2.221690	1.561973	0.661184	0.435974	0.122230	-0.497562	-0.332045	0.001078	-0.243433	-2.756567
0.434800	-129.144948	-97.754949	226.899897	31.390000	356.044845	2.652050	2.662664	2.195621	0.390153	0.254157	0.069698	-0.732270	-0.489470	-0.050268	-0.243060	-2.756940
0.436600	-129.438104	-98.024953	227.463057	31.413151	356.901161	3.089334	3.102792	3.138913	0.043320	0.021499	0.000190	-0.828207	-0.553810	-0.070921	-0.242689	-2.757311
0.438400	-129.731151	-98.294958	228.026109	31.436194	357.757261	-2.754279	-2.740487	-2.240749	-0.312149	-0.216948	-0.071171	-0.765223	-0.511553	-0.056380	-0.242318	-2.757682
0.440200	-130.024092	-98.564962	228.589054	31.459130	358.613146	-2.311389	-2.299875	-1.641871	-0.606302	-0.414264	-0.128665	-0.554266	-0.370046	-0.009160	-0.241948	-2.758052
0.442000	-130.316926	-98.834967	229.151893	31.481959	359.468820	-1.864388	-1.857419	-1.201591	-0.780275	-0.530971	-0.159097	-0.235900	-0.156497	0.061562	-0.241580	-2.758420
0.443800	-130.609655	-99.104972	229.714627	31.504683	360.324281	-1.412835	-1.411905	-0.828804	-0.798343	-0.543109	-0.154508	0.127167	0.087029	0.141645	-0.241213	-2.758787
0.445600	-130.902279	-99.374976	230.277255	31.527303	361.179534	-0.956721	-0.962208	-0.487690	-0.655645	-0.447423	-0.113898	0.462232	0.311773	0.214729	-0.240846	-2.759154
0.447400	-131.194799	-99.644981	230.839779	31.549818	362.034578	-0.496504	-0.507489	-0.162690	-0.379860	-0.262479	-0.043582	0.701145	0.472028	0.265513	-0.240481	-2.759519
0.449200	-131.487215	-99.914985	231.402200	31.572230	362.889415	-0.033060	-0.047399	0.154073	-0.026271	-0.025356	0.043936	0.794332	0.534547	0.282901	-0.240116	-2.759884
0.451000	-131.779529	-100.184990	231.964519	31.594539	363.744048	0.432454	0.417745	0.467311	0.332993	0.215569	0.132391	0.721398	0.485658	0.262374	-0.239753	-2.760247
0.452800	-132.071741	-100.454994	232.526735	31.616747	364.598476	0.898809	0.886896	0.780486	0.623505	0.410384	0.205037	0.495994	0.334517	0.207061	-0.239391	-2.760609
0.454600	-132.363852	-100.724998	233.088850	31.638853	365.452702	1.364923	1.358389	1.096876	0.783992	0.517996	0.248108	0.163722	0.111711	0.127256	-0.239029	-2.760971
0.456400	-132.655862	-100.995003	233.650865	31.660859	366.306727	1.830037	1.830255	1.420555	0.779457	0.514941	0.253755	-0.206718	-0.136687	0.038414	-0.238669	-2.761331
0.458200	-132.947773	-101.265007	234.212780	31.682766	367.160553	2.293810	2.300644	1.757909	0.609133	0.400706	0.221811	-0.537507	-0.358489	-0.041995	-0.238310	-2.761690
0.460000	-133.239585	-101.535011	234.774596	31.704573	368.014181	2.756331	2.768230	2.121042	0.307393	0.198347	0.159973	-0.758010	-0.506327	-0.098135	-0.237952	-2.762048
0.461800	-133.531298	-101.805016	235.336314	31.726282	368.867611	-3.065131	-3.050718	2.537226	-0.062822	-0.049925	0.082322	-0.820007	-0.547870	-0.119209	-0.237594	-2.762406
0.463600	-133.822913	-102.075020	235.897933	31.747893	369.720847	-2.603487	-2.589538	3.078691	-0.422894	-0.291391	0.006416	-0.708535	-0.473087	-0.101871	-0.237238	-2.762762
0.465400	-134.114432	-102.345024	236.459456	31.769408	370.573888	-2.141051	-2.130390	-2.362734	-0.695177	-0.473983	-0.050426	-0.445836	-0.296895	-0.051090	-0.236883	-2.763117
0.467200	-134.405854	-102.615028	237.020883	31.790826	371.426737	-1.676907	-1.671704	-1.300292	-0.819885	-0.557613	-0.074905	-0.087326	-0.056459	0.020771	-0.236529	-2.763471
0.469000	-134.697181	-102.885033	237.582213	31.812148	372.279394	-1.210200	-1.211582	-0.561584	-0.768554	-0.523197	-0.060724	0.289810	0.196464	0.096516	-0.236175	-2.763825
0.470800	-134.988412	-103.155037	238.143449	31.833375	373.131861	-0.740228	-0.748043	-0.064061	-0.550963	-0.377296	-0.010123	0.603129	0.406592	0.157806	-0.235823	-2.764177
0.472600	-135.279549	-103.425041	238.704590	31.854508	373.984140	-0.266523	-0.279285	0.337719	-0.213792	-0.151214	0.066443	0.783065	0.527280	0.189203	-0.235472	-2.764528
0.474400	-135.570593	-103.695045	239.265638	31.875548	374.836231	0.211084	0.196013	0.698201	0.168995	0.105453	0.152464	0.788683	0.531083	0.181674	-0.235121	-2.764879
0.476200	-135.861543	-103.965049	239.826592	31.896494	375.688135	0.692430	0.678372	1.038831	0.512134	0.335533	0.228949	0.617453	0.416309	0.134750	-0.234772	-2.765228
0.478000	-136.152401	-104.235053	240.387454	31.917348	376.539855	1.177025	1.167251	1.369674	0.738034	0.487004	0.278645	0.306631	0.207940	0.056810	-0.234424	-2.765576
0.479800	-136.443167	-104.505057	240.948224	31.938110	377.391391	1.664107	1.660988	1.696437	0.794528	0.524889	0.289988	-0.074354	-0.047469	-0.036627	-0.234076	-2.765924
0.481600	-136.733842	-104.775061	241.508903	31.958781	378.242745	2.152753	2.157062	2.023195	0.667294	0.439591	0.259843	-0.439058	-0.291959	-0.126288	-0.233730	-2.766270
0.483400	-137.024426	-105.045065	242.069491	31.979361	379.093917	2.642016	2.652683	2.353838	0.383933	0.249618	0.194391	-0.703492	-0.469217	-0.193477	-0.233384	-2.766616
0.485200	-137.314920	-105.315069	242.629989	31.999851	379.944909	3.131075	-3.137689	2.693393	0.008473	-0.002099	0.107893	-0.805550	-0.537609	-0.224386	-0.233040	-2.766960
0.487000	-137.605325	-105.585073	243.190398	32.020252	380.795723	-2.663828	-2.649061	3.050276	-0.372736	-0.257664	0.019540	-0.719882	-0.480139	-0.213381	-0.232696	-2.767304
0.488800	-137.895641	-105.855077	243.750718	32.040564	381.646359	-2.176570	-2.164806	-2.841336	-0.670714	-0.457424	-0.050922	-0.464567	-0.308934	-0.164468	-0.232354	-2.767646
0.490600	-138.185869	-106.125081	244.310950	32.060788	382.496818	-1.690232	-1.684025	-2.371432	-0.814693	-0.553934	-0.087808	-0.097769	-0.062991	-0.090525	-0.232012	-2.767988
0.492400	-138.476009	-106.395085	244.871094	32.080924	383.347103	-1.204381	-1.205016	-1.695398	-0.769202	-0.523417	-0.083269	0.295177	0.200478	-0.010430	-0.231671	-2.768329
0.494200	-138.766062	-106.665088	245.431151	32.100974	384.197213	-0.718304	-0.725599	-0.617725	-0.543214	-0.371893	-0.039303	0.621475	0.419260	0.055318	-0.231332	-2.768668
0.496000	-139.056029	-106.935092	245.991121	32.120937	385.047150	-0.231092	-0.243456	0.348884	-0.188915	-0.134351	0.032545	0.802883	0.540904	0.089467	-0.230993	-2.769007
0.497800	-139.345910	-107.205096	246.551006	32.140814	385.896916	0.258261	0.243556	0.944984	0.209957	0.133070	0.113773	0.794811	0.535519	0.082226	-0.230655	-2.769345
0.499600	-139.635705	-107.475100	247.110805	32.160605	386.746510	0.750737	0.737055	1.388504	0.557709	0.366219	0.183273	0.597776	0.403457	0.033784	-0.230318	-2.769682
0.501400	-139.925416	-107.745104	247.670520	32.180312	387.595936	1.247153	1.237795	1.772769	0.769707	0.508361	0.222411	0.258189	0.175833	-0.045542	-0.229982	-2.770018
0.503200	-140.215043	-108.015107	248.230150	32.199935	388.445193	1.748004	1.745384	2.130549	0.793288	0.524195	0.219638	-0.142067	-0.092459	-0.137626	-0.229647	-2.770353
0.505000	-140.504586	-108.285111	248.789697	32.219475	389.294282	2.253317	2.258227	2.475726	0.621346	0.408960	0.173475	-0.505054	-0.335767	-0.220833	-0.229313	-2.770687
0.506800	-140.794045	-108.555115	249.349160	32.238931	390.143205	2.762565	2.773815	2.815558	0.295002	0.190225	0.093076	-0.740678	-0.493696	-0.275292	-0.228979	-2.771021
0.508600	-141.083423	-108.825118	249.908541	32.258304	390.991964	-3.008505	-2.993836	-3.128278	-0.105663	-0.078325	-0.003833	-0.789241	-0.526232	-0.287862	-0.228647	-2.771353
0.510400	-141.372718	-109.095122	250.467840	32.277596	391.840558	-2.494966	-2.480698	-2.784939	-0.480853	-0.329796	-0.095211	-0.636980	-0.424153	-0.255541	-0.228316	-2.771684
0.512200	-141.661932	-109.365126	251.027057	32.296806	392.688989	-1.981537	-1.971285	-2.431819	-0.735770	-0.500642	-0.160149	-0.320437	-0.211956	-0.186407	-0.227985	-2.772015
0.514000	-141.951064	-109.635129	251.586194	32.315935	393.537258	-1.469507	-1.465724	-2.058903	-0.804682	-0.546806	-0.184160	0.081786	0.057667	-0.097781	-0.227655	-2.772345
0.515800	-142.240117	-109.905133	252.145250	32.334984	394.385366	-0.959636	-0.963079	-1.644292	-0.668216	-0.455306	-0.162972	0.468183	0.316677	-0.011999	-0.227327	-2.772673
0.517600	-142.529089	-110.175136	252.704226	32.353953	395.233315	-0.452007	-0.461679	-1.128128	-0.359225	-0.248166	-0.103797	0.739858	0.498785	0.049204	-0.226999	-2.773001
0.519400	-142.817982	-110.445140	253.263122	32.372842	396.081104	0.053985	0.040512	-0.324863	0.044635	0.022559	-0.023674	0.825998	0.556529	0.070292	-0.226672	-2.773328
0.521200	-143.106796	-110.715143	253.821940	32.391653	396.928736	0.559513	0.545533	0.871575	0.440106	0.287657	0.054760	0.702740	0.473918	0.046051	-0.226346	-2.773654
0.523000	-143.395532	-110.985147	254.380679	32.410385	397.776211	1.066140	1.055098	1.724239	0.724678	0.478420	0.109063	0.400286	0.271199	-0.016867	-0.226021	-2.773979
0.524800	-143.684190	-111.255150	254.939340	32.429039	398.623530	1.575581	1.570304	2.261085	0.823400	0.544614	0.122868	-0.003940	0.000268	-0.101467	-0.225697	-2.774303
0.526600	-143.972770	-111.525154	255.497924	32.447616	399.470694	2.089432	2.091399	2.686818	0.709118	0.468042	0.090306	-0.404730	-0.268358	-0.184692	-0.225373	-2.774627
0.528400	-144.261274	-111.795157	256.056431	32.466116	400.317705	2.608865	2.617703	3.068762	0.410569	0.267969	0.017759	-0.696368	-0.463825	-0.243408	-0.225051	-2.774949
0.530200	-144.549701	-112.065161	256.614861	32.484540	401.164562	3.134319	-3.135452	-2.852129	0.005824	-0.003278	-0.077601	-0.800713	-0.533763	-0.260557	-0.224729	-2.775271
0.532000	-144.838052	-112.335164	257.173216	32.502888	402.011268	-2.617919	-2.603610	-2.498590	-0.397636	-0.273662	-0.172191	-0.688608	-0.458633	-0.229826	-0.224408	-2.775592
0.533800	-145.126327	-112.605167	257.731495	32.521160	402.857822	-2.083001	-2.071807	-2.147481	-0.691235	-0.470414	-0.242221	-0.388652	-0.257606	-0.157551	-0.224089	-2.775911
0.535600	-145.414528	-112.875171	258.289699	32.539357	403.704227	-1.546352	-1.541379	-1.793741	-0.794612	-0.539678	-0.270109	0.019427	0.015881	-0.061237	-0.223770	-2.776230
0.537400	-145.702654	-113.145174	258.847828	32.557480	404.550483	-1.010380	-1.012896	-1.431446	-0.677987	-0.461500	-0.249353	0.425457	0.287989	0.034974	-0.223452	-2.776548
0.539200	-145.990706	-113.415177	259.405884	32.575529	405.396590	-0.477020	-0.486166	-1.050838	-0.371252	-0.255917	-0.186495	0.718327	0.484257	0.106770	-0.223134	-2.776866
0.541000	-146.278685	-113.685181	259.963866	32.593504	406.242551	0.052744	0.039591	-0.630797	0.043105	0.021788	-0.099559	0.816481	0.550028	0.136319	-0.222818	-2.777182
0.542800	-146.566590	-113.955184	260.521774	32.611406	407.088365	0.579054	0.565486	-0.112653	0.451778	0.295678	-0.013270	0.690985	0.465915	0.117297	-0.222502	-2.777498
0.544600	-146.854423	-114.225187	261.079610	32.629236	407.934033	1.103065	1.092697	0.698091	0.741503	0.489850	0.047683	0.374544	0.253839	0.056831	-0.222188	-2.777812
0.546400	-147.142183	-114.495191	261.637374	32.646993	408.779557	1.626670	1.622256	1.951898	0.830656	0.549605	0.065538	-0.046461	-0.028308	-0.026261	-0.221874	-2.778126
0.548200	-147.429872	-114.765194	262.195066	32.664678	409.624938	2.152146	2.154909	2.827870	0.692738	0.457187	0.034568	-0.455197	-0.302230	-0.106547	-0.221561	-2.778439
0.550000	-147.717489	-115.035197	262.752687	32.682292	410.470176	2.681762	2.691040	-2.912457	0.364867	0.237476	-0.037096	-0.736751	-0.490920	-0.159051	-0.221249	-2.778751
0.551800	-148.005036	-115.305200	263.310236	32.699836	411.315272	-3.065811	-3.052512	-2.480035	-0.061556	-0.048276	-0.129517	-0.810732	-0.540508	-0.166345	-0.220937	-2.779063
0.553600	-148.292512	-115.575203	263.867715	32.717309	412.160227	-2.523203	-2.509645	-2.089897	-0.465889	-0.319224	-0.216425	-0.654816	-0.436038	-0.123658	-0.220627	-2.779373
0.555400	-148.579918	-115.845207	264.425125	32.734711	413.005043	-1.973820	-1.964013	-1.718209	-0.732261	-0.497722	-0.272627	-0.312209	-0.206465	-0.040482	-0.220317	-2.779683
0.557200	-148.867254	-116.115210	264.982464	32.752045	413.849718	-1.419241	-1.416191	-1.354177	-0.783028	-0.531743	-0.281274	0.119589	0.082872	0.061901	-0.220008	-2.779992
0.559000	-149.154522	-116.385213	265.539734	32.769309	414.694256	-0.862113	-0.866787	-0.991261	-0.601943	-0.410403	-0.238888	0.516011	0.348500	0.156353	-0.219700	-2.780300
0.560800	-149.441720	-116.655216	266.096936	32.786504	415.538656	-0.305447	-0.316404	-0.623697	-0.240008	-0.167882	-0.156607	0.761170	0.512768	0.217660	-0.219393	-2.780607
0.562600	-149.728850	-116.925219	266.654069	32.803631	416.382919	0.248271	0.234390	-0.243787	0.198217	0.125755	-0.057188	0.781916	0.526661	0.229916	-0.219087	-2.780913
0.564400	-150.015912	-117.195222	267.211135	32.820690	417.227047	0.797749	0.785096	0.163023	0.584378	0.384501	0.031474	0.570118	0.384734	0.191352	-0.218781	-2.781219
0.566200	-150.302907	-117.465225	267.768132	32.837682	418.071040	1.343112	1.335353	0.633273	0.803828	0.531536	0.084488	0.186249	0.127512	0.115084	-0.218477	-2.781523
0.568000	-150.589835	-117.735228	268.325063	32.854607	418.914898	1.885727	1.885029	1.287278	0.789926	0.522210	0.087400	-0.257336	-0.169719	0.025466	-0.218173	-2.781827
0.569800	-150.876696	-118.005231	268.881927	32.871464	419.758623	2.427804	2.434316	2.448725	0.544804	0.357955	0.040678	-0.629003	-0.418757	-0.049000	-0.217870	-2.782130
0.571600	-151.163490	-118.275234	269.438725	32.888256	420.602215	2.971927	2.983784	-2.696070	0.139962	0.086683	-0.040184	-0.816995	-0.544721	-0.084147	-0.217567	-2.782433
0.573400	-151.450219	-118.545237	269.995456	32.904982	421.445676	-2.762610	-2.748811	-2.052690	-0.304049	-0.210833	-0.129092	-0.763495	-0.508877	-0.067518	-0.217266	-2.782734
0.575200	-151.736882	-118.815240	270.552123	32.921642	422.289005	-2.207547	-2.195890	-1.582700	-0.653299	-0.444853	-0.197090	-0.483118	-0.321018	-0.002346	-0.216965	-2.783035
0.577000	-152.023481	-119.085243	271.108724	32.938237	423.132204	-1.645245	-1.639368	-1.172112	-0.801043	-0.543861	-0.221139	-0.059747	-0.037352	0.093153	-0.216665	-2.783335
0.578800	-152.310014	-119.355246	271.665260	32.954768	423.975274	-1.076281	-1.078209	-0.785890	-0.700899	-0.476781	-0.191288	0.377926	0.255896	0.191100	-0.216366	-2.783634
0.580600	-152.596483	-119.625249	272.221732	32.971234	424.818215	-0.502640	-0.511964	-0.409796	-0.382187	-0.263261	-0.113963	0.695219	0.468487	0.262353	-0.216068	-2.783932
0.582400	-152.882888	-119.895252	272.778140	32.987636	425.661028	0.072759	0.058935	-0.035978	0.057801	0.031509	-0.010276	0.793017	0.534018	0.285498	-0.215771	-2.784229
0.584200	-153.169230	-120.165255	273.334485	33.003975	426.503714	0.646938	0.633075	0.341974	0.482856	0.316271	0.090280	0.639219	0.430983	0.253625	-0.215474	-2.784526
0.586000	-153.455508	-120.435258	273.890766	33.020250	427.346274	1.217757	1.208309	0.732293	0.759731	0.501752	0.158885	0.279943	0.190287	0.176725	-0.215178	-2.784822
0.587800	-153.741724	-120.705261	274.446984	33.036463	428.188708	1.784448	1.782334	1.150588	0.800042	0.528740	0.176435	-0.173579	-0.113547	0.078835	-0.214883	-2.785117
0.589600	-154.027877	-120.975264	275.003140	33.052613	429.031017	2.347659	2.353397	1.637343	0.588945	0.387295	0.139714	-0.578975	-0.385134	-0.009311	-0.214589	-2.785411
0.591400	-154.313968	-121.245266	275.559234	33.068701	429.873202	2.909130	2.920837	2.333819	0.191132	0.120760	0.062662	-0.807342	-0.538114	-0.059919	-0.214295	-2.785705
0.593200	-154.599997	-121.515269	276.115266	33.084728	430.715263	-2.811971	-2.797899	-2.688094	-0.268404	-0.187124	-0.027796	-0.784573	-0.522843	-0.057032	-0.214002	-2.785998
0.595000	-154.885965	-121.785272	276.671237	33.100693	431.557202	-2.246813	-2.234659	-1.589123	-0.643367	-0.438345	-0.100174	-0.516041	-0.342923	-0.001836	-0.213710	-2.786290
0.596800	-155.171872	-122.055275	277.227147	33.116597	432.399019	-1.676506	-1.670068	-0.973277	-0.812874	-0.551921	-0.128498	-0.086250	-0.054971	0.087443	-0.213419	-2.786581
0.598600	-155.457718	-122.325278	277.782996	33.132441	433.240714	-1.099808	-1.101299	-0.507774	-0.721004	-0.490391	-0.100804	0.367142	0.248792	0.181158	-0.213128	-2.786872
0.600400	-155.743504	-122.595280	278.338785	33.148224	434.082289	-0.516666	-0.525893	-0.093699	-0.396086	-0.272737	-0.023277	0.697158	0.469900	0.247695	-0.212839	-2.787161
0.602200	-156.029230	-122.865283	278.894513	33.163947	434.923744	0.071682	0.057526	0.299544	0.057111	0.030851	0.081461	0.795356	0.535710	0.263767	-0.212550	-2.787450
0.604000	-156.314897	-123.135286	279.450183	33.179611	435.765079	0.662977	0.648591	0.684895	0.490463	0.321144	0.181493	0.628086	0.423682	0.222203	-0.212261	-2.787739
0.605800	-156.600504	-123.405289	280.005793	33.195215	436.606297	1.254592	1.244933	1.070143	0.760625	0.502113	0.245966	0.248863	0.169669	0.134581	-0.211974	-2.788026
0.607600	-156.886052	-123.675291	280.561344	33.210761	437.447396	1.844325	1.842694	1.462706	0.776623	0.512820	0.255318	-0.217890	-0.142975	0.027705	-0.211687	-2.788313
0.609400	-157.171542	-123.945294	281.116836	33.226248	438.288378	2.430989	2.437808	1.873983	0.531050	0.348305	0.207961	-0.617085	-0.410360	-0.065057	-0.211401	-2.788599
0.611200	-157.456974	-124.215297	281.672270	33.241677	439.129244	3.014622	3.027436	2.329627	0.103960	0.062198	0.121093	-0.814365	-0.542482	-0.114823	-0.211116	-2.788884
0.613000	-157.742347	-124.485299	282.227647	33.257048	439.969994	-2.686867	-2.672344	2.910157	-0.362583	-0.250332	0.025207	-0.741635	-0.493729	-0.106966	-0.210831	-2.789169
0.614800	-158.027663	-124.755302	282.782965	33.272361	440.810628	-2.105324	-2.093753	-2.359035	-0.711462	-0.484038	-0.046002	-0.421196	-0.279045	-0.046264	-0.210548	-2.789452
0.616600	-158.312922	-125.025305	283.338227	33.287617	441.651149	-1.521890	-1.516958	-0.985602	-0.823611	-0.559165	-0.067036	0.040312	0.030134	0.044419	-0.210265	-2.789735
0.618400	-158.598124	-125.295307	283.893431	33.302816	442.491555	-0.934686	-0.938081	-0.219848	-0.659268	-0.449081	-0.029421	0.486879	0.329303	0.131662	-0.209982	-2.790018
0.620200	-158.883269	-125.565310	284.448579	33.317959	443.331848	-0.342370	-0.353210	0.292823	-0.272930	-0.190294	0.055108	0.765786	0.516162	0.182784	-0.209701	-2.790299
0.622000	-159.168358	-125.835313	285.003671	33.333046	444.172029	0.255550	0.240684	0.729410	0.203850	0.129074	0.158323	0.780250	0.525886	0.177124	-0.209420	-2.790580
0.623800	-159.453391	-126.105315	285.558706	33.348076	445.012098	0.858558	0.844749	1.137321	0.606714	0.398930	0.245006	0.523854	0.354180	0.113397	-0.209140	-2.790860
0.625600	-159.738369	-126.375318	286.113686	33.363051	445.852055	1.465211	1.457468	1.534112	0.795106	0.525126	0.285073	0.084265	0.059768	0.010462	-0.208861	-2.791139
0.627400	-160.023291	-126.645320	286.668611	33.377970	446.691902	2.073495	2.074708	1.929129	0.701768	0.462615	0.264162	-0.385841	-0.255083	-0.098929	-0.208582	-2.791418
0.629200	-160.308158	-126.915323	287.223481	33.392835	447.531638	2.681383	2.691043	2.330318	0.357556	0.232067	0.188919	-0.721301	-0.479743	-0.179387	-0.208304	-2.791696
0.631000	-160.592970	-127.185325	287.778296	33.407645	448.371266	-2.995803	-2.981325	2.749104	-0.117834	-0.086340	0.084988	-0.802510	-0.534103	-0.205302	-0.208027	-2.791973
0.632800	-160.877728	-127.455328	288.333056	33.422400	449.210784	-2.392295	-2.378169	-3.072464	-0.556818	-0.380358	-0.011774	-0.598545	-0.397453	-0.170049	-0.207750	-2.792250
0.634600	-161.162432	-127.725331	288.887763	33.437102	450.050195	-1.790916	-1.781926	-2.487905	-0.802801	-0.545101	-0.067890	-0.179622	-0.116828	-0.088625	-0.207475	-2.792525
0.636400	-161.447082	-127.995333	289.442415	33.451749	450.889498	-1.190489	-1.189556	-1.456267	-0.766353	-0.520672	-0.064263	0.306364	0.208712	0.007392	-0.207199	-2.792801
0.638200	-161.731679	-128.265336	289.997014	33.466343	451.728693	-0.589308	-0.596729	-0.040096	-0.458438	-0.314418	-0.003247	0.685715	0.462826	0.080946	-0.206925	-2.793075
0.640000	-162.016222	-128.535338	290.551560	33.480884	452.567783	0.014514	0.001147	0.729326	0.011920	0.000635	0.091872	0.821202	0.553603	0.102799	-0.206651	-2.793349
0.641800	-162.300713	-128.805340	291.106053	33.495372	453.406766	0.622672	0.607876	1.246133	0.475585	0.311204	0.185010	0.662420	0.447285	0.062270	-0.206378	-2.793622
0.643600	-162.585151	-129.075343	291.660494	33.509808	454.245645	1.236271	1.225366	1.689210	0.763956	0.504367	0.240235	0.265543	0.181500	-0.028581	-0.206106	-2.793894
0.645400	-162.869537	-129.345345	292.214882	33.524191	455.084418	1.855476	1.852667	2.105057	0.770677	0.508892	0.234925	-0.225521	-0.147365	-0.138995	-0.205835	-2.794165
0.647200	-163.153870	-129.615348	292.769218	33.538522	455.923088	2.479325	2.485828	2.510959	0.491736	0.322096	0.168303	-0.630636	-0.418665	-0.230525	-0.205564	-2.794436
0.649000	-163.438152	-129.885350	293.323502	33.552802	456.761654	3.105857	3.119164	2.916525	0.028579	0.011927	0.062067	-0.799392	-0.531664	-0.271100	-0.205294	-2.794706
0.650800	-163.722382	-130.155353	293.877735	33.567030	457.600118	-2.550565	-2.535633	-2.952403	-0.447846	-0.307126	-0.047296	-0.667386	-0.443233	-0.247004	-0.205024	-2.794976
0.652600	-164.006562	-130.425355	294.431917	33.581207	458.438479	-1.925764	-1.914794	-2.514750	-0.759708	-0.515962	-0.121869	-0.281600	-0.184839	-0.168260	-0.204755	-2.795245
0.654400	-164.290690	-130.695357	294.986048	33.595333	459.276738	-1.304177	-1.301008	-2.016692	-0.788765	-0.535394	-0.136453	0.215429	0.148053	-0.065225	-0.204487	-2.795513
0.656200	-164.574768	-130.965360	295.540128	33.609408	460.114896	-0.685756	-0.691307	-1.320877	-0.521784	-0.356563	-0.088220	0.637701	0.430873	0.022519	-0.204220	-2.795780
0.658000	-164.858795	-131.235362	296.094158	33.623433	460.952953	-0.069192	-0.081385	0.031155	-0.057199	-0.045395	0.001900	0.825343	0.556556	0.060980	-0.203953	-2.796047
0.659800	-165.142773	-131.505365	296.648137	33.637408	461.790910	0.547754	0.533253	1.226241	0.430488	0.281241	0.096820	0.705696	0.476441	0.034746	-0.203687	-2.796313
0.661600	-165.426700	-131.775367	297.202067	33.651333	462.628768	1.167732	1.156190	1.860530	0.756032	0.499288	0.157203	0.322380	0.219746	-0.046866	-0.203421	-2.796579
0.663400	-165.710578	-132.045369	297.755948	33.665209	463.466526	1.793173	1.789038	2.344851	0.794219	0.524891	0.156510	-0.179585	-0.116407	-0.152999	-0.203157	-2.796843
0.665200	-165.994407	-132.315372	298.309779	33.679036	464.304186	2.425591	2.430686	2.781524	0.528958	0.347279	0.091411	-0.607985	-0.403293	-0.242803	-0.202893	-2.797107
0.667000	-166.278187	-132.585374	298.863561	33.692813	465.141748	3.064945	3.077396	-3.082725	0.061203	0.034060	-0.016565	-0.796937	-0.529825	-0.281062	-0.202629	-2.797371
0.668800	-166.561918	-132.855376	299.417294	33.706542	465.979213	-2.573821	-2.559034	-2.668412	-0.428420	-0.293800	-0.128988	-0.671685	-0.445942	-0.251943	-0.202366	-2.797634
0.670600	-166.845601	-133.125379	299.970979	33.720222	466.816580	-1.927634	-1.916481	-2.249292	-0.748787	-0.508313	-0.205240	-0.279145	-0.183067	-0.165460	-0.202104	-2.797896
0.672400	-167.129235	-133.395381	300.524616	33.733854	467.653851	-1.283273	-1.280044	-1.812969	-0.772957	-0.524472	-0.218359	0.228577	0.156939	-0.053939	-0.201843	-2.798157
0.674200	-167.412822	-133.665383	301.078205	33.747439	468.491027	-0.643296	-0.648974	-1.332090	-0.489086	-0.334348	-0.165822	0.652394	0.440752	0.040352	-0.201582	-2.798418
0.676000	-167.696361	-133.935385	301.631746	33.760975	469.328107	-0.008348	-0.020530	-0.714394	-0.006880	-0.011412	-0.070887	0.824156	0.555772	0.081742	-0.201322	-2.798678
0.677800	-167.979852	-134.205388	302.185240	33.774464	470.165092	0.622946	0.608949	0.442912	0.484067	0.317375	0.026274	0.673844	0.455113	0.055390	-0.201063	-2.798937
0.679600	-168.263296	-134.475390	302.738686	33.787906	471.001983	1.253493	1.242984	1.875300	0.788604	0.521330	0.084343	0.258977	0.177295	-0.026507	-0.200804	-2.799196
0.681400	-168.546694	-134.745392	303.292086	33.801302	471.838779	1.886932	1.884022	2.601963	0.784045	0.518299	0.077389	-0.256466	-0.167871	-0.129213	-0.200546	-2.799454
0.683200	-168.830044	-135.015394	303.845439	33.814650	472.675483	2.526697	2.532719	3.115166	0.470589	0.308420	0.005527	-0.666338	-0.442341	-0.209094	-0.200288	-2.799712
0.685000	-169.113349	-135.285397	304.398745	33.827952	473.512094	-3.108194	-3.095493	-2.716102	-0.026893	-0.024688	-0.104736	-0.804921	-0.535148	-0.231117	-0.200031	-2.799969
0.686800	-169.396607	-135.555399	304.952005	33.841208	474.348612	-2.451351	-2.437191	-2.286113	-0.507612	-0.346569	-0.210852	-0.614734	-0.407804	-0.183192	-0.199775	-2.800225
0.688600	-169.679819	-135.825401	305.505220	33.854418	475.185038	-1.788537	-1.778925	-1.862411	-0.775490	-0.525928	-0.271309	-0.171576	-0.111069	-0.081440	-0.199519	-2.800481
0.690400	-169.962985	-136.095403	306.058388	33.867582	476.021373	-1.124245	-1.123196	-1.434670	-0.719437	-0.488379	-0.262612	0.344472	0.234470	0.035971	-0.199264	-2.800736
0.692200	-170.246106	-136.365405	306.611511	33.880701	476.857617	-0.463132	-0.470881	-0.989992	-0.360265	-0.247864	-0.189183	0.721459	0.486891	0.124164	-0.199010	-2.800990
0.694000	-170.529182	-136.635407	307.164589	33.893774	477.693771	0.191892	0.178759	-0.500048	0.155919	0.097783	-0.081928	0.802538	0.541169	0.149950	-0.198756	-2.801244
0.695800	-170.812213	-136.905410	307.717622	33.906803	478.529835	0.840641	0.827536	0.133399	0.616376	0.406111	0.014187	0.551778	0.373251	0.105721	-0.198503	-2.801497
0.697600	-171.095199	-137.175412	308.270610	33.919787	479.365809	1.485472	1.477626	1.353317	0.829272	0.548672	0.058646	0.070929	0.051268	0.012959	-0.198251	-2.801749
0.699400	-171.378140	-137.445414	308.823554	33.932726	480.201694	2.130376	2.130937	2.782820	0.704152	0.464899	0.032377	-0.441055	-0.291559	-0.086338	-0.197999	-2.802001
0.701200	-171.661037	-137.715416	309.376453	33.945621	481.037491	2.779827	2.788677	-2.789923	0.291409	0.188540	-0.053942	-0.770066	-0.511869	-0.147013	-0.197748	-2.802252
0.703000	-171.943890	-137.985418	309.929309	33.958472	481.873199	-2.845640	-2.832030	-2.276629	-0.236869	-0.165177	-0.163959	-0.776854	-0.516427	-0.139744	-0.197497	-2.802503
0.704800	-172.226700	-138.255420	310.482120	33.971280	482.708820	-2.177962	-2.165355	-1.819657	-0.657938	-0.447110	-0.250666	-0.457075	-0.302326	-0.063701	-0.197247	-2.802753
0.706600	-172.509466	-138.525422	311.034888	33.984043	483.544354	-1.501641	-1.495628	-1.382360	-0.792337	-0.537099	-0.276231	0.054882	0.040449	0.052677	-0.196998	-2.803002
0.708400	-172.792188	-138.795424	311.587612	33.996764	484.379800	-0.820934	-0.824253	-0.949562	-0.581122	-0.395683	-0.228269	0.541222	0.366070	0.163389	-0.196749	-2.803251
0.710200	-173.074867	-139.065427	312.140294	34.009441	485.215161	-0.141445	-0.152560	-0.510173	-0.112903	-0.082191	-0.125523	0.792886	0.534562	0.224315	-0.196501	-2.803499
0.712000	-173.357504	-139.335429	312.692932	34.022075	486.050436	0.532334	0.518429	-0.048198	0.412145	0.269346	-0.010236	0.699669	0.472140	0.212206	-0.196254	-2.803746
0.713800	-173.640097	-139.605431	313.245528	34.034667	486.885625	1.198818	1.188157	0.476940	0.767184	0.507051	0.069763	0.299310	0.204076	0.135009	-0.196007	-2.803993
0.715600	-173.922648	-139.875433	313.798081	34.047216	487.720729	1.859606	1.856628	1.231607	0.796794	0.526867	0.081723	-0.236741	-0.154835	0.028834	-0.195761	-2.804239
0.717400	-174.205157	-140.145435	314.350592	34.059723	488.555749	2.518584	2.524465	2.768960	0.485756	0.318608	0.022441	-0.676107	-0.449009	-0.057409	-0.195515	-2.804485
0.719200	-174.487624	-140.415437	314.903061	34.072187	489.390685	-3.102583	-3.090288	-2.376469	-0.032250	-0.028221	-0.079938	-0.826318	-0.549583	-0.083246	-0.195270	-2.804730
0.721000	-174.770049	-140.685439	315.455488	34.084610	490.225537	-2.433113	-2.419582	-1.762698	-0.531254	-0.362326	-0.177869	-0.619980	-0.411439	-0.034559	-0.195025	-2.804975
0.722800	-175.052433	-140.955441	316.007873	34.096992	491.060306	-1.753623	-1.744821	-1.270115	-0.791390	-0.536504	-0.225135	-0.146321	-0.094319	0.069810	-0.194782	-2.805218
0.724600	-175.334775	-141.225443	316.560217	34.109332	491.894992	-1.064576	-1.064669	-0.815185	-0.696427	-0.472940	-0.197354	0.386104	0.262144	0.185934	-0.194538	-2.805462
0.726400	-175.617075	-141.495445	317.112520	34.121631	492.729596	-0.369716	-0.378879	-0.372503	-0.286976	-0.198827	-0.103152	0.740512	0.499423	0.263989	-0.194296	-2.805704
0.728200	-175.899335	-141.765447	317.664782	34.133888	493.564117	0.325294	0.311258	0.070969	0.255417	0.164288	0.019224	0.757296	0.510664	0.270419	-0.194054	-2.805946
0.730000	-176.181554	-142.035449	318.217003	34.146105	494.398557	1.015426	1.003047	0.528431	0.687718	0.453695	0.118631	0.426742	0.289365	0.203200	-0.193812	-2.806188
0.731800	-176.463733	-142.305451	318.769183	34.158282	495.232916	1.698426	1.693289	1.026284	0.814026	0.538239	0.153869	-0.104462	-0.066262	0.093180	-0.193571	-2.806429
0.733600	-176.745871	-142.575453	319.321324	34.170418	496.067194	2.375381	2.379606	1.654524	0.574863	0.378107	0.112425	-0.597357	-0.396238	-0.009435	-0.193331	-2.806669
0.735400	-177.027969	-142.845455	319.873423	34.182514	496.901392	3.049900	3.061491	2.862223	0.076130	0.044199	0.016528	-0.827946	-0.550603	-0.057614	-0.193091	-2.806909
0.737200	-177.310027	-143.115457	320.425483	34.194570	497.735510	-2.556464	-2.542580	-1.894042	-0.456853	-0.312636	-0.086543	-0.689564	-0.457947	-0.028992	-0.192852	-2.807148
0.739000	-177.592045	-143.385459	320.977503	34.206586	498.569548	-1.872937	-1.862873	-1.159655	-0.780835	-0.529549	-0.145780	-0.243373	-0.159223	0.063559	-0.192613	-2.807387
0.740800	-177.874024	-143.655461	321.529484	34.218563	499.403508	-1.180046	-1.178508	-0.632008	-0.746225	-0.506396	-0.129867	0.307395	0.209512	0.177367	-0.192375	-2.807625
0.742600	-178.155963	-143.925462	322.081425	34.230500	500.237388	-0.478006	-0.486054	-0.160294	-0.367454	-0.252840	-0.041917	0.709263	0.478564	0.259258	-0.192138	-2.807862
0.744400	-178.437863	-144.195464	322.633327	34.242399	501.071190	0.229864	0.215776	0.293027	0.181419	0.114589	0.081480	0.775293	0.522788	0.270058	-0.191901	-2.808099
0.746200	-178.719724	-144.465466	323.185190	34.254258	501.904914	0.938393	0.925018	0.743871	0.645477	0.425238	0.186812	0.473007	0.320444	0.203010	-0.191665	-2.808335
0.748000	-179.001546	-144.735468	323.737015	34.266078	502.738561	1.642901	1.636710	1.205422	0.806936	0.533312	0.228391	-0.058285	-0.035204	0.087371	-0.191429	-2.808571
0.749800	-179.283330	-145.005470	324.288800	34.277860	503.572130	2.341199	2.344987	1.700742	0.587821	0.386614	0.189863	-0.570451	-0.378044	-0.024812	-0.191194	-2.808806
0.751600	-179.565076	-145.275472	324.840548	34.289604	504.405623	3.034163	3.045917	2.302695	0.088638	0.052432	0.092280	-0.821897	-0.546345	-0.082899	-0.190959	-2.809041
0.753400	-179.846783	-145.545474	325.392257	34.301309	505.239039	-2.558188	-2.543948	-2.896969	-0.456683	-0.312633	-0.015377	-0.691897	-0.459292	-0.061600	-0.190725	-2.809275
0.755200	-180.128452	-145.815476	325.943928	34.312976	506.072380	-1.865250	-1.854945	-1.245209	-0.789998	-0.535772	-0.079087	-0.239582	-0.156473	0.026700	-0.190492	-2.809508
0.757000	-180.410083	-146.085478	326.495561	34.324606	506.905644	-1.166324	-1.164724	-0.444886	-0.751657	-0.510114	-0.065488	0.321765	0.219334	0.137359	-0.190259	-2.809741
0.758800	-180.691677	-146.355479	327.047156	34.336198	507.738833	-0.459134	-0.467296	0.101693	-0.358248	-0.246767	0.021881	0.724654	0.489065	0.214425	-0.190026	-2.809974
0.760600	-180.973233	-146.625481	327.598714	34.347752	508.571948	0.256081	0.241701	0.584342	0.202956	0.128904	0.143772	0.775145	0.522895	0.217378	-0.189795	-2.810205
0.762400	-181.254752	-146.895483	328.150235	34.359269	509.404987	0.976479	0.962845	1.046565	0.661991	0.436181	0.243673	0.447391	0.303527	0.140890	-0.189563	-2.810437
0.764200	-181.536234	-147.165485	328.701719	34.370749	510.237953	1.697725	1.691753	1.505820	0.795794	0.525748	0.274924	-0.101555	-0.063905	0.017889	-0.189333	-2.810667
0.766000	-181.817679	-147.435487	329.253166	34.382192	511.070845	2.415903	2.420535	1.976198	0.537280	0.352699	0.223513	-0.605600	-0.401277	-0.095926	-0.189103	-2.810897
0.767800	-182.099087	-147.705489	329.804576	34.393599	511.903663	3.129132	-3.141359	2.482693	0.010193	-0.000127	0.115327	-0.817993	-0.543417	-0.148935	-0.188873	-2.811127
0.769600	-182.380459	-147.975490	330.355949	34.404968	512.736408	-2.445123	-2.430653	3.108075	-0.528924	-0.361002	0.003987	-0.632479	-0.419203	-0.118912	-0.188644	-2.811356
0.771400	-182.661794	-148.245492	330.907286	34.416302	513.569080	-1.737868	-1.728397	-1.985961	-0.815121	-0.552572	-0.055161	-0.137465	-0.087814	-0.024314	-0.188415	-2.811585
0.773200	-182.943093	-148.515494	331.458587	34.427599	514.401680	-1.028750	-1.028662	-0.366312	-0.705741	-0.479349	-0.032350	0.425008	0.288728	0.084328	-0.188187	-2.811813
0.775000	-183.224356	-148.785496	332.009852	34.438861	515.234208	-0.314468	-0.323999	0.391449	-0.252781	-0.176141	0.061524	0.777165	0.524488	0.149059	-0.187960	-2.812040
0.776800	-183.505584	-149.055498	332.561081	34.450086	516.066665	0.406986	0.392130	0.932999	0.320373	0.207522	0.179801	0.743234	0.501810	0.133255	-0.187733	-2.812267
0.778600	-183.786775	-149.325499	333.112274	34.461276	516.899049	1.135559	1.122696	1.418992	0.728235	0.480543	0.262895	0.338611	0.231004	0.040218	-0.187507	-2.812493
0.780400	-184.067931	-149.595501	333.663432	34.472430	517.731363	1.869007	1.864908	1.887879	0.765545	0.505531	0.268005	-0.235311	-0.153123	-0.087947	-0.187281	-2.812719
0.782200	-184.349052	-149.865503	334.214555	34.483549	518.563607	2.603698	2.610561	2.356510	0.411661	0.268673	0.190875	-0.690044	-0.457469	-0.190996	-0.187056	-2.812944
0.784000	-184.630137	-150.135505	334.765642	34.494633	519.395779	-2.947065	-2.932995	2.840897	-0.156556	-0.111646	0.068446	-0.794626	-0.527439	-0.220724	-0.186831	-2.813169
0.785800	-184.911188	-150.405506	335.316694	34.505682	520.227882	-2.218863	-2.204877	-2.908262	-0.651836	-0.443141	-0.039343	-0.493543	-0.325879	-0.165544	-0.186607	-2.813393
0.787600	-185.192204	-150.675508	335.867712	34.516696	521.059916	-1.494634	-1.487527	-2.189811	-0.821317	-0.556562	-0.079764	0.062674	0.046452	-0.056826	-0.186383	-2.813617
0.789400	-185.473185	-150.945510	336.418695	34.527675	521.891879	-0.772188	-0.775239	-0.634737	-0.576247	-0.392504	-0.034321	0.591676	0.400562	0.046606	-0.186160	-2.813840
0.791200	-185.754131	-151.215511	336.969643	34.538620	522.723774	-0.048217	-0.060000	0.679455	-0.039685	-0.033342	0.071342	0.822414	0.555031	0.088321	-0.185937	-2.814063
0.793000	-186.035044	-151.485513	337.520557	34.549531	523.555601	0.680645	0.665743	1.334395	0.514089	0.337341	0.180101	0.634891	0.429543	0.043387	-0.185715	-2.814285
0.794800	-186.315922	-151.755515	338.071437	34.560407	524.387359	1.416689	1.406238	1.856621	0.799393	0.528328	0.232498	0.124177	0.087734	-0.068324	-0.185494	-2.814506
0.796600	-186.596766	-152.025517	338.622283	34.571249	525.219048	2.160142	2.159879	2.341537	0.667237	0.439900	0.197578	-0.446120	-0.293954	-0.191870	-0.185272	-2.814727
0.798400	-186.877576	-152.295518	339.173094	34.582058	526.050671	2.908761	2.918969	2.816699	0.184718	0.116971	0.089390	-0.778965	-0.516711	-0.265386	-0.185052	-2.814948
0.800200	-187.158353	-152.565520	339.723873	34.592833	526.882226	-2.624660	-2.609618	-2.985244	-0.397251	-0.272519	-0.039776	-0.698775	-0.463018	-0.252330	-0.184832	-2.815168
0.802000	-187.439096	-152.835522	340.274618	34.603574	527.713713	-1.877811	-1.865994	-2.476195	-0.773245	-0.524146	-0.126316	-0.245149	-0.159383	-0.160956	-0.184612	-2.815388
0.803800	-187.719806	-153.105523	340.825329	34.614282	528.545134	-1.136130	-1.133428	-1.875900	-0.743520	-0.504221	-0.128653	0.345202	0.235758	-0.040518	-0.184393	-2.815607
0.805600	-188.000482	-153.375525	341.376007	34.624957	529.376489	-0.399140	-0.406642	-0.840753	-0.321003	-0.221400	-0.049460	0.761067	0.514112	0.044266	-0.184175	-2.815825
0.807400	-188.281125	-153.645527	341.926652	34.635599	530.207778	0.336091	0.322201	0.942694	0.272821	0.176075	0.065228	0.780950	0.527433	0.047370	-0.183957	-2.816043
0.809200	-188.561736	-153.915528	342.477264	34.646208	531.039000	1.073858	1.060555	1.792347	0.723208	0.477546	0.150024	0.392220	0.267271	-0.033793	-0.183739	-2.816261
0.811000	-188.842314	-154.185530	343.027844	34.656784	531.870158	1.818323	1.812655	2.361058	0.789253	0.521781	0.154926	-0.199451	-0.128717	-0.156441	-0.183522	-2.816478
0.812800	-189.122859	-154.455532	343.578391	34.667327	532.701250	2.571850	2.577176	2.864889	0.434121	0.284128	0.072367	-0.677673	-0.448774	-0.254822	-0.183306	-2.816694
0.814600	-189.403372	-154.725533	344.128905	34.677839	533.532277	-2.949559	-2.936037	-2.933403	-0.152502	-0.108456	-0.058165	-0.784354	-0.520168	-0.275339	-0.183090	-2.816910
0.816400	-189.683852	-154.995535	344.679387	34.688317	534.363240	-2.183706	-2.169622	-2.448391	-0.654080	-0.444119	-0.170862	-0.459987	-0.303073	-0.205676	-0.182874	-2.817126
0.818200	-189.964301	-155.265537	345.229837	34.698764	535.194138	-1.419552	-1.412645	-1.944725	-0.797389	-0.540002	-0.208951	0.121529	0.086121	-0.081990	-0.182659	-2.817341
0.820000	-190.244717	-155.535538	345.780255	34.709179	536.024972	-0.661524	-0.665195	-1.379349	-0.501886	-0.342202	-0.155694	0.644643	0.436225	0.030177	-0.182445	-2.817555
0.821800	-190.525102	-155.805540	346.330641	34.719562	536.855743	0.089467	0.077472	-0.552603	0.073816	0.043122	-0.044000	0.822855	0.555495	0.071348	-0.182231	-2.817769
0.823600	-190.805454	-156.075541	346.880996	34.729913	537.686450	0.836252	0.822271	1.242347	0.615944	0.405973	0.061047	0.556279	0.377086	0.020804	-0.182017	-2.817983
0.825400	-191.085776	-156.345543	347.431319	34.740233	538.517095	1.584099	1.575492	2.323989	0.826389	0.546841	0.097651	-0.010994	-0.002568	-0.091555	-0.181804	-2.818196
0.827200	-191.366066	-156.615545	347.981610	34.750521	539.347676	2.338707	2.340305	2.938048	0.587664	0.387099	0.041514	-0.567461	-0.374989	-0.201129	-0.181592	-2.818408
0.829000	-191.646324	-156.885546	348.531870	34.760778	540.178195	3.103927	3.115131	-2.824020	0.030331	0.014131	-0.080215	-0.804890	-0.533894	-0.244039	-0.181380	-2.818620
0.830800	-191.926552	-157.155548	349.082100	34.771004	541.008652	-2.403547	-2.389040	-2.329191	-0.536568	-0.365239	-0.203406	-0.589951	-0.390056	-0.192707	-0.181168	-2.818832
0.832600	-192.206749	-157.425549	349.632298	34.781199	541.839046	-1.622136	-1.612751	-1.837696	-0.795958	-0.538812	-0.262306	-0.040900	-0.022619	-0.071721	-0.180957	-2.819043
0.834400	-192.486914	-157.695551	350.182465	34.791364	542.669379	-0.842408	-0.843373	-1.331180	-0.600432	-0.407940	-0.226365	0.535597	0.363183	0.055303	-0.180747	-2.819253
0.836200	-192.767049	-157.965552	350.732602	34.801497	543.499651	-0.070244	-0.080659	-0.772041	-0.057323	-0.044456	-0.117830	0.814708	0.549962	0.121021	-0.180537	-2.819463
0.838000	-193.047154	-158.235554	351.282708	34.811600	544.329862	0.693058	0.679159	0.002135	0.528752	0.347778	0.000197	0.636675	0.430806	0.092319	-0.180327	-2.819673
0.839800	-193.327228	-158.505555	351.832784	34.821673	545.160012	1.451023	1.441216	1.747329	0.826111	0.546792	0.059046	0.099422	0.071253	-0.010533	-0.180118	-2.819882
0.841600	-193.607272	-158.775557	352.382829	34.831715	545.990101	2.210137	2.209825	2.955674	0.664352	0.438553	0.023474	-0.493959	-0.325861	-0.124802	-0.179909	-2.820091
0.843400	-193.887286	-159.045559	352.932844	34.841727	546.820130	2.977235	2.986811	-2.689092	0.133630	0.083398	-0.087806	-0.805707	-0.534501	-0.180618	-0.179701	-2.820299
0.845200	-194.167270	-159.315560	353.482830	34.851709	547.650099	-2.526532	-2.512371	-2.157067	-0.463793	-0.316394	-0.212203	-0.656486	-0.434653	-0.140938	-0.179493	-2.820507
0.847000	-194.447224	-159.585562	354.032785	34.861662	548.480009	-1.735506	-1.725124	-1.654066	-0.784736	-0.531164	-0.278696	-0.130435	-0.082630	-0.023261	-0.179286	-2.820714
0.848800	-194.727148	-159.855563	354.582711	34.871585	549.309859	-0.939174	-0.938805	-1.155067	-0.642627	-0.436058	-0.248713	0.470147	0.319268	0.109797	-0.179079	-2.820921
0.850600	-195.007042	-160.125565	355.132607	34.881478	550.139649	-0.146286	-0.155958	-0.640732	-0.117458	-0.084611	-0.138838	0.797201	0.538119	0.186189	-0.178873	-2.821127
0.852400	-195.286908	-160.395566	355.682474	34.891341	550.969381	0.637137	0.623321	-0.071081	0.487444	0.320189	-0.011831	0.658617	0.445367	0.166162	-0.178667	-2.821333
0.854200	-195.566743	-160.665568	356.232311	34.901176	551.799055	1.410904	1.400891	0.734615	0.819599	0.542465	0.059419	0.132176	0.093065	0.065782	-0.178462	-2.821538
0.856000	-195.846550	-160.935569	356.782119	34.910981	552.628669	2.180087	2.179468	2.555488	0.683062	0.451096	0.034415	-0.476684	-0.314389	-0.051836	-0.178257	-2.821743
0.857800	-196.126328	-161.205571	357.331898	34.920757	553.458226	2.952377	2.961568	-2.582203	0.155406	0.097995	-0.070792	-0.811494	-0.538449	-0.113068	-0.178052	-2.821948
0.859600	-196.406077	-161.475572	357.881649	34.930504	554.287725	-2.548266	-2.534407	-1.951740	-0.454686	-0.310271	-0.192417	-0.674224	-0.446601	-0.077064	-0.177848	-2.822152
0.861400	-196.685796	-161.745574	358.431370	34.940223	555.117167	-1.752111	-1.741802	-1.417077	-0.787198	-0.532785	-0.256110	-0.144316	-0.092008	0.039682	-0.177645	-2.822355
0.863200	-196.965488	-162.015575	358.981063	34.949913	555.946551	-0.945173	-0.944864	-0.908149	-0.643833	-0.436857	-0.220968	0.465126	0.315805	0.172434	-0.177442	-2.822558
0.865000	-197.245150	-162.285577	359.530727	34.959574	556.775877	-0.135769	-0.145704	-0.400743	-0.108059	-0.078342	-0.104295	0.791008	0.533868	0.246170	-0.177239	-2.822761
0.866800	-197.524785	-162.555578	360.080363	34.969207	557.605148	0.667102	0.653156	0.126641	0.501401	0.329477	0.028046	0.636660	0.430579	0.220274	-0.177037	-2.822963
0.868600	-197.804391	-162.825580	360.629970	34.978811	558.434361	1.459183	1.449673	0.725965	0.818904	0.541927	0.100540	0.091782	0.065963	0.113262	-0.176835	-2.823165
0.870400	-198.083969	-163.095581	361.179550	34.988388	559.263518	2.242734	2.243127	1.675380	0.651384	0.429818	0.073327	-0.518118	-0.342159	-0.007697	-0.176634	-2.823366
0.872200	-198.363519	-163.365582	361.729101	34.997936	560.092620	3.024616	3.034596	-2.678538	0.097005	0.058841	-0.033346	-0.825487	-0.547838	-0.066790	-0.176433	-2.823567
0.874000	-198.643041	-163.635584	362.278624	35.007457	560.921665	-2.470190	-2.456393	-1.737851	-0.510855	-0.347922	-0.150724	-0.642958	-0.425698	-0.025416	-0.176233	-2.823767
0.875800	-198.922535	-163.905585	362.828120	35.016949	561.750655	-1.669319	-1.659951	-1.137169	-0.803538	-0.543784	-0.202819	-0.079424	-0.048610	0.093909	-0.176033	-2.823967
0.877600	-199.202001	-164.175587	363.377588	35.026414	562.579589	-0.855294	-0.856378	-0.605546	-0.601626	-0.408691	-0.152705	0.522898	0.354434	0.220573	-0.175834	-2.824166
0.879400	-199.481440	-164.445588	363.927028	35.035852	563.408469	-0.033978	-0.045104	-0.091661	-0.027032	-0.024223	-0.025603	0.795248	0.536679	0.278536	-0.175635	-2.824365
0.881200	-199.760852	-164.715590	364.476441	35.045262	564.237293	0.785214	0.771109	0.426578	0.568356	0.374157	0.105879	0.568565	0.385005	0.232965	-0.175436	-2.824564
0.883000	-200.040236	-164.985591	365.025827	35.054645	565.066063	1.595197	1.587025	0.976360	0.816901	0.540450	0.165926	-0.019937	-0.008772	0.112166	-0.175238	-2.824762
0.884800	-200.319593	-165.255592	365.575186	35.064001	565.894779	2.395131	2.397737	1.645923	0.562454	0.370177	0.122338	-0.608053	-0.402286	-0.009208	-0.175040	-2.824960
0.886600	-200.598923	-165.525594	366.124517	35.073329	566.723440	-3.093192	-3.081595	3.017521	-0.040241	-0.033116	0.006979	-0.830767	-0.551298	-0.055963	-0.174843	-2.825157
0.888400	-200.878226	-165.795595	366.673821	35.082631	567.552048	-2.295601	-2.281963	-1.562842	-0.618287	-0.419915	-0.103375	-0.547558	-0.361782	0.000822	-0.174646	-2.825354
0.890200	-201.157503	-166.065597	367.223099	35.091906	568.380602	-1.488172	-1.480759	-0.821278	-0.811114	-0.548954	-0.134529	0.067171	0.049560	0.125206	-0.174450	-2.825550
0.892000	-201.436752	-166.335598	367.772350	35.101154	569.209102	-0.667818	-0.671549	-0.252440	-0.496711	-0.338597	-0.061440	0.629778	0.426027	0.238192	-0.174254	-2.825746
0.893800	-201.715975	-166.605599	368.321574	35.110376	570.037550	0.162412	0.149509	0.275442	0.128844	0.079955	0.075446	0.786327	0.530795	0.266947	-0.174058	-2.825942
0.895600	-201.995172	-166.875601	368.870772	35.119571	570.865944	0.994526	0.980761	0.796059	0.671480	0.443024	0.194958	0.436362	0.296652	0.190845	-0.173863	-2.826137
0.897400	-202.274342	-167.145602	369.419944	35.128740	571.694286	1.820458	1.814847	1.331660	0.786456	0.519943	0.226121	-0.200532	-0.129473	0.055129	-0.173669	-2.826331
0.899200	-202.553486	-167.415604	369.969089	35.137882	572.522575	2.636933	2.642850	1.927204	0.398031	0.260037	0.153339	-0.720590	-0.477421	-0.057089	-0.173475	-2.826525
0.901000	-202.832603	-167.685605	370.518208	35.146999	573.350812	-2.836543	-2.823093	2.806662	-0.249138	-0.172991	0.026931	-0.791221	-0.524654	-0.077377	-0.173281	-2.826719
0.902800	-203.111695	-167.955606	371.067302	35.156089	574.178997	-2.027092	-2.014418	-1.510899	-0.742839	-0.503332	-0.068356	-0.364617	-0.239190	0.004099	-0.173087	-2.826913
0.904600	-203.390761	-168.225608	371.616369	35.165154	575.007130	-1.210846	-1.206760	-0.473063	-0.766000	-0.518837	-0.067373	0.288281	0.197686	0.131633	-0.172895	-2.827105
0.906400	-203.669801	-168.495609	372.165410	35.174192	575.835211	-0.383424	-0.390839	0.150489	-0.301996	-0.208383	0.033230	0.748647	0.505740	0.219147	-0.172702	-2.827298
0.908200	-203.948816	-168.765610	372.714426	35.183205	576.663242	0.454499	0.439933	0.697297	0.351183	0.228644	0.172142	0.718730	0.485754	0.205499	-0.172510	-2.827490
0.910000	-204.227804	-169.035612	373.263416	35.192193	577.491221	1.297147	1.285042	1.225404	0.770552	0.509232	0.262400	0.216287	0.149610	0.094416	-0.172318	-2.827682
0.911800	-204.506768	-169.305613	373.812381	35.201155	578.319149	2.136965	2.135525	1.759086	0.681879	0.449902	0.247654	-0.433386	-0.285039	-0.047190	-0.172127	-2.827873
0.913600	-204.785706	-169.575614	374.361320	35.210092	579.147026	2.969241	2.979173	2.330056	0.140355	0.087584	0.139254	-0.806278	-0.534498	-0.132159	-0.171936	-2.828064
0.915400	-205.064619	-169.845616	374.910234	35.219003	579.974853	-2.488743	-2.474172	3.054861	-0.501808	-0.342065	0.009556	-0.656206	-0.434057	-0.109899	-0.171746	-2.828254
0.917200	-205.343506	-170.115617	375.459123	35.227889	580.802630	-1.665928	-1.655916	-1.570565	-0.823423	-0.557243	-0.054959	-0.078570	-0.047547	0.000013	-0.171556	-2.828444
0.919000	-205.622369	-170.385618	376.007987	35.236751	581.630356	-0.839233	-0.840053	-0.087467	-0.611174	-0.415229	-0.010523	0.548674	0.372152	0.120001	-0.171366	-2.828634
0.920800	-205.901207	-170.655620	376.556826	35.245587	582.458033	-0.003722	-0.015194	0.606142	-0.003021	-0.008331	0.114502	0.811778	0.548218	0.165181	-0.171177	-2.828823
0.922600	-206.180020	-170.925621	377.105641	35.254399	583.285660	0.841812	0.826861	1.173854	0.599387	0.394724	0.237654	0.535307	0.363277	0.099623	-0.170988	-2.829012
0.924400	-206.458808	-171.195622	377.654430	35.263186	584.113238	1.693944	1.685722	1.711444	0.795114	0.525687	0.276667	-0.098415	-0.060682	-0.039171	-0.170800	-2.829200
0.926200	-206.737571	-171.465624	378.203195	35.271948	584.940766	2.546373	2.550663	2.248413	0.451700	0.295940	0.204396	-0.667068	-0.441107	-0.164483	-0.170612	-2.829388
0.928000	-207.016311	-171.735625	378.751935	35.280686	585.768246	-2.889534	-2.875942	2.812394	-0.203097	-0.142134	0.067609	-0.788617	-0.522396	-0.197900	-0.170425	-2.829575
0.929800	-207.295025	-172.005626	379.300651	35.289399	586.595677	-2.048978	-2.035365	-2.798207	-0.730381	-0.494893	-0.043647	-0.378557	-0.248016	-0.122072	-0.170238	-2.829762
0.931600	-207.573716	-172.275627	379.849343	35.298088	587.423059	-1.212444	-1.207507	-1.447618	-0.773747	-0.523888	-0.056278	0.289786	0.199163	0.006968	-0.170051	-2.829949
0.933400	-207.852382	-172.545629	380.398011	35.306753	588.250392	-0.374683	-0.381542	0.357729	-0.301317	-0.207795	0.036240	0.766201	0.517932	0.096946	-0.169865	-2.830135
0.935200	-208.131024	-172.815630	380.946654	35.315394	589.077678	0.469602	0.455114	1.120307	0.369027	0.240708	0.168738	0.727195	0.491866	0.081612	-0.169679	-2.830321
0.937000	-208.409642	-173.085631	381.495273	35.324011	589.904916	1.323282	1.310717	1.706497	0.782228	0.517176	0.247971	0.197666	0.137624	-0.033858	-0.169493	-2.830507
0.938800	-208.688236	-173.355633	382.043869	35.332604	590.732105	2.185097	2.183422	2.253349	0.655395	0.432346	0.216017	-0.462277	-0.303868	-0.175598	-0.169308	-2.830692
0.940600	-208.966807	-173.625634	382.592441	35.341173	591.559248	3.049952	3.060445	2.795901	0.073556	0.043108	0.090367	-0.800404	-0.530057	-0.250913	-0.169123	-2.830877
0.942400	-209.245354	-173.895635	383.140989	35.349719	592.386342	-2.371458	-2.356435	-2.921945	-0.564764	-0.383914	-0.047276	-0.582273	-0.384098	-0.211764	-0.168939	-2.831061
0.944200	-209.523877	-174.165636	383.689513	35.358241	593.213390	-1.516277	-1.507022	-2.262679	-0.818969	-0.553953	-0.106634	0.044694	0.035376	-0.088347	-0.168755	-2.831245
0.946000	-209.802377	-174.435638	384.238014	35.366739	594.040391	-0.666769	-0.669147	-1.026389	-0.510792	-0.347750	-0.051183	0.649030	0.439707	0.030988	-0.168572	-2.831428
0.947800	-210.080853	-174.705639	384.786492	35.375214	594.867345	0.181692	0.169305	0.898506	0.149107	0.093760	0.075954	0.811608	0.548493	0.060458	-0.168389	-2.831611
0.949600	-210.359306	-174.975640	385.334946	35.383666	595.694252	1.035129	1.020806	1.699140	0.703587	0.464742	0.181224	0.417618	0.284930	-0.023388	-0.168206	-2.831794
0.951400	-210.637736	-175.245641	385.883377	35.392094	596.521113	1.898068	1.891776	2.296679	0.765670	0.506307	0.185481	-0.259929	-0.168336	-0.164620	-0.168024	-2.831976
0.953200	-210.916143	-175.515643	386.431785	35.400500	597.347928	2.770881	2.777450	2.851035	0.290467	0.188428	0.079619	-0.747311	-0.494381	-0.266267	-0.167842	-2.832158
0.955000	-211.194526	-175.785644	386.980170	35.408883	598.174696	-2.634321	-2.619661	-2.882982	-0.389566	-0.266480	-0.068258	-0.700932	-0.463340	-0.258029	-0.167660	-2.832340
0.956800	-211.472887	-176.055645	387.528532	35.417242	599.001419	-1.758521	-1.746470	-2.310839	-0.795001	-0.537682	-0.160012	-0.151020	-0.095440	-0.146118	-0.167479	-2.832521
0.958600	-211.751225	-176.325646	388.076871	35.425579	599.828097	-0.890232	-0.888970	-1.641382	-0.637011	-0.431955	-0.136536	0.515720	0.350613	-0.009654	-0.167298	-2.832702
0.960400	-212.029540	-176.595647	388.625188	35.433893	600.654728	-0.029478	-0.039498	-0.351404	-0.024376	-0.022077	-0.020059	0.826694	0.558658	0.054713	-0.167118	-2.832882
0.962200	-212.307833	-176.865649	389.173482	35.442184	601.481315	0.828807	0.814305	1.556852	0.609672	0.402124	0.100864	0.558913	0.379523	0.001407	-0.166938	-2.833062
0.964000	-212.586103	-177.135650	389.721753	35.450453	602.307856	1.692041	1.683011	2.345188	0.813339	0.538405	0.133922	-0.099099	-0.060672	-0.131006	-0.166758	-2.833242
0.965800	-212.864351	-177.405651	390.270002	35.458700	603.134353	2.566228	2.569412	2.944800	0.439693	0.288475	0.049160	-0.677949	-0.447909	-0.246572	-0.166579	-2.833421
0.967600	-213.142576	-177.675652	390.818229	35.466924	603.960805	-2.830963	-2.817631	-2.778751	-0.244511	-0.169210	-0.098824	-0.761664	-0.503912	-0.260302	-0.166400	-2.833600
0.969400	-213.420779	-177.945654	391.366433	35.475126	604.787212	-1.939011	-1.925529	-2.222077	-0.746705	-0.505135	-0.209317	-0.288087	-0.187102	-0.159547	-0.166222	-2.833778
0.971200	-213.698960	-178.215655	391.914615	35.483306	605.613575	-1.050437	-1.046617	-1.637580	-0.702262	-0.475375	-0.207794	0.402424	0.274826	-0.013898	-0.166043	-2.833957
0.973000	-213.977119	-178.485656	392.462775	35.491463	606.439894	-0.171607	-0.179727	-0.931962	-0.140310	-0.099419	-0.100194	0.809584	0.547198	0.074417	-0.165866	-2.834134
0.974800	-214.255256	-178.755657	393.010913	35.499599	607.266169	0.698196	0.684085	0.602039	0.533287	0.351221	0.030606	0.635464	0.430713	0.044541	-0.165688	-2.834312
0.976600	-214.533371	-179.025658	393.559029	35.507713	608.092400	1.565902	1.555635	2.317536	0.828139	0.548491	0.084501	0.004053	0.008316	-0.078208	-0.165511	-2.834489
0.978400	-214.811464	-179.295659	394.107124	35.515805	608.918588	2.440719	2.441785	3.055390	0.527413	0.347343	0.017284	-0.625058	-0.412541	-0.200007	-0.165335	-2.834665
0.980200	-215.089536	-179.565661	394.655196	35.523875	609.744732	-2.954002	-2.942022	-2.633331	-0.150076	-0.105844	-0.126310	-0.790612	-0.523299	-0.226737	-0.165159	-2.834841
0.982000	-215.367586	-179.835662	395.203247	35.531924	610.570833	-2.052589	-2.038672	-2.069816	-0.706461	-0.478018	-0.244615	-0.369402	-0.241541	-0.133323	-0.164983	-2.835017
0.983800	-215.645614	-180.105663	395.751277	35.539951	611.396891	-1.147043	-1.141805	-1.503761	-0.729732	-0.493564	-0.253533	0.329169	0.225756	0.017021	-0.164807	-2.835193
0.985600	-215.923621	-180.375664	396.299285	35.547957	612.222905	-0.248552	-0.255571	-0.898129	-0.199958	-0.139156	-0.149004	0.787857	0.532582	0.118697	-0.164632	-2.835368
0.987400	-216.201606	-180.645665	396.847271	35.555941	613.048878	0.637571	0.623820	-0.105916	0.491799	0.323608	-0.010817	0.663897	0.449647	0.101748	-0.164457	-2.835543
0.989200	-216.479570	-180.915666	397.395237	35.563904	613.874807	1.515013	1.504468	1.843379	0.830784	0.550384	0.056041	0.046392	0.036560	-0.015666	-0.164283	-2.835717
0.991000	-216.757513	-181.185668	397.943181	35.571846	614.700694	2.393506	2.393816	-3.139079	0.562232	0.370753	-0.000352	-0.605835	-0.399754	-0.139995	-0.164109	-2.835891
0.992800	-217.035435	-181.455669	398.491104	35.579766	615.526539	-2.999831	-2.988598	-2.459881	-0.114829	-0.082145	-0.139367	-0.804586	-0.532719	-0.171741	-0.163935	-2.836065
0.994600	-217.313336	-181.725670	399.039006	35.587666	616.352342	-2.093761	-2.079964	-1.873096	-0.692634	-0.468648	-0.257457	-0.399307	-0.261630	-0.080290	-0.163762	-2.836238
0.996400	-217.591216	-181.995671	399.586887	35.595545	617.178103	-1.176382	-1.170818	-1.305192	-0.734704	-0.496782	-0.265652	0.305802	0.210023	0.072266	-0.163589	-2.836411
0.998200	-217.869075	-182.265672	400.134747	35.603403	618.003822	-0.260226	-0.267075	-0.725304	-0.206989	-0.143773	-0.157045	0.777385	0.525463	0.177153	-0.163417	-2.836583
1.000000	-218.146913	-182.535673	400.682587	35.611240	618.829500	0.643980	0.630313	-0.079685	0.492141	0.323896	-0.012856	0.655533	0.443940	0.160992	-0.163244	-2.836756
